10.0,43.2
10.052270136285475,43.3
10.104813489285682,43.3
10.157631487108103,43.3
10.210725565324982,43.3
10.264097167012295,43.3
10.317747742789004,43.3
10.371678750856479,43.3
10.425891657038118,43.3
10.480387934819216,43.3
10.535169065386981,43.3
10.590236537670812,43.3
10.64559184838276,43.3
10.701236502058206,43.3
10.757172011096776,43.3
10.813399895803409,43.3
10.869921684429707,43.3
10.926738913215466,43.3
10.98385312643042,43.3
11.041265876416237,43.3
11.098978723628681,43.3
11.156993236680048,43.3
11.215310992381788,43.3
11.27393357578736,43.3
11.332862580235341,43.3
11.392099607392687,43.3
11.451646267298301,43.3
11.511504178406776,43.3
11.571674967632385,43.3
11.632160270393321,43.3
11.692961730656117,43.3
11.75408100098034,43.3
11.815519742563518,43.3
11.87727962528627,43.3
11.939362327757706,43.3
12.001769537361062,43.3
12.064502950299536,43.3
12.127564271642404,43.3
12.190955215371359,43.3
12.254677504427118,43.3
12.318732870756214,43.3
12.383123055358094,43.3
12.447849808332432,43.3
12.5129148889267,43.3
12.578320065583968,43.3
12.644067115991009,43.3
12.710157827126565,43.3
12.776593995309947,43.3
12.843377426249843,43.3
12.910509935093431,43.3
12.977993346475664,43.3
13.045829494568892,43.3
13.11402022313271,43.3
13.182567385564074,43.3
13.251472844947658,43.3
13.320738474106527,43.3
13.390366155653,43.3
13.460357782039841,43.3
13.530715255611682,43.3
13.601440488656761,43.3
13.672535403458848,43.3
13.744001932349526,43.3
13.815842017760701,43.3
13.888057612277397,43.3
13.960650678690818,43.3
14.033623190051728,43.3
14.10697712972403,43.3
14.180714491438705,43.3
14.25483727934799,43.3
14.32934750807987,43.3
14.404247202792797,43.3
14.479538399230764,43.3
14.55522314377862,43.3
14.631303493517702,43.3
14.707781516281727,43.3
14.784659290713032,43.3
14.861938906319022,43.3
14.939622463528993,43.3
15.017712073751214,43.3
15.096209859430308,43.3
15.175117954104964,43.3
15.254438502465888,43.3
15.334173660414118,43.3
15.414325595119617,43.3
15.494896485080169,43.3
15.575888520180618,43.3
15.65730390175234,43.3
15.73914484263311,43.3
15.821413567227237,43.3
15.904112311566013,43.3
15.98724332336852,43.3
16.070808862102673,43.3
16.154811199046666,43.3
16.239252617350697,43.3
16.324135412099007,43.3
16.409461890372306,43.3
16.495234371310413,43.3
16.58145518617534,43.3
16.668126678414627,43.3
16.755251203725052,43.3
16.84283113011666,43.3
16.930868837977105,43.3
17.01936672013636,43.3
17.108327181931763,43.3
17.197752641273365,43.3
17.28764552870969,43.3
17.378008287493753,43.3
17.4688433736495,43.3
17.560153256038525,43.3
17.651940416427212,43.2
17.744207349554188,43.1
17.836956563198083,43.1
17.93019057824573,43.1
18.023911928760675,43.1
18.118123162052047,43.1
18.21282683874379,43.1
18.30802553284428,43.1
18.403721831816252,43.1
18.499918336647156,43.1
18.59661766191982,43.1
18.69382243588356,43.1
18.791535300525574,43.1
18.889758911642755,43.1
18.98849593891389,43.1
19.08774906597221,43.1
19.187520990478333,43.1
19.287814424193606,43.1
19.388632093053765,43.1
19.48997673724305,43.1
19.591851111268685,43.1
19.69425798403576,43.1
19.79720013892245,43.1
19.90068037385568,43.1
20.004701501387192,43.1
20.109266348769967,43.1
20.214377758035074,43.1
20.320038586068932,43.1
20.426251704690927,43.1
20.533020000731486,43.1
20.64034637611054,43.1
20.748233747916412,43.1
20.856685048485062,43.1
20.965703225479817,43.1
21.075291241971485,43.1
21.185452076518878,43.1
21.296188723249774,43.1
21.407504191942323,43.1
21.519401508106792,43.1
21.631883713067854,43.1
21.744953864047204,43.1
21.858615034246718,43.1
21.972870312931903,43.1
22.087722805515906,43.1
22.203175633643916,43.1
22.319231935278008,43.1
22.435894864782412,43.1
22.553167593009288,43.1
22.671053307384867,43.1
22.789555211996095,43.1
22.908676527677724,43.1
23.028420492099883,43.1
23.148790359856015,43.1
23.26978940255137,43.1
23.391420908891938,43.1
23.51368818477381,43.1
23.63659455337303,43.1
23.760143355235964,43.1
23.884337948370025,43.1
24.009181708334992,43.1
24.134678028334722,43.1
24.260830319309434,43.1
24.387642010028344,43.1
24.515116547182902,43.1
24.64325739548046,43.1
24.772068037738443,43.1
24.901551974979007,43.1
25.031712726524198,43.1
25.162553830091625,43.1
25.294078841890578,43.1
25.426291336718684,43.1
25.559194908059133,43.1
25.692793168178262,43.1
25.827089748223784,43.1
25.96208829832347,43.1
26.097792487684362,43.1
26.234206004692496,43.1
26.371332557013133,43.1
26.5091758716916,43.1
26.647739695254497,43.1
26.787027793811582,43.1
26.9270439531581,43.1
27.06779197887776,43.1
27.209275696446046,43.1
27.351498951334275,43.1
27.494465609114105,43.1
27.638179555562576,43.1
27.782644696767733,43.1
27.92786495923483,43.1
28.07384428999299,43.1
28.220586656702505,43.1
28.368096047762684,43.1
28.516376472420284,43.1
28.66543196087842,43.1
28.815266564406134,43.1
28.965884355448516,43.0
29.11728942773738,43.0
29.26948589640251,43.0
29.42247789808359,43.0
29.57626959104251,43.0
29.730865155276486,43.0
29.88626879263161,43.0
30.04248472691713,43.0
30.19951720402016,43.0
30.357370492021133,43.0
30.516048881309793,43.0
30.675556684701824,43.0
30.835898237556027,43.0
30.99707789789224,43.0
31.15910004650967,43.0
31.321969087106055,43.0
31.485689446397288,43.0
31.650265574237824,43.0
31.815701943741516,43.0
31.98200305140326,43.0
32.14917341722119,43.0
32.31721758481955,43.0
32.486140121572134,43.0
32.655945618726484,43.0
32.82663869152868,43.0
32.99822397934869,43.0
33.170706145806605,43.0
33.34408987889928,43.0
33.51837989112781,43.0
33.69358091962557,43.0
33.86969772628702,43.0
34.04673509789711,43.0
34.224697846261364,43.0
34.40359080833668,43.0
34.58341884636283,43.0
34.764186847994516,43.0
34.94589972643436,43.0
35.12856242056629,43.0
35.312179895089876,43.0
35.496757140655234,43.0
35.68229917399868,43.0
35.86881103807908,43.0
36.05629780221492,43.0
36.24476456222205,43.0
36.434216440552284,43.0
36.6246585864325,43.0
36.81609617600466,43.0
37.00853441246656,43.0
37.2019785262131,43.0
37.39643377497855,43.0
37.591905443979435,43.0
37.788398846058186,43.0
37.985919321827524,43.0
38.184472239815605,43.0
38.384062996612016,43.0
38.584697017014335,43.0
38.786379754175634,43.0
38.98911668975273,43.0
39.1929133340551,43.0
39.39777522619469,43.0
39.60370793423646,42.9
39.810717055349734,42.8
40.0188082159603,42.8
40.227987071903335,42.8
40.43825930857721,42.8
40.64963064109788,42.8
40.8621068144543,42.8
41.075693603664625,42.8
41.29039681393302,42.8
41.506222280807584,42.8
41.72317587033889,42.8
41.94126347923944,42.8
42.16049103504393,42.8
42.38086449627034,42.8
42.60238985258197,42.8
42.825073124950116,42.8
43.04892036581776,42.8
43.27393765926414,42.8
43.500131121170035,42.8
43.727506899384,42.8
43.956071173889484,42.8
44.18583015697281,42.8
44.416790093392,42.8
44.648957260546474,42.8
44.88233796864779,42.8
45.116938560890986,42.8
45.35276541362708,42.8
45.58982493653644,42.8
45.82812357280281,42.8
46.067667799288614,42.8
46.308464126710895,42.8
46.55051909981832,42.8
46.793839297569036,42.8
47.03843133330949,42.8
47.28430185495417,42.8
47.531457545166376,42.8
47.77990512153967,42.8
48.02965133678067,42.8
48.28070297889241,42.8
48.53306687135893,42.8
48.78674987333074,42.8
49.041758879811184,42.8
49.298100821843896,42.8
49.55578266670119,42.8
49.81481141807335,42.8
50.07519411625915,42.8
50.336937838356974,42.8
50.60004969845742,42.8
50.86453684783644,42.8
51.13040647514984,42.8
51.39766580662862,42.8
51.66632210627541,42.8
51.93638267606184,42.8
52.20785485612707,42.8
52.48074602497726,42.8
52.75506359968615,42.8
53.030815036096584,42.8
53.308007829023246,42.8
53.58664951245627,42.8
53.866747659766084,42.8
54.148309883909214,42.7
54.431343837635225,42.7
54.7158572136947,42.7
55.00185774504835,42.7
55.28935320507712,42.7
55.57835140779364,42.7
55.86886020805435,42.7
56.160887501773274,42.7
56.45444122613637,42.6
56.74952935981742,42.6
57.04615992319485,42.6
57.34434097856969,42.6
57.64408063038476,42.6
57.94538702544487,42.6
58.24826835313831,42.6
58.552732845659456,42.6
58.85878877823242,42.6
59.166444469336014,42.5
59.475708280929936,42.5
59.786588618681876,42.5
60.0990939321961,42.5
60.41323271524305,42.5
60.72901350599024,42.5
61.046444887234294,42.5
61.365535486634215,42.5
61.686293976945976,42.5
62.008729076258064,42.4
62.332849548228545,42.4
62.658664202323344,42.4
62.98618189405547,42.4
63.315411525225876,42.4
63.64636204416533,42.4
63.979042445977655,42.4
64.31346177278421,42.4
64.64962911396958,42.3
64.98755360642885,42.3
65.32724443481563,42.3
65.66871083179183,42.3
66.01196207827876,42.3
66.35700750370908,42.3
66.7038564862806,42.3
67.05251845321108,42.3
67.40300288099445,42.3
67.75531929565844,42.2
68.1094772730234,42.2
68.46548643896274,42.2
68.82335646966433,42.2
69.18309709189363,42.2
69.54471808325809,42.2
69.90822927247277,42.2
70.27364053962762,42.2
70.6409618164559,42.2
71.01020308660422,42.2
71.38137438590384,42.2
71.75448580264342,42.2
72.12954747784322,42.2
72.50656960553087,42.2
72.88556243301818,42.2
73.26653626117992,42.2
73.64950144473359,42.2
74.03446839252094,42.2
74.42144756779092,42.2
74.810449488484,42.2
75.20148472751808,42.2
75.59456391307583,42.2
75.98969772889355,42.2
76.38689691455168,42.2
76.78617226576647,42.2
77.18753463468363,42.2
77.59099493017311,42.2
77.99656411812569,42.2
78.404253221751,42.2
78.8140733218772,42.2
79.226035557252,42.2
79.64015112484554,42.2
80.05643128015467,42.2
80.47488733750892,42.1
80.89553067037787,42.1
81.31837271168051,42.1
81.74342495409579,42.1
82.170698950375,42.1
82.60020631365589,42.1
83.03195871777821,42.1
83.46596789760103,42.1
83.90224564932171,42.0
84.34080383079642,42.0
84.78165436186265,42.0
85.22480922466286,42.0
85.67028046397054,42.0
86.11808018751721,42.0
86.56822056632171,42.0
87.020713835021,42.0
87.47557229220259,41.9
87.93280830073893,41.9
88.39243428812335,41.9
88.85446274680783,41.9
89.31890623454267,41.9
89.78577737471758,41.9
90.25508885670492,41.9
90.72685343620469,41.9
91.20108393559097,41.9
91.67779324426061,41.9
92.15699431898352,41.9
92.63870018425483,41.9
93.12292393264887,41.9
93.60967872517497,41.9
94.09897779163542,41.9
94.5908344309847,41.9
95.0852620116911,41.9
95.58227397210023,41.9
96.08188382079996,41.9
96.5841051369878,41.9
97.08895157083991,41.9
97.59643684388209,41.9
98.10657474936274,41.9
98.61937915262773,41.9
99.13486399149741,41.9
99.65304327664518,41.9
100.17393109197839,41.9
100.69754159502135,41.9
101.22388901729977,41.9
101.75298766472777,41.9
102.28485191799675,41.9
102.81949623296607,41.9
103.35693514105618,41.9
103.89718324964329,41.9
104.44025524245698,41.9
104.98616587997819,41.9
105.53492999984189,41.9
106.08656251723878,41.9
106.64107842532215,41.9
107.19849279561431,41.9
107.75882077841675,41.9
108.32207760322176,41.9
108.88827857912626,41.8
109.45743909524856,41.8
110.02957462114523,41.8
110.60470070723336,41.7
111.18283298521138,41.7
111.76398716848561,41.7
112.3481790525961,41.7
112.93542451564652,41.7
113.5257395187356,41.7
114.11914010639099,41.7
114.71564240700522,41.7
115.3152626332741,41.7
115.91801708263789,41.7
116.52392213772293,41.7
117.13299426678874,41.7
117.74525002417371,41.7
118.36070605074681,41.7
118.97937907435858,41.7
119.60128591029638,41.7
120.22644346174131,41.7
120.85486872022751,41.7
121.4865787661046,41.7
122.12159076900052,41.7
122.75992198829012,41.7
123.40158977356222,41.7
124.04661156509306,41.7
124.69500489431896,41.7
125.34678738431336,41.7
126.00197675026583,41.7
126.6605907999634,41.7
127.3226474342747,41.7
127.98816464763628,41.7
128.6571605285424,41.7
129.32965326003517,41.7
130.00566112020084,41.7
130.68520248266435,41.7
131.36829581709074,41.6
132.05495968968575,41.6
132.74521276370103,41.6
133.43907379994133,41.6
134.1365616572744,41.5
134.83769529314347,41.5
135.54249376408254,41.5
136.25097622623485,41.5
136.96316193587217,41.5
137.67907024992007,41.5
138.39872062648203,41.5
139.1221326253702,41.5
139.84932590863562,41.5
140.58032024110324,41.5
141.31513549090906,41.5
142.05379163003997,41.5
142.7963087348772,41.5
143.5427069867405,41.5
144.29300667243896,41.5
145.04722818481977,41.5
145.80539202332486,41.5
146.56751879454652,41.5
147.333629212788,41.5
148.1037441006266,41.5
148.87788438947953,41.5
149.65607112017267,41.5
150.43832544351253,41.5
151.2246686208618,41.5
152.01512202471548,41.5
152.80970713928414,41.5
153.6084455610754,41.5
154.41135899948313,41.5
155.218469277376,41.5
156.02979833169113,41.5
156.8453682140304,41.5
157.66520109125955,41.4
158.48931924611142,41.4
159.3177450777899,41.4
160.15050110258113,41.4
160.9876099544629,41.4
161.82909438572216,41.4
162.67497726757185,41.4
163.52528159077312,41.4
164.38003046626017,41.4
165.23924712576837,41.4
166.1029549224657,41.4
166.97117733158728,41.4
167.8439379510743,41.3
168.72126050221348,41.3
169.60316883028446,41.3
170.48968690520502,41.3
171.38083882218535,41.3
172.27664880238083,41.3
173.17714119355136,41.3
174.08234047072295,41.3
174.99227123685273,41.3
175.9069582234984,41.3
176.82642629148881,41.3
177.75070043160196,41.3
178.67980576524164,41.3
179.61376754512278,41.2
180.55261115595593,41.2
181.49636211513797,41.2
182.44504607344558,41.2
183.39868881573247,41.2
184.35731626163007,41.2
185.3209544662519,41.2
186.28962962090262,41.2
187.26336805378796,41.2
188.24219623073301,41.2
189.2261407558986,41.2
190.21522837250714,41.3
191.20948596356752,41.3
192.20894055260666,41.3
193.21361930440384,41.3
194.22354952572874,41.3
195.2387586660848,41.3
196.25927431845295,41.3
197.28512422004457,41.3
198.31633625305224,41.3
199.35293844541056,41.4
200.39495897155572,41.4
201.4424261531923,41.4
202.4953684600627,41.4
203.55381451072122,41.4
204.6177930733116,41.4
205.6873330663489,41.4
206.76246355950653,41.4
207.84321377440395,41.4
208.92961308540407,41.4
210.02169102040844,41.4
211.11947726166272,41.4
212.22300164656127,41.4
213.33229416845913,41.4
214.447384977487,41.4
215.5683043813707,41.3
216.69508284625502,41.3
217.8277509975314,41.3
218.9663396206716,41.3
220.1108796620618,41.2
221.26140222984722,41.2
222.41793859477394,41.2
223.5805201910423,41.2
224.74917861715863,41.2
225.9239456367954,41.2
227.10485317965416,41.2
228.29193334233327,41.2
229.48521838920135,41.2
230.68474075327168,41.2
231.89053303708724,41.2
233.102628013603,41.2
234.32105862708036,41.2
235.5458579939798,41.2
236.77705940386227,41.2
238.0146963202937,41.2
239.25880238175446,41.2
240.50941140255387,41.2
241.76655737374873,41.2
243.03027446406858,41.2
244.30059702084168,41.2
245.57755957093218,41.1
246.86119682167464,41.0
248.1515436618211,40.9
249.44863516248657,40.9
250.75250657810346,40.9
252.0631933473797,40.9
253.3807310942614,40.9
254.7051556289027,40.9
256.03650294863604,40.9
257.3748092389545,40.9
258.72011087449107,40.9
260.0724444200114,40.9
261.4318466314045,40.9
262.79835445668317,40.9
264.17200503698814,40.9
265.5528357075972,40.9
266.94088399894025,40.9
268.336187637619,40.9
269.7387845474336,40.9
271.1487128504106,40.9
272.56601086784315,40.9
273.9907171213279,40.9
275.4228703338166,40.9
276.86250943066517,40.9
278.30967354069315,40.8
279.764401997247,40.7
281.2267343392687,40.7
282.6967103123723,40.7
284.1743698699204,40.7
285.65975317411466,40.7
287.152900597083,40.7
288.6538527219809,40.7
290.16265034409145,40.7
291.67933447193553,40.7
293.203946328386,40.7
294.7365273517884,40.6
296.27711919708696,40.6
297.8257637369567,40.5
299.38250306294265,40.5
300.947379486601,40.5
302.52043554065347,40.5
304.1017139801383,40.5
305.69125778357716,40.4
307.2891101541398,40.4
308.8953145208197,40.4
310.5099145396145,40.4
312.1329540947119,40.4
313.76447729968413,40.3
315.40452849868336,40.3
317.0531522676519,40.2
318.71039341552853,40.2
320.3762969854716,40.1
322.05090825607795,40.0
323.7342727426186,40.0
325.4264361982722,40.0
327.1274446153702,40.0
328.83734422664674,40.0
330.55618150649445,40.0
332.28400317222986,40.0
334.02085618535915,40.0
335.76678775285944,40.0
337.52184532845695,40.0
339.28607661392135,39.9
341.0595295603587,39.8
342.84225236951676,39.7
344.63429349509414,39.7
346.4357016440579,39.7
348.24652577796684,39.7
350.06681511430224,39.7
351.8966191278073,39.7
353.7359875518278,39.7
355.5849703796693,39.7
357.44361786595016,39.7
359.3119805279728,39.7
361.1901091470929,39.7
363.0780547701014,39.7
364.9758687106112,39.7
366.8836025504522,39.7
368.80130814107446,39.7
370.72903760495365,39.7
372.66684333701346,39.7
374.6147780060434,39.7
376.57289455613636,39.7
378.54124620812286,39.7
380.5198864610201,39.7
382.50886909348526,39.7
384.5082481652772,39.7
386.51807801872604,39.7
388.53841328020957,39.7
390.56930886163985,39.7
392.6108199619517,39.7
394.6630020686084,39.7
396.7259109591041,39.7
398.7996027024853,39.7
400.8841336608706,39.6
402.9795604909844,39.5
405.0859401456969,39.5
407.20332987557106,39.5
409.331787230421,39.5
411.4713700608718,39.5
413.6221365199375,39.5
415.78414506459575,39.5
417.95745445738237,39.5
420.1421237679842,39.5
422.33821237484636,39.5
424.5457799667861,39.5
426.76488654461485,39.5
428.9955924227691,39.5
431.23795823094935,39.5
433.49204491576995,39.5
435.7579137424112,39.5
438.0356262962907,39.5
440.3252444847303,39.5
442.62683053864555,39.5
444.9404470142319,39.5
447.2661567946673,39.5
449.60402309182115,39.5
451.9541094479714,39.5
454.3164797375345,39.5
456.6911981687959,39.5
459.0783292856624,39.5
461.4779379694089,39.5
463.89008944044906,39.5
466.31484926010245,39.5
468.7522833323791,39.5
471.20245790577025,39.5
473.6654395750488,39.5
476.14129528307956,39.5
478.630092322638,39.5
481.1318983382419,39.5
483.6467813279844,39.5
486.1748096453894,39.5
488.7160520012619,39.5
491.27057746556244,39.5
493.8384554692794,39.5
496.4197558063182,39.5
499.01454863539806,39.5
501.6229044819588,39.5
504.24489424007766,39.5
506.88058917439554,39.5
509.53006092205686,39.5
512.1933814946506,39.5
514.8706232801756,39.5
517.5618590449992,39.5
520.2671619358439,39.5
522.9866054817683,39.5
525.7202635961694,39.5
528.4682105787901,39.5
531.230521117739,39.5
534.0072702915224,39.5
536.7985335710792,39.5
539.6043868218401,39.5
542.4249063057814,39.5
545.2601686835053,39.5
548.1102510163182,39.6
550.9752307683272,39.6
553.8551858085453,39.6
556.7501944130083,39.6
559.6603352669016,39.6
562.5856874666987,39.7
565.5263305223134,39.7
568.4823443592555,39.7
571.4538093208106,39.7
574.4408061702153,39.7
577.4434160928608,39.8
580.4617206984933,39.8
583.4958020234345,39.8
586.5457425328113,39.8
589.6116251227962,39.8
592.6935331228639,39.8
595.7915502980484,39.9
598.9057608512304,39.9
602.0362494254149,39.9
605.1831011060411,39.9
608.3464014232891,39.9
611.5262363544065,40.0
614.7226923260454,40.0
617.9358562166111,40.0
621.1658153586235,40.0
624.4126575410903,40.0
627.6764710118958,40.0
630.957344480193,39.9
634.2553671188238,39.9
637.5706285667327,39.8
640.9032189314127,39.8
644.2532287913472,39.8
647.6207491984753,39.7
651.0058716806659,39.7
654.4086882442045,39.7
657.8292913762976,39.7
661.2677740475787,39.6
664.7242297146454,39.5
668.1987523225889,39.5
671.6914363075575,39.5
675.2023765993158,39.4
678.7316686238282,39.4
682.2794083058518,39.3
685.8456920715438,39.3
689.4306168510824,39.2
693.0342800813003,39.2
696.6567797083366,39.2
700.2982141902914,39.2
703.9586824999124,39.2
707.6382841272731,39.1
711.3371190824884,39.1
715.0552878984242,39.0
718.7928916334344,38.9
722.5500318741055,38.9
726.3268107380181,38.8
730.123330876526,38.7
733.9396954775374,38.6
737.7760082683312,38.5
741.6323735183645,38.4
745.508896042117,38.4
749.4056812019327,38.3
753.3228349108862,38.3
757.2604636356614,38.3
761.2186743994453,38.3
765.1975747848361,38.2
769.1972729367671,38.2
773.2178775654501,38.1
777.2594979493206,38.1
781.3222439380205,38.0
785.406225955371,38.0
789.5115550023859,37.9
793.6383426602791,37.8
797.7867010935024,37.7
801.9567430527921,37.6
806.1485818782347,37.6
810.3623315023465,37.6
814.59810645317,37.6
818.8560218573906,37.6
823.1361934434566,37.6
827.4387375447371,37.6
831.7637711026708,37.5
836.1114116699566,37.4
840.4817774137397,37.3
844.8749871188272,37.3
849.2911601909162,37.3
853.7304166598383,37.3
858.1928771828257,37.3
862.6786630477819,37.2
867.1878961765907,37.2
871.7206991284164,37.1
876.2771951030477,37.1
880.8575079442367,37.1
885.4617621430697,37.1
890.0900828413493,37.1
894.742595834996,37.1
899.4194275774676,37.1
904.1207051831946,37.1
908.8465564310401,37.1
913.5971097677627,37.1
918.3724943115215,37.1
923.1728398553701,37.1
927.998276870799,37.1
932.8489365112713,37.0
937.7249506157918,36.9
942.6264517124897,36.9
947.5535730222193,36.9
952.5064484621864,36.9
957.4852126495767,36.9
962.4900009052299,36.9
967.5209492573013,36.9
972.5781944449744,36.9
977.6618739221665,36.9
982.772125861269,36.8
987.9090891569025,36.7
993.0729034296917,36.7
998.26370903006,36.7
1003.4816470420445,36.7
1008.7268592871307,36.7
1013.9994883281055,36.6
1019.2996774729368,36.6
1024.627570778662,36.6
1029.9833130553077,36.6
1035.3670498698243,36.6
1040.778927550043,36.6
1046.219093188652,36.5
1051.687694647196,36.4
1057.1848805600926,36.4
1062.7108003386745,36.4
1068.2656041752484,36.4
1073.849443047181,36.4
1079.4624687209969,36.3
1085.104833756507,36.2
1090.7766915109553,36.2
1096.4781961431852,36.1
1102.2095026178308,36.0
1107.9707667095288,35.9
1113.7621450071517,35.9
1119.5837949180645,35.9
1125.4358746724013,35.9
1131.3185433273702,35.9
1137.231960771571,35.9
1143.1762877293438,35.9
1149.1516857651375,35.9
1155.1583172879002,35.8
1161.1963455554942,35.8
1167.2659346791324,35.7
1173.3672496278396,35.7
1179.5004562329357,35.7
1185.6657211925422,35.7
1191.8632120761172,35.7
1198.0930973290035,35.7
1204.355546277011,35.7
1210.650729131018,35.6
1216.9788169915967,35.5
1223.3399818536654,35.5
1229.7343966111616,35.5
1236.162235061742,35.5
1242.6236719115057,35.5
1249.1188827797416,35.4
1255.6480442037073,35.4
1262.2113336434193,35.4
1268.8089294864806,35.4
1275.4410110529293,35.4
1282.1077586001115,35.4
1288.8093533275808,35.3
1295.5459773820237,35.2
1302.3178138622095,35.2
1309.1250468239675,35.2
1315.967861285188,35.2
1322.8464432308563,35.2
1329.7609796180998,35.2
1336.7116583812742,35.1
1343.6986684370715,35.0
1350.7221996896535,35.0
1357.782443035813,35.0
1364.879590370164,35.1
1372.0138345903551,35.2
1379.1853696023147,35.2
1386.3943903255179,35.2
1393.6410926982915,35.2
1400.9256736831292,35.2
1408.248331272053,35.2
1415.6092644919916,35.2
1423.0086734101894,35.2
1430.4467591396458,35.2
1437.9237238445805,35.3
1445.439770745928,35.4
1452.9951041268616,35.4
1460.589929338344,35.4
1468.224452804715,35.4
1475.898882029292,35.4
1483.6134256000173,35.4
1491.3682931951248,35.4
1499.1636955888393,35.3
1506.999844657106,35.3
1514.8769533833477,35.2
1522.7952358642551,35.2
1530.754907315605,35.1
1538.7561840781082,35.0
1546.799283623296,34.9
1554.8844245594228,34.8
1563.0118266374113,34.7
1571.181710756826,34.6
1579.3942989718767,34.5
1587.649814497453,34.3
1595.9484817151922,34.2
1604.2905261795772,34.0
1612.6761746240677,33.9
1621.1056549672617,33.8
1629.5791963190893,33.7
1638.097028987047,33.6
1646.6593844824454,33.4
1655.266495526711,33.2
1663.9185960577072,33.1
1672.6159212360947,33.0
1681.3587074517213,32.9
1690.1471923300487,32.8
1698.9816147386093,32.7
1707.8622147934998,32.6
1716.789233865905,32.4
1725.7629145886658,32.3
1734.7835008628629,32.1
1743.8512378644525,31.9
1752.9663720509295,31.8
1762.1291511680254,31.3
1771.3398242564415,30.8
1780.598641658619,30.6
1789.9058550255418,30.4
1799.2617173235774,30.3
1808.6664828413498,30.2
1818.1204071966588,30.1
1827.6237473434162,30.0
1837.1767615786375,29.9
1846.7797095494598,29.8
1856.4328522602,29.6
1866.1364520794475,29.4
1875.8907727471963,29.3
1885.6960793820124,29.1
1895.552638488241,28.9
1905.4607179632462,28.7
1915.4205871047022,28.6
1925.4325166178992,28.5
1935.4967786231095,28.4
1945.6136466629825,28.3
1955.783395709978,28.2
1966.006302173841,28.1
1976.282643909114,28.1
1986.6127002226892,28.0
1996.996751881399,28.0
2007.4350811196462,27.9
2017.927971647083,27.9
2028.4757086563097,27.8
2039.078578830634,27.8
2049.736870351861,27.8
2060.4508729081267,27.8
2071.22087770177,27.8
2082.0471774572497,27.8
2092.9300664290977,27.7
2103.8698404099196,27.7
2114.8667967384304,27.7
2125.9212343075446,27.7
2137.0334535724887,27.8
2148.2037565589744,27.8
2159.4324468714053,27.9
2170.71982970113,27.9
2182.0662118347364,28.0
2193.4719016623894,28.2
2204.937209186215,28.3
2216.4624460287228,28.5
2228.0479254412767,28.7
2239.6939623126154,28.8
2251.4008731773993,28.9
2263.168976224821,28.9
2274.9985913072546,29.0
2286.890039948944,29.0
2298.843645354747,29.0
2310.8597324189163,29.0
2322.9386277339318,29.1
2335.0806595993763,29.1
2347.2861580308577,29.1
2359.5554547689862,29.1
2371.8888832883777,29.2
2384.2867788067265,29.2
2396.7494782939148,29.2
2409.2773204811715,29.2
2421.8706458702773,29.3
2434.5297967428205,29.3
2447.2551171695004,29.3
2460.0469530194778,29.3
2472.905651969775,29.3
2485.8315635147337,29.2
2498.825038975499,29.1
2511.88643150958,29.1
2525.0160961204438,29.0
2538.2143896671673,29.0
2551.481670874133,28.9
2564.8183003407817,28.7
2578.224640551411,28.6
2591.7010558850307,28.4
2605.247912625263,28.3
2618.8655789702975,28.2
2632.5544250429093,28.1
2646.314822900502,28.0
2660.14714654523,27.9
2674.051771934164,27.8
2688.029076989506,27.6
2702.079441608862,27.4
2716.20324767557,27.3
2730.400879069075,27.1
2744.6727216753675,26.9
2759.0191633974646,26.8
2773.440594165967,26.7
2787.9374059496395,26.5
2802.509992766076,26.4
2817.1587506924047,26.3
2831.8840778760564,26.2
2846.686374545581,26.1
2861.5660430215316,26.0
2876.5234877273942,25.9
2891.5591152005823,25.7
2906.6733341034837,25.5
2921.8665552345788,25.4
2937.139191539587,25.4
2952.4916581227058,25.4
2967.9243722578863,25.4
2983.4377534001765,25.4
2999.0322231971227,25.3
3014.7082055002275,25.3
3030.466126376471,25.2
3046.306414119893,25.2
3062.229499263226,25.1
3078.2358145896155,25.0
3094.325795144359,24.8
3110.4998782467446,24.7
3126.7585035019356,24.7
3143.1021128129173,24.9
3159.5311503925072,25.0
3176.0460627754296,25.1
3192.6472988304513,25.2
3209.335309772584,25.3
3226.1105491753406,25.4
3242.973472983081,25.4
3259.924539523382,25.5
3276.9642095195077,25.5
3294.0929461029286,25.6
3311.311214825911,25.8
3328.6194836741684,25.8
3346.018223079582,25.9
3363.507905932988,26.0
3381.089007597027,26.1
3398.762005919066,26.2
3416.527381244194,26.3
3434.385616428264,26.4
3452.337196851022,26.4
3470.382610429304,26.5
3488.5223476302926,26.6
3506.7569014848486,26.7
3525.0867676009134,26.8
3543.512444176976,26.9
3562.034432015617,27.0
3580.6532345371147,27.1
3599.369357793143,27.3
3618.1833104805046,27.5
3637.095603954969,27.6
3656.1067522451726,27.7
3675.2172720665826,27.8
3694.4276828355482,27.8
3713.738506683413,27.9
3733.1502684707093,27.9
3752.6634958014215,28.1
3772.2787190373247,28.3
3791.9964713124127,28.5
3811.817288547367,28.8
3831.7417094641373,29.0
3851.7702756005806,29.2
3871.9035313251793,29.3
3892.1420238518376,29.3
3912.4863032547537,29.4
3932.936922483372,29.4
3953.4944373774106,29.6
3974.1594066819653,29.7
3994.9323920627126,29.7
4015.8139581211503,29.7
4036.8046724099613,29.7
4057.9051054484326,29.7
4079.115830737964,29.7
4100.437424777656,29.6
4121.870467079975,29.5
4143.41554018651,29.5
4165.0732296838005,29.6
4186.844124219257,29.7
4208.728815517151,29.9
4230.72789839472,30.1
4252.841970778305,30.2
4275.071633719623,30.3
4297.417491412092,30.4
4319.880151207261,30.4
4342.460223631314,30.5
4365.158322401661,30.6
4387.975064443623,30.8
4410.911069907196,31.1
4433.9669621839075,31.3
4457.1433679237725,31.4
4480.4409170523,31.5
4503.860242787635,31.5
4527.40198165776,31.6
4551.0667735177985,31.8
4574.855261567406,32.0
4598.768092368251,32.1
4622.80591586159,32.2
4646.969385385929,32.3
4671.25915769478,32.4
4695.675892974527,32.5
4720.220254862348,32.6
4744.892910464259,32.6
4769.694530373255,32.5
4794.625788687525,32.5
4819.68736302878,32.4
4844.87993456067,32.4
4870.204188007296,32.3
4895.660811671819,32.2
4921.250497455168,32.0
4946.973940874864,31.8
4972.8318410838865,31.6
4998.824900889706,31.5
5024.953826773381,31.4
5051.219328908747,31.2
5077.622121181736,30.9
5104.162921209768,30.7
5130.842450361258,30.4
5157.661433775227,30.4
5184.620600380999,30.3
5211.720682918039,30.1
5238.962417955835,30.0
5266.346545913939,30.0
5293.873811082085,30.0
5321.544961640422,30.1
5349.360749679845,30.4
5377.321931222439,30.5
5405.429266242027,30.6
5433.683518684824,30.7
5462.085456490198,30.9
5490.635851611563,31.2
5519.335480037329,31.6
5548.185121812011,31.9
5577.185561057427,32.2
5606.337585994012,32.6
5635.641988962242,32.7
5665.0995664441625,32.8
5694.7111190850455,32.8
5724.477451715144,32.8
5754.399373371566,32.8
5784.477697320285,32.8
5814.713241078208,32.7
5845.10682643542,32.6
5875.659279477514,32.5
5906.371430608045,32.4
5937.244114571097,32.3
5968.278170473975,32.2
5999.4744418100045,31.8
6030.833776481469,31.3
6062.357026822636,31.1
6094.045049622959,30.9
6125.898706150321,30.7
6157.918862174471,30.5
6190.106387990547,30.1
6222.462158442733,29.5
6254.987052948034,29.1
6287.681955520183,28.8
6320.547754793659,28.5
6353.585344047851,28.2
6386.795621231329,27.6
6420.179488986247,26.8
6453.7378546729,26.0
6487.471630394349,25.6
6521.381733021235,25.3
6555.469084216698,24.8
6589.734610461422,24.3
6624.179243078815,23.9
6658.80391826033,23.4
6693.609577090902,22.9
6728.597165574533,22.5
6763.767634659991,22.0
6799.1219402666875,21.7
6834.661043310619,21.5
6870.385909730507,21.5
6906.297510514049,21.4
6942.39682172431,21.3
6978.684824526248,21.1
7015.162505213385,21.0
7051.830855234612,20.9
7088.690871221135,20.8
7125.7435550135615,20.9
7162.989913689153,21.1
7200.430959589155,21.4
7238.067710346342,21.6
7275.901188912673,21.7
7313.932423587085,21.9
7352.162448043451,22.2
7390.59230135867,22.6
7429.22302804091,23.4
7468.055678057999,24.1
7507.091306865953,24.5
7546.330975437692,25.0
7585.775750291836,25.7
7625.426703521717,26.5
7665.284912824515,27.0
7705.351461530549,27.6
7745.627438632719,28.2
7786.113938816104,28.5
7826.81206248772,28.8
7867.722915806424,29.1
7908.847610712972,29.3
7950.187264960275,29.5
7991.743002143727,29.7
8033.515951731782,29.9
8075.507249096639,30.1
8117.718035545101,30.2
8160.149458349601,30.3
8202.80267077938,30.4
8245.67883213183,30.4
8288.77910776401,30.3
8332.104669124305,30.0
8375.656693784302,29.6
8419.436365470749,29.2
8463.444874097753,28.9
8507.683415799123,28.7
8552.153192960874,28.4
8596.855414253905,28.1
8641.791294666864,27.8
8686.962055539152,27.6
8732.36892459413,27.3
8778.01313597248,26.9
8823.895930265779,26.4
8870.018554550163,26.0
8916.382262420266,25.0
8962.988314023276,23.5
9009.83797609319,22.7
9056.932521985234,22.6
9104.273231710486,22.3
9151.861391970657,22.1
9199.698296193066,21.8
9247.785244565785,21.2
9296.12354407301,20.5
9344.714508530542,19.9
9393.559458621517,19.4
9442.659721932305,19.1
9492.016632988581,18.7
9541.631533291613,18.1
9591.505771354708,17.7
9641.64070273987,17.6
9692.037690094652,17.4
9742.698103189163,17.1
9793.623318953358,16.7
9844.814721514387,16.5
9896.27370223427,16.5
9948.001659747684,16.8
10000.0,17.4
10052.270136285486,18.0
10104.813489285681,18.8
10157.6314871081,19.8
10210.725565324987,20.3
10264.09716701231,20.8
10317.747742788988,22.2
10371.678750856474,23.5
10425.891657038128,23.7
10480.387934819217,23.9
10535.16906538697,24.0
10590.236537670813,24.2
10645.591848382772,24.6
10701.236502058211,25.4
10757.172011096769,25.8
10813.399895803414,25.9
10869.921684429703,26.0
10926.73891321545,26.1
10983.85312643042,26.2
11041.265876416248,26.1
11098.978723628681,26.0
11156.993236680037,25.9
11215.310992381786,25.9
11273.933575787378,25.8
11332.862580235347,25.7
11392.099607392682,25.6
11451.646267298307,25.5
11511.504178406769,25.4
11571.674967632372,25.2
11632.16027039332,24.3
11692.961730656129,23.4
11754.08100098034,23.0
11815.519742563505,22.5
11877.27962528627,21.8
11939.362327757724,20.5
12001.76953736107,18.1
12064.50295029953,16.4
12127.56427164241,16.0
12190.95521537136,15.1
12254.677504427105,13.9
12318.732870756214,12.9
12383.123055358106,11.0
12447.849808332432,9.5
12512.914888926687,9.1
12578.320065583976,8.6
12644.067115991029,8.0
12710.157827126544,7.3
12776.593995309939,6.5
12843.377426249857,5.8
12910.50993509343,5.1
12977.99334647565,4.4
13045.829494568892,3.7
