10.0,23.8
10.052270136285475,23.7
10.104813489285682,23.6
10.157631487108103,23.6
10.210725565324982,23.7
10.264097167012295,23.8
10.317747742789004,23.8
10.371678750856479,23.8
10.425891657038118,23.8
10.480387934819216,23.8
10.535169065386981,23.8
10.590236537670812,23.8
10.64559184838276,23.8
10.701236502058206,23.8
10.757172011096776,23.8
10.813399895803409,23.8
10.869921684429707,23.8
10.926738913215466,23.8
10.98385312643042,23.8
11.041265876416237,23.8
11.098978723628681,23.8
11.156993236680048,23.8
11.215310992381788,23.8
11.27393357578736,23.8
11.332862580235341,23.8
11.392099607392687,23.8
11.451646267298301,23.8
11.511504178406776,23.8
11.571674967632385,23.8
11.632160270393321,23.8
11.692961730656117,23.8
11.75408100098034,23.8
11.815519742563518,23.8
11.87727962528627,23.8
11.939362327757706,23.8
12.001769537361062,23.8
12.064502950299536,23.8
12.127564271642404,23.8
12.190955215371359,23.8
12.254677504427118,23.8
12.318732870756214,23.8
12.383123055358094,23.8
12.447849808332432,23.8
12.5129148889267,23.8
12.578320065583968,23.8
12.644067115991009,23.8
12.710157827126565,23.8
12.776593995309947,23.8
12.843377426249843,23.8
12.910509935093431,23.8
12.977993346475664,23.8
13.045829494568892,23.8
13.11402022313271,23.8
13.182567385564074,23.8
13.251472844947658,23.8
13.320738474106527,23.8
13.390366155653,23.8
13.460357782039841,23.8
13.530715255611682,23.8
13.601440488656761,23.8
13.672535403458848,23.8
13.744001932349526,23.8
13.815842017760701,23.8
13.888057612277397,23.8
13.960650678690818,23.8
14.033623190051728,23.8
14.10697712972403,23.8
14.180714491438705,23.8
14.25483727934799,23.8
14.32934750807987,23.9
14.404247202792797,23.9
14.479538399230764,23.9
14.55522314377862,23.9
14.631303493517702,23.9
14.707781516281727,23.9
14.784659290713032,23.9
14.861938906319022,23.9
14.939622463528993,23.9
15.017712073751214,23.9
15.096209859430308,23.9
15.175117954104964,23.9
15.254438502465888,23.9
15.334173660414118,23.9
15.414325595119617,23.9
15.494896485080169,23.9
15.575888520180618,23.9
15.65730390175234,23.9
15.73914484263311,23.9
15.821413567227237,23.9
15.904112311566013,23.9
15.98724332336852,23.9
16.070808862102673,23.9
16.154811199046666,23.9
16.239252617350697,23.9
16.324135412099007,23.9
16.409461890372306,23.9
16.495234371310413,23.9
16.58145518617534,23.9
16.668126678414627,23.9
16.755251203725052,23.9
16.84283113011666,23.9
16.930868837977105,23.9
17.01936672013636,23.9
17.108327181931763,23.9
17.197752641273365,23.9
17.28764552870969,23.9
17.378008287493753,23.9
17.4688433736495,23.9
17.560153256038525,23.9
17.651940416427212,23.9
17.744207349554188,23.9
17.836956563198083,23.9
17.93019057824573,23.9
18.023911928760675,23.9
18.118123162052047,23.9
18.21282683874379,23.9
18.30802553284428,23.9
18.403721831816252,23.9
18.499918336647156,23.9
18.59661766191982,23.9
18.69382243588356,23.9
18.791535300525574,23.9
18.889758911642755,23.9
18.98849593891389,23.9
19.08774906597221,23.9
19.187520990478333,23.9
19.287814424193606,23.9
19.388632093053765,23.9
19.48997673724305,23.9
19.591851111268685,23.9
19.69425798403576,23.9
19.79720013892245,23.9
19.90068037385568,23.9
20.004701501387192,23.9
20.109266348769967,23.9
20.214377758035074,23.9
20.320038586068932,23.9
20.426251704690927,23.9
20.533020000731486,23.9
20.64034637611054,23.9
20.748233747916412,23.9
20.856685048485062,23.9
20.965703225479817,23.9
21.075291241971485,23.9
21.185452076518878,24.0
21.296188723249774,24.1
21.407504191942323,24.1
21.519401508106792,24.1
21.631883713067854,24.1
21.744953864047204,24.1
21.858615034246718,24.1
21.972870312931903,24.1
22.087722805515906,24.1
22.203175633643916,24.1
22.319231935278008,24.1
22.435894864782412,24.1
22.553167593009288,24.1
22.671053307384867,24.1
22.789555211996095,24.1
22.908676527677724,24.1
23.028420492099883,24.1
23.148790359856015,24.1
23.26978940255137,24.1
23.391420908891938,24.1
23.51368818477381,24.1
23.63659455337303,24.1
23.760143355235964,24.1
23.884337948370025,24.1
24.009181708334992,24.1
24.134678028334722,24.1
24.260830319309434,24.1
24.387642010028344,24.1
24.515116547182902,24.1
24.64325739548046,24.1
24.772068037738443,24.1
24.901551974979007,24.1
25.031712726524198,24.1
25.162553830091625,24.1
25.294078841890578,24.1
25.426291336718684,24.1
25.559194908059133,24.1
25.692793168178262,24.1
25.827089748223784,24.1
25.96208829832347,24.1
26.097792487684362,24.1
26.234206004692496,24.1
26.371332557013133,24.1
26.5091758716916,24.1
26.647739695254497,24.1
26.787027793811582,24.1
26.9270439531581,24.1
27.06779197887776,24.1
27.209275696446046,24.1
27.351498951334275,24.1
27.494465609114105,24.1
27.638179555562576,24.1
27.782644696767733,24.1
27.92786495923483,24.1
28.07384428999299,24.1
28.220586656702505,24.1
28.368096047762684,24.1
28.516376472420284,24.1
28.66543196087842,24.1
28.815266564406134,24.1
28.965884355448516,24.1
29.11728942773738,24.1
29.26948589640251,24.1
29.42247789808359,24.1
29.57626959104251,24.1
29.730865155276486,24.1
29.88626879263161,24.1
30.04248472691713,24.1
30.19951720402016,24.1
30.357370492021133,24.1
30.516048881309793,24.1
30.675556684701824,24.1
30.835898237556027,24.1
30.99707789789224,24.1
31.15910004650967,24.1
31.321969087106055,24.1
31.485689446397288,24.1
31.650265574237824,24.1
31.815701943741516,24.1
31.98200305140326,24.1
32.14917341722119,24.1
32.31721758481955,24.1
32.486140121572134,24.1
32.655945618726484,24.2
32.82663869152868,24.3
32.99822397934869,24.3
33.170706145806605,24.3
33.34408987889928,24.3
33.51837989112781,24.3
33.69358091962557,24.3
33.86969772628702,24.3
34.04673509789711,24.3
34.224697846261364,24.3
34.40359080833668,24.3
34.58341884636283,24.3
34.764186847994516,24.3
34.94589972643436,24.3
35.12856242056629,24.3
35.312179895089876,24.3
35.496757140655234,24.3
35.68229917399868,24.3
35.86881103807908,24.3
36.05629780221492,24.3
36.24476456222205,24.3
36.434216440552284,24.3
36.6246585864325,24.3
36.81609617600466,24.3
37.00853441246656,24.3
37.2019785262131,24.3
37.39643377497855,24.3
37.591905443979435,24.3
37.788398846058186,24.3
37.985919321827524,24.3
38.184472239815605,24.3
38.384062996612016,24.3
38.584697017014335,24.3
38.786379754175634,24.3
38.98911668975273,24.3
39.1929133340551,24.3
39.39777522619469,24.3
39.60370793423646,24.3
39.810717055349734,24.3
40.0188082159603,24.3
40.227987071903335,24.3
40.43825930857721,24.3
40.64963064109788,24.3
40.8621068144543,24.3
41.075693603664625,24.3
41.29039681393302,24.3
41.506222280807584,24.3
41.72317587033889,24.3
41.94126347923944,24.3
42.16049103504393,24.3
42.38086449627034,24.3
42.60238985258197,24.3
42.825073124950116,24.3
43.04892036581776,24.3
43.27393765926414,24.3
43.500131121170035,24.3
43.727506899384,24.3
43.956071173889484,24.3
44.18583015697281,24.3
44.416790093392,24.3
44.648957260546474,24.3
44.88233796864779,24.3
45.116938560890986,24.3
45.35276541362708,24.3
45.58982493653644,24.3
45.82812357280281,24.3
46.067667799288614,24.3
46.308464126710895,24.3
46.55051909981832,24.3
46.793839297569036,24.3
47.03843133330949,24.3
47.28430185495417,24.3
47.531457545166376,24.3
47.77990512153967,24.3
48.02965133678067,24.3
48.28070297889241,24.3
48.53306687135893,24.3
48.78674987333074,24.3
49.041758879811184,24.3
49.298100821843896,24.3
49.55578266670119,24.3
49.81481141807335,24.3
50.07519411625915,24.3
50.336937838356974,24.3
50.60004969845742,24.3
50.86453684783644,24.3
51.13040647514984,24.3
51.39766580662862,24.3
51.66632210627541,24.3
51.93638267606184,24.3
52.20785485612707,24.3
52.48074602497726,24.3
52.75506359968615,24.3
53.030815036096584,24.3
53.308007829023246,24.3
53.58664951245627,24.3
53.866747659766084,24.3
54.148309883909214,24.3
54.431343837635225,24.3
54.7158572136947,24.3
55.00185774504835,24.3
55.28935320507712,24.3
55.57835140779364,24.3
55.86886020805435,24.3
56.160887501773274,24.3
56.45444122613637,24.3
56.74952935981742,24.3
57.04615992319485,24.3
57.34434097856969,24.3
57.64408063038476,24.3
57.94538702544487,24.3
58.24826835313831,24.3
58.552732845659456,24.3
58.85878877823242,24.3
59.166444469336014,24.3
59.475708280929936,24.3
59.786588618681876,24.3
60.0990939321961,24.3
60.41323271524305,24.3
60.72901350599024,24.3
61.046444887234294,24.3
61.365535486634215,24.4
61.686293976945976,24.4
62.008729076258064,24.5
62.332849548228545,24.5
62.658664202323344,24.5
62.98618189405547,24.5
63.315411525225876,24.5
63.64636204416533,24.5
63.979042445977655,24.5
64.31346177278421,24.5
64.64962911396958,24.5
64.98755360642885,24.5
65.32724443481563,24.5
65.66871083179183,24.5
66.01196207827876,24.5
66.35700750370908,24.5
66.7038564862806,24.5
67.05251845321108,24.5
67.40300288099445,24.5
67.75531929565844,24.5
68.1094772730234,24.5
68.46548643896274,24.5
68.82335646966433,24.5
69.18309709189363,24.5
69.54471808325809,24.5
69.90822927247277,24.5
70.27364053962762,24.5
70.6409618164559,24.5
71.01020308660422,24.5
71.38137438590384,24.5
71.75448580264342,24.5
72.12954747784322,24.5
72.50656960553087,24.5
72.88556243301818,24.5
73.26653626117992,24.5
73.64950144473359,24.5
74.03446839252094,24.5
74.42144756779092,24.5
74.810449488484,24.5
75.20148472751808,24.5
75.59456391307583,24.5
75.98969772889355,24.5
76.38689691455168,24.5
76.78617226576647,24.5
77.18753463468363,24.5
77.59099493017311,24.5
77.99656411812569,24.5
78.404253221751,24.5
78.8140733218772,24.5
79.226035557252,24.5
79.64015112484554,24.5
80.05643128015467,24.5
80.47488733750892,24.5
80.89553067037787,24.5
81.31837271168051,24.5
81.74342495409579,24.5
82.170698950375,24.5
82.60020631365589,24.5
83.03195871777821,24.5
83.46596789760103,24.5
83.90224564932171,24.5
84.34080383079642,24.5
84.78165436186265,24.5
85.22480922466286,24.5
85.67028046397054,24.5
86.11808018751721,24.5
86.56822056632171,24.5
87.020713835021,24.5
87.47557229220259,24.5
87.93280830073893,24.5
88.39243428812335,24.5
88.85446274680783,24.5
89.31890623454267,24.5
89.78577737471758,24.5
90.25508885670492,24.5
90.72685343620469,24.5
91.20108393559097,24.5
91.67779324426061,24.5
92.15699431898352,24.5
92.63870018425483,24.5
93.12292393264887,24.5
93.60967872517497,24.5
94.09897779163542,24.5
94.5908344309847,24.5
95.0852620116911,24.5
95.58227397210023,24.5
96.08188382079996,24.5
96.5841051369878,24.5
97.08895157083991,24.5
97.59643684388209,24.5
98.10657474936274,24.5
98.61937915262773,24.5
99.13486399149741,24.5
99.65304327664518,24.5
100.17393109197839,24.5
100.69754159502135,24.5
101.22388901729977,24.5
101.75298766472777,24.5
102.28485191799675,24.5
102.81949623296607,24.5
103.35693514105618,24.5
103.89718324964329,24.5
104.44025524245698,24.5
104.98616587997819,24.5
105.53492999984189,24.5
106.08656251723878,24.5
106.64107842532215,24.5
107.19849279561431,24.5
107.75882077841675,24.5
108.32207760322176,24.5
108.88827857912626,24.5
109.45743909524856,24.5
110.02957462114523,24.5
110.60470070723336,24.5
111.18283298521138,24.5
111.76398716848561,24.5
112.3481790525961,24.5
112.93542451564652,24.5
113.5257395187356,24.5
114.11914010639099,24.5
114.71564240700522,24.5
115.3152626332741,24.5
115.91801708263789,24.5
116.52392213772293,24.5
117.13299426678874,24.5
117.74525002417371,24.5
118.36070605074681,24.5
118.97937907435858,24.5
119.60128591029638,24.5
120.22644346174131,24.5
120.85486872022751,24.5
121.4865787661046,24.5
122.12159076900052,24.5
122.75992198829012,24.5
123.40158977356222,24.5
124.04661156509306,24.5
124.69500489431896,24.5
125.34678738431336,24.5
126.00197675026583,24.5
126.6605907999634,24.5
127.3226474342747,24.5
127.98816464763628,24.5
128.6571605285424,24.5
129.32965326003517,24.5
130.00566112020084,24.5
130.68520248266435,24.5
131.36829581709074,24.5
132.05495968968575,24.5
132.74521276370103,24.5
133.43907379994133,24.5
134.1365616572744,24.5
134.83769529314347,24.5
135.54249376408254,24.5
136.25097622623485,24.5
136.96316193587217,24.5
137.67907024992007,24.5
138.39872062648203,24.5
139.1221326253702,24.5
139.84932590863562,24.5
140.58032024110324,24.5
141.31513549090906,24.4
142.05379163003997,24.4
142.7963087348772,24.3
143.5427069867405,24.3
144.29300667243896,24.3
145.04722818481977,24.3
145.80539202332486,24.3
146.56751879454652,24.3
147.333629212788,24.3
148.1037441006266,24.3
148.87788438947953,24.3
149.65607112017267,24.3
150.43832544351253,24.3
151.2246686208618,24.3
152.01512202471548,24.3
152.80970713928414,24.3
153.6084455610754,24.3
154.41135899948313,24.3
155.218469277376,24.3
156.02979833169113,24.3
156.8453682140304,24.3
157.66520109125955,24.3
158.48931924611142,24.3
159.3177450777899,24.3
160.15050110258113,24.3
160.9876099544629,24.3
161.82909438572216,24.3
162.67497726757185,24.3
163.52528159077312,24.3
164.38003046626017,24.3
165.23924712576837,24.3
166.1029549224657,24.3
166.97117733158728,24.3
167.8439379510743,24.3
168.72126050221348,24.3
169.60316883028446,24.3
170.48968690520502,24.3
171.38083882218535,24.3
172.27664880238083,24.3
173.17714119355136,24.3
174.08234047072295,24.3
174.99227123685273,24.3
175.9069582234984,24.3
176.82642629148881,24.3
177.75070043160196,24.3
178.67980576524164,24.3
179.61376754512278,24.3
180.55261115595593,24.3
181.49636211513797,24.3
182.44504607344558,24.3
183.39868881573247,24.3
184.35731626163007,24.3
185.3209544662519,24.3
186.28962962090262,24.3
187.26336805378796,24.3
188.24219623073301,24.3
189.2261407558986,24.3
190.21522837250714,24.3
191.20948596356752,24.3
192.20894055260666,24.3
193.21361930440384,24.3
194.22354952572874,24.3
195.2387586660848,24.3
196.25927431845295,24.3
197.28512422004457,24.3
198.31633625305224,24.3
199.35293844541056,24.3
200.39495897155572,24.3
201.4424261531923,24.3
202.4953684600627,24.3
203.55381451072122,24.3
204.6177930733116,24.2
205.6873330663489,24.1
206.76246355950653,24.1
207.84321377440395,24.1
208.92961308540407,24.1
210.02169102040844,24.1
211.11947726166272,24.1
212.22300164656127,24.1
213.33229416845913,24.1
214.447384977487,24.1
215.5683043813707,24.1
216.69508284625502,24.1
217.8277509975314,24.1
218.9663396206716,24.1
220.1108796620618,24.1
221.26140222984722,24.1
222.41793859477394,24.1
223.5805201910423,24.1
224.74917861715863,24.1
225.9239456367954,24.1
227.10485317965416,24.1
228.29193334233327,24.1
229.48521838920135,24.1
230.68474075327168,24.1
231.89053303708724,24.1
233.102628013603,24.1
234.32105862708036,24.1
235.5458579939798,24.1
236.77705940386227,24.1
238.0146963202937,24.1
239.25880238175446,24.1
240.50941140255387,24.1
241.76655737374873,24.1
243.03027446406858,24.1
244.30059702084168,24.1
245.57755957093218,24.1
246.86119682167464,24.1
248.1515436618211,24.1
249.44863516248657,24.1
250.75250657810346,24.1
252.0631933473797,24.1
253.3807310942614,24.0
254.7051556289027,24.0
256.03650294863604,23.9
257.3748092389545,23.9
258.72011087449107,23.9
260.0724444200114,23.9
261.4318466314045,23.9
262.79835445668317,23.9
264.17200503698814,23.9
265.5528357075972,23.9
266.94088399894025,23.9
268.336187637619,23.9
269.7387845474336,23.9
271.1487128504106,23.9
272.56601086784315,23.9
273.9907171213279,23.9
275.4228703338166,23.9
276.86250943066517,23.9
278.30967354069315,23.9
279.764401997247,23.9
281.2267343392687,23.9
282.6967103123723,23.9
284.1743698699204,23.9
285.65975317411466,23.9
287.152900597083,23.9
288.6538527219809,23.9
290.16265034409145,23.9
291.67933447193553,23.8
293.203946328386,23.8
294.7365273517884,23.8
296.27711919708696,23.8
297.8257637369567,23.8
299.38250306294265,23.8
300.947379486601,23.8
302.52043554065347,23.8
304.1017139801383,23.8
305.69125778357716,23.8
307.2891101541398,23.8
308.8953145208197,23.8
310.5099145396145,23.8
312.1329540947119,23.8
313.76447729968413,23.8
315.40452849868336,23.8
317.0531522676519,23.8
318.71039341552853,23.8
320.3762969854716,23.8
322.05090825607795,23.8
323.7342727426186,23.8
325.4264361982722,23.8
327.1274446153702,23.7
328.83734422664674,23.6
330.55618150649445,23.6
332.28400317222986,23.6
334.02085618535915,23.6
335.76678775285944,23.6
337.52184532845695,23.6
339.28607661392135,23.6
341.0595295603587,23.6
342.84225236951676,23.6
344.63429349509414,23.6
346.4357016440579,23.6
348.24652577796684,23.6
350.06681511430224,23.6
351.8966191278073,23.6
353.7359875518278,23.6
355.5849703796693,23.5
357.44361786595016,23.4
359.3119805279728,23.4
361.1901091470929,23.4
363.0780547701014,23.4
364.9758687106112,23.4
366.8836025504522,23.4
368.80130814107446,23.4
370.72903760495365,23.4
372.66684333701346,23.4
374.6147780060434,23.4
376.57289455613636,23.4
378.54124620812286,23.4
380.5198864610201,23.3
382.50886909348526,23.2
384.5082481652772,23.1
386.51807801872604,23.1
388.53841328020957,23.1
390.56930886163985,23.1
392.6108199619517,23.1
394.6630020686084,23.1
396.7259109591041,23.1
398.7996027024853,23.1
400.8841336608706,23.1
402.9795604909844,23.1
405.0859401456969,23.1
407.20332987557106,23.1
409.331787230421,23.1
411.4713700608718,23.0
413.6221365199375,22.9
415.78414506459575,22.9
417.95745445738237,22.9
420.1421237679842,22.9
422.33821237484636,22.9
424.5457799667861,22.9
426.76488654461485,22.9
428.9955924227691,22.9
431.23795823094935,22.9
433.49204491576995,22.9
435.7579137424112,22.9
438.0356262962907,22.8
440.3252444847303,22.7
442.62683053864555,22.7
444.9404470142319,22.7
447.2661567946673,22.7
449.60402309182115,22.7
451.9541094479714,22.7
454.3164797375345,22.7
456.6911981687959,22.7
459.0783292856624,22.7
461.4779379694089,22.7
463.89008944044906,22.7
466.31484926010245,22.7
468.7522833323791,22.7
471.20245790577025,22.6
473.6654395750488,22.6
476.14129528307956,22.6
478.630092322638,22.6
481.1318983382419,22.6
483.6467813279844,22.6
486.1748096453894,22.6
488.7160520012619,22.6
491.27057746556244,22.6
493.8384554692794,22.5
496.4197558063182,22.5
499.01454863539806,22.4
501.6229044819588,22.4
504.24489424007766,22.4
506.88058917439554,22.4
509.53006092205686,22.4
512.1933814946506,22.4
514.8706232801756,22.4
517.5618590449992,22.4
520.2671619358439,22.4
522.9866054817683,22.4
525.7202635961694,22.3
528.4682105787901,22.3
531.230521117739,22.2
534.0072702915224,22.2
536.7985335710792,22.2
539.6043868218401,22.2
542.4249063057814,22.2
545.2601686835053,22.2
548.1102510163182,22.2
550.9752307683272,22.2
553.8551858085453,22.2
556.7501944130083,22.2
559.6603352669016,22.2
562.5856874666987,22.1
565.5263305223134,22.0
568.4823443592555,21.9
571.4538093208106,21.9
574.4408061702153,21.9
577.4434160928608,21.9
580.4617206984933,21.9
583.4958020234345,21.9
586.5457425328113,21.9
589.6116251227962,21.8
592.6935331228639,21.8
595.7915502980484,21.7
598.9057608512304,21.7
602.0362494254149,21.7
605.1831011060411,21.7
608.3464014232891,21.6
611.5262363544065,21.6
614.7226923260454,21.5
617.9358562166111,21.5
621.1658153586235,21.5
624.4126575410903,21.5
627.6764710118958,21.5
630.957344480193,21.5
634.2553671188238,21.5
637.5706285667327,21.5
640.9032189314127,21.5
644.2532287913472,21.5
647.6207491984753,21.5
651.0058716806659,21.5
654.4086882442045,21.5
657.8292913762976,21.5
661.2677740475787,21.5
664.7242297146454,21.5
668.1987523225889,21.5
671.6914363075575,21.4
675.2023765993158,21.4
678.7316686238282,21.4
682.2794083058518,21.4
685.8456920715438,21.4
689.4306168510824,21.4
693.0342800813003,21.4
696.6567797083366,21.4
700.2982141902914,21.4
703.9586824999124,21.4
707.6382841272731,21.5
711.3371190824884,21.5
715.0552878984242,21.5
718.7928916334344,21.5
722.5500318741055,21.5
726.3268107380181,21.5
730.123330876526,21.5
733.9396954775374,21.5
737.7760082683312,21.5
741.6323735183645,21.5
745.508896042117,21.5
749.4056812019327,21.5
753.3228349108862,21.5
757.2604636356614,21.5
761.2186743994453,21.5
765.1975747848361,21.5
769.1972729367671,21.5
773.2178775654501,21.5
777.2594979493206,21.5
781.3222439380205,21.6
785.406225955371,21.7
789.5115550023859,21.7
793.6383426602791,21.7
797.7867010935024,21.7
801.9567430527921,21.7
806.1485818782347,21.7
810.3623315023465,21.7
814.59810645317,21.7
818.8560218573906,21.8
823.1361934434566,21.9
827.4387375447371,21.9
831.7637711026708,21.9
836.1114116699566,21.9
840.4817774137397,21.9
844.8749871188272,21.9
849.2911601909162,21.9
853.7304166598383,21.9
858.1928771828257,22.0
862.6786630477819,22.1
867.1878961765907,22.2
871.7206991284164,22.2
876.2771951030477,22.2
880.8575079442367,22.2
885.4617621430697,22.2
890.0900828413493,22.2
894.742595834996,22.3
899.4194275774676,22.4
904.1207051831946,22.4
908.8465564310401,22.4
913.5971097677627,22.4
918.3724943115215,22.4
923.1728398553701,22.4
927.998276870799,22.4
932.8489365112713,22.4
937.7249506157918,22.4
942.6264517124897,22.4
947.5535730222193,22.5
952.5064484621864,22.6
957.4852126495767,22.6
962.4900009052299,22.6
967.5209492573013,22.6
972.5781944449744,22.6
977.6618739221665,22.6
982.772125861269,22.7
987.9090891569025,22.7
993.0729034296917,22.7
998.26370903006,22.7
1003.4816470420445,22.7
1008.7268592871307,22.7
1013.9994883281055,22.7
1019.2996774729368,22.7
1024.627570778662,22.7
1029.9833130553077,22.7
1035.3670498698243,22.7
1040.778927550043,22.7
1046.219093188652,22.7
1051.687694647196,22.7
1057.1848805600926,22.7
1062.7108003386745,22.7
1068.2656041752484,22.7
1073.849443047181,22.7
1079.4624687209969,22.8
1085.104833756507,22.8
1090.7766915109553,22.9
1096.4781961431852,22.9
1102.2095026178308,22.9
1107.9707667095288,22.8
1113.7621450071517,22.7
1119.5837949180645,22.7
1125.4358746724013,22.7
1131.3185433273702,22.7
1137.231960771571,22.7
1143.1762877293438,22.7
1149.1516857651375,22.7
1155.1583172879002,22.7
1161.1963455554942,22.7
1167.2659346791324,22.7
1173.3672496278396,22.7
1179.5004562329357,22.7
1185.6657211925422,22.7
1191.8632120761172,22.6
1198.0930973290035,22.6
1204.355546277011,22.5
1210.650729131018,22.5
1216.9788169915967,22.4
1223.3399818536654,22.4
1229.7343966111616,22.3
1236.162235061742,22.2
1242.6236719115057,22.1
1249.1188827797416,22.1
1255.6480442037073,22.0
1262.2113336434193,21.9
1268.8089294864806,21.8
1275.4410110529293,21.7
1282.1077586001115,21.6
1288.8093533275808,21.6
1295.5459773820237,21.5
1302.3178138622095,21.5
1309.1250468239675,21.4
1315.967861285188,21.3
1322.8464432308563,21.3
1329.7609796180998,21.2
1336.7116583812742,21.1
1343.6986684370715,21.0
1350.7221996896535,20.9
1357.782443035813,20.7
1364.879590370164,20.5
1372.0138345903551,20.3
1379.1853696023147,20.3
1386.3943903255179,20.2
1393.6410926982915,20.1
1400.9256736831292,19.9
1408.248331272053,19.7
1415.6092644919916,19.5
1423.0086734101894,19.4
1430.4467591396458,19.3
1437.9237238445805,19.1
1445.439770745928,18.9
1452.9951041268616,18.8
1460.589929338344,18.6
1468.224452804715,18.4
1475.898882029292,18.2
1483.6134256000173,18.1
1491.3682931951248,18.0
1499.1636955888393,18.0
1506.999844657106,17.9
1514.8769533833477,17.8
1522.7952358642551,17.8
1530.754907315605,17.7
1538.7561840781082,17.7
1546.799283623296,17.7
1554.8844245594228,17.7
1563.0118266374113,17.7
1571.181710756826,17.7
1579.3942989718767,17.7
1587.649814497453,17.7
1595.9484817151922,17.7
1604.2905261795772,17.7
1612.6761746240677,17.7
1621.1056549672617,17.7
1629.5791963190893,17.8
1638.097028987047,17.9
1646.6593844824454,17.9
1655.266495526711,17.9
1663.9185960577072,17.9
1672.6159212360947,17.9
1681.3587074517213,17.9
1690.1471923300487,17.9
1698.9816147386093,17.9
1707.8622147934998,17.9
1716.789233865905,17.9
1725.7629145886658,17.9
1734.7835008628629,17.9
1743.8512378644525,17.9
1752.9663720509295,17.9
1762.1291511680254,17.9
1771.3398242564415,17.9
1780.598641658619,17.9
1789.9058550255418,17.9
1799.2617173235774,17.9
1808.6664828413498,17.9
1818.1204071966588,17.9
1827.6237473434162,17.9
1837.1767615786375,17.9
1846.7797095494598,17.9
1856.4328522602,17.9
1866.1364520794475,17.9
1875.8907727471963,17.9
1885.6960793820124,17.9
1895.552638488241,17.9
1905.4607179632462,17.9
1915.4205871047022,17.8
1925.4325166178992,17.7
1935.4967786231095,17.7
1945.6136466629825,17.7
1955.783395709978,17.7
1966.006302173841,17.7
1976.282643909114,17.7
1986.6127002226892,17.7
1996.996751881399,17.7
2007.4350811196462,17.7
2017.927971647083,17.8
2028.4757086563097,17.9
2039.078578830634,17.9
2049.736870351861,17.9
2060.4508729081267,17.9
2071.22087770177,17.9
2082.0471774572497,18.0
2092.9300664290977,18.1
2103.8698404099196,18.2
2114.8667967384304,18.3
2125.9212343075446,18.3
2137.0334535724887,18.4
2148.2037565589744,18.4
2159.4324468714053,18.4
2170.71982970113,18.5
2182.0662118347364,18.5
2193.4719016623894,18.6
2204.937209186215,18.6
2216.4624460287228,18.6
2228.0479254412767,18.6
2239.6939623126154,18.6
2251.4008731773993,18.6
2263.168976224821,18.7
2274.9985913072546,18.8
2286.890039948944,18.8
2298.843645354747,18.8
2310.8597324189163,18.8
2322.9386277339318,18.8
2335.0806595993763,18.8
2347.2861580308577,18.8
2359.5554547689862,18.8
2371.8888832883777,18.8
2384.2867788067265,18.8
2396.7494782939148,18.8
2409.2773204811715,18.8
2421.8706458702773,18.8
2434.5297967428205,18.8
2447.2551171695004,18.8
2460.0469530194778,18.8
2472.905651969775,18.8
2485.8315635147337,18.8
2498.825038975499,18.8
2511.88643150958,18.8
2525.0160961204438,18.9
2538.2143896671673,19.0
2551.481670874133,19.1
2564.8183003407817,19.2
2578.224640551411,19.3
2591.7010558850307,19.4
2605.247912625263,19.7
2618.8655789702975,19.9
2632.5544250429093,20.0
2646.314822900502,20.1
2660.14714654523,20.1
2674.051771934164,20.3
2688.029076989506,20.5
2702.079441608862,20.6
2716.20324767557,20.7
2730.400879069075,20.7
2744.6727216753675,20.7
2759.0191633974646,20.7
2773.440594165967,20.7
2787.9374059496395,20.7
2802.509992766076,20.7
2817.1587506924047,20.6
2831.8840778760564,20.6
2846.686374545581,20.5
2861.5660430215316,20.4
2876.5234877273942,20.3
2891.5591152005823,20.1
2906.6733341034837,19.9
2921.8665552345788,19.4
2937.139191539587,19.0
2952.4916581227058,18.8
2967.9243722578863,18.5
2983.4377534001765,18.2
2999.0322231971227,17.9
3014.7082055002275,17.5
3030.466126376471,17.2
3046.306414119893,17.0
3062.229499263226,16.7
3078.2358145896155,16.5
3094.325795144359,16.3
3110.4998782467446,16.1
3126.7585035019356,15.8
3143.1021128129173,15.3
3159.5311503925072,14.9
3176.0460627754296,14.6
3192.6472988304513,14.4
3209.335309772584,14.2
3226.1105491753406,13.8
3242.973472983081,13.4
3259.924539523382,13.1
3276.9642095195077,12.9
3294.0929461029286,12.8
3311.311214825911,12.6
3328.6194836741684,12.2
3346.018223079582,11.7
3363.507905932988,11.4
3381.089007597027,11.3
3398.762005919066,11.2
3416.527381244194,11.1
3434.385616428264,10.9
3452.337196851022,10.7
3470.382610429304,10.6
3488.5223476302926,10.5
3506.7569014848486,10.5
3525.0867676009134,10.4
3543.512444176976,10.3
3562.034432015617,10.2
3580.6532345371147,10.2
3599.369357793143,10.1
3618.1833104805046,10.0
3637.095603954969,9.9
3656.1067522451726,9.8
3675.2172720665826,9.6
3694.4276828355482,9.5
3713.738506683413,9.3
3733.1502684707093,9.1
3752.6634958014215,8.9
3772.2787190373247,8.8
3791.9964713124127,8.6
3811.817288547367,8.5
3831.7417094641373,8.4
3851.7702756005806,8.2
3871.9035313251793,8.1
3892.1420238518376,8.0
3912.4863032547537,8.0
3932.936922483372,7.9
3953.4944373774106,7.9
3974.1594066819653,7.9
3994.9323920627126,7.9
4015.8139581211503,7.9
4036.8046724099613,7.9
4057.9051054484326,7.9
4079.115830737964,7.9
4100.437424777656,7.9
4121.870467079975,7.9
4143.41554018651,7.9
4165.0732296838005,7.8
4186.844124219257,7.7
4208.728815517151,7.7
4230.72789839472,7.6
4252.841970778305,7.6
4275.071633719623,7.6
4297.417491412092,7.5
4319.880151207261,7.4
4342.460223631314,7.2
4365.158322401661,7.1
4387.975064443623,7.1
4410.911069907196,7.0
4433.9669621839075,6.9
4457.1433679237725,6.8
4480.4409170523,6.8
4503.860242787635,6.7
4527.40198165776,6.6
4551.0667735177985,6.6
4574.855261567406,6.5
4598.768092368251,6.4
4622.80591586159,6.3
4646.969385385929,6.2
4671.25915769478,6.1
4695.675892974527,6.1
4720.220254862348,6.0
4744.892910464259,5.9
4769.694530373255,5.8
4794.625788687525,5.7
4819.68736302878,5.5
4844.87993456067,5.4
4870.204188007296,5.3
4895.660811671819,5.3
4921.250497455168,5.2
4946.973940874864,5.2
4972.8318410838865,5.1
4998.824900889706,5.1
5024.953826773381,5.0
5051.219328908747,4.9
5077.622121181736,4.9
5104.162921209768,4.8
5130.842450361258,4.7
5157.661433775227,4.6
5184.620600380999,4.5
5211.720682918039,4.5
5238.962417955835,4.5
5266.346545913939,4.5
5293.873811082085,4.5
5321.544961640422,4.6
5349.360749679845,4.7
5377.321931222439,4.7
5405.429266242027,4.8
5433.683518684824,4.9
5462.085456490198,5.0
5490.635851611563,5.0
5519.335480037329,5.0
5548.185121812011,5.0
5577.185561057427,5.0
5606.337585994012,5.0
5635.641988962242,5.0
5665.0995664441625,5.1
5694.7111190850455,5.1
5724.477451715144,5.2
5754.399373371566,5.3
5784.477697320285,5.5
5814.713241078208,5.6
5845.10682643542,5.8
5875.659279477514,6.0
5906.371430608045,6.2
5937.244114571097,6.3
5968.278170473975,6.5
5999.4744418100045,6.7
6030.833776481469,6.9
6062.357026822636,7.0
6094.045049622959,7.2
6125.898706150321,7.3
6157.918862174471,8.1
6190.106387990547,9.0
6222.462158442733,9.4
6254.987052948034,9.8
6287.681955520183,10.0
6320.547754793659,10.3
6353.585344047851,10.8
6386.795621231329,11.5
6420.179488986247,11.9
6453.7378546729,12.2
6487.471630394349,12.4
6521.381733021235,12.7
6555.469084216698,13.2
6589.734610461422,13.9
6624.179243078815,14.3
6658.80391826033,14.6
6693.609577090902,14.8
6728.597165574533,15.1
6763.767634659991,15.7
6799.1219402666875,16.3
6834.661043310619,16.5
6870.385909730507,16.6
6906.297510514049,16.8
6942.39682172431,17.1
6978.684824526248,17.3
7015.162505213385,17.4
7051.830855234612,17.5
7088.690871221135,17.6
7125.7435550135615,17.5
7162.989913689153,17.5
7200.430959589155,17.4
7238.067710346342,17.4
7275.901188912673,17.3
7313.932423587085,17.2
7352.162448043451,17.0
7390.59230135867,16.3
7429.22302804091,15.6
7468.055678057999,15.4
7507.091306865953,15.1
7546.330975437692,14.7
7585.775750291836,14.3
7625.426703521717,13.9
7665.284912824515,13.6
7705.351461530549,13.2
7745.627438632719,13.0
7786.113938816104,12.8
7826.81206248772,12.6
7867.722915806424,12.4
7908.847610712972,12.0
7950.187264960275,11.5
7991.743002143727,11.2
8033.515951731782,11.0
8075.507249096639,10.9
8117.718035545101,10.7
8160.149458349601,10.4
8202.80267077938,10.2
8245.67883213183,10.0
8288.77910776401,9.9
8332.104669124305,9.8
8375.656693784302,9.7
8419.436365470749,9.3
8463.444874097753,8.7
8507.683415799123,8.4
8552.153192960874,8.2
8596.855414253905,8.0
8641.791294666864,7.8
8686.962055539152,7.1
8732.36892459413,6.3
8778.01313597248,6.0
8823.895930265779,5.8
8870.018554550163,5.6
8916.382262420266,5.4
8962.988314023276,5.0
9009.83797609319,4.3
9056.932521985234,3.8
9104.273231710486,3.7
9151.861391970657,3.6
9199.698296193066,3.5
9247.785244565785,3.4
9296.12354407301,3.2
9344.714508530542,3.1
9393.559458621517,3.0
9442.659721932305,2.9
9492.016632988581,2.9
9541.631533291613,3.0
9591.505771354708,3.1
9641.64070273987,3.2
9692.037690094652,3.5
9742.698103189163,3.7
9793.623318953358,3.8
9844.814721514387,3.8
9896.27370223427,3.9
9948.001659747684,4.1
10000.0,4.4
10052.270136285486,4.8
10104.813489285681,5.4
10157.6314871081,5.7
10210.725565324987,5.8
10264.09716701231,6.0
10317.747742788988,6.1
10371.678750856474,6.5
10425.891657038128,7.1
10480.387934819217,7.6
10535.16906538697,7.7
10590.236537670813,7.9
10645.591848382772,8.0
10701.236502058211,8.2
10757.172011096769,8.4
10813.399895803414,8.6
10869.921684429703,8.7
10926.73891321545,8.8
10983.85312643042,8.9
11041.265876416248,9.0
11098.978723628681,9.1
11156.993236680037,9.2
11215.310992381786,9.3
11273.933575787378,9.3
11332.862580235347,9.3
11392.099607392682,9.3
11451.646267298307,9.3
11511.504178406769,9.3
11571.674967632372,9.3
11632.16027039332,9.2
11692.961730656129,9.2
11754.08100098034,9.1
11815.519742563505,9.0
11877.27962528627,8.8
11939.362327757724,8.4
12001.76953736107,7.9
12064.50295029953,7.1
12127.56427164241,6.4
12190.95521537136,6.1
12254.677504427105,5.6
12318.732870756214,5.0
12383.123055358106,4.5
12447.849808332432,4.2
12512.914888926687,3.6
12578.320065583976,2.9
12644.067115991029,2.5
12710.157827126544,2.1
12776.593995309939,1.8
12843.377426249857,1.8
12910.50993509343,1.8
12977.99334647565,1.8
13045.829494568892,1.8
13114.020223132724,2.2
13182.567385564074,2.7
13251.472844947652,3.0
13320.738474106534,3.2
13390.366155652993,3.5
13460.35778203982,3.8
13530.715255611682,4.1
13601.440488656775,4.5
13672.535403458849,4.9
13744.001932349513,5.3
13815.842017760702,5.8
13888.057612277411,6.2
13960.650678690825,6.4
14033.62319005172,6.9
14106.977129724035,7.4
14180.714491438697,7.5
14254.837279347976,7.7
14329.347508079869,7.9
14404.247202792812,8.1
14479.538399230763,8.3
14555.223143778607,8.5
14631.303493517702,8.6
14707.78151628175,8.7
14784.65929071304,8.8
14861.938906319014,8.8
14939.622463529,8.8
15017.712073751207,8.9
15096.209859430292,8.9
15175.117954104964,9.0
15254.438502465904,9.1
15334.173660414117,9.0
15414.325595119602,8.9
15494.896485080177,8.9
15575.88852018064,8.9
15657.303901752315,8.9
15739.1448426331,8.9
15821.413567227246,8.8
15904.112311566014,8.7
15987.243323368504,8.7
16070.808862102673,8.6
16154.811199046684,8.5
16239.252617350698,8.4
16324.135412099,8.3
16409.461890372313,7.8
16495.23437131044,7.3
16581.455186175313,7.0
16668.12667841462,6.6
16755.251203725067,6.3
