10.0,30.5
10.052270136285475,30.5
10.104813489285682,30.5
10.157631487108103,30.5
10.210725565324982,30.5
10.264097167012295,30.5
10.317747742789004,30.5
10.371678750856479,30.5
10.425891657038118,30.5
10.480387934819216,30.5
10.535169065386981,30.5
10.590236537670812,30.5
10.64559184838276,30.5
10.701236502058206,30.5
10.757172011096776,30.5
10.813399895803409,30.5
10.869921684429707,30.5
10.926738913215466,30.5
10.98385312643042,30.5
11.041265876416237,30.5
11.098978723628681,30.5
11.156993236680048,30.5
11.215310992381788,30.5
11.27393357578736,30.5
11.332862580235341,30.5
11.392099607392687,30.5
11.451646267298301,30.5
11.511504178406776,30.5
11.571674967632385,30.5
11.632160270393321,30.5
11.692961730656117,30.5
11.75408100098034,30.7
11.815519742563518,30.8
11.87727962528627,30.8
11.939362327757706,30.8
12.001769537361062,30.8
12.064502950299536,30.8
12.127564271642404,30.8
12.190955215371359,30.8
12.254677504427118,30.8
12.318732870756214,30.8
12.383123055358094,30.8
12.447849808332432,30.8
12.5129148889267,30.8
12.578320065583968,30.8
12.644067115991009,30.8
12.710157827126565,30.8
12.776593995309947,30.8
12.843377426249843,30.8
12.910509935093431,30.8
12.977993346475664,30.8
13.045829494568892,30.8
13.11402022313271,30.8
13.182567385564074,30.8
13.251472844947658,30.8
13.320738474106527,30.8
13.390366155653,30.8
13.460357782039841,30.8
13.530715255611682,30.8
13.601440488656761,30.8
13.672535403458848,30.8
13.744001932349526,30.8
13.815842017760701,30.8
13.888057612277397,30.8
13.960650678690818,30.8
14.033623190051728,30.8
14.10697712972403,30.8
14.180714491438705,30.8
14.25483727934799,30.8
14.32934750807987,30.8
14.404247202792797,30.8
14.479538399230764,30.8
14.55522314377862,30.8
14.631303493517702,30.8
14.707781516281727,30.8
14.784659290713032,30.8
14.861938906319022,30.8
14.939622463528993,30.8
15.017712073751214,30.8
15.096209859430308,30.8
15.175117954104964,30.8
15.254438502465888,30.8
15.334173660414118,30.8
15.414325595119617,30.8
15.494896485080169,30.8
15.575888520180618,30.8
15.65730390175234,30.8
15.73914484263311,30.8
15.821413567227237,30.8
15.904112311566013,30.8
15.98724332336852,30.8
16.070808862102673,30.8
16.154811199046666,30.8
16.239252617350697,30.8
16.324135412099007,30.9
16.409461890372306,31.0
16.495234371310413,31.0
16.58145518617534,31.0
16.668126678414627,31.0
16.755251203725052,31.0
16.84283113011666,31.0
16.930868837977105,31.0
17.01936672013636,31.0
17.108327181931763,31.0
17.197752641273365,31.0
17.28764552870969,31.0
17.378008287493753,31.0
17.4688433736495,31.0
17.560153256038525,31.0
17.651940416427212,31.0
17.744207349554188,31.0
17.836956563198083,31.0
17.93019057824573,31.0
18.023911928760675,31.0
18.118123162052047,31.0
18.21282683874379,31.0
18.30802553284428,31.0
18.403721831816252,31.0
18.499918336647156,31.0
18.59661766191982,31.0
18.69382243588356,31.0
18.791535300525574,31.0
18.889758911642755,31.0
18.98849593891389,31.0
19.08774906597221,31.0
19.187520990478333,31.0
19.287814424193606,31.0
19.388632093053765,31.0
19.48997673724305,31.0
19.591851111268685,31.0
19.69425798403576,31.0
19.79720013892245,31.0
19.90068037385568,31.0
20.004701501387192,31.0
20.109266348769967,31.0
20.214377758035074,31.0
20.320038586068932,31.0
20.426251704690927,31.0
20.533020000731486,31.0
20.64034637611054,31.0
20.748233747916412,31.0
20.856685048485062,31.0
20.965703225479817,31.0
21.075291241971485,31.0
21.185452076518878,31.0
21.296188723249774,31.0
21.407504191942323,31.0
21.519401508106792,31.0
21.631883713067854,31.0
21.744953864047204,31.0
21.858615034246718,31.0
21.972870312931903,31.0
22.087722805515906,31.0
22.203175633643916,31.0
22.319231935278008,31.0
22.435894864782412,31.1
22.553167593009288,31.2
22.671053307384867,31.2
22.789555211996095,31.2
22.908676527677724,31.2
23.028420492099883,31.2
23.148790359856015,31.2
23.26978940255137,31.2
23.391420908891938,31.2
23.51368818477381,31.2
23.63659455337303,31.2
23.760143355235964,31.2
23.884337948370025,31.2
24.009181708334992,31.2
24.134678028334722,31.2
24.260830319309434,31.2
24.387642010028344,31.2
24.515116547182902,31.2
24.64325739548046,31.2
24.772068037738443,31.2
24.901551974979007,31.2
25.031712726524198,31.2
25.162553830091625,31.2
25.294078841890578,31.2
25.426291336718684,31.2
25.559194908059133,31.2
25.692793168178262,31.2
25.827089748223784,31.2
25.96208829832347,31.2
26.097792487684362,31.2
26.234206004692496,31.2
26.371332557013133,31.2
26.5091758716916,31.2
26.647739695254497,31.2
26.787027793811582,31.2
26.9270439531581,31.2
27.06779197887776,31.2
27.209275696446046,31.2
27.351498951334275,31.2
27.494465609114105,31.2
27.638179555562576,31.2
27.782644696767733,31.2
27.92786495923483,31.2
28.07384428999299,31.2
28.220586656702505,31.2
28.368096047762684,31.2
28.516376472420284,31.2
28.66543196087842,31.2
28.815266564406134,31.2
28.965884355448516,31.2
29.11728942773738,31.2
29.26948589640251,31.2
29.42247789808359,31.2
29.57626959104251,31.2
29.730865155276486,31.2
29.88626879263161,31.2
30.04248472691713,31.2
30.19951720402016,31.2
30.357370492021133,31.3
30.516048881309793,31.3
30.675556684701824,31.3
30.835898237556027,31.3
30.99707789789224,31.3
31.15910004650967,31.3
31.321969087106055,31.3
31.485689446397288,31.3
31.650265574237824,31.2
31.815701943741516,31.2
31.98200305140326,31.2
32.14917341722119,31.2
32.31721758481955,31.3
32.486140121572134,31.3
32.655945618726484,31.3
32.82663869152868,31.3
32.99822397934869,31.3
33.170706145806605,31.3
33.34408987889928,31.3
33.51837989112781,31.3
33.69358091962557,31.3
33.86969772628702,31.3
34.04673509789711,31.3
34.224697846261364,31.3
34.40359080833668,31.3
34.58341884636283,31.3
34.764186847994516,31.3
34.94589972643436,31.3
35.12856242056629,31.3
35.312179895089876,31.3
35.496757140655234,31.3
35.68229917399868,31.3
35.86881103807908,31.3
36.05629780221492,31.3
36.24476456222205,31.3
36.434216440552284,31.3
36.6246585864325,31.3
36.81609617600466,31.3
37.00853441246656,31.3
37.2019785262131,31.3
37.39643377497855,31.3
37.591905443979435,31.3
37.788398846058186,31.3
37.985919321827524,31.3
38.184472239815605,31.3
38.384062996612016,31.3
38.584697017014335,31.3
38.786379754175634,31.3
38.98911668975273,31.3
39.1929133340551,31.3
39.39777522619469,31.3
39.60370793423646,31.3
39.810717055349734,31.3
40.0188082159603,31.3
40.227987071903335,31.3
40.43825930857721,31.3
40.64963064109788,31.3
40.8621068144543,31.3
41.075693603664625,31.3
41.29039681393302,31.3
41.506222280807584,31.3
41.72317587033889,31.3
41.94126347923944,31.3
42.16049103504393,31.3
42.38086449627034,31.3
42.60238985258197,31.3
42.825073124950116,31.3
43.04892036581776,31.3
43.27393765926414,31.3
43.500131121170035,31.3
43.727506899384,31.3
43.956071173889484,31.3
44.18583015697281,31.3
44.416790093392,31.3
44.648957260546474,31.3
44.88233796864779,31.3
45.116938560890986,31.3
45.35276541362708,31.3
45.58982493653644,31.3
45.82812357280281,31.3
46.067667799288614,31.3
46.308464126710895,31.3
46.55051909981832,31.3
46.793839297569036,31.3
47.03843133330949,31.3
47.28430185495417,31.3
47.531457545166376,31.3
47.77990512153967,31.3
48.02965133678067,31.3
48.28070297889241,31.3
48.53306687135893,31.3
48.78674987333074,31.3
49.041758879811184,31.3
49.298100821843896,31.3
49.55578266670119,31.3
49.81481141807335,31.3
50.07519411625915,31.3
50.336937838356974,31.3
50.60004969845742,31.3
50.86453684783644,31.3
51.13040647514984,31.3
51.39766580662862,31.3
51.66632210627541,31.3
51.93638267606184,31.3
52.20785485612707,31.3
52.48074602497726,31.3
52.75506359968615,31.3
53.030815036096584,31.3
53.308007829023246,31.3
53.58664951245627,31.3
53.866747659766084,31.3
54.148309883909214,31.3
54.431343837635225,31.3
54.7158572136947,31.3
55.00185774504835,31.3
55.28935320507712,31.3
55.57835140779364,31.3
55.86886020805435,31.3
56.160887501773274,31.3
56.45444122613637,31.3
56.74952935981742,31.3
57.04615992319485,31.3
57.34434097856969,31.3
57.64408063038476,31.3
57.94538702544487,31.3
58.24826835313831,31.3
58.552732845659456,31.3
58.85878877823242,31.3
59.166444469336014,31.3
59.475708280929936,31.3
59.786588618681876,31.3
60.0990939321961,31.3
60.41323271524305,31.3
60.72901350599024,31.3
61.046444887234294,31.3
61.365535486634215,31.3
61.686293976945976,31.3
62.008729076258064,31.3
62.332849548228545,31.3
62.658664202323344,31.3
62.98618189405547,31.3
63.315411525225876,31.3
63.64636204416533,31.3
63.979042445977655,31.3
64.31346177278421,31.3
64.64962911396958,31.3
64.98755360642885,31.3
65.32724443481563,31.3
65.66871083179183,31.2
66.01196207827876,31.2
66.35700750370908,31.2
66.7038564862806,31.2
67.05251845321108,31.2
67.40300288099445,31.2
67.75531929565844,31.2
68.1094772730234,31.2
68.46548643896274,31.2
68.82335646966433,31.2
69.18309709189363,31.2
69.54471808325809,31.2
69.90822927247277,31.2
70.27364053962762,31.2
70.6409618164559,31.2
71.01020308660422,31.2
71.38137438590384,31.2
71.75448580264342,31.2
72.12954747784322,31.2
72.50656960553087,31.2
72.88556243301818,31.2
73.26653626117992,31.2
73.64950144473359,31.2
74.03446839252094,31.2
74.42144756779092,31.2
74.810449488484,31.2
75.20148472751808,31.2
75.59456391307583,31.2
75.98969772889355,31.2
76.38689691455168,31.2
76.78617226576647,31.2
77.18753463468363,31.2
77.59099493017311,31.2
77.99656411812569,31.2
78.404253221751,31.2
78.8140733218772,31.2
79.226035557252,31.2
79.64015112484554,31.2
80.05643128015467,31.2
80.47488733750892,31.2
80.89553067037787,31.2
81.31837271168051,31.2
81.74342495409579,31.2
82.170698950375,31.2
82.60020631365589,31.2
83.03195871777821,31.2
83.46596789760103,31.2
83.90224564932171,31.2
84.34080383079642,31.2
84.78165436186265,31.2
85.22480922466286,31.2
85.67028046397054,31.2
86.11808018751721,31.2
86.56822056632171,31.2
87.020713835021,31.2
87.47557229220259,31.2
87.93280830073893,31.2
88.39243428812335,31.2
88.85446274680783,31.2
89.31890623454267,31.2
89.78577737471758,31.1
90.25508885670492,31.0
90.72685343620469,31.0
91.20108393559097,31.0
91.67779324426061,31.0
92.15699431898352,31.0
92.63870018425483,31.0
93.12292393264887,31.0
93.60967872517497,31.0
94.09897779163542,31.0
94.5908344309847,31.0
95.0852620116911,31.0
95.58227397210023,31.0
96.08188382079996,31.0
96.5841051369878,31.0
97.08895157083991,31.0
97.59643684388209,31.0
98.10657474936274,31.0
98.61937915262773,31.0
99.13486399149741,31.0
99.65304327664518,31.0
100.17393109197839,31.0
100.69754159502135,31.0
101.22388901729977,31.0
101.75298766472777,31.0
102.28485191799675,31.0
102.81949623296607,31.0
103.35693514105618,31.0
103.89718324964329,31.0
104.44025524245698,31.0
104.98616587997819,31.0
105.53492999984189,31.0
106.08656251723878,31.0
106.64107842532215,31.0
107.19849279561431,31.0
107.75882077841675,31.0
108.32207760322176,31.0
108.88827857912626,31.0
109.45743909524856,30.9
110.02957462114523,30.8
110.60470070723336,30.8
111.18283298521138,30.8
111.76398716848561,30.8
112.3481790525961,30.8
112.93542451564652,30.8
113.5257395187356,30.8
114.11914010639099,30.8
114.71564240700522,30.8
115.3152626332741,30.8
115.91801708263789,30.8
116.52392213772293,30.8
117.13299426678874,30.8
117.74525002417371,30.8
118.36070605074681,30.8
118.97937907435858,30.8
119.60128591029638,30.8
120.22644346174131,30.8
120.85486872022751,30.8
121.4865787661046,30.8
122.12159076900052,30.8
122.75992198829012,30.8
123.40158977356222,30.8
124.04661156509306,30.7
124.69500489431896,30.6
125.34678738431336,30.5
126.00197675026583,30.5
126.6605907999634,30.5
127.3226474342747,30.5
127.98816464763628,30.5
128.6571605285424,30.5
129.32965326003517,30.5
130.00566112020084,30.5
130.68520248266435,30.5
131.36829581709074,30.5
132.05495968968575,30.5
132.74521276370103,30.5
133.43907379994133,30.5
134.1365616572744,30.5
134.83769529314347,30.5
135.54249376408254,30.5
136.25097622623485,30.4
136.96316193587217,30.3
137.67907024992007,30.3
138.39872062648203,30.3
139.1221326253702,30.3
139.84932590863562,30.3
140.58032024110324,30.3
141.31513549090906,30.3
142.05379163003997,30.3
142.7963087348772,30.3
143.5427069867405,30.3
144.29300667243896,30.3
145.04722818481977,30.3
145.80539202332486,30.3
146.56751879454652,30.2
147.333629212788,30.1
148.1037441006266,30.1
148.87788438947953,30.1
149.65607112017267,30.1
150.43832544351253,30.1
151.2246686208618,30.1
152.01512202471548,30.1
152.80970713928414,30.1
153.6084455610754,30.1
154.41135899948313,30.1
155.218469277376,30.1
156.02979833169113,30.1
156.8453682140304,30.0
157.66520109125955,29.9
158.48931924611142,29.9
159.3177450777899,29.9
160.15050110258113,29.9
160.9876099544629,29.9
161.82909438572216,29.9
162.67497726757185,29.9
163.52528159077312,29.9
164.38003046626017,29.9
165.23924712576837,29.9
166.1029549224657,29.9
166.97117733158728,29.9
167.8439379510743,29.9
168.72126050221348,29.9
169.60316883028446,29.8
170.48968690520502,29.8
171.38083882218535,29.8
172.27664880238083,29.8
173.17714119355136,29.8
174.08234047072295,29.8
174.99227123685273,29.8
175.9069582234984,29.8
176.82642629148881,29.8
177.75070043160196,29.8
178.67980576524164,29.8
179.61376754512278,29.8
180.55261115595593,29.7
181.49636211513797,29.6
182.44504607344558,29.6
183.39868881573247,29.6
184.35731626163007,29.6
185.3209544662519,29.6
186.28962962090262,29.6
187.26336805378796,29.6
188.24219623073301,29.6
189.2261407558986,29.6
190.21522837250714,29.6
191.20948596356752,29.6
192.20894055260666,29.5
193.21361930440384,29.4
194.22354952572874,29.4
195.2387586660848,29.4
196.25927431845295,29.4
197.28512422004457,29.4
198.31633625305224,29.4
199.35293844541056,29.4
200.39495897155572,29.4
201.4424261531923,29.4
202.4953684600627,29.4
203.55381451072122,29.3
204.6177930733116,29.2
205.6873330663489,29.1
206.76246355950653,29.1
207.84321377440395,29.1
208.92961308540407,29.1
210.02169102040844,29.1
211.11947726166272,29.1
212.22300164656127,29.1
213.33229416845913,29.0
214.447384977487,28.9
215.5683043813707,28.9
216.69508284625502,28.9
217.8277509975314,28.9
218.9663396206716,28.9
220.1108796620618,28.9
221.26140222984722,28.9
222.41793859477394,28.9
223.5805201910423,28.8
224.74917861715863,28.8
225.9239456367954,28.7
227.10485317965416,28.7
228.29193334233327,28.7
229.48521838920135,28.7
230.68474075327168,28.7
231.89053303708724,28.7
233.102628013603,28.7
234.32105862708036,28.7
235.5458579939798,28.6
236.77705940386227,28.6
238.0146963202937,28.6
239.25880238175446,28.6
240.50941140255387,28.6
241.76655737374873,28.6
243.03027446406858,28.5
244.30059702084168,28.5
245.57755957093218,28.4
246.86119682167464,28.4
248.1515436618211,28.4
249.44863516248657,28.4
250.75250657810346,28.4
252.0631933473797,28.4
253.3807310942614,28.4
254.7051556289027,28.4
256.03650294863604,28.4
257.3748092389545,28.3
258.72011087449107,28.2
260.0724444200114,28.2
261.4318466314045,28.2
262.79835445668317,28.2
264.17200503698814,28.2
265.5528357075972,28.2
266.94088399894025,28.1
268.336187637619,28.0
269.7387845474336,27.9
271.1487128504106,27.9
272.56601086784315,27.9
273.9907171213279,27.9
275.4228703338166,27.9
276.86250943066517,27.9
278.30967354069315,27.9
279.764401997247,27.9
281.2267343392687,27.8
282.6967103123723,27.8
284.1743698699204,27.7
285.65975317411466,27.7
287.152900597083,27.7
288.6538527219809,27.6
290.16265034409145,27.5
291.67933447193553,27.5
293.203946328386,27.5
294.7365273517884,27.5
296.27711919708696,27.5
297.8257637369567,27.5
299.38250306294265,27.5
300.947379486601,27.5
302.52043554065347,27.5
304.1017139801383,27.4
305.69125778357716,27.4
307.2891101541398,27.4
308.8953145208197,27.4
310.5099145396145,27.4
312.1329540947119,27.4
313.76447729968413,27.3
315.40452849868336,27.2
317.0531522676519,27.2
318.71039341552853,27.2
320.3762969854716,27.2
322.05090825607795,27.2
323.7342727426186,27.1
325.4264361982722,27.0
327.1274446153702,27.0
328.83734422664674,27.0
330.55618150649445,27.0
332.28400317222986,27.0
334.02085618535915,26.9
335.76678775285944,26.8
337.52184532845695,26.7
339.28607661392135,26.7
341.0595295603587,26.6
342.84225236951676,26.5
344.63429349509414,26.5
346.4357016440579,26.5
348.24652577796684,26.5
350.06681511430224,26.5
351.8966191278073,26.4
353.7359875518278,26.3
355.5849703796693,26.3
357.44361786595016,26.3
359.3119805279728,26.3
361.1901091470929,26.3
363.0780547701014,26.2
364.9758687106112,26.2
366.8836025504522,26.2
368.80130814107446,26.2
370.72903760495365,26.2
372.66684333701346,26.2
374.6147780060434,26.1
376.57289455613636,26.0
378.54124620812286,26.0
380.5198864610201,26.0
382.50886909348526,26.0
384.5082481652772,26.0
386.51807801872604,25.9
388.53841328020957,25.8
390.56930886163985,25.8
392.6108199619517,25.8
394.6630020686084,25.8
396.7259109591041,25.7
398.7996027024853,25.6
400.8841336608706,25.5
402.9795604909844,25.5
405.0859401456969,25.5
407.20332987557106,25.5
409.331787230421,25.5
411.4713700608718,25.5
413.6221365199375,25.5
415.78414506459575,25.4
417.95745445738237,25.3
420.1421237679842,25.3
422.33821237484636,25.2
424.5457799667861,25.2
426.76488654461485,25.1
428.9955924227691,25.1
431.23795823094935,25.1
433.49204491576995,25.1
435.7579137424112,25.0
438.0356262962907,25.0
440.3252444847303,24.9
442.62683053864555,24.9
444.9404470142319,24.9
447.2661567946673,24.9
449.60402309182115,24.9
451.9541094479714,24.8
454.3164797375345,24.8
456.6911981687959,24.8
459.0783292856624,24.8
461.4779379694089,24.8
463.89008944044906,24.8
466.31484926010245,24.7
468.7522833323791,24.6
471.20245790577025,24.6
473.6654395750488,24.6
476.14129528307956,24.6
478.630092322638,24.6
481.1318983382419,24.5
483.6467813279844,24.4
486.1748096453894,24.4
488.7160520012619,24.3
491.27057746556244,24.2
493.8384554692794,24.1
496.4197558063182,24.1
499.01454863539806,24.1
501.6229044819588,24.1
504.24489424007766,24.0
506.88058917439554,24.0
509.53006092205686,23.9
512.1933814946506,23.9
514.8706232801756,23.9
517.5618590449992,23.9
520.2671619358439,23.8
522.9866054817683,23.8
525.7202635961694,23.7
528.4682105787901,23.7
531.230521117739,23.7
534.0072702915224,23.7
536.7985335710792,23.7
539.6043868218401,23.6
542.4249063057814,23.6
545.2601686835053,23.6
548.1102510163182,23.6
550.9752307683272,23.6
553.8551858085453,23.6
556.7501944130083,23.5
559.6603352669016,23.4
562.5856874666987,23.4
565.5263305223134,23.4
568.4823443592555,23.4
571.4538093208106,23.4
574.4408061702153,23.4
577.4434160928608,23.3
580.4617206984933,23.2
583.4958020234345,23.2
586.5457425328113,23.2
589.6116251227962,23.2
592.6935331228639,23.2
595.7915502980484,23.1
598.9057608512304,23.0
602.0362494254149,22.9
605.1831011060411,22.9
608.3464014232891,22.9
611.5262363544065,22.9
614.7226923260454,22.9
617.9358562166111,22.9
621.1658153586235,22.9
624.4126575410903,22.9
627.6764710118958,22.9
630.957344480193,22.8
634.2553671188238,22.7
637.5706285667327,22.7
640.9032189314127,22.7
644.2532287913472,22.7
647.6207491984753,22.7
651.0058716806659,22.7
654.4086882442045,22.7
657.8292913762976,22.7
661.2677740475787,22.7
664.7242297146454,22.7
668.1987523225889,22.6
671.6914363075575,22.5
675.2023765993158,22.5
678.7316686238282,22.5
682.2794083058518,22.5
685.8456920715438,22.5
689.4306168510824,22.5
693.0342800813003,22.5
696.6567797083366,22.5
700.2982141902914,22.5
703.9586824999124,22.5
707.6382841272731,22.5
711.3371190824884,22.5
715.0552878984242,22.5
718.7928916334344,22.5
722.5500318741055,22.5
726.3268107380181,22.5
730.123330876526,22.5
733.9396954775374,22.5
737.7760082683312,22.5
741.6323735183645,22.5
745.508896042117,22.5
749.4056812019327,22.5
753.3228349108862,22.5
757.2604636356614,22.5
761.2186743994453,22.5
765.1975747848361,22.5
769.1972729367671,22.5
773.2178775654501,22.5
777.2594979493206,22.5
781.3222439380205,22.5
785.406225955371,22.5
789.5115550023859,22.5
793.6383426602791,22.5
797.7867010935024,22.5
801.9567430527921,22.5
806.1485818782347,22.5
810.3623315023465,22.5
814.59810645317,22.5
818.8560218573906,22.5
823.1361934434566,22.5
827.4387375447371,22.5
831.7637711026708,22.5
836.1114116699566,22.5
840.4817774137397,22.5
844.8749871188272,22.5
849.2911601909162,22.5
853.7304166598383,22.5
858.1928771828257,22.5
862.6786630477819,22.5
867.1878961765907,22.5
871.7206991284164,22.5
876.2771951030477,22.5
880.8575079442367,22.5
885.4617621430697,22.5
890.0900828413493,22.5
894.742595834996,22.6
899.4194275774676,22.6
904.1207051831946,22.7
908.8465564310401,22.7
913.5971097677627,22.7
918.3724943115215,22.7
923.1728398553701,22.7
927.998276870799,22.7
932.8489365112713,22.7
937.7249506157918,22.7
942.6264517124897,22.7
947.5535730222193,22.7
952.5064484621864,22.7
957.4852126495767,22.7
962.4900009052299,22.7
967.5209492573013,22.7
972.5781944449744,22.8
977.6618739221665,22.9
982.772125861269,22.9
987.9090891569025,22.9
993.0729034296917,22.9
998.26370903006,22.9
1003.4816470420445,22.9
1008.7268592871307,22.9
1013.9994883281055,22.9
1019.2996774729368,22.9
1024.627570778662,22.9
1029.9833130553077,22.9
1035.3670498698243,22.9
1040.778927550043,22.9
1046.219093188652,22.9
1051.687694647196,22.9
1057.1848805600926,22.9
1062.7108003386745,22.9
1068.2656041752484,22.9
1073.849443047181,22.9
1079.4624687209969,22.9
1085.104833756507,22.9
1090.7766915109553,22.9
1096.4781961431852,22.9
1102.2095026178308,22.9
1107.9707667095288,22.9
1113.7621450071517,22.9
1119.5837949180645,22.8
1125.4358746724013,22.7
1131.3185433273702,22.7
1137.231960771571,22.7
1143.1762877293438,22.7
1149.1516857651375,22.7
1155.1583172879002,22.7
1161.1963455554942,22.6
1167.2659346791324,22.6
1173.3672496278396,22.5
1179.5004562329357,22.5
1185.6657211925422,22.5
1191.8632120761172,22.5
1198.0930973290035,22.5
1204.355546277011,22.4
1210.650729131018,22.4
1216.9788169915967,22.4
1223.3399818536654,22.4
1229.7343966111616,22.4
1236.162235061742,22.3
1242.6236719115057,22.3
1249.1188827797416,22.2
1255.6480442037073,22.1
1262.2113336434193,22.1
1268.8089294864806,22.0
1275.4410110529293,21.9
1282.1077586001115,21.8
1288.8093533275808,21.7
1295.5459773820237,21.6
1302.3178138622095,21.6
1309.1250468239675,21.5
1315.967861285188,21.4
1322.8464432308563,21.4
1329.7609796180998,21.3
1336.7116583812742,21.3
1343.6986684370715,21.2
1350.7221996896535,21.2
1357.782443035813,21.2
1364.879590370164,21.2
1372.0138345903551,21.2
1379.1853696023147,21.1
1386.3943903255179,21.1
1393.6410926982915,21.0
1400.9256736831292,21.0
1408.248331272053,20.9
1415.6092644919916,20.8
1423.0086734101894,20.7
1430.4467591396458,20.6
1437.9237238445805,20.5
1445.439770745928,20.5
1452.9951041268616,20.5
1460.589929338344,20.5
1468.224452804715,20.5
1475.898882029292,20.5
1483.6134256000173,20.5
1491.3682931951248,20.5
1499.1636955888393,20.4
1506.999844657106,20.3
1514.8769533833477,20.3
1522.7952358642551,20.3
1530.754907315605,20.3
1538.7561840781082,20.3
1546.799283623296,20.3
1554.8844245594228,20.3
1563.0118266374113,20.3
1571.181710756826,20.3
1579.3942989718767,20.3
1587.649814497453,20.3
1595.9484817151922,20.3
1604.2905261795772,20.3
1612.6761746240677,20.3
1621.1056549672617,20.4
1629.5791963190893,20.5
1638.097028987047,20.5
1646.6593844824454,20.5
1655.266495526711,20.5
1663.9185960577072,20.5
1672.6159212360947,20.5
1681.3587074517213,20.5
1690.1471923300487,20.5
1698.9816147386093,20.5
1707.8622147934998,20.5
1716.789233865905,20.5
1725.7629145886658,20.5
1734.7835008628629,20.4
1743.8512378644525,20.3
1752.9663720509295,20.3
1762.1291511680254,20.3
1771.3398242564415,20.3
1780.598641658619,20.3
1789.9058550255418,20.3
1799.2617173235774,20.3
1808.6664828413498,20.3
1818.1204071966588,20.3
1827.6237473434162,20.3
1837.1767615786375,20.3
1846.7797095494598,20.2
1856.4328522602,20.1
1866.1364520794475,20.1
1875.8907727471963,20.1
1885.6960793820124,20.1
1895.552638488241,20.0
1905.4607179632462,19.9
1915.4205871047022,19.9
1925.4325166178992,19.9
1935.4967786231095,19.9
1945.6136466629825,19.9
1955.783395709978,19.9
1966.006302173841,19.9
1976.282643909114,19.9
1986.6127002226892,19.8
1996.996751881399,19.8
2007.4350811196462,19.8
2017.927971647083,19.8
2028.4757086563097,19.8
2039.078578830634,19.8
2049.736870351861,19.8
2060.4508729081267,19.8
2071.22087770177,19.8
2082.0471774572497,19.8
2092.9300664290977,19.8
2103.8698404099196,19.8
2114.8667967384304,19.8
2125.9212343075446,19.8
2137.0334535724887,19.8
2148.2037565589744,19.8
2159.4324468714053,19.8
2170.71982970113,19.8
2182.0662118347364,19.7
2193.4719016623894,19.6
2204.937209186215,19.6
2216.4624460287228,19.6
2228.0479254412767,19.6
2239.6939623126154,19.6
2251.4008731773993,19.5
2263.168976224821,19.3
2274.9985913072546,19.0
2286.890039948944,19.0
2298.843645354747,18.9
2310.8597324189163,18.9
2322.9386277339318,18.8
2335.0806595993763,18.7
2347.2861580308577,18.5
2359.5554547689862,18.4
2371.8888832883777,18.3
2384.2867788067265,18.2
2396.7494782939148,18.1
2409.2773204811715,17.9
2421.8706458702773,17.5
2434.5297967428205,17.2
2447.2551171695004,17.1
2460.0469530194778,17.0
2472.905651969775,16.9
2485.8315635147337,16.7
2498.825038975499,16.5
2511.88643150958,16.4
2525.0160961204438,16.3
2538.2143896671673,16.2
2551.481670874133,16.2
2564.8183003407817,16.1
2578.224640551411,16.1
2591.7010558850307,16.0
2605.247912625263,15.9
2618.8655789702975,15.9
2632.5544250429093,15.8
2646.314822900502,15.8
2660.14714654523,15.7
2674.051771934164,15.6
2688.029076989506,15.5
2702.079441608862,15.4
2716.20324767557,15.3
2730.400879069075,15.3
2744.6727216753675,15.2
2759.0191633974646,15.1
2773.440594165967,15.0
2787.9374059496395,15.0
2802.509992766076,14.9
2817.1587506924047,14.9
2831.8840778760564,14.8
2846.686374545581,14.7
2861.5660430215316,14.6
2876.5234877273942,14.5
2891.5591152005823,14.5
2906.6733341034837,14.4
2921.8665552345788,14.4
2937.139191539587,14.4
2952.4916581227058,14.4
2967.9243722578863,14.4
2983.4377534001765,14.4
2999.0322231971227,14.4
3014.7082055002275,14.4
3030.466126376471,14.4
3046.306414119893,14.4
3062.229499263226,14.4
3078.2358145896155,14.5
3094.325795144359,14.5
3110.4998782467446,14.6
3126.7585035019356,14.7
3143.1021128129173,14.7
3159.5311503925072,14.8
3176.0460627754296,14.8
3192.6472988304513,14.9
3209.335309772584,14.9
3226.1105491753406,15.0
3242.973472983081,15.0
3259.924539523382,15.1
3276.9642095195077,15.2
3294.0929461029286,15.2
3311.311214825911,15.3
3328.6194836741684,15.4
3346.018223079582,15.5
3363.507905932988,15.7
3381.089007597027,15.8
3398.762005919066,15.8
3416.527381244194,15.9
3434.385616428264,15.9
3452.337196851022,16.0
3470.382610429304,16.0
3488.5223476302926,16.0
3506.7569014848486,16.0
3525.0867676009134,16.0
3543.512444176976,16.0
3562.034432015617,16.0
3580.6532345371147,16.0
3599.369357793143,16.0
3618.1833104805046,15.9
3637.095603954969,15.9
3656.1067522451726,15.8
3675.2172720665826,15.7
3694.4276828355482,15.6
3713.738506683413,15.3
3733.1502684707093,15.1
3752.6634958014215,15.0
3772.2787190373247,14.9
3791.9964713124127,14.9
3811.817288547367,14.8
3831.7417094641373,14.8
3851.7702756005806,14.8
3871.9035313251793,14.8
3892.1420238518376,14.8
3912.4863032547537,14.8
3932.936922483372,14.8
3953.4944373774106,14.8
3974.1594066819653,14.8
3994.9323920627126,14.8
4015.8139581211503,14.8
4036.8046724099613,14.7
4057.9051054484326,14.7
4079.115830737964,14.6
4100.437424777656,14.6
4121.870467079975,14.5
4143.41554018651,14.4
4165.0732296838005,14.3
4186.844124219257,14.2
4208.728815517151,14.2
4230.72789839472,14.1
4252.841970778305,14.0
4275.071633719623,13.8
4297.417491412092,13.7
4319.880151207261,13.6
4342.460223631314,13.6
4365.158322401661,13.6
4387.975064443623,13.5
4410.911069907196,13.4
4433.9669621839075,13.3
4457.1433679237725,13.3
4480.4409170523,13.2
4503.860242787635,13.2
4527.40198165776,13.1
4551.0667735177985,13.0
4574.855261567406,12.8
4598.768092368251,12.7
4622.80591586159,12.7
4646.969385385929,12.6
4671.25915769478,12.6
4695.675892974527,12.5
4720.220254862348,12.5
4744.892910464259,12.4
4769.694530373255,12.3
4794.625788687525,12.2
4819.68736302878,12.2
4844.87993456067,12.1
4870.204188007296,12.1
4895.660811671819,12.0
4921.250497455168,12.0
4946.973940874864,12.1
4972.8318410838865,12.2
4998.824900889706,12.2
5024.953826773381,12.2
5051.219328908747,12.2
5077.622121181736,12.2
5104.162921209768,12.2
5130.842450361258,12.2
5157.661433775227,12.2
5184.620600380999,12.2
5211.720682918039,12.2
5238.962417955835,12.3
5266.346545913939,12.3
5293.873811082085,12.4
5321.544961640422,12.4
5349.360749679845,12.5
5377.321931222439,12.5
5405.429266242027,12.6
5433.683518684824,12.6
5462.085456490198,12.7
5490.635851611563,12.7
5519.335480037329,12.7
5548.185121812011,12.7
5577.185561057427,12.7
5606.337585994012,12.6
5635.641988962242,12.6
5665.0995664441625,12.5
5694.7111190850455,12.5
5724.477451715144,12.6
5754.399373371566,12.8
5784.477697320285,12.9
5814.713241078208,13.0
5845.10682643542,13.1
5875.659279477514,13.3
5906.371430608045,13.4
5937.244114571097,13.6
5968.278170473975,13.7
5999.4744418100045,13.9
6030.833776481469,14.2
6062.357026822636,14.4
6094.045049622959,14.8
6125.898706150321,15.2
6157.918862174471,15.6
6190.106387990547,16.0
6222.462158442733,16.3
6254.987052948034,16.7
6287.681955520183,17.0
6320.547754793659,17.3
6353.585344047851,17.5
6386.795621231329,17.8
6420.179488986247,18.1
6453.7378546729,18.2
6487.471630394349,18.2
6521.381733021235,18.2
6555.469084216698,18.2
6589.734610461422,18.1
6624.179243078815,18.0
6658.80391826033,17.8
6693.609577090902,17.7
6728.597165574533,17.6
6763.767634659991,17.5
6799.1219402666875,17.4
6834.661043310619,16.5
6870.385909730507,15.5
6906.297510514049,15.2
6942.39682172431,15.0
6978.684824526248,14.8
7015.162505213385,14.6
7051.830855234612,14.3
7088.690871221135,14.0
7125.7435550135615,13.8
7162.989913689153,13.7
7200.430959589155,13.6
7238.067710346342,13.6
7275.901188912673,13.6
7313.932423587085,13.6
7352.162448043451,13.6
7390.59230135867,13.6
7429.22302804091,13.6
7468.055678057999,13.6
7507.091306865953,13.6
7546.330975437692,13.8
7585.775750291836,14.1
7625.426703521717,14.2
7665.284912824515,14.4
7705.351461530549,14.6
7745.627438632719,14.7
7786.113938816104,14.9
7826.81206248772,15.2
7867.722915806424,15.5
7908.847610712972,15.9
7950.187264960275,16.4
7991.743002143727,16.7
8033.515951731782,16.8
8075.507249096639,17.0
8117.718035545101,17.1
8160.149458349601,17.5
8202.80267077938,17.9
8245.67883213183,18.1
8288.77910776401,18.2
8332.104669124305,18.3
8375.656693784302,18.4
8419.436365470749,18.5
8463.444874097753,18.5
8507.683415799123,18.6
8552.153192960874,18.7
8596.855414253905,18.8
8641.791294666864,18.9
8686.962055539152,19.1
8732.36892459413,19.5
8778.01313597248,19.7
8823.895930265779,19.8
8870.018554550163,19.8
8916.382262420266,20.4
8962.988314023276,21.0
9009.83797609319,21.3
9056.932521985234,21.5
9104.273231710486,21.8
9151.861391970657,22.0
9199.698296193066,22.5
9247.785244565785,22.9
9296.12354407301,23.1
9344.714508530542,23.3
9393.559458621517,23.4
9442.659721932305,23.5
9492.016632988581,23.5
9541.631533291613,23.6
9591.505771354708,23.6
9641.64070273987,23.5
9692.037690094652,23.4
9742.698103189163,23.3
9793.623318953358,23.0
9844.814721514387,22.6
9896.27370223427,22.5
9948.001659747684,22.3
10000.0,22.2
10052.270136285486,22.1
10104.813489285681,22.0
10157.6314871081,21.6
10210.725565324987,21.3
10264.09716701231,21.2
10317.747742788988,21.0
10371.678750856474,20.9
10425.891657038128,20.8
10480.387934819217,20.5
10535.16906538697,20.1
10590.236537670813,19.8
10645.591848382772,19.7
10701.236502058211,19.5
10757.172011096769,19.4
10813.399895803414,19.0
10869.921684429703,18.5
10926.73891321545,18.2
10983.85312643042,18.0
11041.265876416248,17.9
11098.978723628681,17.7
11156.993236680037,17.1
11215.310992381786,16.4
11273.933575787378,16.0
11332.862580235347,15.6
11392.099607392682,15.4
11451.646267298307,15.2
11511.504178406769,14.7
11571.674967632372,14.0
11632.16027039332,13.6
11692.961730656129,13.5
11754.08100098034,13.3
11815.519742563505,13.1
11877.27962528627,13.0
11939.362327757724,13.1
12001.76953736107,13.2
12064.50295029953,13.2
12127.56427164241,13.2
12190.95521537136,13.4
12254.677504427105,13.5
12318.732870756214,13.7
12383.123055358106,13.9
12447.849808332432,14.2
12512.914888926687,14.7
12578.320065583976,15.2
12644.067115991029,15.6
12710.157827126544,15.8
12776.593995309939,16.1
12843.377426249857,16.6
12910.50993509343,17.3
12977.99334647565,18.2
13045.829494568892,18.7
13114.020223132724,19.0
13182.567385564074,19.3
13251.472844947652,19.6
13320.738474106534,20.3
13390.366155652993,21.3
13460.35778203982,22.1
13530.715255611682,22.8
13601.440488656775,23.4
13672.535403458849,23.9
13744.001932349513,24.4
13815.842017760702,24.9
13888.057612277411,25.5
13960.650678690825,26.3
14033.62319005172,27.1
14106.977129724035,27.7
14180.714491438697,28.2
14254.837279347976,28.7
14329.347508079869,29.3
14404.247202792812,30.0
14479.538399230763,30.7
14555.223143778607,31.1
14631.303493517702,31.5
14707.78151628175,31.7
14784.65929071304,31.9
14861.938906319014,32.1
14939.622463529,32.2
15017.712073751207,32.1
15096.209859430292,31.6
15175.117954104964,31.1
15254.438502465904,29.6
15334.173660414117,27.9
15414.325595119602,27.3
15494.896485080177,26.9
15575.88852018064,25.0
15657.303901752315,22.8
15739.1448426331,22.0
15821.413567227246,21.2
15904.112311566014,20.4
15987.243323368504,19.7
16070.808862102673,18.4
16154.811199046684,17.5
16239.252617350698,16.7
16324.135412099,15.7
16409.461890372313,14.8
16495.23437131044,13.9
16581.455186175313,13.0
16668.12667841462,11.9
16755.251203725067,9.3
