10.0,35.4
10.052270136285475,35.4
10.104813489285682,35.4
10.157631487108103,35.4
10.210725565324982,35.4
10.264097167012295,35.4
10.317747742789004,35.5
10.371678750856479,35.6
10.425891657038118,35.6
10.480387934819216,35.6
10.535169065386981,35.7
10.590236537670812,35.7
10.64559184838276,35.7
10.701236502058206,35.7
10.757172011096776,35.8
10.813399895803409,35.9
10.869921684429707,35.9
10.926738913215466,35.9
10.98385312643042,35.9
11.041265876416237,35.9
11.098978723628681,36.0
11.156993236680048,36.1
11.215310992381788,36.1
11.27393357578736,36.1
11.332862580235341,36.1
11.392099607392687,36.1
11.451646267298301,36.2
11.511504178406776,36.3
11.571674967632385,36.4
11.632160270393321,36.4
11.692961730656117,36.4
11.75408100098034,36.4
11.815519742563518,36.4
11.87727962528627,36.4
11.939362327757706,36.5
12.001769537361062,36.6
12.064502950299536,36.6
12.127564271642404,36.6
12.190955215371359,36.6
12.254677504427118,36.6
12.318732870756214,36.6
12.383123055358094,36.7
12.447849808332432,36.8
12.5129148889267,36.8
12.578320065583968,36.8
12.644067115991009,36.8
12.710157827126565,36.8
12.776593995309947,36.9
12.843377426249843,36.9
12.910509935093431,36.9
12.977993346475664,36.9
13.045829494568892,36.9
13.11402022313271,36.9
13.182567385564074,36.9
13.251472844947658,36.9
13.320738474106527,37.0
13.390366155653,37.1
13.460357782039841,37.1
13.530715255611682,37.1
13.601440488656761,37.1
13.672535403458848,37.1
13.744001932349526,37.2
13.815842017760701,37.3
13.888057612277397,37.3
13.960650678690818,37.3
14.033623190051728,37.3
14.10697712972403,37.3
14.180714491438705,37.3
14.25483727934799,37.3
14.32934750807987,37.5
14.404247202792797,37.6
14.479538399230764,37.6
14.55522314377862,37.6
14.631303493517702,37.6
14.707781516281727,37.6
14.784659290713032,37.7
14.861938906319022,37.8
14.939622463528993,37.8
15.017712073751214,37.8
15.096209859430308,37.8
15.175117954104964,37.8
15.254438502465888,37.8
15.334173660414118,37.8
15.414325595119617,37.8
15.494896485080169,37.9
15.575888520180618,38.0
15.65730390175234,38.0
15.73914484263311,38.0
15.821413567227237,38.0
15.904112311566013,38.0
15.98724332336852,38.0
16.070808862102673,38.0
16.154811199046666,38.0
16.239252617350697,38.0
16.324135412099007,38.1
16.409461890372306,38.1
16.495234371310413,38.1
16.58145518617534,38.1
16.668126678414627,38.1
16.755251203725052,38.1
16.84283113011666,38.1
16.930868837977105,38.1
17.01936672013636,38.1
17.108327181931763,38.1
17.197752641273365,38.1
17.28764552870969,38.2
17.378008287493753,38.3
17.4688433736495,38.3
17.560153256038525,38.3
17.651940416427212,38.3
17.744207349554188,38.3
17.836956563198083,38.3
17.93019057824573,38.3
18.023911928760675,38.4
18.118123162052047,38.5
18.21282683874379,38.5
18.30802553284428,38.5
18.403721831816252,38.5
18.499918336647156,38.5
18.59661766191982,38.5
18.69382243588356,38.5
18.791535300525574,38.5
18.889758911642755,38.6
18.98849593891389,38.7
19.08774906597221,38.7
19.187520990478333,38.7
19.287814424193606,38.7
19.388632093053765,38.7
19.48997673724305,38.7
19.591851111268685,38.7
19.69425798403576,38.7
19.79720013892245,38.7
19.90068037385568,38.7
20.004701501387192,38.7
20.109266348769967,38.7
20.214377758035074,38.8
20.320038586068932,38.9
20.426251704690927,39.0
20.533020000731486,39.0
20.64034637611054,39.0
20.748233747916412,39.0
20.856685048485062,39.0
20.965703225479817,39.0
21.075291241971485,39.0
21.185452076518878,39.0
21.296188723249774,39.0
21.407504191942323,39.0
21.519401508106792,39.0
21.631883713067854,39.1
21.744953864047204,39.2
21.858615034246718,39.2
21.972870312931903,39.2
22.087722805515906,39.2
22.203175633643916,39.2
22.319231935278008,39.2
22.435894864782412,39.2
22.553167593009288,39.2
22.671053307384867,39.2
22.789555211996095,39.2
22.908676527677724,39.2
23.028420492099883,39.3
23.148790359856015,39.3
23.26978940255137,39.4
23.391420908891938,39.4
23.51368818477381,39.4
23.63659455337303,39.4
23.760143355235964,39.4
23.884337948370025,39.4
24.009181708334992,39.4
24.134678028334722,39.4
24.260830319309434,39.4
24.387642010028344,39.4
24.515116547182902,39.4
24.64325739548046,39.4
24.772068037738443,39.4
24.901551974979007,39.5
25.031712726524198,39.5
25.162553830091625,39.5
25.294078841890578,39.5
25.426291336718684,39.5
25.559194908059133,39.5
25.692793168178262,39.5
25.827089748223784,39.5
25.96208829832347,39.5
26.097792487684362,39.5
26.234206004692496,39.5
26.371332557013133,39.5
26.5091758716916,39.5
26.647739695254497,39.5
26.787027793811582,39.5
26.9270439531581,39.5
27.06779197887776,39.5
27.209275696446046,39.6
27.351498951334275,39.7
27.494465609114105,39.7
27.638179555562576,39.7
27.782644696767733,39.7
27.92786495923483,39.7
28.07384428999299,39.7
28.220586656702505,39.7
28.368096047762684,39.7
28.516376472420284,39.7
28.66543196087842,39.7
28.815266564406134,39.7
28.965884355448516,39.7
29.11728942773738,39.7
29.26948589640251,39.7
29.42247789808359,39.7
29.57626959104251,39.8
29.730865155276486,39.9
29.88626879263161,39.9
30.04248472691713,39.9
30.19951720402016,39.9
30.357370492021133,39.9
30.516048881309793,39.9
30.675556684701824,39.9
30.835898237556027,39.9
30.99707789789224,39.9
31.15910004650967,39.9
31.321969087106055,39.9
31.485689446397288,39.9
31.650265574237824,39.9
31.815701943741516,39.9
31.98200305140326,39.9
32.14917341722119,39.9
32.31721758481955,39.9
32.486140121572134,39.9
32.655945618726484,39.9
32.82663869152868,39.9
32.99822397934869,39.9
33.170706145806605,39.9
33.34408987889928,39.9
33.51837989112781,39.9
33.69358091962557,39.9
33.86969772628702,40.1
34.04673509789711,40.2
34.224697846261364,40.2
34.40359080833668,40.2
34.58341884636283,40.2
34.764186847994516,40.2
34.94589972643436,40.2
35.12856242056629,40.2
35.312179895089876,40.2
35.496757140655234,40.2
35.68229917399868,40.2
35.86881103807908,40.2
36.05629780221492,40.2
36.24476456222205,40.2
36.434216440552284,40.2
36.6246585864325,40.2
36.81609617600466,40.2
37.00853441246656,40.2
37.2019785262131,40.2
37.39643377497855,40.2
37.591905443979435,40.2
37.788398846058186,40.2
37.985919321827524,40.3
38.184472239815605,40.4
38.384062996612016,40.4
38.584697017014335,40.4
38.786379754175634,40.4
38.98911668975273,40.4
39.1929133340551,40.4
39.39777522619469,40.4
39.60370793423646,40.4
39.810717055349734,40.4
40.0188082159603,40.4
40.227987071903335,40.4
40.43825930857721,40.4
40.64963064109788,40.4
40.8621068144543,40.4
41.075693603664625,40.4
41.29039681393302,40.4
41.506222280807584,40.4
41.72317587033889,40.4
41.94126347923944,40.4
42.16049103504393,40.4
42.38086449627034,40.4
42.60238985258197,40.4
42.825073124950116,40.4
43.04892036581776,40.4
43.27393765926414,40.4
43.500131121170035,40.4
43.727506899384,40.4
43.956071173889484,40.4
44.18583015697281,40.4
44.416790093392,40.4
44.648957260546474,40.4
44.88233796864779,40.5
45.116938560890986,40.5
45.35276541362708,40.6
45.58982493653644,40.6
45.82812357280281,40.6
46.067667799288614,40.6
46.308464126710895,40.6
46.55051909981832,40.6
46.793839297569036,40.6
47.03843133330949,40.6
47.28430185495417,40.6
47.531457545166376,40.6
47.77990512153967,40.6
48.02965133678067,40.6
48.28070297889241,40.6
48.53306687135893,40.6
48.78674987333074,40.6
49.041758879811184,40.6
49.298100821843896,40.6
49.55578266670119,40.6
49.81481141807335,40.6
50.07519411625915,40.6
50.336937838356974,40.6
50.60004969845742,40.6
50.86453684783644,40.6
51.13040647514984,40.6
51.39766580662862,40.6
51.66632210627541,40.6
51.93638267606184,40.6
52.20785485612707,40.6
52.48074602497726,40.6
52.75506359968615,40.6
53.030815036096584,40.6
53.308007829023246,40.6
53.58664951245627,40.6
53.866747659766084,40.6
54.148309883909214,40.6
54.431343837635225,40.6
54.7158572136947,40.6
55.00185774504835,40.7
55.28935320507712,40.7
55.57835140779364,40.7
55.86886020805435,40.7
56.160887501773274,40.7
56.45444122613637,40.7
56.74952935981742,40.7
57.04615992319485,40.7
57.34434097856969,40.7
57.64408063038476,40.7
57.94538702544487,40.7
58.24826835313831,40.7
58.552732845659456,40.7
58.85878877823242,40.7
59.166444469336014,40.7
59.475708280929936,40.7
59.786588618681876,40.7
60.0990939321961,40.7
60.41323271524305,40.7
60.72901350599024,40.7
61.046444887234294,40.7
61.365535486634215,40.7
61.686293976945976,40.7
62.008729076258064,40.7
62.332849548228545,40.7
62.658664202323344,40.7
62.98618189405547,40.7
63.315411525225876,40.7
63.64636204416533,40.7
63.979042445977655,40.7
64.31346177278421,40.7
64.64962911396958,40.7
64.98755360642885,40.7
65.32724443481563,40.7
65.66871083179183,40.7
66.01196207827876,40.7
66.35700750370908,40.7
66.7038564862806,40.7
67.05251845321108,40.7
67.40300288099445,40.7
67.75531929565844,40.7
68.1094772730234,40.7
68.46548643896274,40.7
68.82335646966433,40.7
69.18309709189363,40.7
69.54471808325809,40.7
69.90822927247277,40.7
70.27364053962762,40.7
70.6409618164559,40.7
71.01020308660422,40.7
71.38137438590384,40.7
71.75448580264342,40.7
72.12954747784322,40.7
72.50656960553087,40.7
72.88556243301818,40.7
73.26653626117992,40.7
73.64950144473359,40.7
74.03446839252094,40.7
74.42144756779092,40.7
74.810449488484,40.7
75.20148472751808,40.7
75.59456391307583,40.7
75.98969772889355,40.7
76.38689691455168,40.7
76.78617226576647,40.7
77.18753463468363,40.7
77.59099493017311,40.7
77.99656411812569,40.7
78.404253221751,40.7
78.8140733218772,40.7
79.226035557252,40.7
79.64015112484554,40.7
80.05643128015467,40.7
80.47488733750892,40.7
80.89553067037787,40.7
81.31837271168051,40.7
81.74342495409579,40.7
82.170698950375,40.7
82.60020631365589,40.7
83.03195871777821,40.7
83.46596789760103,40.8
83.90224564932171,40.9
84.34080383079642,40.9
84.78165436186265,40.9
85.22480922466286,40.9
85.67028046397054,40.9
86.11808018751721,40.9
86.56822056632171,40.9
87.020713835021,40.9
87.47557229220259,40.9
87.93280830073893,40.9
88.39243428812335,40.9
88.85446274680783,40.9
89.31890623454267,40.9
89.78577737471758,40.9
90.25508885670492,40.9
90.72685343620469,40.9
91.20108393559097,40.9
91.67779324426061,40.9
92.15699431898352,40.9
92.63870018425483,40.9
93.12292393264887,40.9
93.60967872517497,40.9
94.09897779163542,40.9
94.5908344309847,40.9
95.0852620116911,40.9
95.58227397210023,40.9
96.08188382079996,40.9
96.5841051369878,40.9
97.08895157083991,40.9
97.59643684388209,40.9
98.10657474936274,40.9
98.61937915262773,40.9
99.13486399149741,40.9
99.65304327664518,40.9
100.17393109197839,40.9
100.69754159502135,40.9
101.22388901729977,40.9
101.75298766472777,40.9
102.28485191799675,40.9
102.81949623296607,40.9
103.35693514105618,40.9
103.89718324964329,40.9
104.44025524245698,40.9
104.98616587997819,40.9
105.53492999984189,40.9
106.08656251723878,40.9
106.64107842532215,40.9
107.19849279561431,40.9
107.75882077841675,40.9
108.32207760322176,40.9
108.88827857912626,40.9
109.45743909524856,40.9
110.02957462114523,40.9
110.60470070723336,40.9
111.18283298521138,40.9
111.76398716848561,40.9
112.3481790525961,40.9
112.93542451564652,40.9
113.5257395187356,40.9
114.11914010639099,40.9
114.71564240700522,40.9
115.3152626332741,40.9
115.91801708263789,40.9
116.52392213772293,40.9
117.13299426678874,40.9
117.74525002417371,40.9
118.36070605074681,40.9
118.97937907435858,40.9
119.60128591029638,40.9
120.22644346174131,40.9
120.85486872022751,40.8
121.4865787661046,40.8
122.12159076900052,40.7
122.75992198829012,40.7
123.40158977356222,40.7
124.04661156509306,40.7
124.69500489431896,40.7
125.34678738431336,40.7
126.00197675026583,40.7
126.6605907999634,40.7
127.3226474342747,40.7
127.98816464763628,40.7
128.6571605285424,40.7
129.32965326003517,40.7
130.00566112020084,40.7
130.68520248266435,40.7
131.36829581709074,40.7
132.05495968968575,40.7
132.74521276370103,40.7
133.43907379994133,40.7
134.1365616572744,40.7
134.83769529314347,40.7
135.54249376408254,40.7
136.25097622623485,40.7
136.96316193587217,40.7
137.67907024992007,40.7
138.39872062648203,40.7
139.1221326253702,40.7
139.84932590863562,40.7
140.58032024110324,40.7
141.31513549090906,40.7
142.05379163003997,40.7
142.7963087348772,40.7
143.5427069867405,40.7
144.29300667243896,40.7
145.04722818481977,40.7
145.80539202332486,40.7
146.56751879454652,40.7
147.333629212788,40.7
148.1037441006266,40.7
148.87788438947953,40.7
149.65607112017267,40.7
150.43832544351253,40.7
151.2246686208618,40.7
152.01512202471548,40.7
152.80970713928414,40.7
153.6084455610754,40.7
154.41135899948313,40.7
155.218469277376,40.7
156.02979833169113,40.7
156.8453682140304,40.7
157.66520109125955,40.7
158.48931924611142,40.7
159.3177450777899,40.7
160.15050110258113,40.7
160.9876099544629,40.7
161.82909438572216,40.7
162.67497726757185,40.7
163.52528159077312,40.7
164.38003046626017,40.7
165.23924712576837,40.7
166.1029549224657,40.7
166.97117733158728,40.7
167.8439379510743,40.7
168.72126050221348,40.7
169.60316883028446,40.7
170.48968690520502,40.7
171.38083882218535,40.7
172.27664880238083,40.7
173.17714119355136,40.7
174.08234047072295,40.7
174.99227123685273,40.7
175.9069582234984,40.7
176.82642629148881,40.7
177.75070043160196,40.7
178.67980576524164,40.7
179.61376754512278,40.7
180.55261115595593,40.6
181.49636211513797,40.6
182.44504607344558,40.6
183.39868881573247,40.6
184.35731626163007,40.6
185.3209544662519,40.6
186.28962962090262,40.6
187.26336805378796,40.6
188.24219623073301,40.6
189.2261407558986,40.6
190.21522837250714,40.6
191.20948596356752,40.6
192.20894055260666,40.6
193.21361930440384,40.6
194.22354952572874,40.6
195.2387586660848,40.6
196.25927431845295,40.6
197.28512422004457,40.6
198.31633625305224,40.6
199.35293844541056,40.6
200.39495897155572,40.6
201.4424261531923,40.6
202.4953684600627,40.6
203.55381451072122,40.6
204.6177930733116,40.6
205.6873330663489,40.6
206.76246355950653,40.6
207.84321377440395,40.6
208.92961308540407,40.6
210.02169102040844,40.6
211.11947726166272,40.6
212.22300164656127,40.6
213.33229416845913,40.6
214.447384977487,40.6
215.5683043813707,40.6
216.69508284625502,40.6
217.8277509975314,40.6
218.9663396206716,40.6
220.1108796620618,40.6
221.26140222984722,40.6
222.41793859477394,40.6
223.5805201910423,40.5
224.74917861715863,40.5
225.9239456367954,40.4
227.10485317965416,40.4
228.29193334233327,40.4
229.48521838920135,40.4
230.68474075327168,40.4
231.89053303708724,40.4
233.102628013603,40.4
234.32105862708036,40.4
235.5458579939798,40.4
236.77705940386227,40.4
238.0146963202937,40.4
239.25880238175446,40.4
240.50941140255387,40.4
241.76655737374873,40.4
243.03027446406858,40.4
244.30059702084168,40.4
245.57755957093218,40.4
246.86119682167464,40.4
248.1515436618211,40.4
249.44863516248657,40.4
250.75250657810346,40.4
252.0631933473797,40.4
253.3807310942614,40.4
254.7051556289027,40.4
256.03650294863604,40.4
257.3748092389545,40.4
258.72011087449107,40.4
260.0724444200114,40.4
261.4318466314045,40.4
262.79835445668317,40.4
264.17200503698814,40.3
265.5528357075972,40.2
266.94088399894025,40.2
268.336187637619,40.2
269.7387845474336,40.2
271.1487128504106,40.2
272.56601086784315,40.2
273.9907171213279,40.2
275.4228703338166,40.2
276.86250943066517,40.2
278.30967354069315,40.2
279.764401997247,40.2
281.2267343392687,40.2
282.6967103123723,40.2
284.1743698699204,40.2
285.65975317411466,40.2
287.152900597083,40.2
288.6538527219809,40.2
290.16265034409145,40.2
291.67933447193553,40.2
293.203946328386,40.2
294.7365273517884,40.2
296.27711919708696,40.2
297.8257637369567,40.2
299.38250306294265,40.2
300.947379486601,40.2
302.52043554065347,40.2
304.1017139801383,40.2
305.69125778357716,40.1
307.2891101541398,40.0
308.8953145208197,39.9
310.5099145396145,39.9
312.1329540947119,39.9
313.76447729968413,39.9
315.40452849868336,39.9
317.0531522676519,39.9
318.71039341552853,39.9
320.3762969854716,39.9
322.05090825607795,39.9
323.7342727426186,39.9
325.4264361982722,39.9
327.1274446153702,39.9
328.83734422664674,39.9
330.55618150649445,39.9
332.28400317222986,39.9
334.02085618535915,39.9
335.76678775285944,39.9
337.52184532845695,39.9
339.28607661392135,39.9
341.0595295603587,39.9
342.84225236951676,39.9
344.63429349509414,39.9
346.4357016440579,39.8
348.24652577796684,39.8
350.06681511430224,39.7
351.8966191278073,39.7
353.7359875518278,39.7
355.5849703796693,39.7
357.44361786595016,39.7
359.3119805279728,39.7
361.1901091470929,39.7
363.0780547701014,39.7
364.9758687106112,39.7
366.8836025504522,39.7
368.80130814107446,39.7
370.72903760495365,39.7
372.66684333701346,39.7
374.6147780060434,39.7
376.57289455613636,39.7
378.54124620812286,39.7
380.5198864610201,39.7
382.50886909348526,39.7
384.5082481652772,39.7
386.51807801872604,39.7
388.53841328020957,39.7
390.56930886163985,39.7
392.6108199619517,39.7
394.6630020686084,39.6
396.7259109591041,39.5
398.7996027024853,39.5
400.8841336608706,39.5
402.9795604909844,39.5
405.0859401456969,39.5
407.20332987557106,39.5
409.331787230421,39.5
411.4713700608718,39.5
413.6221365199375,39.5
415.78414506459575,39.5
417.95745445738237,39.5
420.1421237679842,39.5
422.33821237484636,39.5
424.5457799667861,39.5
426.76488654461485,39.5
428.9955924227691,39.5
431.23795823094935,39.5
433.49204491576995,39.5
435.7579137424112,39.5
438.0356262962907,39.4
440.3252444847303,39.4
442.62683053864555,39.4
444.9404470142319,39.4
447.2661567946673,39.4
449.60402309182115,39.4
451.9541094479714,39.4
454.3164797375345,39.4
456.6911981687959,39.4
459.0783292856624,39.4
461.4779379694089,39.4
463.89008944044906,39.4
466.31484926010245,39.4
468.7522833323791,39.4
471.20245790577025,39.4
473.6654395750488,39.4
476.14129528307956,39.4
478.630092322638,39.4
481.1318983382419,39.3
483.6467813279844,39.2
486.1748096453894,39.2
488.7160520012619,39.2
491.27057746556244,39.2
493.8384554692794,39.2
496.4197558063182,39.2
499.01454863539806,39.2
501.6229044819588,39.2
504.24489424007766,39.2
506.88058917439554,39.2
509.53006092205686,39.2
512.1933814946506,39.2
514.8706232801756,39.1
517.5618590449992,39.0
520.2671619358439,39.0
522.9866054817683,39.0
525.7202635961694,39.0
528.4682105787901,39.0
531.230521117739,39.0
534.0072702915224,39.0
536.7985335710792,39.0
539.6043868218401,39.0
542.4249063057814,39.0
545.2601686835053,39.0
548.1102510163182,39.0
550.9752307683272,39.0
553.8551858085453,39.0
556.7501944130083,38.9
559.6603352669016,38.8
562.5856874666987,38.7
565.5263305223134,38.7
568.4823443592555,38.7
571.4538093208106,38.7
574.4408061702153,38.7
577.4434160928608,38.7
580.4617206984933,38.7
583.4958020234345,38.7
586.5457425328113,38.7
589.6116251227962,38.7
592.6935331228639,38.6
595.7915502980484,38.5
598.9057608512304,38.5
602.0362494254149,38.5
605.1831011060411,38.5
608.3464014232891,38.5
611.5262363544065,38.5
614.7226923260454,38.5
617.9358562166111,38.5
621.1658153586235,38.5
624.4126575410903,38.5
627.6764710118958,38.5
630.957344480193,38.5
634.2553671188238,38.4
637.5706285667327,38.4
640.9032189314127,38.3
644.2532287913472,38.3
647.6207491984753,38.3
651.0058716806659,38.3
654.4086882442045,38.3
657.8292913762976,38.3
661.2677740475787,38.3
664.7242297146454,38.3
668.1987523225889,38.3
671.6914363075575,38.3
675.2023765993158,38.3
678.7316686238282,38.3
682.2794083058518,38.3
685.8456920715438,38.2
689.4306168510824,38.1
693.0342800813003,38.1
696.6567797083366,38.1
700.2982141902914,38.1
703.9586824999124,38.1
707.6382841272731,38.1
711.3371190824884,38.1
715.0552878984242,38.1
718.7928916334344,38.1
722.5500318741055,38.1
726.3268107380181,38.1
730.123330876526,38.0
733.9396954775374,38.0
737.7760082683312,38.0
741.6323735183645,38.0
745.508896042117,38.0
749.4056812019327,38.0
753.3228349108862,38.0
757.2604636356614,38.0
761.2186743994453,38.0
765.1975747848361,38.0
769.1972729367671,38.0
773.2178775654501,38.0
777.2594979493206,38.0
781.3222439380205,38.0
785.406225955371,38.0
789.5115550023859,38.0
793.6383426602791,38.0
797.7867010935024,38.0
801.9567430527921,38.0
806.1485818782347,38.0
810.3623315023465,38.0
814.59810645317,38.0
818.8560218573906,38.0
823.1361934434566,38.0
827.4387375447371,38.0
831.7637711026708,38.0
836.1114116699566,38.0
840.4817774137397,38.0
844.8749871188272,38.0
849.2911601909162,38.0
853.7304166598383,38.0
858.1928771828257,38.0
862.6786630477819,38.0
867.1878961765907,38.0
871.7206991284164,38.0
876.2771951030477,38.0
880.8575079442367,38.0
885.4617621430697,38.1
890.0900828413493,38.1
894.742595834996,38.1
899.4194275774676,38.1
904.1207051831946,38.1
908.8465564310401,38.1
913.5971097677627,38.1
918.3724943115215,38.1
923.1728398553701,38.1
927.998276870799,38.1
932.8489365112713,38.1
937.7249506157918,38.1
942.6264517124897,38.1
947.5535730222193,38.1
952.5064484621864,38.1
957.4852126495767,38.1
962.4900009052299,38.1
967.5209492573013,38.1
972.5781944449744,38.2
977.6618739221665,38.3
982.772125861269,38.3
987.9090891569025,38.3
993.0729034296917,38.3
998.26370903006,38.3
1003.4816470420445,38.3
1008.7268592871307,38.3
1013.9994883281055,38.3
1019.2996774729368,38.3
1024.627570778662,38.3
1029.9833130553077,38.3
1035.3670498698243,38.3
1040.778927550043,38.3
1046.219093188652,38.3
1051.687694647196,38.3
1057.1848805600926,38.3
1062.7108003386745,38.3
1068.2656041752484,38.3
1073.849443047181,38.3
1079.4624687209969,38.3
1085.104833756507,38.3
1090.7766915109553,38.3
1096.4781961431852,38.3
1102.2095026178308,38.2
1107.9707667095288,38.2
1113.7621450071517,38.1
1119.5837949180645,38.1
1125.4358746724013,38.1
1131.3185433273702,38.1
1137.231960771571,38.1
1143.1762877293438,38.1
1149.1516857651375,38.1
1155.1583172879002,38.1
1161.1963455554942,38.1
1167.2659346791324,38.0
1173.3672496278396,38.0
1179.5004562329357,38.0
1185.6657211925422,38.0
1191.8632120761172,38.0
1198.0930973290035,37.9
1204.355546277011,37.9
1210.650729131018,37.8
1216.9788169915967,37.7
1223.3399818536654,37.7
1229.7343966111616,37.6
1236.162235061742,37.6
1242.6236719115057,37.6
1249.1188827797416,37.6
1255.6480442037073,37.5
1262.2113336434193,37.4
1268.8089294864806,37.3
1275.4410110529293,37.2
1282.1077586001115,37.2
1288.8093533275808,37.1
1295.5459773820237,37.0
1302.3178138622095,37.0
1309.1250468239675,36.9
1315.967861285188,36.9
1322.8464432308563,36.8
1329.7609796180998,36.8
1336.7116583812742,36.7
1343.6986684370715,36.7
1350.7221996896535,36.6
1357.782443035813,36.5
1364.879590370164,36.4
1372.0138345903551,36.4
1379.1853696023147,36.3
1386.3943903255179,36.3
1393.6410926982915,36.2
1400.9256736831292,36.1
1408.248331272053,35.9
1415.6092644919916,35.7
1423.0086734101894,35.7
1430.4467591396458,35.6
1437.9237238445805,35.6
1445.439770745928,35.5
1452.9951041268616,35.5
1460.589929338344,35.5
1468.224452804715,35.5
1475.898882029292,35.4
1483.6134256000173,35.4
1491.3682931951248,35.3
1499.1636955888393,35.3
1506.999844657106,35.2
1514.8769533833477,35.2
1522.7952358642551,35.2
1530.754907315605,35.2
1538.7561840781082,35.2
1546.799283623296,35.1
1554.8844245594228,35.1
1563.0118266374113,35.0
1571.181710756826,35.0
1579.3942989718767,35.0
1587.649814497453,35.0
1595.9484817151922,34.9
1604.2905261795772,34.9
1612.6761746240677,34.8
1621.1056549672617,34.8
1629.5791963190893,34.8
1638.097028987047,34.8
1646.6593844824454,34.7
1655.266495526711,34.7
1663.9185960577072,34.6
1672.6159212360947,34.5
1681.3587074517213,34.5
1690.1471923300487,34.4
1698.9816147386093,34.4
1707.8622147934998,34.3
1716.789233865905,34.3
1725.7629145886658,34.3
1734.7835008628629,34.3
1743.8512378644525,34.2
1752.9663720509295,34.2
1762.1291511680254,34.1
1771.3398242564415,34.1
1780.598641658619,34.0
1789.9058550255418,34.0
1799.2617173235774,33.9
1808.6664828413498,33.9
1818.1204071966588,33.9
1827.6237473434162,33.8
1837.1767615786375,33.8
1846.7797095494598,33.7
1856.4328522602,33.7
1866.1364520794475,33.6
1875.8907727471963,33.6
1885.6960793820124,33.6
1895.552638488241,33.5
1905.4607179632462,33.5
1915.4205871047022,33.4
1925.4325166178992,33.4
1935.4967786231095,33.3
1945.6136466629825,33.3
1955.783395709978,33.2
1966.006302173841,33.2
1976.282643909114,33.1
1986.6127002226892,33.1
1996.996751881399,33.0
2007.4350811196462,32.9
2017.927971647083,32.9
2028.4757086563097,32.8
2039.078578830634,32.8
2049.736870351861,32.8
2060.4508729081267,32.8
2071.22087770177,32.7
2082.0471774572497,32.7
2092.9300664290977,32.6
2103.8698404099196,32.6
2114.8667967384304,32.5
2125.9212343075446,32.4
2137.0334535724887,32.4
2148.2037565589744,32.3
2159.4324468714053,32.2
2170.71982970113,32.2
2182.0662118347364,32.1
2193.4719016623894,32.1
2204.937209186215,32.0
2216.4624460287228,31.9
2228.0479254412767,31.9
2239.6939623126154,31.8
2251.4008731773993,31.7
2263.168976224821,31.6
2274.9985913072546,31.5
2286.890039948944,31.4
2298.843645354747,31.3
2310.8597324189163,31.2
2322.9386277339318,31.1
2335.0806595993763,31.0
2347.2861580308577,30.9
2359.5554547689862,30.8
2371.8888832883777,30.7
2384.2867788067265,30.6
2396.7494782939148,30.5
2409.2773204811715,30.4
2421.8706458702773,30.3
2434.5297967428205,30.2
2447.2551171695004,30.1
2460.0469530194778,30.0
2472.905651969775,29.9
2485.8315635147337,29.8
2498.825038975499,29.8
2511.88643150958,29.7
2525.0160961204438,29.7
2538.2143896671673,29.7
2551.481670874133,29.7
2564.8183003407817,29.6
2578.224640551411,29.6
2591.7010558850307,29.5
2605.247912625263,29.5
2618.8655789702975,29.4
2632.5544250429093,29.4
2646.314822900502,29.4
2660.14714654523,29.4
2674.051771934164,29.4
2688.029076989506,29.3
2702.079441608862,29.3
2716.20324767557,29.2
2730.400879069075,29.2
2744.6727216753675,29.1
2759.0191633974646,28.9
2773.440594165967,28.7
2787.9374059496395,28.6
2802.509992766076,28.5
2817.1587506924047,28.5
2831.8840778760564,28.4
2846.686374545581,28.2
2861.5660430215316,28.0
2876.5234877273942,27.9
2891.5591152005823,27.9
2906.6733341034837,27.8
2921.8665552345788,27.8
2937.139191539587,27.7
2952.4916581227058,27.6
2967.9243722578863,27.6
2983.4377534001765,27.6
2999.0322231971227,27.6
3014.7082055002275,27.6
3030.466126376471,27.5
3046.306414119893,27.4
3062.229499263226,27.3
3078.2358145896155,27.3
3094.325795144359,27.3
3110.4998782467446,27.3
3126.7585035019356,27.2
3143.1021128129173,27.1
3159.5311503925072,27.1
3176.0460627754296,27.0
3192.6472988304513,27.0
3209.335309772584,26.9
3226.1105491753406,26.9
3242.973472983081,26.9
3259.924539523382,26.9
3276.9642095195077,26.9
3294.0929461029286,26.8
3311.311214825911,26.8
3328.6194836741684,26.8
3346.018223079582,26.8
3363.507905932988,26.8
3381.089007597027,26.8
3398.762005919066,26.8
3416.527381244194,26.8
3434.385616428264,26.8
3452.337196851022,26.8
3470.382610429304,26.8
3488.5223476302926,26.8
3506.7569014848486,26.8
3525.0867676009134,26.9
3543.512444176976,26.9
3562.034432015617,26.9
3580.6532345371147,26.9
3599.369357793143,26.9
3618.1833104805046,26.9
3637.095603954969,26.9
3656.1067522451726,26.9
3675.2172720665826,26.8
3694.4276828355482,26.8
3713.738506683413,26.8
3733.1502684707093,26.8
3752.6634958014215,26.8
3772.2787190373247,26.8
3791.9964713124127,26.7
3811.817288547367,26.6
3831.7417094641373,26.6
3851.7702756005806,26.5
3871.9035313251793,26.5
3892.1420238518376,26.4
3912.4863032547537,26.4
3932.936922483372,26.3
3953.4944373774106,26.2
3974.1594066819653,26.1
3994.9323920627126,26.0
4015.8139581211503,25.9
4036.8046724099613,25.8
4057.9051054484326,25.7
4079.115830737964,25.5
4100.437424777656,25.4
4121.870467079975,25.3
4143.41554018651,25.1
4165.0732296838005,24.7
4186.844124219257,24.4
4208.728815517151,24.3
4230.72789839472,24.1
4252.841970778305,24.0
4275.071633719623,23.6
4297.417491412092,23.0
4319.880151207261,22.6
4342.460223631314,22.3
4365.158322401661,22.1
4387.975064443623,21.9
4410.911069907196,21.3
4433.9669621839075,20.5
4457.1433679237725,19.9
4480.4409170523,19.5
4503.860242787635,19.2
4527.40198165776,18.8
4551.0667735177985,18.2
4574.855261567406,17.4
4598.768092368251,17.0
4622.80591586159,16.8
4646.969385385929,16.3
4671.25915769478,15.9
4695.675892974527,16.2
4720.220254862348,16.5
4744.892910464259,16.8
4769.694530373255,17.1
4794.625788687525,17.3
4819.68736302878,17.4
4844.87993456067,17.6
4870.204188007296,17.8
4895.660811671819,17.9
4921.250497455168,18.2
4946.973940874864,18.4
4972.8318410838865,18.5
4998.824900889706,18.6
5024.953826773381,18.6
5051.219328908747,18.7
5077.622121181736,18.7
5104.162921209768,18.7
5130.842450361258,18.7
5157.661433775227,18.7
5184.620600380999,18.7
5211.720682918039,18.7
5238.962417955835,18.7
5266.346545913939,18.7
5293.873811082085,18.7
5321.544961640422,18.7
5349.360749679845,18.7
5377.321931222439,18.7
5405.429266242027,18.6
5433.683518684824,18.6
5462.085456490198,18.5
5490.635851611563,18.5
5519.335480037329,18.4
5548.185121812011,18.3
5577.185561057427,18.2
5606.337585994012,18.2
5635.641988962242,18.2
5665.0995664441625,18.1
5694.7111190850455,18.1
5724.477451715144,18.1
5754.399373371566,18.1
5784.477697320285,18.1
5814.713241078208,18.2
5845.10682643542,18.3
5875.659279477514,18.4
5906.371430608045,18.4
5937.244114571097,18.4
5968.278170473975,18.3
5999.4744418100045,18.3
6030.833776481469,18.3
6062.357026822636,18.3
6094.045049622959,18.4
6125.898706150321,18.4
6157.918862174471,18.5
6190.106387990547,18.6
6222.462158442733,18.6
6254.987052948034,18.7
6287.681955520183,18.8
6320.547754793659,18.9
6353.585344047851,19.0
6386.795621231329,19.0
6420.179488986247,19.0
6453.7378546729,19.0
6487.471630394349,19.1
6521.381733021235,19.1
6555.469084216698,19.2
6589.734610461422,19.3
6624.179243078815,19.3
6658.80391826033,19.4
6693.609577090902,19.6
6728.597165574533,19.9
6763.767634659991,20.1
6799.1219402666875,20.2
6834.661043310619,20.3
6870.385909730507,20.4
6906.297510514049,20.6
6942.39682172431,20.7
6978.684824526248,20.8
7015.162505213385,21.0
7051.830855234612,21.1
7088.690871221135,21.2
7125.7435550135615,21.3
7162.989913689153,21.4
7200.430959589155,21.5
7238.067710346342,21.6
7275.901188912673,21.6
7313.932423587085,21.6
7352.162448043451,21.6
7390.59230135867,21.6
7429.22302804091,21.7
7468.055678057999,21.7
7507.091306865953,21.7
7546.330975437692,21.8
7585.775750291836,21.8
7625.426703521717,22.1
7665.284912824515,22.6
7705.351461530549,23.0
7745.627438632719,23.5
7786.113938816104,24.0
7826.81206248772,24.5
7867.722915806424,24.9
7908.847610712972,25.4
7950.187264960275,25.8
7991.743002143727,26.1
8033.515951731782,26.2
8075.507249096639,26.4
8117.718035545101,26.5
8160.149458349601,26.9
8202.80267077938,27.5
8245.67883213183,27.8
8288.77910776401,27.9
8332.104669124305,28.0
8375.656693784302,28.2
8419.436365470749,28.5
8463.444874097753,28.9
8507.683415799123,29.1
8552.153192960874,29.2
8596.855414253905,29.3
8641.791294666864,29.4
8686.962055539152,29.5
8732.36892459413,29.7
8778.01313597248,29.8
8823.895930265779,29.9
8870.018554550163,29.9
8916.382262420266,29.9
8962.988314023276,29.9
9009.83797609319,30.0
9056.932521985234,30.0
9104.273231710486,30.1
9151.861391970657,30.2
9199.698296193066,30.2
9247.785244565785,30.3
9296.12354407301,30.3
9344.714508530542,30.5
9393.559458621517,30.7
9442.659721932305,30.8
9492.016632988581,31.1
9541.631533291613,31.4
9591.505771354708,31.7
9641.64070273987,32.0
9692.037690094652,32.1
9742.698103189163,32.1
9793.623318953358,32.1
9844.814721514387,32.2
9896.27370223427,32.3
9948.001659747684,32.5
10000.0,32.8
10052.270136285486,32.9
10104.813489285681,33.0
10157.6314871081,33.0
10210.725565324987,33.0
10264.09716701231,33.0
10317.747742788988,33.0
10371.678750856474,33.0
10425.891657038128,33.0
10480.387934819217,33.0
10535.16906538697,32.9
10590.236537670813,32.9
10645.591848382772,32.8
10701.236502058211,32.8
10757.172011096769,32.7
10813.399895803414,32.5
10869.921684429703,32.2
10926.73891321545,32.0
10983.85312643042,31.7
11041.265876416248,31.1
11098.978723628681,30.6
11156.993236680037,30.3
11215.310992381786,30.0
11273.933575787378,29.7
11332.862580235347,29.5
11392.099607392682,29.2
11451.646267298307,28.9
11511.504178406769,28.6
11571.674967632372,28.3
11632.16027039332,28.3
11692.961730656129,28.2
11754.08100098034,28.1
11815.519742563505,27.8
11877.27962528627,27.5
11939.362327757724,26.8
12001.76953736107,26.1
12064.50295029953,25.7
12127.56427164241,25.2
12190.95521537136,24.5
12254.677504427105,24.0
12318.732870756214,23.6
12383.123055358106,22.9
12447.849808332432,22.1
12512.914888926687,21.7
12578.320065583976,21.3
12644.067115991029,21.0
12710.157827126544,20.6
12776.593995309939,19.8
12843.377426249857,19.1
12910.50993509343,18.8
12977.99334647565,18.6
13045.829494568892,18.4
13114.020223132724,18.2
13182.567385564074,17.8
13251.472844947652,17.2
13320.738474106534,17.0
13390.366155652993,16.8
13460.35778203982,16.8
13530.715255611682,16.8
13601.440488656775,16.9
13672.535403458849,17.1
13744.001932349513,17.4
13815.842017760702,17.6
13888.057612277411,18.0
13960.650678690825,18.4
14033.62319005172,18.5
14106.977129724035,18.5
14180.714491438697,18.3
14254.837279347976,17.8
14329.347508079869,17.4
14404.247202792812,17.0
14479.538399230763,16.6
14555.223143778607,16.1
14631.303493517702,15.7
14707.78151628175,15.3
14784.65929071304,14.9
14861.938906319014,14.4
14939.622463529,13.8
15017.712073751207,13.2
15096.209859430292,12.2
15175.117954104964,10.9
15254.438502465904,10.0
15334.173660414117,9.6
15414.325595119602,9.2
15494.896485080177,8.7
15575.88852018064,8.1
15657.303901752315,7.5
15739.1448426331,7.1
15821.413567227246,6.8
15904.112311566014,6.4
15987.243323368504,6.1
16070.808862102673,5.4
16154.811199046684,4.9
16239.252617350698,4.2
16324.135412099,3.5
16409.461890372313,3.1
16495.23437131044,2.6
16581.455186175313,7.2
16668.12667841462,12.6
16755.251203725067,12.6
