10.0,29.1
10.052270136285475,29.2
10.104813489285682,29.2
10.157631487108103,29.2
10.210725565324982,29.3
10.264097167012295,29.3
10.317747742789004,29.4
10.371678750856479,29.5
10.425891657038118,29.5
10.480387934819216,29.5
10.535169065386981,29.5
10.590236537670812,29.6
10.64559184838276,29.7
10.701236502058206,29.7
10.757172011096776,29.7
10.813399895803409,29.7
10.869921684429707,29.7
10.926738913215466,29.7
10.98385312643042,29.7
11.041265876416237,29.8
11.098978723628681,29.9
11.156993236680048,30.0
11.215310992381788,30.1
11.27393357578736,30.2
11.332862580235341,30.2
11.392099607392687,30.2
11.451646267298301,30.2
11.511504178406776,30.3
11.571674967632385,30.3
11.632160270393321,30.4
11.692961730656117,30.5
11.75408100098034,30.5
11.815519742563518,30.6
11.87727962528627,30.6
11.939362327757706,30.6
12.001769537361062,30.7
12.064502950299536,30.7
12.127564271642404,30.7
12.190955215371359,30.7
12.254677504427118,30.7
12.318732870756214,30.7
12.383123055358094,30.8
12.447849808332432,30.9
12.5129148889267,30.9
12.578320065583968,30.9
12.644067115991009,30.9
12.710157827126565,31.0
12.776593995309947,31.0
12.843377426249843,31.1
12.910509935093431,31.1
12.977993346475664,31.1
13.045829494568892,31.1
13.11402022313271,31.2
13.182567385564074,31.3
13.251472844947658,31.4
13.320738474106527,31.4
13.390366155653,31.4
13.460357782039841,31.4
13.530715255611682,31.4
13.601440488656761,31.5
13.672535403458848,31.5
13.744001932349526,31.6
13.815842017760701,31.6
13.888057612277397,31.7
13.960650678690818,31.8
14.033623190051728,31.8
14.10697712972403,31.8
14.180714491438705,31.8
14.25483727934799,31.8
14.32934750807987,31.9
14.404247202792797,31.9
14.479538399230764,31.9
14.55522314377862,31.9
14.631303493517702,31.9
14.707781516281727,31.9
14.784659290713032,32.0
14.861938906319022,32.1
14.939622463528993,32.1
15.017712073751214,32.1
15.096209859430308,32.1
15.175117954104964,32.1
15.254438502465888,32.2
15.334173660414118,32.3
15.414325595119617,32.3
15.494896485080169,32.3
15.575888520180618,32.3
15.65730390175234,32.5
15.73914484263311,32.6
15.821413567227237,32.6
15.904112311566013,32.6
15.98724332336852,32.6
16.070808862102673,32.6
16.154811199046666,32.6
16.239252617350697,32.6
16.324135412099007,32.7
16.409461890372306,32.8
16.495234371310413,32.8
16.58145518617534,32.8
16.668126678414627,32.9
16.755251203725052,33.0
16.84283113011666,33.0
16.930868837977105,33.0
17.01936672013636,33.0
17.108327181931763,33.0
17.197752641273365,33.0
17.28764552870969,33.0
17.378008287493753,33.0
17.4688433736495,33.1
17.560153256038525,33.1
17.651940416427212,33.1
17.744207349554188,33.1
17.836956563198083,33.1
17.93019057824573,33.1
18.023911928760675,33.1
18.118123162052047,33.1
18.21282683874379,33.1
18.30802553284428,33.2
18.403721831816252,33.2
18.499918336647156,33.3
18.59661766191982,33.3
18.69382243588356,33.3
18.791535300525574,33.3
18.889758911642755,33.4
18.98849593891389,33.5
19.08774906597221,33.5
19.187520990478333,33.5
19.287814424193606,33.5
19.388632093053765,33.5
19.48997673724305,33.5
19.591851111268685,33.5
19.69425798403576,33.5
19.79720013892245,33.5
19.90068037385568,33.6
20.004701501387192,33.7
20.109266348769967,33.8
20.214377758035074,33.8
20.320038586068932,33.8
20.426251704690927,33.8
20.533020000731486,33.8
20.64034637611054,33.9
20.748233747916412,34.0
20.856685048485062,34.0
20.965703225479817,34.0
21.075291241971485,34.0
21.185452076518878,34.0
21.296188723249774,34.0
21.407504191942323,34.0
21.519401508106792,34.0
21.631883713067854,34.1
21.744953864047204,34.2
21.858615034246718,34.2
21.972870312931903,34.2
22.087722805515906,34.2
22.203175633643916,34.2
22.319231935278008,34.2
22.435894864782412,34.2
22.553167593009288,34.2
22.671053307384867,34.2
22.789555211996095,34.2
22.908676527677724,34.2
23.028420492099883,34.2
23.148790359856015,34.3
23.26978940255137,34.3
23.391420908891938,34.3
23.51368818477381,34.3
23.63659455337303,34.3
23.760143355235964,34.3
23.884337948370025,34.3
24.009181708334992,34.3
24.134678028334722,34.3
24.260830319309434,34.4
24.387642010028344,34.5
24.515116547182902,34.5
24.64325739548046,34.5
24.772068037738443,34.5
24.901551974979007,34.5
25.031712726524198,34.5
25.162553830091625,34.5
25.294078841890578,34.5
25.426291336718684,34.5
25.559194908059133,34.5
25.692793168178262,34.5
25.827089748223784,34.5
25.96208829832347,34.6
26.097792487684362,34.7
26.234206004692496,34.7
26.371332557013133,34.7
26.5091758716916,34.7
26.647739695254497,34.7
26.787027793811582,34.7
26.9270439531581,34.7
27.06779197887776,34.7
27.209275696446046,34.7
27.351498951334275,34.7
27.494465609114105,34.8
27.638179555562576,34.9
27.782644696767733,34.9
27.92786495923483,34.9
28.07384428999299,34.9
28.220586656702505,34.9
28.368096047762684,34.9
28.516376472420284,34.9
28.66543196087842,34.9
28.815266564406134,34.9
28.965884355448516,34.9
29.11728942773738,34.9
29.26948589640251,34.9
29.42247789808359,34.9
29.57626959104251,35.1
29.730865155276486,35.2
29.88626879263161,35.2
30.04248472691713,35.2
30.19951720402016,35.2
30.357370492021133,35.2
30.516048881309793,35.2
30.675556684701824,35.2
30.835898237556027,35.2
30.99707789789224,35.2
31.15910004650967,35.2
31.321969087106055,35.2
31.485689446397288,35.2
31.650265574237824,35.2
31.815701943741516,35.2
31.98200305140326,35.2
32.14917341722119,35.2
32.31721758481955,35.2
32.486140121572134,35.3
32.655945618726484,35.4
32.82663869152868,35.4
32.99822397934869,35.4
33.170706145806605,35.4
33.34408987889928,35.4
33.51837989112781,35.4
33.69358091962557,35.4
33.86969772628702,35.4
34.04673509789711,35.4
34.224697846261364,35.4
34.40359080833668,35.4
34.58341884636283,35.4
34.764186847994516,35.4
34.94589972643436,35.4
35.12856242056629,35.4
35.312179895089876,35.4
35.496757140655234,35.4
35.68229917399868,35.4
35.86881103807908,35.4
36.05629780221492,35.4
36.24476456222205,35.5
36.434216440552284,35.6
36.6246585864325,35.6
36.81609617600466,35.6
37.00853441246656,35.6
37.2019785262131,35.6
37.39643377497855,35.6
37.591905443979435,35.6
37.788398846058186,35.6
37.985919321827524,35.6
38.184472239815605,35.6
38.384062996612016,35.6
38.584697017014335,35.6
38.786379754175634,35.6
38.98911668975273,35.6
39.1929133340551,35.6
39.39777522619469,35.6
39.60370793423646,35.6
39.810717055349734,35.6
40.0188082159603,35.6
40.227987071903335,35.6
40.43825930857721,35.6
40.64963064109788,35.6
40.8621068144543,35.6
41.075693603664625,35.6
41.29039681393302,35.6
41.506222280807584,35.7
41.72317587033889,35.7
41.94126347923944,35.7
42.16049103504393,35.7
42.38086449627034,35.7
42.60238985258197,35.7
42.825073124950116,35.7
43.04892036581776,35.7
43.27393765926414,35.7
43.500131121170035,35.7
43.727506899384,35.7
43.956071173889484,35.7
44.18583015697281,35.7
44.416790093392,35.7
44.648957260546474,35.7
44.88233796864779,35.7
45.116938560890986,35.7
45.35276541362708,35.7
45.58982493653644,35.7
45.82812357280281,35.7
46.067667799288614,35.7
46.308464126710895,35.7
46.55051909981832,35.7
46.793839297569036,35.7
47.03843133330949,35.7
47.28430185495417,35.7
47.531457545166376,35.7
47.77990512153967,35.7
48.02965133678067,35.7
48.28070297889241,35.7
48.53306687135893,35.7
48.78674987333074,35.7
49.041758879811184,35.7
49.298100821843896,35.7
49.55578266670119,35.7
49.81481141807335,35.7
50.07519411625915,35.7
50.336937838356974,35.7
50.60004969845742,35.7
50.86453684783644,35.7
51.13040647514984,35.7
51.39766580662862,35.7
51.66632210627541,35.7
51.93638267606184,35.7
52.20785485612707,35.8
52.48074602497726,35.9
52.75506359968615,35.9
53.030815036096584,35.9
53.308007829023246,35.9
53.58664951245627,35.9
53.866747659766084,35.9
54.148309883909214,35.9
54.431343837635225,35.9
54.7158572136947,35.9
55.00185774504835,35.9
55.28935320507712,35.9
55.57835140779364,35.9
55.86886020805435,35.9
56.160887501773274,35.9
56.45444122613637,35.9
56.74952935981742,35.9
57.04615992319485,35.9
57.34434097856969,35.9
57.64408063038476,35.9
57.94538702544487,35.9
58.24826835313831,35.9
58.552732845659456,35.9
58.85878877823242,35.9
59.166444469336014,35.9
59.475708280929936,35.9
59.786588618681876,35.9
60.0990939321961,35.9
60.41323271524305,35.9
60.72901350599024,35.9
61.046444887234294,35.9
61.365535486634215,35.9
61.686293976945976,35.9
62.008729076258064,35.9
62.332849548228545,35.9
62.658664202323344,35.9
62.98618189405547,35.9
63.315411525225876,35.9
63.64636204416533,35.9
63.979042445977655,35.9
64.31346177278421,35.9
64.64962911396958,35.9
64.98755360642885,35.9
65.32724443481563,35.9
65.66871083179183,35.9
66.01196207827876,35.9
66.35700750370908,35.9
66.7038564862806,35.9
67.05251845321108,35.9
67.40300288099445,35.9
67.75531929565844,35.9
68.1094772730234,35.9
68.46548643896274,35.9
68.82335646966433,35.9
69.18309709189363,35.9
69.54471808325809,35.9
69.90822927247277,35.9
70.27364053962762,35.9
70.6409618164559,35.9
71.01020308660422,35.9
71.38137438590384,35.9
71.75448580264342,35.9
72.12954747784322,35.9
72.50656960553087,35.9
72.88556243301818,35.9
73.26653626117992,35.9
73.64950144473359,35.9
74.03446839252094,35.9
74.42144756779092,35.9
74.810449488484,35.9
75.20148472751808,35.9
75.59456391307583,35.9
75.98969772889355,35.9
76.38689691455168,35.9
76.78617226576647,35.9
77.18753463468363,35.9
77.59099493017311,35.8
77.99656411812569,35.7
78.404253221751,35.7
78.8140733218772,35.7
79.226035557252,35.7
79.64015112484554,35.7
80.05643128015467,35.7
80.47488733750892,35.7
80.89553067037787,35.7
81.31837271168051,35.7
81.74342495409579,35.7
82.170698950375,35.7
82.60020631365589,35.7
83.03195871777821,35.7
83.46596789760103,35.7
83.90224564932171,35.7
84.34080383079642,35.7
84.78165436186265,35.7
85.22480922466286,35.7
85.67028046397054,35.7
86.11808018751721,35.7
86.56822056632171,35.7
87.020713835021,35.7
87.47557229220259,35.7
87.93280830073893,35.7
88.39243428812335,35.7
88.85446274680783,35.7
89.31890623454267,35.7
89.78577737471758,35.7
90.25508885670492,35.7
90.72685343620469,35.7
91.20108393559097,35.7
91.67779324426061,35.6
92.15699431898352,35.5
92.63870018425483,35.5
93.12292393264887,35.5
93.60967872517497,35.5
94.09897779163542,35.5
94.5908344309847,35.5
95.0852620116911,35.5
95.58227397210023,35.5
96.08188382079996,35.5
96.5841051369878,35.5
97.08895157083991,35.5
97.59643684388209,35.5
98.10657474936274,35.5
98.61937915262773,35.5
99.13486399149741,35.5
99.65304327664518,35.5
100.17393109197839,35.5
100.69754159502135,35.5
101.22388901729977,35.5
101.75298766472777,35.5
102.28485191799675,35.5
102.81949623296607,35.5
103.35693514105618,35.5
103.89718324964329,35.5
104.44025524245698,35.5
104.98616587997819,35.4
105.53492999984189,35.4
106.08656251723878,35.4
106.64107842532215,35.4
107.19849279561431,35.4
107.75882077841675,35.4
108.32207760322176,35.4
108.88827857912626,35.3
109.45743909524856,35.3
110.02957462114523,35.3
110.60470070723336,35.3
111.18283298521138,35.3
111.76398716848561,35.3
112.3481790525961,35.3
112.93542451564652,35.3
113.5257395187356,35.3
114.11914010639099,35.3
114.71564240700522,35.2
115.3152626332741,35.2
115.91801708263789,35.2
116.52392213772293,35.2
117.13299426678874,35.2
117.74525002417371,35.2
118.36070605074681,35.2
118.97937907435858,35.2
119.60128591029638,35.2
120.22644346174131,35.2
120.85486872022751,35.2
121.4865787661046,35.2
122.12159076900052,35.2
122.75992198829012,35.2
123.40158977356222,35.2
124.04661156509306,35.2
124.69500489431896,35.2
125.34678738431336,35.2
126.00197675026583,35.2
126.6605907999634,35.2
127.3226474342747,35.2
127.98816464763628,35.2
128.6571605285424,35.1
129.32965326003517,35.1
130.00566112020084,35.1
130.68520248266435,35.1
131.36829581709074,35.0
132.05495968968575,35.0
132.74521276370103,35.0
133.43907379994133,35.0
134.1365616572744,35.0
134.83769529314347,35.0
135.54249376408254,35.0
136.25097622623485,35.0
136.96316193587217,35.0
137.67907024992007,35.0
138.39872062648203,35.0
139.1221326253702,35.0
139.84932590863562,34.9
140.58032024110324,34.9
141.31513549090906,34.8
142.05379163003997,34.8
142.7963087348772,34.8
143.5427069867405,34.8
144.29300667243896,34.8
145.04722818481977,34.8
145.80539202332486,34.8
146.56751879454652,34.8
147.333629212788,34.8
148.1037441006266,34.8
148.87788438947953,34.8
149.65607112017267,34.7
150.43832544351253,34.7
151.2246686208618,34.6
152.01512202471548,34.6
152.80970713928414,34.6
153.6084455610754,34.6
154.41135899948313,34.5
155.218469277376,34.5
156.02979833169113,34.5
156.8453682140304,34.5
157.66520109125955,34.5
158.48931924611142,34.5
159.3177450777899,34.5
160.15050110258113,34.5
160.9876099544629,34.4
161.82909438572216,34.4
162.67497726757185,34.4
163.52528159077312,34.4
164.38003046626017,34.3
165.23924712576837,34.3
166.1029549224657,34.3
166.97117733158728,34.3
167.8439379510743,34.3
168.72126050221348,34.3
169.60316883028446,34.3
170.48968690520502,34.3
171.38083882218535,34.2
172.27664880238083,34.2
173.17714119355136,34.2
174.08234047072295,34.2
174.99227123685273,34.2
175.9069582234984,34.2
176.82642629148881,34.1
177.75070043160196,34.1
178.67980576524164,34.1
179.61376754512278,34.1
180.55261115595593,34.1
181.49636211513797,34.1
182.44504607344558,34.0
183.39868881573247,34.0
184.35731626163007,34.0
185.3209544662519,34.0
186.28962962090262,34.0
187.26336805378796,34.0
188.24219623073301,33.9
189.2261407558986,33.9
190.21522837250714,33.9
191.20948596356752,33.9
192.20894055260666,33.9
193.21361930440384,33.9
194.22354952572874,33.8
195.2387586660848,33.8
196.25927431845295,33.8
197.28512422004457,33.8
198.31633625305224,33.8
199.35293844541056,33.8
200.39495897155572,33.7
201.4424261531923,33.7
202.4953684600627,33.7
203.55381451072122,33.7
204.6177930733116,33.6
205.6873330663489,33.6
206.76246355950653,33.6
207.84321377440395,33.6
208.92961308540407,33.6
210.02169102040844,33.6
211.11947726166272,33.6
212.22300164656127,33.6
213.33229416845913,33.5
214.447384977487,33.5
215.5683043813707,33.5
216.69508284625502,33.5
217.8277509975314,33.5
218.9663396206716,33.5
220.1108796620618,33.5
221.26140222984722,33.5
222.41793859477394,33.5
223.5805201910423,33.4
224.74917861715863,33.4
225.9239456367954,33.4
227.10485317965416,33.4
228.29193334233327,33.4
229.48521838920135,33.4
230.68474075327168,33.4
231.89053303708724,33.4
233.102628013603,33.4
234.32105862708036,33.3
235.5458579939798,33.3
236.77705940386227,33.3
238.0146963202937,33.3
239.25880238175446,33.3
240.50941140255387,33.3
241.76655737374873,33.3
243.03027446406858,33.3
244.30059702084168,33.2
245.57755957093218,33.2
246.86119682167464,33.2
248.1515436618211,33.2
249.44863516248657,33.1
250.75250657810346,33.1
252.0631933473797,33.1
253.3807310942614,33.1
254.7051556289027,33.1
256.03650294863604,33.0
257.3748092389545,33.0
258.72011087449107,33.0
260.0724444200114,33.0
261.4318466314045,33.0
262.79835445668317,32.9
264.17200503698814,32.9
265.5528357075972,32.9
266.94088399894025,32.9
268.336187637619,32.8
269.7387845474336,32.8
271.1487128504106,32.8
272.56601086784315,32.8
273.9907171213279,32.7
275.4228703338166,32.7
276.86250943066517,32.7
278.30967354069315,32.6
279.764401997247,32.6
281.2267343392687,32.5
282.6967103123723,32.5
284.1743698699204,32.5
285.65975317411466,32.4
287.152900597083,32.4
288.6538527219809,32.4
290.16265034409145,32.3
291.67933447193553,32.3
293.203946328386,32.3
294.7365273517884,32.3
296.27711919708696,32.2
297.8257637369567,32.2
299.38250306294265,32.1
300.947379486601,32.1
302.52043554065347,32.1
304.1017139801383,32.1
305.69125778357716,32.0
307.2891101541398,32.0
308.8953145208197,32.0
310.5099145396145,32.0
312.1329540947119,31.9
313.76447729968413,31.9
315.40452849868336,31.9
317.0531522676519,31.9
318.71039341552853,31.8
320.3762969854716,31.8
322.05090825607795,31.8
323.7342727426186,31.8
325.4264361982722,31.8
327.1274446153702,31.7
328.83734422664674,31.7
330.55618150649445,31.7
332.28400317222986,31.7
334.02085618535915,31.6
335.76678775285944,31.6
337.52184532845695,31.6
339.28607661392135,31.6
341.0595295603587,31.5
342.84225236951676,31.4
344.63429349509414,31.4
346.4357016440579,31.3
348.24652577796684,31.2
350.06681511430224,31.1
351.8966191278073,31.1
353.7359875518278,31.1
355.5849703796693,31.1
357.44361786595016,31.1
359.3119805279728,31.0
361.1901091470929,31.0
363.0780547701014,30.9
364.9758687106112,30.9
366.8836025504522,30.9
368.80130814107446,30.9
370.72903760495365,30.9
372.66684333701346,30.8
374.6147780060434,30.8
376.57289455613636,30.8
378.54124620812286,30.7
380.5198864610201,30.7
382.50886909348526,30.7
384.5082481652772,30.6
386.51807801872604,30.6
388.53841328020957,30.6
390.56930886163985,30.6
392.6108199619517,30.6
394.6630020686084,30.5
396.7259109591041,30.5
398.7996027024853,30.4
400.8841336608706,30.4
402.9795604909844,30.4
405.0859401456969,30.4
407.20332987557106,30.3
409.331787230421,30.2
411.4713700608718,30.2
413.6221365199375,30.2
415.78414506459575,30.1
417.95745445738237,30.0
420.1421237679842,30.0
422.33821237484636,30.0
424.5457799667861,29.9
426.76488654461485,29.9
428.9955924227691,29.9
431.23795823094935,29.9
433.49204491576995,29.9
435.7579137424112,29.8
438.0356262962907,29.8
440.3252444847303,29.8
442.62683053864555,29.8
444.9404470142319,29.8
447.2661567946673,29.7
449.60402309182115,29.7
451.9541094479714,29.7
454.3164797375345,29.8
456.6911981687959,29.9
459.0783292856624,29.9
461.4779379694089,29.9
463.89008944044906,29.9
466.31484926010245,29.9
468.7522833323791,29.9
471.20245790577025,29.8
473.6654395750488,29.7
476.14129528307956,29.6
478.630092322638,29.6
481.1318983382419,29.5
483.6467813279844,29.5
486.1748096453894,29.5
488.7160520012619,29.4
491.27057746556244,29.4
493.8384554692794,29.3
496.4197558063182,29.3
499.01454863539806,29.2
501.6229044819588,29.2
504.24489424007766,29.1
506.88058917439554,29.1
509.53006092205686,29.0
512.1933814946506,29.0
514.8706232801756,29.0
517.5618590449992,29.0
520.2671619358439,28.9
522.9866054817683,28.9
525.7202635961694,28.8
528.4682105787901,28.8
531.230521117739,28.8
534.0072702915224,28.8
536.7985335710792,28.8
539.6043868218401,28.7
542.4249063057814,28.6
545.2601686835053,28.5
548.1102510163182,28.5
550.9752307683272,28.5
553.8551858085453,28.5
556.7501944130083,28.4
559.6603352669016,28.3
562.5856874666987,28.3
565.5263305223134,28.3
568.4823443592555,28.3
571.4538093208106,28.3
574.4408061702153,28.3
577.4434160928608,28.2
580.4617206984933,28.1
583.4958020234345,28.1
586.5457425328113,28.1
589.6116251227962,28.1
592.6935331228639,28.1
595.7915502980484,28.0
598.9057608512304,28.0
602.0362494254149,28.0
605.1831011060411,28.0
608.3464014232891,28.0
611.5262363544065,28.0
614.7226923260454,28.0
617.9358562166111,28.0
621.1658153586235,28.0
624.4126575410903,28.0
627.6764710118958,28.0
630.957344480193,28.0
634.2553671188238,27.9
637.5706285667327,27.9
640.9032189314127,27.8
644.2532287913472,27.8
647.6207491984753,27.8
651.0058716806659,27.8
654.4086882442045,27.7
657.8292913762976,27.7
661.2677740475787,27.6
664.7242297146454,27.5
668.1987523225889,27.4
671.6914363075575,27.3
675.2023765993158,27.1
678.7316686238282,26.9
682.2794083058518,26.8
685.8456920715438,26.6
689.4306168510824,26.3
693.0342800813003,26.0
696.6567797083366,25.8
700.2982141902914,25.6
703.9586824999124,25.4
707.6382841272731,25.2
711.3371190824884,25.2
715.0552878984242,25.2
718.7928916334344,25.2
722.5500318741055,25.2
726.3268107380181,25.2
730.123330876526,25.2
733.9396954775374,25.2
737.7760082683312,25.2
741.6323735183645,25.2
745.508896042117,25.1
749.4056812019327,25.0
753.3228349108862,24.9
757.2604636356614,24.9
761.2186743994453,24.9
765.1975747848361,24.9
769.1972729367671,24.9
773.2178775654501,24.9
777.2594979493206,24.9
781.3222439380205,24.9
785.406225955371,24.9
789.5115550023859,24.9
793.6383426602791,24.9
797.7867010935024,24.9
801.9567430527921,24.9
806.1485818782347,24.9
810.3623315023465,24.9
814.59810645317,24.9
818.8560218573906,24.8
823.1361934434566,24.7
827.4387375447371,24.7
831.7637711026708,24.7
836.1114116699566,24.7
840.4817774137397,24.7
844.8749871188272,24.7
849.2911601909162,24.7
853.7304166598383,24.7
858.1928771828257,24.7
862.6786630477819,24.7
867.1878961765907,24.7
871.7206991284164,24.7
876.2771951030477,24.7
880.8575079442367,24.7
885.4617621430697,24.7
890.0900828413493,24.7
894.742595834996,24.7
899.4194275774676,24.7
904.1207051831946,24.7
908.8465564310401,24.7
913.5971097677627,24.7
918.3724943115215,24.7
923.1728398553701,24.7
927.998276870799,24.7
932.8489365112713,24.7
937.7249506157918,24.7
942.6264517124897,24.7
947.5535730222193,24.7
952.5064484621864,24.7
957.4852126495767,24.7
962.4900009052299,24.7
967.5209492573013,24.7
972.5781944449744,24.8
977.6618739221665,24.9
982.772125861269,24.9
987.9090891569025,24.9
993.0729034296917,24.9
998.26370903006,24.9
1003.4816470420445,24.9
1008.7268592871307,24.9
1013.9994883281055,24.9
1019.2996774729368,24.9
1024.627570778662,24.9
1029.9833130553077,24.9
1035.3670498698243,24.9
1040.778927550043,24.9
1046.219093188652,24.9
1051.687694647196,24.9
1057.1848805600926,25.1
1062.7108003386745,25.2
1068.2656041752484,25.2
1073.849443047181,25.2
1079.4624687209969,25.2
1085.104833756507,25.2
1090.7766915109553,25.2
1096.4781961431852,25.2
1102.2095026178308,25.2
1107.9707667095288,25.2
1113.7621450071517,25.2
1119.5837949180645,25.2
1125.4358746724013,25.2
1131.3185433273702,25.2
1137.231960771571,25.2
1143.1762877293438,25.2
1149.1516857651375,25.2
1155.1583172879002,25.2
1161.1963455554942,25.2
1167.2659346791324,25.2
1173.3672496278396,25.2
1179.5004562329357,25.2
1185.6657211925422,25.2
1191.8632120761172,25.2
1198.0930973290035,25.2
1204.355546277011,25.2
1210.650729131018,25.2
1216.9788169915967,25.2
1223.3399818536654,25.2
1229.7343966111616,25.2
1236.162235061742,25.2
1242.6236719115057,25.2
1249.1188827797416,25.2
1255.6480442037073,25.2
1262.2113336434193,25.2
1268.8089294864806,25.2
1275.4410110529293,25.2
1282.1077586001115,25.2
1288.8093533275808,25.2
1295.5459773820237,25.2
1302.3178138622095,25.2
1309.1250468239675,25.2
1315.967861285188,25.2
1322.8464432308563,25.2
1329.7609796180998,25.2
1336.7116583812742,25.2
1343.6986684370715,25.2
1350.7221996896535,25.2
1357.782443035813,25.2
1364.879590370164,25.2
1372.0138345903551,25.3
1379.1853696023147,25.4
1386.3943903255179,25.4
1393.6410926982915,25.4
1400.9256736831292,25.4
1408.248331272053,25.4
1415.6092644919916,25.4
1423.0086734101894,25.4
1430.4467591396458,25.4
1437.9237238445805,25.4
1445.439770745928,25.5
1452.9951041268616,25.6
1460.589929338344,25.6
1468.224452804715,25.6
1475.898882029292,25.6
1483.6134256000173,25.6
1491.3682931951248,25.6
1499.1636955888393,25.7
1506.999844657106,25.7
1514.8769533833477,25.7
1522.7952358642551,25.7
1530.754907315605,25.7
1538.7561840781082,25.7
1546.799283623296,25.7
1554.8844245594228,25.8
1563.0118266374113,25.8
1571.181710756826,25.9
1579.3942989718767,26.0
1587.649814497453,26.0
1595.9484817151922,26.1
1604.2905261795772,26.1
1612.6761746240677,26.1
1621.1056549672617,26.3
1629.5791963190893,26.4
1638.097028987047,26.4
1646.6593844824454,26.4
1655.266495526711,26.4
1663.9185960577072,26.5
1672.6159212360947,26.6
1681.3587074517213,26.6
1690.1471923300487,26.6
1698.9816147386093,26.6
1707.8622147934998,26.6
1716.789233865905,26.6
1725.7629145886658,26.6
1734.7835008628629,26.6
1743.8512378644525,26.7
1752.9663720509295,26.7
1762.1291511680254,26.8
1771.3398242564415,26.8
1780.598641658619,26.8
1789.9058550255418,26.8
1799.2617173235774,26.8
1808.6664828413498,26.8
1818.1204071966588,26.8
1827.6237473434162,26.8
1837.1767615786375,26.8
1846.7797095494598,26.8
1856.4328522602,26.8
1866.1364520794475,26.8
1875.8907727471963,26.8
1885.6960793820124,26.8
1895.552638488241,26.8
1905.4607179632462,26.8
1915.4205871047022,26.8
1925.4325166178992,26.8
1935.4967786231095,26.8
1945.6136466629825,26.8
1955.783395709978,26.8
1966.006302173841,26.8
1976.282643909114,26.8
1986.6127002226892,26.8
1996.996751881399,26.8
2007.4350811196462,26.8
2017.927971647083,26.8
2028.4757086563097,26.8
2039.078578830634,26.8
2049.736870351861,26.8
2060.4508729081267,26.8
2071.22087770177,26.8
2082.0471774572497,26.8
2092.9300664290977,26.8
2103.8698404099196,26.8
2114.8667967384304,26.8
2125.9212343075446,26.8
2137.0334535724887,26.8
2148.2037565589744,26.7
2159.4324468714053,26.7
2170.71982970113,26.6
2182.0662118347364,26.6
2193.4719016623894,26.6
2204.937209186215,26.6
2216.4624460287228,26.6
2228.0479254412767,26.6
2239.6939623126154,26.6
2251.4008731773993,26.5
2263.168976224821,26.4
2274.9985913072546,26.4
2286.890039948944,26.4
2298.843645354747,26.4
2310.8597324189163,26.4
2322.9386277339318,26.3
2335.0806595993763,26.2
2347.2861580308577,26.0
2359.5554547689862,26.0
2371.8888832883777,25.9
2384.2867788067265,25.9
2396.7494782939148,25.9
2409.2773204811715,25.8
2421.8706458702773,25.7
2434.5297967428205,25.6
2447.2551171695004,25.5
2460.0469530194778,25.5
2472.905651969775,25.5
2485.8315635147337,25.4
2498.825038975499,25.4
2511.88643150958,25.4
2525.0160961204438,25.3
2538.2143896671673,25.3
2551.481670874133,25.2
2564.8183003407817,25.1
2578.224640551411,25.0
2591.7010558850307,24.9
2605.247912625263,24.8
2618.8655789702975,24.8
2632.5544250429093,24.7
2646.314822900502,24.7
2660.14714654523,24.6
2674.051771934164,24.5
2688.029076989506,24.3
2702.079441608862,24.2
2716.20324767557,24.1
2730.400879069075,24.0
2744.6727216753675,23.9
2759.0191633974646,23.7
2773.440594165967,23.3
2787.9374059496395,23.0
2802.509992766076,22.9
2817.1587506924047,22.8
2831.8840778760564,22.7
2846.686374545581,22.5
2861.5660430215316,22.1
2876.5234877273942,21.7
2891.5591152005823,21.5
2906.6733341034837,21.3
2921.8665552345788,21.1
2937.139191539587,20.8
2952.4916581227058,20.6
2967.9243722578863,20.4
2983.4377534001765,20.2
2999.0322231971227,20.0
3014.7082055002275,19.8
3030.466126376471,19.6
3046.306414119893,19.4
3062.229499263226,19.2
3078.2358145896155,19.2
3094.325795144359,19.1
3110.4998782467446,19.0
3126.7585035019356,19.0
3143.1021128129173,18.9
3159.5311503925072,18.9
3176.0460627754296,18.9
3192.6472988304513,18.8
3209.335309772584,18.7
3226.1105491753406,18.5
3242.973472983081,18.3
3259.924539523382,18.2
3276.9642095195077,18.1
3294.0929461029286,17.9
3311.311214825911,17.8
3328.6194836741684,17.7
3346.018223079582,17.6
3363.507905932988,17.5
3381.089007597027,17.3
3398.762005919066,17.0
3416.527381244194,16.9
3434.385616428264,16.8
3452.337196851022,16.8
3470.382610429304,16.8
3488.5223476302926,16.7
3506.7569014848486,16.6
3525.0867676009134,16.4
3543.512444176976,16.3
3562.034432015617,16.2
3580.6532345371147,16.1
3599.369357793143,16.0
3618.1833104805046,15.9
3637.095603954969,15.8
3656.1067522451726,15.7
3675.2172720665826,15.6
3694.4276828355482,15.5
3713.738506683413,15.2
3733.1502684707093,15.0
3752.6634958014215,14.8
3772.2787190373247,14.7
3791.9964713124127,14.6
3811.817288547367,14.4
3831.7417094641373,14.2
3851.7702756005806,14.0
3871.9035313251793,13.9
3892.1420238518376,13.8
3912.4863032547537,13.7
3932.936922483372,13.5
3953.4944373774106,13.2
3974.1594066819653,13.0
3994.9323920627126,12.9
4015.8139581211503,12.7
4036.8046724099613,12.4
4057.9051054484326,12.2
4079.115830737964,12.0
4100.437424777656,11.9
4121.870467079975,11.8
4143.41554018651,11.8
4165.0732296838005,11.7
4186.844124219257,11.7
4208.728815517151,11.6
4230.72789839472,11.6
4252.841970778305,11.6
4275.071633719623,11.6
4297.417491412092,11.7
4319.880151207261,11.7
4342.460223631314,11.8
4365.158322401661,11.8
4387.975064443623,11.9
4410.911069907196,11.9
4433.9669621839075,12.0
4457.1433679237725,12.0
4480.4409170523,12.1
4503.860242787635,12.2
4527.40198165776,12.4
4551.0667735177985,12.5
4574.855261567406,12.6
4598.768092368251,12.8
4622.80591586159,12.9
4646.969385385929,13.1
4671.25915769478,13.2
4695.675892974527,13.4
4720.220254862348,13.6
4744.892910464259,13.7
4769.694530373255,13.9
4794.625788687525,14.1
4819.68736302878,14.3
4844.87993456067,14.7
4870.204188007296,15.1
4895.660811671819,15.4
4921.250497455168,15.5
4946.973940874864,15.6
4972.8318410838865,15.8
4998.824900889706,16.1
5024.953826773381,16.5
5051.219328908747,16.8
5077.622121181736,17.1
5104.162921209768,17.3
5130.842450361258,17.5
5157.661433775227,17.6
5184.620600380999,17.8
5211.720682918039,18.1
5238.962417955835,18.6
5266.346545913939,19.1
5293.873811082085,19.4
5321.544961640422,19.5
5349.360749679845,19.5
5377.321931222439,19.4
5405.429266242027,19.4
5433.683518684824,19.3
5462.085456490198,19.3
5490.635851611563,19.2
5519.335480037329,19.1
5548.185121812011,18.8
5577.185561057427,18.4
5606.337585994012,18.2
5635.641988962242,18.0
5665.0995664441625,17.8
5694.7111190850455,17.5
5724.477451715144,17.2
5754.399373371566,16.7
5784.477697320285,16.3
5814.713241078208,16.0
5845.10682643542,15.8
5875.659279477514,15.7
5906.371430608045,15.6
5937.244114571097,15.4
5968.278170473975,15.3
5999.4744418100045,15.2
6030.833776481469,15.0
6062.357026822636,14.9
6094.045049622959,14.7
6125.898706150321,14.5
6157.918862174471,14.4
6190.106387990547,14.3
6222.462158442733,14.2
6254.987052948034,14.2
6287.681955520183,14.1
6320.547754793659,14.1
6353.585344047851,14.0
6386.795621231329,13.9
6420.179488986247,13.9
6453.7378546729,13.8
6487.471630394349,13.8
6521.381733021235,13.8
6555.469084216698,13.8
6589.734610461422,13.9
6624.179243078815,13.9
6658.80391826033,14.0
6693.609577090902,14.0
6728.597165574533,14.1
6763.767634659991,14.2
6799.1219402666875,14.3
6834.661043310619,14.4
6870.385909730507,14.4
6906.297510514049,14.5
6942.39682172431,14.6
6978.684824526248,14.5
7015.162505213385,14.6
7051.830855234612,14.9
7088.690871221135,15.1
7125.7435550135615,15.1
7162.989913689153,15.2
7200.430959589155,15.2
7238.067710346342,15.2
7275.901188912673,15.2
7313.932423587085,15.2
7352.162448043451,15.2
7390.59230135867,15.2
7429.22302804091,15.2
7468.055678057999,15.2
7507.091306865953,15.3
7546.330975437692,15.5
7585.775750291836,15.8
7625.426703521717,15.9
7665.284912824515,16.0
7705.351461530549,16.1
7745.627438632719,16.2
7786.113938816104,16.4
7826.81206248772,16.6
7867.722915806424,16.7
7908.847610712972,17.1
7950.187264960275,17.5
7991.743002143727,17.8
8033.515951731782,17.9
8075.507249096639,18.0
8117.718035545101,18.2
8160.149458349601,18.6
8202.80267077938,19.1
8245.67883213183,19.4
8288.77910776401,19.7
8332.104669124305,19.9
8375.656693784302,20.0
8419.436365470749,20.3
8463.444874097753,20.5
8507.683415799123,20.6
8552.153192960874,20.6
8596.855414253905,20.6
8641.791294666864,20.6
8686.962055539152,20.6
8732.36892459413,20.6
8778.01313597248,20.6
8823.895930265779,20.6
8870.018554550163,20.5
8916.382262420266,20.5
8962.988314023276,20.4
9009.83797609319,20.3
9056.932521985234,20.2
9104.273231710486,20.0
9151.861391970657,19.9
9199.698296193066,19.9
9247.785244565785,19.9
9296.12354407301,19.9
9344.714508530542,19.8
9393.559458621517,20.0
9442.659721932305,20.1
9492.016632988581,20.2
9541.631533291613,20.4
9591.505771354708,20.5
9641.64070273987,20.7
9692.037690094652,20.8
9742.698103189163,20.9
9793.623318953358,21.1
9844.814721514387,21.3
9896.27370223427,21.6
9948.001659747684,22.3
10000.0,23.0
10052.270136285486,23.3
10104.813489285681,23.5
10157.6314871081,23.7
10210.725565324987,23.9
10264.09716701231,24.0
10317.747742788988,24.1
10371.678750856474,24.2
10425.891657038128,24.3
10480.387934819217,24.3
10535.16906538697,24.3
10590.236537670813,24.3
10645.591848382772,24.2
10701.236502058211,24.2
10757.172011096769,24.1
10813.399895803414,23.7
10869.921684429703,23.0
10926.73891321545,22.7
10983.85312643042,22.4
11041.265876416248,22.2
11098.978723628681,22.0
11156.993236680037,21.5
11215.310992381786,20.6
11273.933575787378,19.9
11332.862580235347,19.3
11392.099607392682,18.8
11451.646267298307,18.6
11511.504178406769,18.3
11571.674967632372,17.3
11632.16027039332,16.3
11692.961730656129,15.8
11754.08100098034,15.3
11815.519742563505,14.8
11877.27962528627,14.4
11939.362327757724,14.1
12001.76953736107,13.8
12064.50295029953,13.7
12127.56427164241,13.7
12190.95521537136,13.6
12254.677504427105,13.5
12318.732870756214,13.5
12383.123055358106,13.6
12447.849808332432,13.8
12512.914888926687,14.2
12578.320065583976,14.5
12644.067115991029,15.0
12710.157827126544,15.4
12776.593995309939,15.5
12843.377426249857,15.7
12910.50993509343,15.8
12977.99334647565,15.9
13045.829494568892,16.3
13114.020223132724,16.9
13182.567385564074,17.5
13251.472844947652,18.1
13320.738474106534,18.7
13390.366155652993,19.3
13460.35778203982,19.9
13530.715255611682,20.5
13601.440488656775,21.1
13672.535403458849,21.7
13744.001932349513,22.1
13815.842017760702,22.1
13888.057612277411,22.1
13960.650678690825,22.1
14033.62319005172,22.1
14106.977129724035,22.0
14180.714491438697,21.1
14254.837279347976,19.9
14329.347508079869,20.6
14404.247202792812,22.6
14479.538399230763,26.0
14555.223143778607,29.1
14631.303493517702,29.2
14707.78151628175,29.2
14784.65929071304,29.2
14861.938906319014,29.1
14939.622463529,29.0
15017.712073751207,28.9
15096.209859430292,27.8
15175.117954104964,26.5
15254.438502465904,25.1
15334.173660414117,23.4
15414.325595119602,22.5
15494.896485080177,22.0
15575.88852018064,20.7
15657.303901752315,19.4
15739.1448426331,18.7
15821.413567227246,17.9
15904.112311566014,17.4
15987.243323368504,17.1
16070.808862102673,16.3
16154.811199046684,15.6
16239.252617350698,15.2
16324.135412099,14.7
16409.461890372313,13.6
16495.23437131044,12.0
16581.455186175313,11.0
16668.12667841462,12.6
16755.251203725067,11.2
