10.0,55.6
10.052270136285475,55.6
10.104813489285682,55.6
10.157631487108103,55.6
10.210725565324982,55.6
10.264097167012295,55.6
10.317747742789004,55.6
10.371678750856479,55.6
10.425891657038118,55.6
10.480387934819216,55.6
10.535169065386981,55.6
10.590236537670812,55.6
10.64559184838276,55.6
10.701236502058206,55.6
10.757172011096776,55.6
10.813399895803409,55.6
10.869921684429707,55.6
10.926738913215466,55.6
10.98385312643042,55.6
11.041265876416237,55.6
11.098978723628681,55.6
11.156993236680048,55.6
11.215310992381788,55.6
11.27393357578736,55.6
11.332862580235341,55.6
11.392099607392687,55.6
11.451646267298301,55.6
11.511504178406776,55.6
11.571674967632385,55.6
11.632160270393321,55.6
11.692961730656117,55.6
11.75408100098034,55.6
11.815519742563518,55.6
11.87727962528627,55.6
11.939362327757706,55.6
12.001769537361062,55.6
12.064502950299536,55.6
12.127564271642404,55.6
12.190955215371359,55.6
12.254677504427118,55.6
12.318732870756214,55.6
12.383123055358094,55.6
12.447849808332432,55.6
12.5129148889267,55.6
12.578320065583968,55.6
12.644067115991009,55.6
12.710157827126565,55.6
12.776593995309947,55.6
12.843377426249843,55.6
12.910509935093431,55.6
12.977993346475664,55.6
13.045829494568892,55.6
13.11402022313271,55.6
13.182567385564074,55.6
13.251472844947658,55.6
13.320738474106527,55.6
13.390366155653,55.6
13.460357782039841,55.6
13.530715255611682,55.6
13.601440488656761,55.6
13.672535403458848,55.6
13.744001932349526,55.6
13.815842017760701,55.6
13.888057612277397,55.6
13.960650678690818,55.6
14.033623190051728,55.6
14.10697712972403,55.6
14.180714491438705,55.5
14.25483727934799,55.5
14.32934750807987,55.5
14.404247202792797,55.5
14.479538399230764,55.5
14.55522314377862,55.5
14.631303493517702,55.5
14.707781516281727,55.5
14.784659290713032,55.5
14.861938906319022,55.5
14.939622463528993,55.5
15.017712073751214,55.5
15.096209859430308,55.5
15.175117954104964,55.5
15.254438502465888,55.5
15.334173660414118,55.5
15.414325595119617,55.5
15.494896485080169,55.5
15.575888520180618,55.5
15.65730390175234,55.5
15.73914484263311,55.5
15.821413567227237,55.5
15.904112311566013,55.5
15.98724332336852,55.5
16.070808862102673,55.5
16.154811199046666,55.5
16.239252617350697,55.5
16.324135412099007,55.5
16.409461890372306,55.5
16.495234371310413,55.5
16.58145518617534,55.5
16.668126678414627,55.5
16.755251203725052,55.5
16.84283113011666,55.5
16.930868837977105,55.5
17.01936672013636,55.4
17.108327181931763,55.4
17.197752641273365,55.3
17.28764552870969,55.3
17.378008287493753,55.3
17.4688433736495,55.3
17.560153256038525,55.3
17.651940416427212,55.3
17.744207349554188,55.3
17.836956563198083,55.3
17.93019057824573,55.3
18.023911928760675,55.3
18.118123162052047,55.3
18.21282683874379,55.3
18.30802553284428,55.3
18.403721831816252,55.3
18.499918336647156,55.3
18.59661766191982,55.3
18.69382243588356,55.3
18.791535300525574,55.3
18.889758911642755,55.3
18.98849593891389,55.3
19.08774906597221,55.3
19.187520990478333,55.3
19.287814424193606,55.3
19.388632093053765,55.3
19.48997673724305,55.3
19.591851111268685,55.3
19.69425798403576,55.2
19.79720013892245,55.2
19.90068037385568,55.1
20.004701501387192,55.1
20.109266348769967,55.1
20.214377758035074,55.1
20.320038586068932,55.1
20.426251704690927,55.1
20.533020000731486,55.1
20.64034637611054,55.1
20.748233747916412,55.1
20.856685048485062,55.1
20.965703225479817,55.1
21.075291241971485,55.1
21.185452076518878,55.1
21.296188723249774,55.1
21.407504191942323,55.1
21.519401508106792,55.1
21.631883713067854,55.1
21.744953864047204,55.1
21.858615034246718,55.1
21.972870312931903,55.1
22.087722805515906,55.0
22.203175633643916,54.9
22.319231935278008,54.8
22.435894864782412,54.8
22.553167593009288,54.8
22.671053307384867,54.8
22.789555211996095,54.8
22.908676527677724,54.8
23.028420492099883,54.8
23.148790359856015,54.8
23.26978940255137,54.8
23.391420908891938,54.8
23.51368818477381,54.8
23.63659455337303,54.8
23.760143355235964,54.8
23.884337948370025,54.8
24.009181708334992,54.8
24.134678028334722,54.8
24.260830319309434,54.8
24.387642010028344,54.8
24.515116547182902,54.7
24.64325739548046,54.6
24.772068037738443,54.6
24.901551974979007,54.6
25.031712726524198,54.6
25.162553830091625,54.6
25.294078841890578,54.6
25.426291336718684,54.6
25.559194908059133,54.6
25.692793168178262,54.6
25.827089748223784,54.6
25.96208829832347,54.6
26.097792487684362,54.6
26.234206004692496,54.6
26.371332557013133,54.6
26.5091758716916,54.6
26.647739695254497,54.5
26.787027793811582,54.5
26.9270439531581,54.4
27.06779197887776,54.4
27.209275696446046,54.4
27.351498951334275,54.4
27.494465609114105,54.4
27.638179555562576,54.4
27.782644696767733,54.4
27.92786495923483,54.4
28.07384428999299,54.4
28.220586656702505,54.4
28.368096047762684,54.3
28.516376472420284,54.3
28.66543196087842,54.3
28.815266564406134,54.3
28.965884355448516,54.3
29.11728942773738,54.3
29.26948589640251,54.3
29.42247789808359,54.3
29.57626959104251,54.3
29.730865155276486,54.3
29.88626879263161,54.3
30.04248472691713,54.3
30.19951720402016,54.3
30.357370492021133,54.3
30.516048881309793,54.2
30.675556684701824,54.1
30.835898237556027,54.1
30.99707789789224,54.1
31.15910004650967,54.1
31.321969087106055,54.1
31.485689446397288,54.1
31.650265574237824,54.1
31.815701943741516,54.1
31.98200305140326,54.1
32.14917341722119,54.1
32.31721758481955,54.1
32.486140121572134,54.1
32.655945618726484,54.0
32.82663869152868,53.9
32.99822397934869,53.9
33.170706145806605,53.9
33.34408987889928,53.9
33.51837989112781,53.9
33.69358091962557,53.9
33.86969772628702,53.9
34.04673509789711,53.9
34.224697846261364,53.8
34.40359080833668,53.7
34.58341884636283,53.6
34.764186847994516,53.6
34.94589972643436,53.6
35.12856242056629,53.6
35.312179895089876,53.6
35.496757140655234,53.6
35.68229917399868,53.6
35.86881103807908,53.6
36.05629780221492,53.6
36.24476456222205,53.6
36.434216440552284,53.6
36.6246585864325,53.5
36.81609617600466,53.4
37.00853441246656,53.4
37.2019785262131,53.4
37.39643377497855,53.4
37.591905443979435,53.4
37.788398846058186,53.4
37.985919321827524,53.4
38.184472239815605,53.4
38.384062996612016,53.3
38.584697017014335,53.2
38.786379754175634,53.2
38.98911668975273,53.2
39.1929133340551,53.2
39.39777522619469,53.2
39.60370793423646,53.2
39.810717055349734,53.2
40.0188082159603,53.2
40.227987071903335,53.2
40.43825930857721,53.2
40.64963064109788,53.1
40.8621068144543,53.1
41.075693603664625,53.1
41.29039681393302,53.1
41.506222280807584,53.1
41.72317587033889,53.0
41.94126347923944,53.0
42.16049103504393,52.9
42.38086449627034,52.9
42.60238985258197,52.9
42.825073124950116,52.9
43.04892036581776,52.9
43.27393765926414,52.9
43.500131121170035,52.9
43.727506899384,52.9
43.956071173889484,52.9
44.18583015697281,52.8
44.416790093392,52.7
44.648957260546474,52.7
44.88233796864779,52.7
45.116938560890986,52.7
45.35276541362708,52.7
45.58982493653644,52.7
45.82812357280281,52.6
46.067667799288614,52.5
46.308464126710895,52.4
46.55051909981832,52.4
46.793839297569036,52.4
47.03843133330949,52.4
47.28430185495417,52.4
47.531457545166376,52.4
47.77990512153967,52.4
48.02965133678067,52.4
48.28070297889241,52.3
48.53306687135893,52.3
48.78674987333074,52.2
49.041758879811184,52.2
49.298100821843896,52.2
49.55578266670119,52.2
49.81481141807335,52.2
50.07519411625915,52.2
50.336937838356974,52.1
50.60004969845742,52.1
50.86453684783644,52.0
51.13040647514984,52.0
51.39766580662862,52.0
51.66632210627541,52.0
51.93638267606184,52.0
52.20785485612707,52.0
52.48074602497726,52.0
52.75506359968615,51.9
53.030815036096584,51.9
53.308007829023246,51.9
53.58664951245627,51.9
53.866747659766084,51.9
54.148309883909214,51.8
54.431343837635225,51.8
54.7158572136947,51.7
55.00185774504835,51.7
55.28935320507712,51.7
55.57835140779364,51.7
55.86886020805435,51.6
56.160887501773274,51.6
56.45444122613637,51.5
56.74952935981742,51.5
57.04615992319485,51.5
57.34434097856969,51.5
57.64408063038476,51.5
57.94538702544487,51.5
58.24826835313831,51.4
58.552732845659456,51.3
58.85878877823242,51.2
59.166444469336014,51.2
59.475708280929936,51.2
59.786588618681876,51.2
60.0990939321961,51.2
60.41323271524305,51.1
60.72901350599024,51.0
61.046444887234294,51.0
61.365535486634215,51.0
61.686293976945976,51.0
62.008729076258064,51.0
62.332849548228545,51.0
62.658664202323344,51.0
62.98618189405547,51.0
63.315411525225876,51.0
63.64636204416533,50.9
63.979042445977655,50.8
64.31346177278421,50.8
64.64962911396958,50.8
64.98755360642885,50.8
65.32724443481563,50.7
65.66871083179183,50.7
66.01196207827876,50.6
66.35700750370908,50.6
66.7038564862806,50.6
67.05251845321108,50.6
67.40300288099445,50.6
67.75531929565844,50.6
68.1094772730234,50.6
68.46548643896274,50.6
68.82335646966433,50.6
69.18309709189363,50.5
69.54471808325809,50.5
69.90822927247277,50.5
70.27364053962762,50.4
70.6409618164559,50.4
71.01020308660422,50.3
71.38137438590384,50.3
71.75448580264342,50.3
72.12954747784322,50.3
72.50656960553087,50.3
72.88556243301818,50.2
73.26653626117992,50.1
73.64950144473359,50.1
74.03446839252094,50.1
74.42144756779092,50.1
74.810449488484,50.1
75.20148472751808,50.0
75.59456391307583,49.9
75.98969772889355,49.8
76.38689691455168,49.8
76.78617226576647,49.8
77.18753463468363,49.8
77.59099493017311,49.7
77.99656411812569,49.6
78.404253221751,49.6
78.8140733218772,49.6
79.226035557252,49.6
79.64015112484554,49.6
80.05643128015467,49.5
80.47488733750892,49.4
80.89553067037787,49.4
81.31837271168051,49.4
81.74342495409579,49.4
82.170698950375,49.4
82.60020631365589,49.3
83.03195871777821,49.3
83.46596789760103,49.3
83.90224564932171,49.3
84.34080383079642,49.3
84.78165436186265,49.3
85.22480922466286,49.3
85.67028046397054,49.2
86.11808018751721,49.2
86.56822056632171,49.1
87.020713835021,49.1
87.47557229220259,49.1
87.93280830073893,49.1
88.39243428812335,49.0
88.85446274680783,49.0
89.31890623454267,48.9
89.78577737471758,48.9
90.25508885670492,48.9
90.72685343620469,48.9
91.20108393559097,48.8
91.67779324426061,48.7
92.15699431898352,48.6
92.63870018425483,48.6
93.12292393264887,48.6
93.60967872517497,48.6
94.09897779163542,48.6
94.5908344309847,48.5
95.0852620116911,48.4
95.58227397210023,48.4
96.08188382079996,48.4
96.5841051369878,48.4
97.08895157083991,48.4
97.59643684388209,48.3
98.10657474936274,48.2
98.61937915262773,48.2
99.13486399149741,48.2
99.65304327664518,48.1
100.17393109197839,48.1
100.69754159502135,48.1
101.22388901729977,48.1
101.75298766472777,48.1
102.28485191799675,48.0
102.81949623296607,48.0
103.35693514105618,47.9
103.89718324964329,47.9
104.44025524245698,47.9
104.98616587997819,47.9
105.53492999984189,47.8
106.08656251723878,47.8
106.64107842532215,47.7
107.19849279561431,47.7
107.75882077841675,47.7
108.32207760322176,47.7
108.88827857912626,47.7
109.45743909524856,47.6
110.02957462114523,47.5
110.60470070723336,47.4
111.18283298521138,47.4
111.76398716848561,47.4
112.3481790525961,47.4
112.93542451564652,47.3
113.5257395187356,47.2
114.11914010639099,47.1
114.71564240700522,47.1
115.3152626332741,47.0
115.91801708263789,47.0
116.52392213772293,47.0
117.13299426678874,47.0
117.74525002417371,46.9
118.36070605074681,46.9
118.97937907435858,46.9
119.60128591029638,46.9
120.22644346174131,46.9
120.85486872022751,46.8
121.4865787661046,46.8
122.12159076900052,46.7
122.75992198829012,46.7
123.40158977356222,46.7
124.04661156509306,46.7
124.69500489431896,46.6
125.34678738431336,46.6
126.00197675026583,46.5
126.6605907999634,46.5
127.3226474342747,46.5
127.98816464763628,46.5
128.6571605285424,46.4
129.32965326003517,46.3
130.00566112020084,46.2
130.68520248266435,46.2
131.36829581709074,46.2
132.05495968968575,46.2
132.74521276370103,46.1
133.43907379994133,46.1
134.1365616572744,46.0
134.83769529314347,46.0
135.54249376408254,46.0
136.25097622623485,46.0
136.96316193587217,45.9
137.67907024992007,45.9
138.39872062648203,45.8
139.1221326253702,45.8
139.84932590863562,45.8
140.58032024110324,45.8
141.31513549090906,45.8
142.05379163003997,45.8
142.7963087348772,45.8
143.5427069867405,45.7
144.29300667243896,45.6
145.04722818481977,45.6
145.80539202332486,45.6
146.56751879454652,45.5
147.333629212788,45.5
148.1037441006266,45.5
148.87788438947953,45.5
149.65607112017267,45.5
150.43832544351253,45.5
151.2246686208618,45.4
152.01512202471548,45.3
152.80970713928414,45.3
153.6084455610754,45.2
154.41135899948313,45.2
155.218469277376,45.1
156.02979833169113,45.1
156.8453682140304,45.0
157.66520109125955,44.9
158.48931924611142,44.8
159.3177450777899,44.8
160.15050110258113,44.8
160.9876099544629,44.8
161.82909438572216,44.7
162.67497726757185,44.7
163.52528159077312,44.6
164.38003046626017,44.6
165.23924712576837,44.6
166.1029549224657,44.6
166.97117733158728,44.6
167.8439379510743,44.6
168.72126050221348,44.6
169.60316883028446,44.5
170.48968690520502,44.4
171.38083882218535,44.4
172.27664880238083,44.4
173.17714119355136,44.3
174.08234047072295,44.3
174.99227123685273,44.3
175.9069582234984,44.3
176.82642629148881,44.3
177.75070043160196,44.2
178.67980576524164,44.2
179.61376754512278,44.1
180.55261115595593,44.1
181.49636211513797,44.1
182.44504607344558,44.1
183.39868881573247,44.1
184.35731626163007,44.0
185.3209544662519,43.9
186.28962962090262,43.9
187.26336805378796,43.9
188.24219623073301,43.9
189.2261407558986,43.9
190.21522837250714,43.8
191.20948596356752,43.7
192.20894055260666,43.6
193.21361930440384,43.6
194.22354952572874,43.6
195.2387586660848,43.6
196.25927431845295,43.5
197.28512422004457,43.4
198.31633625305224,43.4
199.35293844541056,43.3
200.39495897155572,43.3
201.4424261531923,43.2
202.4953684600627,43.2
203.55381451072122,43.2
204.6177930733116,43.2
205.6873330663489,43.2
206.76246355950653,43.1
207.84321377440395,43.1
208.92961308540407,43.1
210.02169102040844,43.1
211.11947726166272,43.1
212.22300164656127,43.1
213.33229416845913,43.0
214.447384977487,42.9
215.5683043813707,42.9
216.69508284625502,42.8
217.8277509975314,42.7
218.9663396206716,42.7
220.1108796620618,42.7
221.26140222984722,42.7
222.41793859477394,42.7
223.5805201910423,42.6
224.74917861715863,42.5
225.9239456367954,42.4
227.10485317965416,42.4
228.29193334233327,42.4
229.48521838920135,42.4
230.68474075327168,42.3
231.89053303708724,42.3
233.102628013603,42.2
234.32105862708036,42.2
235.5458579939798,42.1
236.77705940386227,42.1
238.0146963202937,42.0
239.25880238175446,42.0
240.50941140255387,42.0
241.76655737374873,42.0
243.03027446406858,42.0
244.30059702084168,41.9
245.57755957093218,41.9
246.86119682167464,41.9
248.1515436618211,41.9
249.44863516248657,41.9
250.75250657810346,41.8
252.0631933473797,41.8
253.3807310942614,41.7
254.7051556289027,41.7
256.03650294863604,41.7
257.3748092389545,41.7
258.72011087449107,41.6
260.0724444200114,41.6
261.4318466314045,41.5
262.79835445668317,41.5
264.17200503698814,41.5
265.5528357075972,41.5
266.94088399894025,41.4
268.336187637619,41.3
269.7387845474336,41.2
271.1487128504106,41.2
272.56601086784315,41.2
273.9907171213279,41.2
275.4228703338166,41.2
276.86250943066517,41.1
278.30967354069315,41.0
279.764401997247,41.0
281.2267343392687,41.0
282.6967103123723,41.0
284.1743698699204,41.0
285.65975317411466,41.0
287.152900597083,41.0
288.6538527219809,40.9
290.16265034409145,40.8
291.67933447193553,40.7
293.203946328386,40.7
294.7365273517884,40.6
296.27711919708696,40.6
297.8257637369567,40.5
299.38250306294265,40.5
300.947379486601,40.5
302.52043554065347,40.5
304.1017139801383,40.5
305.69125778357716,40.4
307.2891101541398,40.3
308.8953145208197,40.3
310.5099145396145,40.3
312.1329540947119,40.3
313.76447729968413,40.3
315.40452849868336,40.2
317.0531522676519,40.2
318.71039341552853,40.1
320.3762969854716,40.1
322.05090825607795,40.1
323.7342727426186,40.1
325.4264361982722,40.0
327.1274446153702,39.9
328.83734422664674,39.8
330.55618150649445,39.8
332.28400317222986,39.8
334.02085618535915,39.8
335.76678775285944,39.8
337.52184532845695,39.8
339.28607661392135,39.8
341.0595295603587,39.7
342.84225236951676,39.6
344.63429349509414,39.6
346.4357016440579,39.5
348.24652577796684,39.5
350.06681511430224,39.4
351.8966191278073,39.4
353.7359875518278,39.4
355.5849703796693,39.4
357.44361786595016,39.4
359.3119805279728,39.3
361.1901091470929,39.3
363.0780547701014,39.3
364.9758687106112,39.3
366.8836025504522,39.3
368.80130814107446,39.3
370.72903760495365,39.2
372.66684333701346,39.1
374.6147780060434,39.1
376.57289455613636,39.1
378.54124620812286,39.1
380.5198864610201,39.1
382.50886909348526,39.0
384.5082481652772,38.9
386.51807801872604,38.9
388.53841328020957,38.9
390.56930886163985,38.9
392.6108199619517,38.9
394.6630020686084,38.8
396.7259109591041,38.7
398.7996027024853,38.6
400.8841336608706,38.6
402.9795604909844,38.6
405.0859401456969,38.6
407.20332987557106,38.5
409.331787230421,38.4
411.4713700608718,38.4
413.6221365199375,38.4
415.78414506459575,38.3
417.95745445738237,38.2
420.1421237679842,38.2
422.33821237484636,38.2
424.5457799667861,38.2
426.76488654461485,38.2
428.9955924227691,38.1
431.23795823094935,38.1
433.49204491576995,38.1
435.7579137424112,38.1
438.0356262962907,38.1
440.3252444847303,38.1
442.62683053864555,38.0
444.9404470142319,37.9
447.2661567946673,37.9
449.60402309182115,37.9
451.9541094479714,37.9
454.3164797375345,37.9
456.6911981687959,37.8
459.0783292856624,37.7
461.4779379694089,37.7
463.89008944044906,37.7
466.31484926010245,37.7
468.7522833323791,37.7
471.20245790577025,37.6
473.6654395750488,37.5
476.14129528307956,37.4
478.630092322638,37.4
481.1318983382419,37.4
483.6467813279844,37.4
486.1748096453894,37.4
488.7160520012619,37.3
491.27057746556244,37.3
493.8384554692794,37.2
496.4197558063182,37.2
499.01454863539806,37.2
501.6229044819588,37.2
504.24489424007766,37.1
506.88058917439554,37.1
509.53006092205686,37.0
512.1933814946506,37.0
514.8706232801756,37.0
517.5618590449992,37.0
520.2671619358439,37.0
522.9866054817683,36.9
525.7202635961694,36.9
528.4682105787901,36.9
531.230521117739,36.9
534.0072702915224,36.9
536.7985335710792,36.9
539.6043868218401,36.9
542.4249063057814,36.9
545.2601686835053,36.9
548.1102510163182,36.8
550.9752307683272,36.8
553.8551858085453,36.7
556.7501944130083,36.7
559.6603352669016,36.7
562.5856874666987,36.7
565.5263305223134,36.6
568.4823443592555,36.6
571.4538093208106,36.5
574.4408061702153,36.5
577.4434160928608,36.5
580.4617206984933,36.5
583.4958020234345,36.5
586.5457425328113,36.5
589.6116251227962,36.5
592.6935331228639,36.4
595.7915502980484,36.3
598.9057608512304,36.2
602.0362494254149,36.2
605.1831011060411,36.2
608.3464014232891,36.2
611.5262363544065,36.2
614.7226923260454,36.2
617.9358562166111,36.2
621.1658153586235,36.2
624.4126575410903,36.2
627.6764710118958,36.2
630.957344480193,36.1
634.2553671188238,36.0
637.5706285667327,36.0
640.9032189314127,36.0
644.2532287913472,36.0
647.6207491984753,36.0
651.0058716806659,36.0
654.4086882442045,36.0
657.8292913762976,36.0
661.2677740475787,36.0
664.7242297146454,36.0
668.1987523225889,36.0
671.6914363075575,36.0
675.2023765993158,36.0
678.7316686238282,36.0
682.2794083058518,36.0
685.8456920715438,36.0
689.4306168510824,36.0
693.0342800813003,36.0
696.6567797083366,36.0
700.2982141902914,36.0
703.9586824999124,36.0
707.6382841272731,36.0
711.3371190824884,36.0
715.0552878984242,36.0
718.7928916334344,36.0
722.5500318741055,36.0
726.3268107380181,36.0
730.123330876526,36.0
733.9396954775374,36.0
737.7760082683312,36.0
741.6323735183645,36.0
745.508896042117,36.0
749.4056812019327,36.0
753.3228349108862,36.0
757.2604636356614,36.0
761.2186743994453,36.0
765.1975747848361,36.0
769.1972729367671,36.0
773.2178775654501,36.0
777.2594979493206,36.0
781.3222439380205,36.1
785.406225955371,36.1
789.5115550023859,36.2
793.6383426602791,36.2
797.7867010935024,36.2
801.9567430527921,36.2
806.1485818782347,36.2
810.3623315023465,36.2
814.59810645317,36.2
818.8560218573906,36.2
823.1361934434566,36.2
827.4387375447371,36.4
831.7637711026708,36.5
836.1114116699566,36.5
840.4817774137397,36.5
844.8749871188272,36.5
849.2911601909162,36.5
853.7304166598383,36.5
858.1928771828257,36.5
862.6786630477819,36.5
867.1878961765907,36.5
871.7206991284164,36.5
876.2771951030477,36.5
880.8575079442367,36.6
885.4617621430697,36.7
890.0900828413493,36.7
894.742595834996,36.7
899.4194275774676,36.7
904.1207051831946,36.7
908.8465564310401,36.8
913.5971097677627,36.9
918.3724943115215,36.9
923.1728398553701,36.9
927.998276870799,36.9
932.8489365112713,36.9
937.7249506157918,36.9
942.6264517124897,37.0
947.5535730222193,37.0
952.5064484621864,37.0
957.4852126495767,37.0
962.4900009052299,37.0
967.5209492573013,37.0
972.5781944449744,37.1
977.6618739221665,37.2
982.772125861269,37.2
987.9090891569025,37.2
993.0729034296917,37.2
998.26370903006,37.2
1003.4816470420445,37.3
1008.7268592871307,37.4
1013.9994883281055,37.4
1019.2996774729368,37.4
1024.627570778662,37.4
1029.9833130553077,37.4
1035.3670498698243,37.4
1040.778927550043,37.4
1046.219093188652,37.4
1051.687694647196,37.4
1057.1848805600926,37.4
1062.7108003386745,37.4
1068.2656041752484,37.4
1073.849443047181,37.4
1079.4624687209969,37.4
1085.104833756507,37.4
1090.7766915109553,37.4
1096.4781961431852,37.4
1102.2095026178308,37.4
1107.9707667095288,37.4
1113.7621450071517,37.4
1119.5837949180645,37.4
1125.4358746724013,37.4
1131.3185433273702,37.4
1137.231960771571,37.4
1143.1762877293438,37.4
1149.1516857651375,37.4
1155.1583172879002,37.4
1161.1963455554942,37.3
1167.2659346791324,37.2
1173.3672496278396,37.2
1179.5004562329357,37.1
1185.6657211925422,37.0
1191.8632120761172,36.9
1198.0930973290035,36.8
1204.355546277011,36.8
1210.650729131018,36.7
1216.9788169915967,36.6
1223.3399818536654,36.6
1229.7343966111616,36.5
1236.162235061742,36.4
1242.6236719115057,36.3
1249.1188827797416,36.2
1255.6480442037073,36.0
1262.2113336434193,35.9
1268.8089294864806,35.8
1275.4410110529293,35.7
1282.1077586001115,35.7
1288.8093533275808,35.6
1295.5459773820237,35.6
1302.3178138622095,35.5
1309.1250468239675,35.5
1315.967861285188,35.4
1322.8464432308563,35.4
1329.7609796180998,35.3
1336.7116583812742,35.3
1343.6986684370715,35.3
1350.7221996896535,35.3
1357.782443035813,35.3
1364.879590370164,35.2
1372.0138345903551,35.1
1379.1853696023147,35.0
1386.3943903255179,35.0
1393.6410926982915,34.9
1400.9256736831292,34.8
1408.248331272053,34.8
1415.6092644919916,34.8
1423.0086734101894,34.8
1430.4467591396458,34.8
1437.9237238445805,34.8
1445.439770745928,34.8
1452.9951041268616,34.7
1460.589929338344,34.6
1468.224452804715,34.6
1475.898882029292,34.6
1483.6134256000173,34.6
1491.3682931951248,34.6
1499.1636955888393,34.6
1506.999844657106,34.6
1514.8769533833477,34.6
1522.7952358642551,34.6
1530.754907315605,34.6
1538.7561840781082,34.6
1546.799283623296,34.6
1554.8844245594228,34.6
1563.0118266374113,34.6
1571.181710756826,34.6
1579.3942989718767,34.7
1587.649814497453,34.8
1595.9484817151922,34.8
1604.2905261795772,34.8
1612.6761746240677,34.8
1621.1056549672617,34.8
1629.5791963190893,34.8
1638.097028987047,34.8
1646.6593844824454,34.8
1655.266495526711,34.9
1663.9185960577072,35.0
1672.6159212360947,35.1
1681.3587074517213,35.1
1690.1471923300487,35.1
1698.9816147386093,35.1
1707.8622147934998,35.1
1716.789233865905,35.1
1725.7629145886658,35.1
1734.7835008628629,35.1
1743.8512378644525,35.1
1752.9663720509295,35.1
1762.1291511680254,35.1
1771.3398242564415,35.1
1780.598641658619,35.1
1789.9058550255418,35.1
1799.2617173235774,35.1
1808.6664828413498,35.1
1818.1204071966588,35.1
1827.6237473434162,35.0
1837.1767615786375,34.9
1846.7797095494598,34.8
1856.4328522602,34.8
1866.1364520794475,34.8
1875.8907727471963,34.8
1885.6960793820124,34.8
1895.552638488241,34.8
1905.4607179632462,34.8
1915.4205871047022,34.8
1925.4325166178992,34.8
1935.4967786231095,34.8
1945.6136466629825,34.7
1955.783395709978,34.6
1966.006302173841,34.6
1976.282643909114,34.6
1986.6127002226892,34.6
1996.996751881399,34.7
2007.4350811196462,34.8
2017.927971647083,34.8
2028.4757086563097,34.8
2039.078578830634,34.8
2049.736870351861,34.8
2060.4508729081267,34.8
2071.22087770177,34.8
2082.0471774572497,34.8
2092.9300664290977,34.8
2103.8698404099196,34.8
2114.8667967384304,34.8
2125.9212343075446,34.8
2137.0334535724887,34.8
2148.2037565589744,34.8
2159.4324468714053,35.0
2170.71982970113,35.1
2182.0662118347364,35.1
2193.4719016623894,35.1
2204.937209186215,35.1
2216.4624460287228,35.1
2228.0479254412767,35.1
2239.6939623126154,35.1
2251.4008731773993,35.0
2263.168976224821,34.9
2274.9985913072546,34.8
2286.890039948944,34.8
2298.843645354747,34.8
2310.8597324189163,34.8
2322.9386277339318,34.7
2335.0806595993763,34.6
2347.2861580308577,34.5
2359.5554547689862,34.5
2371.8888832883777,34.4
2384.2867788067265,34.4
2396.7494782939148,34.3
2409.2773204811715,34.3
2421.8706458702773,34.3
2434.5297967428205,34.3
2447.2551171695004,34.3
2460.0469530194778,34.2
2472.905651969775,34.1
2485.8315635147337,34.1
2498.825038975499,34.1
2511.88643150958,34.1
2525.0160961204438,34.1
2538.2143896671673,34.1
2551.481670874133,34.1
2564.8183003407817,34.1
2578.224640551411,34.1
2591.7010558850307,34.2
2605.247912625263,34.3
2618.8655789702975,34.3
2632.5544250429093,34.3
2646.314822900502,34.3
2660.14714654523,34.3
2674.051771934164,34.3
2688.029076989506,34.3
2702.079441608862,34.3
2716.20324767557,34.4
2730.400879069075,34.5
2744.6727216753675,34.6
2759.0191633974646,34.6
2773.440594165967,34.6
2787.9374059496395,34.6
2802.509992766076,34.6
2817.1587506924047,34.6
2831.8840778760564,34.6
2846.686374545581,34.6
2861.5660430215316,34.6
2876.5234877273942,34.7
2891.5591152005823,34.7
2906.6733341034837,34.8
2921.8665552345788,34.8
2937.139191539587,34.8
2952.4916581227058,34.8
2967.9243722578863,34.9
2983.4377534001765,35.0
2999.0322231971227,35.0
3014.7082055002275,35.2
3030.466126376471,35.3
3046.306414119893,35.4
3062.229499263226,35.5
3078.2358145896155,35.5
3094.325795144359,35.6
3110.4998782467446,35.6
3126.7585035019356,35.7
3143.1021128129173,35.7
3159.5311503925072,35.8
3176.0460627754296,35.9
3192.6472988304513,35.9
3209.335309772584,36.0
3226.1105491753406,36.1
3242.973472983081,36.1
3259.924539523382,36.2
3276.9642095195077,36.2
3294.0929461029286,36.2
3311.311214825911,36.2
3328.6194836741684,36.2
3346.018223079582,36.4
3363.507905932988,36.5
3381.089007597027,36.5
3398.762005919066,36.5
3416.527381244194,36.5
3434.385616428264,36.5
3452.337196851022,36.4
3470.382610429304,36.3
3488.5223476302926,36.2
3506.7569014848486,36.1
3525.0867676009134,36.1
3543.512444176976,36.0
3562.034432015617,36.0
3580.6532345371147,35.9
3599.369357793143,35.8
3618.1833104805046,35.7
3637.095603954969,35.7
3656.1067522451726,35.6
3675.2172720665826,35.5
3694.4276828355482,35.4
3713.738506683413,35.1
3733.1502684707093,34.9
3752.6634958014215,34.7
3772.2787190373247,34.6
3791.9964713124127,34.6
3811.817288547367,34.5
3831.7417094641373,34.4
3851.7702756005806,34.4
3871.9035313251793,34.4
3892.1420238518376,34.4
3912.4863032547537,34.4
3932.936922483372,34.5
3953.4944373774106,34.5
3974.1594066819653,34.6
3994.9323920627126,34.6
4015.8139581211503,34.7
4036.8046724099613,34.8
4057.9051054484326,34.8
4079.115830737964,34.8
4100.437424777656,34.8
4121.870467079975,34.8
4143.41554018651,34.8
4165.0732296838005,34.8
4186.844124219257,34.7
4208.728815517151,34.7
4230.72789839472,34.6
4252.841970778305,34.6
4275.071633719623,34.6
4297.417491412092,34.6
4319.880151207261,34.5
4342.460223631314,34.5
4365.158322401661,34.4
4387.975064443623,34.4
4410.911069907196,34.4
4433.9669621839075,34.4
4457.1433679237725,34.4
4480.4409170523,34.4
4503.860242787635,34.4
4527.40198165776,34.3
4551.0667735177985,34.3
4574.855261567406,34.3
4598.768092368251,34.3
4622.80591586159,34.3
4646.969385385929,34.2
4671.25915769478,34.1
4695.675892974527,34.0
4720.220254862348,34.0
4744.892910464259,33.9
4769.694530373255,33.9
4794.625788687525,33.8
4819.68736302878,33.7
4844.87993456067,33.6
4870.204188007296,33.5
4895.660811671819,33.4
4921.250497455168,33.3
4946.973940874864,33.3
4972.8318410838865,33.2
4998.824900889706,33.2
5024.953826773381,33.1
5051.219328908747,33.1
5077.622121181736,33.0
5104.162921209768,33.0
5130.842450361258,32.9
5157.661433775227,32.9
5184.620600380999,32.9
5211.720682918039,32.9
5238.962417955835,32.9
5266.346545913939,32.9
5293.873811082085,32.9
5321.544961640422,32.9
5349.360749679845,32.9
5377.321931222439,32.9
5405.429266242027,32.8
5433.683518684824,32.8
5462.085456490198,32.7
5490.635851611563,32.7
5519.335480037329,32.6
5548.185121812011,32.5
5577.185561057427,32.3
5606.337585994012,32.3
5635.641988962242,32.2
5665.0995664441625,32.2
5694.7111190850455,32.1
5724.477451715144,32.0
5754.399373371566,31.9
5784.477697320285,31.9
5814.713241078208,31.9
5845.10682643542,31.9
5875.659279477514,31.9
5906.371430608045,31.8
5937.244114571097,31.8
5968.278170473975,31.7
5999.4744418100045,31.7
6030.833776481469,31.7
6062.357026822636,31.7
6094.045049622959,31.7
6125.898706150321,31.7
6157.918862174471,31.7
6190.106387990547,31.8
6222.462158442733,31.8
6254.987052948034,31.9
6287.681955520183,31.9
6320.547754793659,32.0
6353.585344047851,32.0
6386.795621231329,32.0
6420.179488986247,32.0
6453.7378546729,32.0
6487.471630394349,32.0
6521.381733021235,32.0
6555.469084216698,32.0
6589.734610461422,32.0
6624.179243078815,32.0
6658.80391826033,31.9
6693.609577090902,31.9
6728.597165574533,31.9
6763.767634659991,31.9
6799.1219402666875,31.8
6834.661043310619,31.7
6870.385909730507,31.6
6906.297510514049,31.5
6942.39682172431,31.5
6978.684824526248,31.4
7015.162505213385,31.3
7051.830855234612,31.1
7088.690871221135,30.9
7125.7435550135615,30.7
7162.989913689153,30.6
7200.430959589155,30.5
7238.067710346342,30.4
7275.901188912673,30.3
7313.932423587085,30.1
7352.162448043451,30.0
7390.59230135867,29.9
7429.22302804091,29.8
7468.055678057999,29.5
7507.091306865953,29.2
7546.330975437692,29.2
7585.775750291836,29.1
7625.426703521717,29.1
7665.284912824515,29.1
7705.351461530549,29.1
7745.627438632719,29.1
7786.113938816104,29.1
7826.81206248772,29.1
7867.722915806424,29.1
7908.847610712972,29.1
7950.187264960275,29.2
7991.743002143727,29.3
8033.515951731782,29.3
8075.507249096639,29.3
8117.718035545101,29.3
8160.149458349601,29.3
8202.80267077938,29.3
8245.67883213183,29.3
8288.77910776401,29.2
8332.104669124305,29.1
8375.656693784302,28.9
8419.436365470749,28.6
8463.444874097753,28.5
8507.683415799123,28.5
8552.153192960874,28.4
8596.855414253905,28.0
8641.791294666864,27.6
8686.962055539152,27.4
8732.36892459413,27.3
8778.01313597248,27.1
8823.895930265779,27.0
8870.018554550163,26.8
8916.382262420266,26.6
8962.988314023276,26.5
9009.83797609319,26.4
9056.932521985234,26.4
9104.273231710486,26.5
9151.861391970657,26.5
9199.698296193066,26.5
9247.785244565785,26.5
9296.12354407301,26.5
9344.714508530542,26.6
9393.559458621517,26.7
9442.659721932305,26.8
9492.016632988581,27.0
9541.631533291613,27.5
9591.505771354708,27.9
9641.64070273987,28.2
9692.037690094652,28.4
9742.698103189163,28.5
9793.623318953358,28.7
9844.814721514387,29.1
9896.27370223427,29.4
9948.001659747684,30.0
10000.0,30.7
10052.270136285486,31.0
10104.813489285681,31.2
10157.6314871081,31.4
10210.725565324987,31.5
10264.09716701231,31.6
10317.747742788988,31.8
10371.678750856474,31.9
10425.891657038128,32.0
10480.387934819217,32.0
10535.16906538697,32.0
10590.236537670813,32.0
10645.591848382772,32.0
10701.236502058211,32.0
10757.172011096769,31.9
10813.399895803414,31.7
10869.921684429703,31.4
10926.73891321545,31.1
10983.85312643042,30.9
11041.265876416248,30.7
11098.978723628681,30.5
11156.993236680037,29.7
11215.310992381786,28.8
11273.933575787378,28.2
11332.862580235347,27.7
11392.099607392682,27.3
11451.646267298307,26.9
11511.504178406769,26.3
11571.674967632372,24.5
11632.16027039332,23.0
11692.961730656129,22.6
11754.08100098034,22.2
11815.519742563505,21.8
11877.27962528627,21.4
11939.362327757724,20.8
12001.76953736107,20.3
12064.50295029953,20.1
12127.56427164241,19.8
12190.95521537136,19.4
12254.677504427105,19.1
12318.732870756214,18.9
12383.123055358106,18.7
12447.849808332432,18.6
12512.914888926687,18.5
12578.320065583976,18.4
12644.067115991029,18.4
12710.157827126544,18.4
12776.593995309939,18.7
12843.377426249857,18.9
12910.50993509343,19.2
12977.99334647565,19.6
13045.829494568892,19.8
13114.020223132724,20.1
13182.567385564074,20.3
13251.472844947652,20.5
13320.738474106534,21.1
13390.366155652993,21.8
13460.35778203982,22.3
13530.715255611682,22.7
13601.440488656775,23.0
13672.535403458849,23.3
13744.001932349513,23.7
13815.842017760702,23.9
13888.057612277411,24.2
13960.650678690825,24.4
14033.62319005172,24.6
14106.977129724035,24.8
14180.714491438697,24.9
14254.837279347976,25.0
14329.347508079869,25.1
14404.247202792812,25.1
14479.538399230763,25.1
14555.223143778607,25.0
14631.303493517702,24.8
14707.78151628175,24.5
14784.65929071304,24.4
14861.938906319014,24.3
14939.622463529,24.1
15017.712073751207,23.9
15096.209859430292,23.3
15175.117954104964,22.6
15254.438502465904,22.2
15334.173660414117,21.9
15414.325595119602,21.7
15494.896485080177,21.6
15575.88852018064,21.3
15657.303901752315,21.0
15739.1448426331,21.5
15821.413567227246,22.1
15904.112311566014,22.5
15987.243323368504,22.9
16070.808862102673,23.3
16154.811199046684,23.7
16239.252617350698,24.2
16324.135412099,25.0
16409.461890372313,26.2
16495.23437131044,27.3
16581.455186175313,27.7
16668.12667841462,28.0
16755.251203725067,28.3
