10.0,49.0
10.052270136285475,49.0
10.104813489285682,49.0
10.157631487108103,49.0
10.210725565324982,49.1
10.264097167012295,49.2
10.317747742789004,49.2
10.371678750856479,49.2
10.425891657038118,49.2
10.480387934819216,49.2
10.535169065386981,49.2
10.590236537670812,49.2
10.64559184838276,49.2
10.701236502058206,49.2
10.757172011096776,49.2
10.813399895803409,49.2
10.869921684429707,49.2
10.926738913215466,49.3
10.98385312643042,49.4
11.041265876416237,49.4
11.098978723628681,49.4
11.156993236680048,49.4
11.215310992381788,49.4
11.27393357578736,49.4
11.332862580235341,49.4
11.392099607392687,49.4
11.451646267298301,49.4
11.511504178406776,49.5
11.571674967632385,49.5
11.632160270393321,49.5
11.692961730656117,49.5
11.75408100098034,49.5
11.815519742563518,49.5
11.87727962528627,49.5
11.939362327757706,49.5
12.001769537361062,49.5
12.064502950299536,49.5
12.127564271642404,49.5
12.190955215371359,49.5
12.254677504427118,49.5
12.318732870756214,49.5
12.383123055358094,49.5
12.447849808332432,49.5
12.5129148889267,49.5
12.578320065583968,49.5
12.644067115991009,49.6
12.710157827126565,49.7
12.776593995309947,49.7
12.843377426249843,49.7
12.910509935093431,49.7
12.977993346475664,49.7
13.045829494568892,49.7
13.11402022313271,49.7
13.182567385564074,49.7
13.251472844947658,49.7
13.320738474106527,49.7
13.390366155653,49.7
13.460357782039841,49.7
13.530715255611682,49.7
13.601440488656761,49.8
13.672535403458848,49.9
13.744001932349526,49.9
13.815842017760701,49.9
13.888057612277397,49.9
13.960650678690818,49.9
14.033623190051728,49.9
14.10697712972403,49.9
14.180714491438705,49.9
14.25483727934799,49.9
14.32934750807987,49.9
14.404247202792797,49.9
14.479538399230764,49.9
14.55522314377862,49.9
14.631303493517702,49.9
14.707781516281727,49.9
14.784659290713032,50.0
14.861938906319022,50.1
14.939622463528993,50.2
15.017712073751214,50.2
15.096209859430308,50.2
15.175117954104964,50.2
15.254438502465888,50.2
15.334173660414118,50.2
15.414325595119617,50.2
15.494896485080169,50.2
15.575888520180618,50.2
15.65730390175234,50.2
15.73914484263311,50.2
15.821413567227237,50.2
15.904112311566013,50.2
15.98724332336852,50.2
16.070808862102673,50.2
16.154811199046666,50.2
16.239252617350697,50.2
16.324135412099007,50.2
16.409461890372306,50.3
16.495234371310413,50.4
16.58145518617534,50.4
16.668126678414627,50.4
16.755251203725052,50.4
16.84283113011666,50.4
16.930868837977105,50.4
17.01936672013636,50.4
17.108327181931763,50.4
17.197752641273365,50.4
17.28764552870969,50.4
17.378008287493753,50.4
17.4688433736495,50.4
17.560153256038525,50.4
17.651940416427212,50.4
17.744207349554188,50.4
17.836956563198083,50.4
17.93019057824573,50.5
18.023911928760675,50.6
18.118123162052047,50.6
18.21282683874379,50.6
18.30802553284428,50.6
18.403721831816252,50.6
18.499918336647156,50.6
18.59661766191982,50.6
18.69382243588356,50.6
18.791535300525574,50.6
18.889758911642755,50.6
18.98849593891389,50.6
19.08774906597221,50.6
19.187520990478333,50.6
19.287814424193606,50.6
19.388632093053765,50.6
19.48997673724305,50.6
19.591851111268685,50.6
19.69425798403576,50.6
19.79720013892245,50.6
19.90068037385568,50.6
20.004701501387192,50.6
20.109266348769967,50.6
20.214377758035074,50.6
20.320038586068932,50.6
20.426251704690927,50.6
20.533020000731486,50.6
20.64034637611054,50.6
20.748233747916412,50.6
20.856685048485062,50.7
20.965703225479817,50.7
21.075291241971485,50.7
21.185452076518878,50.7
21.296188723249774,50.7
21.407504191942323,50.7
21.519401508106792,50.7
21.631883713067854,50.7
21.744953864047204,50.7
21.858615034246718,50.7
21.972870312931903,50.7
22.087722805515906,50.7
22.203175633643916,50.7
22.319231935278008,50.7
22.435894864782412,50.7
22.553167593009288,50.7
22.671053307384867,50.7
22.789555211996095,50.7
22.908676527677724,50.7
23.028420492099883,50.7
23.148790359856015,50.7
23.26978940255137,50.7
23.391420908891938,50.7
23.51368818477381,50.7
23.63659455337303,50.7
23.760143355235964,50.7
23.884337948370025,50.7
24.009181708334992,50.7
24.134678028334722,50.7
24.260830319309434,50.7
24.387642010028344,50.7
24.515116547182902,50.7
24.64325739548046,50.7
24.772068037738443,50.7
24.901551974979007,50.7
25.031712726524198,50.7
25.162553830091625,50.7
25.294078841890578,50.8
25.426291336718684,50.8
25.559194908059133,50.9
25.692793168178262,50.9
25.827089748223784,50.9
25.96208829832347,50.9
26.097792487684362,50.9
26.234206004692496,50.9
26.371332557013133,50.9
26.5091758716916,50.9
26.647739695254497,50.9
26.787027793811582,50.9
26.9270439531581,50.9
27.06779197887776,50.9
27.209275696446046,50.9
27.351498951334275,50.9
27.494465609114105,50.9
27.638179555562576,50.9
27.782644696767733,50.9
27.92786495923483,50.9
28.07384428999299,50.9
28.220586656702505,50.9
28.368096047762684,50.9
28.516376472420284,50.9
28.66543196087842,50.9
28.815266564406134,50.9
28.965884355448516,50.9
29.11728942773738,50.9
29.26948589640251,50.9
29.42247789808359,50.9
29.57626959104251,50.9
29.730865155276486,50.9
29.88626879263161,50.9
30.04248472691713,50.9
30.19951720402016,50.9
30.357370492021133,50.9
30.516048881309793,50.9
30.675556684701824,50.9
30.835898237556027,50.9
30.99707789789224,50.9
31.15910004650967,50.9
31.321969087106055,50.9
31.485689446397288,50.9
31.650265574237824,50.9
31.815701943741516,50.9
31.98200305140326,50.9
32.14917341722119,50.9
32.31721758481955,50.9
32.486140121572134,50.9
32.655945618726484,50.9
32.82663869152868,50.9
32.99822397934869,50.9
33.170706145806605,50.9
33.34408987889928,50.9
33.51837989112781,50.9
33.69358091962557,50.9
33.86969772628702,50.9
34.04673509789711,50.9
34.224697846261364,50.9
34.40359080833668,50.9
34.58341884636283,50.9
34.764186847994516,50.9
34.94589972643436,50.9
35.12856242056629,50.9
35.312179895089876,50.9
35.496757140655234,50.9
35.68229917399868,50.9
35.86881103807908,50.9
36.05629780221492,50.9
36.24476456222205,50.9
36.434216440552284,50.9
36.6246585864325,50.9
36.81609617600466,50.9
37.00853441246656,50.9
37.2019785262131,50.9
37.39643377497855,50.9
37.591905443979435,50.9
37.788398846058186,50.9
37.985919321827524,50.9
38.184472239815605,50.9
38.384062996612016,50.9
38.584697017014335,50.9
38.786379754175634,50.9
38.98911668975273,50.9
39.1929133340551,50.9
39.39777522619469,50.9
39.60370793423646,50.9
39.810717055349734,50.9
40.0188082159603,50.9
40.227987071903335,50.9
40.43825930857721,50.9
40.64963064109788,50.9
40.8621068144543,50.9
41.075693603664625,50.9
41.29039681393302,50.9
41.506222280807584,50.9
41.72317587033889,50.9
41.94126347923944,50.9
42.16049103504393,50.9
42.38086449627034,50.9
42.60238985258197,50.9
42.825073124950116,50.9
43.04892036581776,50.9
43.27393765926414,50.9
43.500131121170035,50.9
43.727506899384,50.9
43.956071173889484,50.9
44.18583015697281,50.9
44.416790093392,50.9
44.648957260546474,50.9
44.88233796864779,50.9
45.116938560890986,50.9
45.35276541362708,50.9
45.58982493653644,50.9
45.82812357280281,50.9
46.067667799288614,50.9
46.308464126710895,50.9
46.55051909981832,50.9
46.793839297569036,50.9
47.03843133330949,50.9
47.28430185495417,50.9
47.531457545166376,50.9
47.77990512153967,50.9
48.02965133678067,50.9
48.28070297889241,50.9
48.53306687135893,50.9
48.78674987333074,50.9
49.041758879811184,50.9
49.298100821843896,50.9
49.55578266670119,50.9
49.81481141807335,50.9
50.07519411625915,50.9
50.336937838356974,50.9
50.60004969845742,50.9
50.86453684783644,50.9
51.13040647514984,50.9
51.39766580662862,50.9
51.66632210627541,50.9
51.93638267606184,50.9
52.20785485612707,50.9
52.48074602497726,50.9
52.75506359968615,50.9
53.030815036096584,50.9
53.308007829023246,50.9
53.58664951245627,50.9
53.866747659766084,50.9
54.148309883909214,50.9
54.431343837635225,50.9
54.7158572136947,50.9
55.00185774504835,50.9
55.28935320507712,50.9
55.57835140779364,50.9
55.86886020805435,50.9
56.160887501773274,50.9
56.45444122613637,50.9
56.74952935981742,50.9
57.04615992319485,50.9
57.34434097856969,50.9
57.64408063038476,50.9
57.94538702544487,50.9
58.24826835313831,50.9
58.552732845659456,50.9
58.85878877823242,50.9
59.166444469336014,50.9
59.475708280929936,50.9
59.786588618681876,50.9
60.0990939321961,50.9
60.41323271524305,50.9
60.72901350599024,50.9
61.046444887234294,50.9
61.365535486634215,50.9
61.686293976945976,50.9
62.008729076258064,50.9
62.332849548228545,50.9
62.658664202323344,50.9
62.98618189405547,50.9
63.315411525225876,50.9
63.64636204416533,50.8
63.979042445977655,50.7
64.31346177278421,50.7
64.64962911396958,50.7
64.98755360642885,50.7
65.32724443481563,50.7
65.66871083179183,50.7
66.01196207827876,50.7
66.35700750370908,50.7
66.7038564862806,50.7
67.05251845321108,50.7
67.40300288099445,50.7
67.75531929565844,50.7
68.1094772730234,50.7
68.46548643896274,50.7
68.82335646966433,50.7
69.18309709189363,50.7
69.54471808325809,50.7
69.90822927247277,50.7
70.27364053962762,50.7
70.6409618164559,50.7
71.01020308660422,50.7
71.38137438590384,50.7
71.75448580264342,50.7
72.12954747784322,50.7
72.50656960553087,50.7
72.88556243301818,50.7
73.26653626117992,50.7
73.64950144473359,50.7
74.03446839252094,50.7
74.42144756779092,50.7
74.810449488484,50.7
75.20148472751808,50.7
75.59456391307583,50.7
75.98969772889355,50.7
76.38689691455168,50.7
76.78617226576647,50.7
77.18753463468363,50.7
77.59099493017311,50.7
77.99656411812569,50.7
78.404253221751,50.6
78.8140733218772,50.6
79.226035557252,50.6
79.64015112484554,50.6
80.05643128015467,50.6
80.47488733750892,50.6
80.89553067037787,50.6
81.31837271168051,50.6
81.74342495409579,50.6
82.170698950375,50.6
82.60020631365589,50.6
83.03195871777821,50.6
83.46596789760103,50.6
83.90224564932171,50.6
84.34080383079642,50.6
84.78165436186265,50.6
85.22480922466286,50.6
85.67028046397054,50.6
86.11808018751721,50.6
86.56822056632171,50.6
87.020713835021,50.6
87.47557229220259,50.6
87.93280830073893,50.6
88.39243428812335,50.6
88.85446274680783,50.6
89.31890623454267,50.6
89.78577737471758,50.6
90.25508885670492,50.5
90.72685343620469,50.5
91.20108393559097,50.4
91.67779324426061,50.4
92.15699431898352,50.4
92.63870018425483,50.4
93.12292393264887,50.4
93.60967872517497,50.4
94.09897779163542,50.4
94.5908344309847,50.4
95.0852620116911,50.4
95.58227397210023,50.4
96.08188382079996,50.4
96.5841051369878,50.4
97.08895157083991,50.4
97.59643684388209,50.4
98.10657474936274,50.4
98.61937915262773,50.4
99.13486399149741,50.4
99.65304327664518,50.4
100.17393109197839,50.4
100.69754159502135,50.4
101.22388901729977,50.4
101.75298766472777,50.4
102.28485191799675,50.4
102.81949623296607,50.3
103.35693514105618,50.2
103.89718324964329,50.2
104.44025524245698,50.2
104.98616587997819,50.2
105.53492999984189,50.2
106.08656251723878,50.2
106.64107842532215,50.2
107.19849279561431,50.2
107.75882077841675,50.2
108.32207760322176,50.2
108.88827857912626,50.2
109.45743909524856,50.2
110.02957462114523,50.2
110.60470070723336,50.2
111.18283298521138,50.2
111.76398716848561,50.2
112.3481790525961,50.2
112.93542451564652,50.2
113.5257395187356,50.2
114.11914010639099,50.2
114.71564240700522,50.2
115.3152626332741,50.1
115.91801708263789,50.0
116.52392213772293,49.9
117.13299426678874,49.9
117.74525002417371,49.9
118.36070605074681,49.9
118.97937907435858,49.9
119.60128591029638,49.9
120.22644346174131,49.9
120.85486872022751,49.9
121.4865787661046,49.9
122.12159076900052,49.9
122.75992198829012,49.9
123.40158977356222,49.9
124.04661156509306,49.9
124.69500489431896,49.9
125.34678738431336,49.9
126.00197675026583,49.9
126.6605907999634,49.9
127.3226474342747,49.9
127.98816464763628,49.9
128.6571605285424,49.9
129.32965326003517,49.8
130.00566112020084,49.7
130.68520248266435,49.7
131.36829581709074,49.7
132.05495968968575,49.7
132.74521276370103,49.7
133.43907379994133,49.7
134.1365616572744,49.7
134.83769529314347,49.7
135.54249376408254,49.7
136.25097622623485,49.7
136.96316193587217,49.7
137.67907024992007,49.7
138.39872062648203,49.7
139.1221326253702,49.7
139.84932590863562,49.7
140.58032024110324,49.7
141.31513549090906,49.7
142.05379163003997,49.7
142.7963087348772,49.6
143.5427069867405,49.6
144.29300667243896,49.5
145.04722818481977,49.5
145.80539202332486,49.5
146.56751879454652,49.5
147.333629212788,49.5
148.1037441006266,49.5
148.87788438947953,49.5
149.65607112017267,49.5
150.43832544351253,49.5
151.2246686208618,49.5
152.01512202471548,49.5
152.80970713928414,49.5
153.6084455610754,49.5
154.41135899948313,49.5
155.218469277376,49.5
156.02979833169113,49.5
156.8453682140304,49.5
157.66520109125955,49.5
158.48931924611142,49.5
159.3177450777899,49.5
160.15050110258113,49.4
160.9876099544629,49.4
161.82909438572216,49.4
162.67497726757185,49.4
163.52528159077312,49.4
164.38003046626017,49.4
165.23924712576837,49.4
166.1029549224657,49.4
166.97117733158728,49.4
167.8439379510743,49.4
168.72126050221348,49.4
169.60316883028446,49.4
170.48968690520502,49.4
171.38083882218535,49.4
172.27664880238083,49.4
173.17714119355136,49.4
174.08234047072295,49.4
174.99227123685273,49.4
175.9069582234984,49.3
176.82642629148881,49.3
177.75070043160196,49.2
178.67980576524164,49.2
179.61376754512278,49.2
180.55261115595593,49.2
181.49636211513797,49.2
182.44504607344558,49.2
183.39868881573247,49.2
184.35731626163007,49.2
185.3209544662519,49.2
186.28962962090262,49.2
187.26336805378796,49.2
188.24219623073301,49.2
189.2261407558986,49.2
190.21522837250714,49.2
191.20948596356752,49.2
192.20894055260666,49.2
193.21361930440384,49.2
194.22354952572874,49.1
195.2387586660848,49.0
196.25927431845295,49.0
197.28512422004457,49.0
198.31633625305224,49.0
199.35293844541056,49.0
200.39495897155572,49.0
201.4424261531923,49.0
202.4953684600627,49.0
203.55381451072122,49.0
204.6177930733116,49.0
205.6873330663489,49.0
206.76246355950653,49.0
207.84321377440395,49.0
208.92961308540407,49.0
210.02169102040844,49.0
211.11947726166272,49.0
212.22300164656127,49.0
213.33229416845913,49.0
214.447384977487,48.9
215.5683043813707,48.8
216.69508284625502,48.7
217.8277509975314,48.7
218.9663396206716,48.7
220.1108796620618,48.7
221.26140222984722,48.7
222.41793859477394,48.7
223.5805201910423,48.7
224.74917861715863,48.7
225.9239456367954,48.7
227.10485317965416,48.7
228.29193334233327,48.7
229.48521838920135,48.7
230.68474075327168,48.7
231.89053303708724,48.7
233.102628013603,48.7
234.32105862708036,48.7
235.5458579939798,48.6
236.77705940386227,48.6
238.0146963202937,48.5
239.25880238175446,48.5
240.50941140255387,48.5
241.76655737374873,48.5
243.03027446406858,48.5
244.30059702084168,48.5
245.57755957093218,48.5
246.86119682167464,48.5
248.1515436618211,48.5
249.44863516248657,48.5
250.75250657810346,48.5
252.0631933473797,48.5
253.3807310942614,48.5
254.7051556289027,48.5
256.03650294863604,48.4
257.3748092389545,48.4
258.72011087449107,48.3
260.0724444200114,48.3
261.4318466314045,48.3
262.79835445668317,48.3
264.17200503698814,48.3
265.5528357075972,48.3
266.94088399894025,48.3
268.336187637619,48.3
269.7387845474336,48.3
271.1487128504106,48.3
272.56601086784315,48.3
273.9907171213279,48.3
275.4228703338166,48.3
276.86250943066517,48.3
278.30967354069315,48.3
279.764401997247,48.2
281.2267343392687,48.2
282.6967103123723,48.2
284.1743698699204,48.2
285.65975317411466,48.2
287.152900597083,48.2
288.6538527219809,48.2
290.16265034409145,48.2
291.67933447193553,48.2
293.203946328386,48.2
294.7365273517884,48.2
296.27711919708696,48.2
297.8257637369567,48.2
299.38250306294265,48.2
300.947379486601,48.2
302.52043554065347,48.2
304.1017139801383,48.2
305.69125778357716,48.1
307.2891101541398,48.1
308.8953145208197,48.0
310.5099145396145,48.0
312.1329540947119,48.0
313.76447729968413,48.0
315.40452849868336,48.0
317.0531522676519,48.0
318.71039341552853,48.0
320.3762969854716,48.0
322.05090825607795,48.0
323.7342727426186,48.0
325.4264361982722,48.0
327.1274446153702,48.0
328.83734422664674,48.0
330.55618150649445,47.9
332.28400317222986,47.8
334.02085618535915,47.8
335.76678775285944,47.8
337.52184532845695,47.8
339.28607661392135,47.8
341.0595295603587,47.8
342.84225236951676,47.8
344.63429349509414,47.8
346.4357016440579,47.8
348.24652577796684,47.8
350.06681511430224,47.8
351.8966191278073,47.8
353.7359875518278,47.7
355.5849703796693,47.6
357.44361786595016,47.5
359.3119805279728,47.5
361.1901091470929,47.5
363.0780547701014,47.5
364.9758687106112,47.5
366.8836025504522,47.5
368.80130814107446,47.5
370.72903760495365,47.5
372.66684333701346,47.5
374.6147780060434,47.5
376.57289455613636,47.5
378.54124620812286,47.5
380.5198864610201,47.5
382.50886909348526,47.4
384.5082481652772,47.3
386.51807801872604,47.3
388.53841328020957,47.3
390.56930886163985,47.3
392.6108199619517,47.3
394.6630020686084,47.3
396.7259109591041,47.3
398.7996027024853,47.3
400.8841336608706,47.3
402.9795604909844,47.3
405.0859401456969,47.2
407.20332987557106,47.1
409.331787230421,47.1
411.4713700608718,47.1
413.6221365199375,47.1
415.78414506459575,47.1
417.95745445738237,47.1
420.1421237679842,47.1
422.33821237484636,47.1
424.5457799667861,47.1
426.76488654461485,47.1
428.9955924227691,47.1
431.23795823094935,47.1
433.49204491576995,47.1
435.7579137424112,47.1
438.0356262962907,47.0
440.3252444847303,47.0
442.62683053864555,47.0
444.9404470142319,47.0
447.2661567946673,47.0
449.60402309182115,47.0
451.9541094479714,47.0
454.3164797375345,47.0
456.6911981687959,47.0
459.0783292856624,47.0
461.4779379694089,47.0
463.89008944044906,47.0
466.31484926010245,47.0
468.7522833323791,47.0
471.20245790577025,47.0
473.6654395750488,47.0
476.14129528307956,47.0
478.630092322638,47.0
481.1318983382419,47.0
483.6467813279844,47.0
486.1748096453894,47.0
488.7160520012619,47.0
491.27057746556244,47.0
493.8384554692794,47.0
496.4197558063182,47.0
499.01454863539806,47.0
501.6229044819588,47.0
504.24489424007766,47.0
506.88058917439554,47.0
509.53006092205686,47.0
512.1933814946506,47.0
514.8706232801756,47.0
517.5618590449992,47.0
520.2671619358439,47.1
522.9866054817683,47.1
525.7202635961694,47.1
528.4682105787901,47.1
531.230521117739,47.1
534.0072702915224,47.1
536.7985335710792,47.1
539.6043868218401,47.1
542.4249063057814,47.1
545.2601686835053,47.1
548.1102510163182,47.1
550.9752307683272,47.1
553.8551858085453,47.1
556.7501944130083,47.1
559.6603352669016,47.1
562.5856874666987,47.1
565.5263305223134,47.1
568.4823443592555,47.1
571.4538093208106,47.1
574.4408061702153,47.1
577.4434160928608,47.1
580.4617206984933,47.2
583.4958020234345,47.3
586.5457425328113,47.3
589.6116251227962,47.3
592.6935331228639,47.3
595.7915502980484,47.3
598.9057608512304,47.3
602.0362494254149,47.3
605.1831011060411,47.3
608.3464014232891,47.3
611.5262363544065,47.3
614.7226923260454,47.4
617.9358562166111,47.4
621.1658153586235,47.5
624.4126575410903,47.5
627.6764710118958,47.5
630.957344480193,47.5
634.2553671188238,47.6
637.5706285667327,47.7
640.9032189314127,47.8
644.2532287913472,47.8
647.6207491984753,47.8
651.0058716806659,47.9
654.4086882442045,48.0
657.8292913762976,48.0
661.2677740475787,48.0
664.7242297146454,48.0
668.1987523225889,48.0
671.6914363075575,48.1
675.2023765993158,48.2
678.7316686238282,48.2
682.2794083058518,48.2
685.8456920715438,48.2
689.4306168510824,48.2
693.0342800813003,48.2
696.6567797083366,48.2
700.2982141902914,48.3
703.9586824999124,48.3
707.6382841272731,48.3
711.3371190824884,48.3
715.0552878984242,48.4
718.7928916334344,48.4
722.5500318741055,48.5
726.3268107380181,48.6
730.123330876526,48.6
733.9396954775374,48.7
737.7760082683312,48.7
741.6323735183645,48.7
745.508896042117,48.7
749.4056812019327,48.8
753.3228349108862,48.9
757.2604636356614,49.0
761.2186743994453,49.0
765.1975747848361,49.0
769.1972729367671,49.1
773.2178775654501,49.1
777.2594979493206,49.2
781.3222439380205,49.3
785.406225955371,49.4
789.5115550023859,49.4
793.6383426602791,49.4
797.7867010935024,49.4
801.9567430527921,49.4
806.1485818782347,49.4
810.3623315023465,49.5
814.59810645317,49.5
818.8560218573906,49.5
823.1361934434566,49.5
827.4387375447371,49.6
831.7637711026708,49.7
836.1114116699566,49.7
840.4817774137397,49.7
844.8749871188272,49.7
849.2911601909162,49.7
853.7304166598383,49.7
858.1928771828257,49.8
862.6786630477819,49.9
867.1878961765907,49.9
871.7206991284164,49.9
876.2771951030477,49.9
880.8575079442367,49.9
885.4617621430697,49.9
890.0900828413493,49.9
894.742595834996,49.9
899.4194275774676,49.9
904.1207051831946,50.1
908.8465564310401,50.2
913.5971097677627,50.2
918.3724943115215,50.2
923.1728398553701,50.2
927.998276870799,50.2
932.8489365112713,50.2
937.7249506157918,50.1
942.6264517124897,50.0
947.5535730222193,49.9
952.5064484621864,49.9
957.4852126495767,49.9
962.4900009052299,49.9
967.5209492573013,49.9
972.5781944449744,49.9
977.6618739221665,49.9
982.772125861269,49.9
987.9090891569025,49.9
993.0729034296917,49.9
998.26370903006,49.9
1003.4816470420445,49.8
1008.7268592871307,49.8
1013.9994883281055,49.7
1019.2996774729368,49.7
1024.627570778662,49.7
1029.9833130553077,49.6
1035.3670498698243,49.6
1040.778927550043,49.5
1046.219093188652,49.5
1051.687694647196,49.4
1057.1848805600926,49.4
1062.7108003386745,49.4
1068.2656041752484,49.4
1073.849443047181,49.3
1079.4624687209969,49.3
1085.104833756507,49.2
1090.7766915109553,49.1
1096.4781961431852,49.1
1102.2095026178308,49.0
1107.9707667095288,49.0
1113.7621450071517,49.0
1119.5837949180645,49.0
1125.4358746724013,49.0
1131.3185433273702,49.0
1137.231960771571,49.0
1143.1762877293438,48.9
1149.1516857651375,48.8
1155.1583172879002,48.7
1161.1963455554942,48.7
1167.2659346791324,48.7
1173.3672496278396,48.7
1179.5004562329357,48.7
1185.6657211925422,48.7
1191.8632120761172,48.7
1198.0930973290035,48.7
1204.355546277011,48.7
1210.650729131018,48.7
1216.9788169915967,48.7
1223.3399818536654,48.7
1229.7343966111616,48.7
1236.162235061742,48.7
1242.6236719115057,48.7
1249.1188827797416,48.7
1255.6480442037073,48.7
1262.2113336434193,48.8
1268.8089294864806,48.9
1275.4410110529293,49.0
1282.1077586001115,49.0
1288.8093533275808,49.0
1295.5459773820237,49.0
1302.3178138622095,49.0
1309.1250468239675,49.1
1315.967861285188,49.2
1322.8464432308563,49.2
1329.7609796180998,49.2
1336.7116583812742,49.2
1343.6986684370715,49.2
1350.7221996896535,49.2
1357.782443035813,49.2
1364.879590370164,49.2
1372.0138345903551,49.2
1379.1853696023147,49.2
1386.3943903255179,49.2
1393.6410926982915,49.2
1400.9256736831292,49.2
1408.248331272053,49.2
1415.6092644919916,49.2
1423.0086734101894,49.2
1430.4467591396458,49.2
1437.9237238445805,49.2
1445.439770745928,49.2
1452.9951041268616,49.1
1460.589929338344,49.0
1468.224452804715,49.0
1475.898882029292,49.0
1483.6134256000173,49.0
1491.3682931951248,49.0
1499.1636955888393,49.0
1506.999844657106,48.9
1514.8769533833477,48.8
1522.7952358642551,48.7
1530.754907315605,48.7
1538.7561840781082,48.7
1546.799283623296,48.7
1554.8844245594228,48.7
1563.0118266374113,48.7
1571.181710756826,48.7
1579.3942989718767,48.7
1587.649814497453,48.7
1595.9484817151922,48.7
1604.2905261795772,48.7
1612.6761746240677,48.7
1621.1056549672617,48.7
1629.5791963190893,48.7
1638.097028987047,48.7
1646.6593844824454,48.7
1655.266495526711,48.7
1663.9185960577072,48.7
1672.6159212360947,48.7
1681.3587074517213,48.7
1690.1471923300487,48.7
1698.9816147386093,48.7
1707.8622147934998,48.7
1716.789233865905,48.6
1725.7629145886658,48.5
1734.7835008628629,48.4
1743.8512378644525,48.4
1752.9663720509295,48.3
1762.1291511680254,48.3
1771.3398242564415,48.2
1780.598641658619,48.2
1789.9058550255418,48.1
1799.2617173235774,48.1
1808.6664828413498,48.0
1818.1204071966588,48.0
1827.6237473434162,47.9
1837.1767615786375,47.8
1846.7797095494598,47.6
1856.4328522602,47.5
1866.1364520794475,47.3
1875.8907727471963,47.1
1885.6960793820124,47.0
1895.552638488241,46.9
1905.4607179632462,46.8
1915.4205871047022,46.7
1925.4325166178992,46.6
1935.4967786231095,46.3
1945.6136466629825,46.1
1955.783395709978,46.0
1966.006302173841,45.9
1976.282643909114,45.9
1986.6127002226892,45.8
1996.996751881399,45.7
2007.4350811196462,45.5
2017.927971647083,45.5
2028.4757086563097,45.4
2039.078578830634,45.4
2049.736870351861,45.3
2060.4508729081267,45.2
2071.22087770177,45.1
2082.0471774572497,45.0
2092.9300664290977,44.9
2103.8698404099196,44.8
2114.8667967384304,44.7
2125.9212343075446,44.6
2137.0334535724887,44.5
2148.2037565589744,44.4
2159.4324468714053,44.3
2170.71982970113,44.2
2182.0662118347364,44.1
2193.4719016623894,44.0
2204.937209186215,43.8
2216.4624460287228,43.7
2228.0479254412767,43.5
2239.6939623126154,43.3
2251.4008731773993,43.1
2263.168976224821,43.0
2274.9985913072546,42.9
2286.890039948944,42.8
2298.843645354747,42.7
2310.8597324189163,42.5
2322.9386277339318,42.3
2335.0806595993763,42.2
2347.2861580308577,42.1
2359.5554547689862,42.1
2371.8888832883777,42.0
2384.2867788067265,41.9
2396.7494782939148,41.9
2409.2773204811715,41.8
2421.8706458702773,41.7
2434.5297967428205,41.7
2447.2551171695004,41.6
2460.0469530194778,41.6
2472.905651969775,41.6
2485.8315635147337,41.6
2498.825038975499,41.5
2511.88643150958,41.4
2525.0160961204438,41.2
2538.2143896671673,41.2
2551.481670874133,41.1
2564.8183003407817,41.1
2578.224640551411,41.1
2591.7010558850307,41.1
2605.247912625263,41.1
2618.8655789702975,41.0
2632.5544250429093,41.0
2646.314822900502,40.9
2660.14714654523,40.9
2674.051771934164,40.8
2688.029076989506,40.8
2702.079441608862,40.7
2716.20324767557,40.7
2730.400879069075,40.7
2744.6727216753675,40.7
2759.0191633974646,40.6
2773.440594165967,40.5
2787.9374059496395,40.4
2802.509992766076,40.3
2817.1587506924047,40.3
2831.8840778760564,40.2
2846.686374545581,40.1
2861.5660430215316,40.0
2876.5234877273942,39.9
2891.5591152005823,39.7
2906.6733341034837,39.5
2921.8665552345788,39.5
2937.139191539587,39.5
2952.4916581227058,39.5
2967.9243722578863,39.5
2983.4377534001765,39.5
2999.0322231971227,39.6
3014.7082055002275,39.7
3030.466126376471,39.8
3046.306414119893,39.8
3062.229499263226,40.0
3078.2358145896155,40.1
3094.325795144359,40.2
3110.4998782467446,40.3
3126.7585035019356,40.4
3143.1021128129173,40.4
3159.5311503925072,40.4
3176.0460627754296,40.4
3192.6472988304513,40.4
3209.335309772584,40.4
3226.1105491753406,40.4
3242.973472983081,40.4
3259.924539523382,40.4
3276.9642095195077,40.4
3294.0929461029286,40.4
3311.311214825911,40.4
3328.6194836741684,40.4
3346.018223079582,40.3
3363.507905932988,40.2
3381.089007597027,40.2
3398.762005919066,40.2
3416.527381244194,40.2
3434.385616428264,40.2
3452.337196851022,40.1
3470.382610429304,40.0
3488.5223476302926,39.8
3506.7569014848486,39.8
3525.0867676009134,39.7
3543.512444176976,39.7
3562.034432015617,39.6
3580.6532345371147,39.5
3599.369357793143,39.3
3618.1833104805046,39.2
3637.095603954969,39.1
3656.1067522451726,39.0
3675.2172720665826,38.9
3694.4276828355482,38.7
3713.738506683413,38.6
3733.1502684707093,38.5
3752.6634958014215,38.4
3772.2787190373247,38.3
3791.9964713124127,38.1
3811.817288547367,38.0
3831.7417094641373,37.9
3851.7702756005806,37.8
3871.9035313251793,37.7
3892.1420238518376,37.5
3912.4863032547537,37.3
3932.936922483372,37.1
3953.4944373774106,37.1
3974.1594066819653,37.0
3994.9323920627126,36.9
4015.8139581211503,36.8
4036.8046724099613,36.7
4057.9051054484326,36.6
4079.115830737964,36.5
4100.437424777656,36.4
4121.870467079975,36.3
4143.41554018651,36.2
4165.0732296838005,36.2
4186.844124219257,36.1
4208.728815517151,36.0
4230.72789839472,35.9
4252.841970778305,35.7
4275.071633719623,35.6
4297.417491412092,35.5
4319.880151207261,35.4
4342.460223631314,35.3
4365.158322401661,35.2
4387.975064443623,35.1
4410.911069907196,35.0
4433.9669621839075,35.0
4457.1433679237725,34.9
4480.4409170523,34.9
4503.860242787635,34.9
4527.40198165776,34.9
4551.0667735177985,34.9
4574.855261567406,34.9
4598.768092368251,35.0
4622.80591586159,35.1
4646.969385385929,35.2
4671.25915769478,35.3
4695.675892974527,35.4
4720.220254862348,35.5
4744.892910464259,35.6
4769.694530373255,35.7
4794.625788687525,35.8
4819.68736302878,35.8
4844.87993456067,35.9
4870.204188007296,35.9
4895.660811671819,35.9
4921.250497455168,35.9
4946.973940874864,36.0
4972.8318410838865,36.1
4998.824900889706,36.2
5024.953826773381,36.3
5051.219328908747,36.3
5077.622121181736,36.3
5104.162921209768,36.3
5130.842450361258,36.3
5157.661433775227,36.3
5184.620600380999,36.2
5211.720682918039,36.1
5238.962417955835,36.1
5266.346545913939,36.1
5293.873811082085,36.1
5321.544961640422,36.1
5349.360749679845,36.0
5377.321931222439,35.9
5405.429266242027,35.8
5433.683518684824,35.7
5462.085456490198,35.6
5490.635851611563,35.5
5519.335480037329,35.4
5548.185121812011,35.3
5577.185561057427,35.3
5606.337585994012,35.2
5635.641988962242,35.2
5665.0995664441625,35.2
5694.7111190850455,35.3
5724.477451715144,35.3
5754.399373371566,35.4
5784.477697320285,35.6
5814.713241078208,35.7
5845.10682643542,35.7
5875.659279477514,35.8
5906.371430608045,35.8
5937.244114571097,36.0
5968.278170473975,36.2
5999.4744418100045,36.3
6030.833776481469,36.4
6062.357026822636,36.5
6094.045049622959,36.6
6125.898706150321,36.6
6157.918862174471,36.6
6190.106387990547,36.6
6222.462158442733,36.5
6254.987052948034,36.4
6287.681955520183,36.3
6320.547754793659,36.2
6353.585344047851,36.1
6386.795621231329,35.9
6420.179488986247,35.7
6453.7378546729,35.6
6487.471630394349,35.6
6521.381733021235,35.5
6555.469084216698,35.4
6589.734610461422,35.4
6624.179243078815,35.4
6658.80391826033,35.4
6693.609577090902,35.5
6728.597165574533,35.6
6763.767634659991,35.7
6799.1219402666875,35.7
6834.661043310619,35.9
6870.385909730507,36.5
6906.297510514049,37.0
6942.39682172431,37.1
6978.684824526248,37.3
7015.162505213385,37.6
7051.830855234612,38.0
7088.690871221135,38.3
7125.7435550135615,38.6
7162.989913689153,39.0
7200.430959589155,39.4
7238.067710346342,39.9
7275.901188912673,40.2
7313.932423587085,40.5
7352.162448043451,40.7
7390.59230135867,40.9
7429.22302804091,41.5
7468.055678057999,42.1
7507.091306865953,42.2
7546.330975437692,42.3
7585.775750291836,42.3
7625.426703521717,42.3
7665.284912824515,42.3
7705.351461530549,42.3
7745.627438632719,42.3
7786.113938816104,42.2
7826.81206248772,42.0
7867.722915806424,41.6
7908.847610712972,41.4
7950.187264960275,41.2
7991.743002143727,40.8
8033.515951731782,40.3
8075.507249096639,39.7
8117.718035545101,38.1
8160.149458349601,36.5
8202.80267077938,36.1
8245.67883213183,35.4
8288.77910776401,34.4
8332.104669124305,33.5
8375.656693784302,32.9
8419.436365470749,32.2
8463.444874097753,31.5
8507.683415799123,29.4
8552.153192960874,27.2
8596.855414253905,26.5
8641.791294666864,26.0
8686.962055539152,25.6
8732.36892459413,25.3
8778.01313597248,24.5
8823.895930265779,23.7
8870.018554550163,23.4
8916.382262420266,23.2
8962.988314023276,23.0
9009.83797609319,22.7
9056.932521985234,22.3
9104.273231710486,22.3
9151.861391970657,22.5
9199.698296193066,23.1
9247.785244565785,23.8
9296.12354407301,24.0
9344.714508530542,24.4
9393.559458621517,24.9
9442.659721932305,25.3
9492.016632988581,25.7
9541.631533291613,26.0
9591.505771354708,26.2
9641.64070273987,27.7
9692.037690094652,29.9
9742.698103189163,30.7
9793.623318953358,31.2
9844.814721514387,31.7
9896.27370223427,32.1
9948.001659747684,33.5
10000.0,35.0
10052.270136285486,35.5
10104.813489285681,35.8
10157.6314871081,36.3
10210.725565324987,37.0
10264.09716701231,37.6
10317.747742788988,39.0
10371.678750856474,40.2
10425.891657038128,40.3
10480.387934819217,40.7
10535.16906538697,41.3
10590.236537670813,41.6
10645.591848382772,42.1
10701.236502058211,42.5
10757.172011096769,42.6
10813.399895803414,42.8
10869.921684429703,43.0
10926.73891321545,43.2
10983.85312643042,43.3
11041.265876416248,43.4
11098.978723628681,43.5
11156.993236680037,43.4
11215.310992381786,43.4
11273.933575787378,43.3
11332.862580235347,43.2
11392.099607392682,42.1
11451.646267298307,40.6
11511.504178406769,39.9
11571.674967632372,39.3
11632.16027039332,38.8
11692.961730656129,38.3
11754.08100098034,36.8
11815.519742563505,35.0
11877.27962528627,34.0
11939.362327757724,33.2
12001.76953736107,32.5
12064.50295029953,31.6
12127.56427164241,30.1
12190.95521537136,27.7
12254.677504427105,26.1
12318.732870756214,25.7
12383.123055358106,25.0
12447.849808332432,24.0
12512.914888926687,23.2
12578.320065583976,22.7
12644.067115991029,22.0
12710.157827126544,21.3
12776.593995309939,18.8
12843.377426249857,16.4
12910.50993509343,15.7
12977.99334647565,14.9
13045.829494568892,14.1
13114.020223132724,13.4
13182.567385564074,11.8
13251.472844947652,10.4
13320.738474106534,9.3
13390.366155652993,8.3
13460.35778203982,8.0
13530.715255611682,6.9
13601.440488656775,5.8
13672.535403458849,5.5
13744.001932349513,3.5
13815.842017760702,1.3
13888.057612277411,1.1
13960.650678690825,1.1
14033.62319005172,1.1
14106.977129724035,1.1
14180.714491438697,1.1
14254.837279347976,1.1
14329.347508079869,1.1
14404.247202792812,1.1
14479.538399230763,1.2
14555.223143778607,1.2
14631.303493517702,1.2
14707.78151628175,1.2
14784.65929071304,1.2
14861.938906319014,1.2
14939.622463529,1.2
15017.712073751207,1.2
15096.209859430292,1.2
15175.117954104964,1.5
15254.438502465904,2.3
15334.173660414117,3.0
15414.325595119602,3.6
15494.896485080177,4.0
15575.88852018064,6.2
15657.303901752315,8.7
15739.1448426331,10.3
15821.413567227246,11.8
15904.112311566014,12.3
15987.243323368504,12.7
16070.808862102673,14.2
16154.811199046684,15.7
16239.252617350698,16.1
16324.135412099,16.3
16409.461890372313,16.4
16495.23437131044,16.5
16581.455186175313,16.6
16668.12667841462,16.6
16755.251203725067,16.6
