10.0,41.1
10.052270136285475,41.2
10.104813489285682,41.2
10.157631487108103,41.2
10.210725565324982,41.3
10.264097167012295,41.4
10.317747742789004,41.4
10.371678750856479,41.4
10.425891657038118,41.4
10.480387934819216,41.4
10.535169065386981,41.4
10.590236537670812,41.4
10.64559184838276,41.5
10.701236502058206,41.5
10.757172011096776,41.5
10.813399895803409,41.5
10.869921684429707,41.5
10.926738913215466,41.6
10.98385312643042,41.6
11.041265876416237,41.7
11.098978723628681,41.8
11.156993236680048,41.8
11.215310992381788,41.9
11.27393357578736,41.9
11.332862580235341,41.9
11.392099607392687,42.0
11.451646267298301,42.1
11.511504178406776,42.2
11.571674967632385,42.2
11.632160270393321,42.2
11.692961730656117,42.2
11.75408100098034,42.3
11.815519742563518,42.4
11.87727962528627,42.4
11.939362327757706,42.4
12.001769537361062,42.5
12.064502950299536,42.6
12.127564271642404,42.6
12.190955215371359,42.6
12.254677504427118,42.6
12.318732870756214,42.6
12.383123055358094,42.7
12.447849808332432,42.7
12.5129148889267,42.7
12.578320065583968,42.7
12.644067115991009,42.7
12.710157827126565,42.7
12.776593995309947,42.7
12.843377426249843,42.8
12.910509935093431,42.9
12.977993346475664,42.9
13.045829494568892,42.9
13.11402022313271,43.0
13.182567385564074,43.1
13.251472844947658,43.1
13.320738474106527,43.1
13.390366155653,43.1
13.460357782039841,43.1
13.530715255611682,43.2
13.601440488656761,43.3
13.672535403458848,43.4
13.744001932349526,43.4
13.815842017760701,43.4
13.888057612277397,43.4
13.960650678690818,43.4
14.033623190051728,43.4
14.10697712972403,43.4
14.180714491438705,43.5
14.25483727934799,43.6
14.32934750807987,43.6
14.404247202792797,43.6
14.479538399230764,43.6
14.55522314377862,43.6
14.631303493517702,43.7
14.707781516281727,43.8
14.784659290713032,43.8
14.861938906319022,43.8
14.939622463528993,43.9
15.017712073751214,43.9
15.096209859430308,43.9
15.175117954104964,43.9
15.254438502465888,43.9
15.334173660414118,43.9
15.414325595119617,43.9
15.494896485080169,43.9
15.575888520180618,43.9
15.65730390175234,43.9
15.73914484263311,44.0
15.821413567227237,44.1
15.904112311566013,44.1
15.98724332336852,44.1
16.070808862102673,44.1
16.154811199046666,44.1
16.239252617350697,44.1
16.324135412099007,44.1
16.409461890372306,44.2
16.495234371310413,44.3
16.58145518617534,44.3
16.668126678414627,44.3
16.755251203725052,44.3
16.84283113011666,44.4
16.930868837977105,44.5
17.01936672013636,44.6
17.108327181931763,44.6
17.197752641273365,44.6
17.28764552870969,44.6
17.378008287493753,44.6
17.4688433736495,44.6
17.560153256038525,44.6
17.651940416427212,44.6
17.744207349554188,44.6
17.836956563198083,44.6
17.93019057824573,44.7
18.023911928760675,44.8
18.118123162052047,44.8
18.21282683874379,44.8
18.30802553284428,44.8
18.403721831816252,44.8
18.499918336647156,44.9
18.59661766191982,45.0
18.69382243588356,45.0
18.791535300525574,45.0
18.889758911642755,45.0
18.98849593891389,45.0
19.08774906597221,45.0
19.187520990478333,45.0
19.287814424193606,45.0
19.388632093053765,45.1
19.48997673724305,45.1
19.591851111268685,45.1
19.69425798403576,45.1
19.79720013892245,45.1
19.90068037385568,45.1
20.004701501387192,45.1
20.109266348769967,45.1
20.214377758035074,45.1
20.320038586068932,45.1
20.426251704690927,45.1
20.533020000731486,45.1
20.64034637611054,45.1
20.748233747916412,45.2
20.856685048485062,45.3
20.965703225479817,45.3
21.075291241971485,45.3
21.185452076518878,45.3
21.296188723249774,45.3
21.407504191942323,45.3
21.519401508106792,45.3
21.631883713067854,45.3
21.744953864047204,45.3
21.858615034246718,45.4
21.972870312931903,45.4
22.087722805515906,45.5
22.203175633643916,45.5
22.319231935278008,45.5
22.435894864782412,45.5
22.553167593009288,45.5
22.671053307384867,45.5
22.789555211996095,45.5
22.908676527677724,45.5
23.028420492099883,45.5
23.148790359856015,45.5
23.26978940255137,45.5
23.391420908891938,45.5
23.51368818477381,45.6
23.63659455337303,45.6
23.760143355235964,45.7
23.884337948370025,45.7
24.009181708334992,45.7
24.134678028334722,45.7
24.260830319309434,45.7
24.387642010028344,45.7
24.515116547182902,45.7
24.64325739548046,45.7
24.772068037738443,45.7
24.901551974979007,45.7
25.031712726524198,45.7
25.162553830091625,45.7
25.294078841890578,45.8
25.426291336718684,45.9
25.559194908059133,46.0
25.692793168178262,46.0
25.827089748223784,46.0
25.96208829832347,46.0
26.097792487684362,46.0
26.234206004692496,46.0
26.371332557013133,46.0
26.5091758716916,46.0
26.647739695254497,46.0
26.787027793811582,46.0
26.9270439531581,46.1
27.06779197887776,46.2
27.209275696446046,46.2
27.351498951334275,46.2
27.494465609114105,46.2
27.638179555562576,46.2
27.782644696767733,46.2
27.92786495923483,46.2
28.07384428999299,46.2
28.220586656702505,46.2
28.368096047762684,46.2
28.516376472420284,46.2
28.66543196087842,46.2
28.815266564406134,46.2
28.965884355448516,46.2
29.11728942773738,46.2
29.26948589640251,46.2
29.42247789808359,46.2
29.57626959104251,46.2
29.730865155276486,46.3
29.88626879263161,46.4
30.04248472691713,46.4
30.19951720402016,46.4
30.357370492021133,46.4
30.516048881309793,46.4
30.675556684701824,46.4
30.835898237556027,46.4
30.99707789789224,46.4
31.15910004650967,46.4
31.321969087106055,46.4
31.485689446397288,46.4
31.650265574237824,46.4
31.815701943741516,46.4
31.98200305140326,46.4
32.14917341722119,46.4
32.31721758481955,46.4
32.486140121572134,46.4
32.655945618726484,46.4
32.82663869152868,46.4
32.99822397934869,46.5
33.170706145806605,46.5
33.34408987889928,46.5
33.51837989112781,46.5
33.69358091962557,46.5
33.86969772628702,46.5
34.04673509789711,46.5
34.224697846261364,46.5
34.40359080833668,46.5
34.58341884636283,46.5
34.764186847994516,46.5
34.94589972643436,46.5
35.12856242056629,46.5
35.312179895089876,46.5
35.496757140655234,46.5
35.68229917399868,46.5
35.86881103807908,46.5
36.05629780221492,46.5
36.24476456222205,46.5
36.434216440552284,46.5
36.6246585864325,46.5
36.81609617600466,46.5
37.00853441246656,46.5
37.2019785262131,46.5
37.39643377497855,46.5
37.591905443979435,46.6
37.788398846058186,46.7
37.985919321827524,46.7
38.184472239815605,46.7
38.384062996612016,46.7
38.584697017014335,46.7
38.786379754175634,46.7
38.98911668975273,46.7
39.1929133340551,46.7
39.39777522619469,46.7
39.60370793423646,46.7
39.810717055349734,46.7
40.0188082159603,46.7
40.227987071903335,46.7
40.43825930857721,46.7
40.64963064109788,46.7
40.8621068144543,46.7
41.075693603664625,46.7
41.29039681393302,46.7
41.506222280807584,46.7
41.72317587033889,46.7
41.94126347923944,46.7
42.16049103504393,46.7
42.38086449627034,46.7
42.60238985258197,46.7
42.825073124950116,46.7
43.04892036581776,46.7
43.27393765926414,46.7
43.500131121170035,46.8
43.727506899384,46.9
43.956071173889484,46.9
44.18583015697281,46.9
44.416790093392,46.9
44.648957260546474,46.9
44.88233796864779,46.9
45.116938560890986,46.9
45.35276541362708,46.9
45.58982493653644,46.9
45.82812357280281,46.9
46.067667799288614,46.9
46.308464126710895,46.9
46.55051909981832,46.9
46.793839297569036,46.9
47.03843133330949,46.9
47.28430185495417,46.9
47.531457545166376,46.9
47.77990512153967,46.9
48.02965133678067,46.9
48.28070297889241,46.9
48.53306687135893,46.9
48.78674987333074,46.9
49.041758879811184,46.9
49.298100821843896,46.9
49.55578266670119,46.9
49.81481141807335,46.9
50.07519411625915,46.9
50.336937838356974,46.9
50.60004969845742,46.9
50.86453684783644,46.9
51.13040647514984,46.9
51.39766580662862,46.9
51.66632210627541,46.9
51.93638267606184,46.9
52.20785485612707,46.9
52.48074602497726,46.9
52.75506359968615,46.9
53.030815036096584,47.0
53.308007829023246,47.1
53.58664951245627,47.2
53.866747659766084,47.2
54.148309883909214,47.2
54.431343837635225,47.2
54.7158572136947,47.2
55.00185774504835,47.2
55.28935320507712,47.2
55.57835140779364,47.2
55.86886020805435,47.2
56.160887501773274,47.2
56.45444122613637,47.2
56.74952935981742,47.2
57.04615992319485,47.2
57.34434097856969,47.2
57.64408063038476,47.2
57.94538702544487,47.2
58.24826835313831,47.2
58.552732845659456,47.2
58.85878877823242,47.2
59.166444469336014,47.2
59.475708280929936,47.2
59.786588618681876,47.2
60.0990939321961,47.2
60.41323271524305,47.2
60.72901350599024,47.2
61.046444887234294,47.2
61.365535486634215,47.2
61.686293976945976,47.2
62.008729076258064,47.2
62.332849548228545,47.2
62.658664202323344,47.2
62.98618189405547,47.2
63.315411525225876,47.2
63.64636204416533,47.2
63.979042445977655,47.2
64.31346177278421,47.2
64.64962911396958,47.2
64.98755360642885,47.2
65.32724443481563,47.2
65.66871083179183,47.2
66.01196207827876,47.2
66.35700750370908,47.2
66.7038564862806,47.2
67.05251845321108,47.2
67.40300288099445,47.2
67.75531929565844,47.2
68.1094772730234,47.2
68.46548643896274,47.2
68.82335646966433,47.2
69.18309709189363,47.2
69.54471808325809,47.2
69.90822927247277,47.2
70.27364053962762,47.2
70.6409618164559,47.2
71.01020308660422,47.2
71.38137438590384,47.2
71.75448580264342,47.2
72.12954747784322,47.2
72.50656960553087,47.2
72.88556243301818,47.3
73.26653626117992,47.4
73.64950144473359,47.4
74.03446839252094,47.4
74.42144756779092,47.4
74.810449488484,47.4
75.20148472751808,47.4
75.59456391307583,47.4
75.98969772889355,47.4
76.38689691455168,47.4
76.78617226576647,47.4
77.18753463468363,47.4
77.59099493017311,47.4
77.99656411812569,47.4
78.404253221751,47.4
78.8140733218772,47.4
79.226035557252,47.4
79.64015112484554,47.4
80.05643128015467,47.4
80.47488733750892,47.4
80.89553067037787,47.4
81.31837271168051,47.4
81.74342495409579,47.4
82.170698950375,47.4
82.60020631365589,47.4
83.03195871777821,47.4
83.46596789760103,47.4
83.90224564932171,47.4
84.34080383079642,47.4
84.78165436186265,47.4
85.22480922466286,47.4
85.67028046397054,47.4
86.11808018751721,47.4
86.56822056632171,47.4
87.020713835021,47.4
87.47557229220259,47.4
87.93280830073893,47.4
88.39243428812335,47.4
88.85446274680783,47.4
89.31890623454267,47.4
89.78577737471758,47.4
90.25508885670492,47.4
90.72685343620469,47.4
91.20108393559097,47.4
91.67779324426061,47.4
92.15699431898352,47.4
92.63870018425483,47.4
93.12292393264887,47.4
93.60967872517497,47.4
94.09897779163542,47.4
94.5908344309847,47.4
95.0852620116911,47.4
95.58227397210023,47.4
96.08188382079996,47.4
96.5841051369878,47.4
97.08895157083991,47.4
97.59643684388209,47.4
98.10657474936274,47.4
98.61937915262773,47.4
99.13486399149741,47.4
99.65304327664518,47.4
100.17393109197839,47.4
100.69754159502135,47.4
101.22388901729977,47.4
101.75298766472777,47.4
102.28485191799675,47.4
102.81949623296607,47.4
103.35693514105618,47.4
103.89718324964329,47.4
104.44025524245698,47.4
104.98616587997819,47.4
105.53492999984189,47.4
106.08656251723878,47.4
106.64107842532215,47.4
107.19849279561431,47.4
107.75882077841675,47.4
108.32207760322176,47.4
108.88827857912626,47.4
109.45743909524856,47.4
110.02957462114523,47.4
110.60470070723336,47.4
111.18283298521138,47.4
111.76398716848561,47.4
112.3481790525961,47.4
112.93542451564652,47.4
113.5257395187356,47.4
114.11914010639099,47.4
114.71564240700522,47.4
115.3152626332741,47.4
115.91801708263789,47.4
116.52392213772293,47.4
117.13299426678874,47.4
117.74525002417371,47.4
118.36070605074681,47.4
118.97937907435858,47.4
119.60128591029638,47.4
120.22644346174131,47.4
120.85486872022751,47.4
121.4865787661046,47.4
122.12159076900052,47.4
122.75992198829012,47.4
123.40158977356222,47.4
124.04661156509306,47.4
124.69500489431896,47.4
125.34678738431336,47.4
126.00197675026583,47.4
126.6605907999634,47.4
127.3226474342747,47.4
127.98816464763628,47.4
128.6571605285424,47.4
129.32965326003517,47.4
130.00566112020084,47.4
130.68520248266435,47.4
131.36829581709074,47.4
132.05495968968575,47.4
132.74521276370103,47.4
133.43907379994133,47.4
134.1365616572744,47.4
134.83769529314347,47.4
135.54249376408254,47.4
136.25097622623485,47.4
136.96316193587217,47.4
137.67907024992007,47.4
138.39872062648203,47.4
139.1221326253702,47.4
139.84932590863562,47.4
140.58032024110324,47.4
141.31513549090906,47.4
142.05379163003997,47.4
142.7963087348772,47.4
143.5427069867405,47.4
144.29300667243896,47.4
145.04722818481977,47.4
145.80539202332486,47.4
146.56751879454652,47.4
147.333629212788,47.4
148.1037441006266,47.4
148.87788438947953,47.4
149.65607112017267,47.4
150.43832544351253,47.4
151.2246686208618,47.4
152.01512202471548,47.4
152.80970713928414,47.4
153.6084455610754,47.4
154.41135899948313,47.4
155.218469277376,47.4
156.02979833169113,47.4
156.8453682140304,47.4
157.66520109125955,47.4
158.48931924611142,47.4
159.3177450777899,47.4
160.15050110258113,47.4
160.9876099544629,47.4
161.82909438572216,47.4
162.67497726757185,47.4
163.52528159077312,47.4
164.38003046626017,47.4
165.23924712576837,47.4
166.1029549224657,47.4
166.97117733158728,47.4
167.8439379510743,47.4
168.72126050221348,47.4
169.60316883028446,47.4
170.48968690520502,47.4
171.38083882218535,47.4
172.27664880238083,47.4
173.17714119355136,47.4
174.08234047072295,47.4
174.99227123685273,47.4
175.9069582234984,47.4
176.82642629148881,47.4
177.75070043160196,47.4
178.67980576524164,47.4
179.61376754512278,47.4
180.55261115595593,47.4
181.49636211513797,47.4
182.44504607344558,47.4
183.39868881573247,47.4
184.35731626163007,47.4
185.3209544662519,47.4
186.28962962090262,47.4
187.26336805378796,47.4
188.24219623073301,47.4
189.2261407558986,47.4
190.21522837250714,47.4
191.20948596356752,47.4
192.20894055260666,47.4
193.21361930440384,47.4
194.22354952572874,47.4
195.2387586660848,47.4
196.25927431845295,47.4
197.28512422004457,47.4
198.31633625305224,47.4
199.35293844541056,47.4
200.39495897155572,47.4
201.4424261531923,47.4
202.4953684600627,47.4
203.55381451072122,47.3
204.6177930733116,47.3
205.6873330663489,47.2
206.76246355950653,47.2
207.84321377440395,47.2
208.92961308540407,47.2
210.02169102040844,47.2
211.11947726166272,47.2
212.22300164656127,47.2
213.33229416845913,47.2
214.447384977487,47.2
215.5683043813707,47.2
216.69508284625502,47.2
217.8277509975314,47.2
218.9663396206716,47.2
220.1108796620618,47.2
221.26140222984722,47.2
222.41793859477394,47.2
223.5805201910423,47.2
224.74917861715863,47.2
225.9239456367954,47.2
227.10485317965416,47.2
228.29193334233327,47.2
229.48521838920135,47.2
230.68474075327168,47.2
231.89053303708724,47.2
233.102628013603,47.2
234.32105862708036,47.2
235.5458579939798,47.2
236.77705940386227,47.2
238.0146963202937,47.2
239.25880238175446,47.2
240.50941140255387,47.2
241.76655737374873,47.2
243.03027446406858,47.2
244.30059702084168,47.2
245.57755957093218,47.2
246.86119682167464,47.2
248.1515436618211,47.2
249.44863516248657,47.2
250.75250657810346,47.2
252.0631933473797,47.2
253.3807310942614,47.2
254.7051556289027,47.2
256.03650294863604,47.2
257.3748092389545,47.2
258.72011087449107,47.2
260.0724444200114,47.2
261.4318466314045,47.2
262.79835445668317,47.2
264.17200503698814,47.1
265.5528357075972,47.0
266.94088399894025,46.9
268.336187637619,46.9
269.7387845474336,46.9
271.1487128504106,46.9
272.56601086784315,46.9
273.9907171213279,46.9
275.4228703338166,46.9
276.86250943066517,46.9
278.30967354069315,46.9
279.764401997247,46.9
281.2267343392687,46.9
282.6967103123723,46.9
284.1743698699204,46.9
285.65975317411466,46.9
287.152900597083,46.9
288.6538527219809,46.9
290.16265034409145,46.9
291.67933447193553,46.9
293.203946328386,46.9
294.7365273517884,46.9
296.27711919708696,46.9
297.8257637369567,46.9
299.38250306294265,46.9
300.947379486601,46.9
302.52043554065347,46.9
304.1017139801383,46.9
305.69125778357716,46.9
307.2891101541398,46.9
308.8953145208197,46.9
310.5099145396145,46.9
312.1329540947119,46.8
313.76447729968413,46.7
315.40452849868336,46.7
317.0531522676519,46.7
318.71039341552853,46.7
320.3762969854716,46.7
322.05090825607795,46.7
323.7342727426186,46.7
325.4264361982722,46.7
327.1274446153702,46.7
328.83734422664674,46.7
330.55618150649445,46.7
332.28400317222986,46.7
334.02085618535915,46.7
335.76678775285944,46.7
337.52184532845695,46.7
339.28607661392135,46.7
341.0595295603587,46.7
342.84225236951676,46.7
344.63429349509414,46.7
346.4357016440579,46.7
348.24652577796684,46.6
350.06681511430224,46.5
351.8966191278073,46.5
353.7359875518278,46.5
355.5849703796693,46.5
357.44361786595016,46.5
359.3119805279728,46.5
361.1901091470929,46.5
363.0780547701014,46.5
364.9758687106112,46.5
366.8836025504522,46.5
368.80130814107446,46.5
370.72903760495365,46.5
372.66684333701346,46.5
374.6147780060434,46.5
376.57289455613636,46.5
378.54124620812286,46.5
380.5198864610201,46.5
382.50886909348526,46.5
384.5082481652772,46.5
386.51807801872604,46.5
388.53841328020957,46.5
390.56930886163985,46.4
392.6108199619517,46.4
394.6630020686084,46.4
396.7259109591041,46.4
398.7996027024853,46.4
400.8841336608706,46.4
402.9795604909844,46.4
405.0859401456969,46.4
407.20332987557106,46.4
409.331787230421,46.4
411.4713700608718,46.4
413.6221365199375,46.4
415.78414506459575,46.4
417.95745445738237,46.4
420.1421237679842,46.4
422.33821237484636,46.4
424.5457799667861,46.4
426.76488654461485,46.4
428.9955924227691,46.4
431.23795823094935,46.4
433.49204491576995,46.4
435.7579137424112,46.4
438.0356262962907,46.3
440.3252444847303,46.2
442.62683053864555,46.2
444.9404470142319,46.2
447.2661567946673,46.2
449.60402309182115,46.2
451.9541094479714,46.2
454.3164797375345,46.2
456.6911981687959,46.2
459.0783292856624,46.2
461.4779379694089,46.2
463.89008944044906,46.2
466.31484926010245,46.2
468.7522833323791,46.2
471.20245790577025,46.2
473.6654395750488,46.2
476.14129528307956,46.2
478.630092322638,46.2
481.1318983382419,46.2
483.6467813279844,46.2
486.1748096453894,46.2
488.7160520012619,46.2
491.27057746556244,46.2
493.8384554692794,46.2
496.4197558063182,46.2
499.01454863539806,46.2
501.6229044819588,46.2
504.24489424007766,46.2
506.88058917439554,46.2
509.53006092205686,46.2
512.1933814946506,46.2
514.8706232801756,46.2
517.5618590449992,46.3
520.2671619358439,46.4
522.9866054817683,46.4
525.7202635961694,46.4
528.4682105787901,46.4
531.230521117739,46.4
534.0072702915224,46.4
536.7985335710792,46.4
539.6043868218401,46.4
542.4249063057814,46.4
545.2601686835053,46.4
548.1102510163182,46.4
550.9752307683272,46.4
553.8551858085453,46.4
556.7501944130083,46.4
559.6603352669016,46.4
562.5856874666987,46.5
565.5263305223134,46.5
568.4823443592555,46.5
571.4538093208106,46.5
574.4408061702153,46.5
577.4434160928608,46.5
580.4617206984933,46.5
583.4958020234345,46.5
586.5457425328113,46.5
589.6116251227962,46.6
592.6935331228639,46.7
595.7915502980484,46.7
598.9057608512304,46.7
602.0362494254149,46.7
605.1831011060411,46.7
608.3464014232891,46.7
611.5262363544065,46.7
614.7226923260454,46.8
617.9358562166111,46.8
621.1658153586235,46.9
624.4126575410903,46.9
627.6764710118958,46.9
630.957344480193,46.9
634.2553671188238,47.0
637.5706285667327,47.1
640.9032189314127,47.2
644.2532287913472,47.2
647.6207491984753,47.2
651.0058716806659,47.3
654.4086882442045,47.4
657.8292913762976,47.4
661.2677740475787,47.4
664.7242297146454,47.4
668.1987523225889,47.4
671.6914363075575,47.4
675.2023765993158,47.5
678.7316686238282,47.6
682.2794083058518,47.6
685.8456920715438,47.6
689.4306168510824,47.7
693.0342800813003,47.7
696.6567797083366,47.8
700.2982141902914,47.9
703.9586824999124,47.9
707.6382841272731,47.9
711.3371190824884,47.9
715.0552878984242,47.9
718.7928916334344,47.9
722.5500318741055,47.9
726.3268107380181,48.0
730.123330876526,48.0
733.9396954775374,48.1
737.7760082683312,48.2
741.6323735183645,48.3
745.508896042117,48.4
749.4056812019327,48.5
753.3228349108862,48.5
757.2604636356614,48.6
761.2186743994453,48.6
765.1975747848361,48.6
769.1972729367671,48.7
773.2178775654501,48.7
777.2594979493206,48.8
781.3222439380205,48.8
785.406225955371,48.9
789.5115550023859,48.9
793.6383426602791,48.9
797.7867010935024,48.9
801.9567430527921,48.9
806.1485818782347,49.0
810.3623315023465,49.1
814.59810645317,49.1
818.8560218573906,49.1
823.1361934434566,49.1
827.4387375447371,49.2
831.7637711026708,49.3
836.1114116699566,49.3
840.4817774137397,49.3
844.8749871188272,49.5
849.2911601909162,49.6
853.7304166598383,49.6
858.1928771828257,49.6
862.6786630477819,49.6
867.1878961765907,49.6
871.7206991284164,49.7
876.2771951030477,49.8
880.8575079442367,49.8
885.4617621430697,49.8
890.0900828413493,49.8
894.742595834996,49.8
899.4194275774676,49.8
904.1207051831946,49.8
908.8465564310401,49.8
913.5971097677627,49.8
918.3724943115215,49.8
923.1728398553701,49.8
927.998276870799,49.8
932.8489365112713,49.8
937.7249506157918,49.8
942.6264517124897,49.8
947.5535730222193,49.8
952.5064484621864,49.8
957.4852126495767,49.8
962.4900009052299,49.8
967.5209492573013,49.8
972.5781944449744,49.8
977.6618739221665,49.8
982.772125861269,49.8
987.9090891569025,49.7
993.0729034296917,49.6
998.26370903006,49.6
1003.4816470420445,49.6
1008.7268592871307,49.6
1013.9994883281055,49.6
1019.2996774729368,49.6
1024.627570778662,49.6
1029.9833130553077,49.6
1035.3670498698243,49.5
1040.778927550043,49.4
1046.219093188652,49.3
1051.687694647196,49.3
1057.1848805600926,49.2
1062.7108003386745,49.2
1068.2656041752484,49.1
1073.849443047181,49.1
1079.4624687209969,49.1
1085.104833756507,49.1
1090.7766915109553,49.0
1096.4781961431852,49.0
1102.2095026178308,48.9
1107.9707667095288,48.9
1113.7621450071517,48.9
1119.5837949180645,48.9
1125.4358746724013,48.9
1131.3185433273702,48.9
1137.231960771571,48.9
1143.1762877293438,48.8
1149.1516857651375,48.8
1155.1583172879002,48.8
1161.1963455554942,48.8
1167.2659346791324,48.8
1173.3672496278396,48.8
1179.5004562329357,48.8
1185.6657211925422,48.8
1191.8632120761172,48.8
1198.0930973290035,48.8
1204.355546277011,48.8
1210.650729131018,48.8
1216.9788169915967,48.8
1223.3399818536654,48.8
1229.7343966111616,48.8
1236.162235061742,48.8
1242.6236719115057,48.9
1249.1188827797416,48.9
1255.6480442037073,48.9
1262.2113336434193,48.9
1268.8089294864806,49.0
1275.4410110529293,49.1
1282.1077586001115,49.1
1288.8093533275808,49.1
1295.5459773820237,49.1
1302.3178138622095,49.1
1309.1250468239675,49.2
1315.967861285188,49.3
1322.8464432308563,49.3
1329.7609796180998,49.3
1336.7116583812742,49.3
1343.6986684370715,49.3
1350.7221996896535,49.3
1357.782443035813,49.5
1364.879590370164,49.6
1372.0138345903551,49.6
1379.1853696023147,49.6
1386.3943903255179,49.6
1393.6410926982915,49.6
1400.9256736831292,49.6
1408.248331272053,49.6
1415.6092644919916,49.6
1423.0086734101894,49.6
1430.4467591396458,49.6
1437.9237238445805,49.6
1445.439770745928,49.6
1452.9951041268616,49.6
1460.589929338344,49.6
1468.224452804715,49.6
1475.898882029292,49.6
1483.6134256000173,49.5
1491.3682931951248,49.4
1499.1636955888393,49.3
1506.999844657106,49.3
1514.8769533833477,49.3
1522.7952358642551,49.3
1530.754907315605,49.3
1538.7561840781082,49.3
1546.799283623296,49.3
1554.8844245594228,49.3
1563.0118266374113,49.3
1571.181710756826,49.3
1579.3942989718767,49.3
1587.649814497453,49.3
1595.9484817151922,49.3
1604.2905261795772,49.4
1612.6761746240677,49.5
1621.1056549672617,49.6
1629.5791963190893,49.6
1638.097028987047,49.6
1646.6593844824454,49.6
1655.266495526711,49.6
1663.9185960577072,49.6
1672.6159212360947,49.6
1681.3587074517213,49.6
1690.1471923300487,49.6
1698.9816147386093,49.6
1707.8622147934998,49.6
1716.789233865905,49.6
1725.7629145886658,49.6
1734.7835008628629,49.6
1743.8512378644525,49.6
1752.9663720509295,49.6
1762.1291511680254,49.6
1771.3398242564415,49.5
1780.598641658619,49.4
1789.9058550255418,49.2
1799.2617173235774,49.2
1808.6664828413498,49.1
1818.1204071966588,49.1
1827.6237473434162,49.0
1837.1767615786375,48.9
1846.7797095494598,48.7
1856.4328522602,48.6
1866.1364520794475,48.5
1875.8907727471963,48.4
1885.6960793820124,48.3
1895.552638488241,48.1
1905.4607179632462,47.9
1915.4205871047022,47.8
1925.4325166178992,47.7
1935.4967786231095,47.5
1945.6136466629825,47.3
1955.783395709978,47.3
1966.006302173841,47.2
1976.282643909114,47.2
1986.6127002226892,47.1
1996.996751881399,46.9
2007.4350811196462,46.7
2017.927971647083,46.6
2028.4757086563097,46.5
2039.078578830634,46.5
2049.736870351861,46.4
2060.4508729081267,46.3
2071.22087770177,46.3
2082.0471774572497,46.2
2092.9300664290977,46.1
2103.8698404099196,46.0
2114.8667967384304,45.9
2125.9212343075446,45.7
2137.0334535724887,45.5
2148.2037565589744,45.4
2159.4324468714053,45.3
2170.71982970113,45.1
2182.0662118347364,45.0
2193.4719016623894,44.9
2204.937209186215,44.8
2216.4624460287228,44.7
2228.0479254412767,44.6
2239.6939623126154,44.2
2251.4008731773993,43.8
2263.168976224821,43.7
2274.9985913072546,43.7
2286.890039948944,43.6
2298.843645354747,43.5
2310.8597324189163,43.1
2322.9386277339318,42.8
2335.0806595993763,42.7
2347.2861580308577,42.7
2359.5554547689862,42.7
2371.8888832883777,42.6
2384.2867788067265,42.6
2396.7494782939148,42.5
2409.2773204811715,42.4
2421.8706458702773,42.3
2434.5297967428205,42.3
2447.2551171695004,42.2
2460.0469530194778,42.1
2472.905651969775,42.0
2485.8315635147337,41.9
2498.825038975499,41.8
2511.88643150958,41.7
2525.0160961204438,41.6
2538.2143896671673,41.6
2551.481670874133,41.5
2564.8183003407817,41.5
2578.224640551411,41.5
2591.7010558850307,41.5
2605.247912625263,41.5
2618.8655789702975,41.5
2632.5544250429093,41.4
2646.314822900502,41.4
2660.14714654523,41.4
2674.051771934164,41.3
2688.029076989506,41.3
2702.079441608862,41.2
2716.20324767557,41.1
2730.400879069075,41.1
2744.6727216753675,41.0
2759.0191633974646,40.9
2773.440594165967,40.8
2787.9374059496395,40.7
2802.509992766076,40.6
2817.1587506924047,40.5
2831.8840778760564,40.4
2846.686374545581,40.3
2861.5660430215316,40.2
2876.5234877273942,40.1
2891.5591152005823,40.0
2906.6733341034837,39.9
2921.8665552345788,39.8
2937.139191539587,39.8
2952.4916581227058,39.8
2967.9243722578863,39.9
2983.4377534001765,40.0
2999.0322231971227,40.0
3014.7082055002275,40.0
3030.466126376471,40.1
3046.306414119893,40.1
3062.229499263226,40.2
3078.2358145896155,40.3
3094.325795144359,40.4
3110.4998782467446,40.4
3126.7585035019356,40.5
3143.1021128129173,40.5
3159.5311503925072,40.5
3176.0460627754296,40.5
3192.6472988304513,40.5
3209.335309772584,40.5
3226.1105491753406,40.5
3242.973472983081,40.5
3259.924539523382,40.4
3276.9642095195077,40.3
3294.0929461029286,40.3
3311.311214825911,40.3
3328.6194836741684,40.3
3346.018223079582,40.2
3363.507905932988,40.1
3381.089007597027,40.1
3398.762005919066,40.1
3416.527381244194,40.1
3434.385616428264,40.1
3452.337196851022,40.0
3470.382610429304,39.9
3488.5223476302926,39.9
3506.7569014848486,39.8
3525.0867676009134,39.7
3543.512444176976,39.6
3562.034432015617,39.5
3580.6532345371147,39.4
3599.369357793143,39.2
3618.1833104805046,39.0
3637.095603954969,38.9
3656.1067522451726,38.7
3675.2172720665826,38.6
3694.4276828355482,38.5
3713.738506683413,38.4
3733.1502684707093,38.3
3752.6634958014215,38.1
3772.2787190373247,37.8
3791.9964713124127,37.6
3811.817288547367,37.5
3831.7417094641373,37.5
3851.7702756005806,37.4
3871.9035313251793,37.3
3892.1420238518376,37.1
3912.4863032547537,36.9
3932.936922483372,36.7
3953.4944373774106,36.6
3974.1594066819653,36.5
3994.9323920627126,36.4
4015.8139581211503,36.3
4036.8046724099613,36.3
4057.9051054484326,36.2
4079.115830737964,36.1
4100.437424777656,36.0
4121.870467079975,35.9
4143.41554018651,35.7
4165.0732296838005,35.5
4186.844124219257,35.4
4208.728815517151,35.3
4230.72789839472,35.1
4252.841970778305,35.0
4275.071633719623,34.9
4297.417491412092,34.9
4319.880151207261,34.8
4342.460223631314,34.7
4365.158322401661,34.6
4387.975064443623,34.5
4410.911069907196,34.4
4433.9669621839075,34.4
4457.1433679237725,34.3
4480.4409170523,34.3
4503.860242787635,34.3
4527.40198165776,34.3
4551.0667735177985,34.3
4574.855261567406,34.3
4598.768092368251,34.5
4622.80591586159,34.6
4646.969385385929,34.7
4671.25915769478,34.7
4695.675892974527,34.8
4720.220254862348,34.9
4744.892910464259,34.9
4769.694530373255,35.0
4794.625788687525,35.1
4819.68736302878,35.2
4844.87993456067,35.3
4870.204188007296,35.4
4895.660811671819,35.4
4921.250497455168,35.5
4946.973940874864,35.5
4972.8318410838865,35.5
4998.824900889706,35.6
5024.953826773381,35.8
5051.219328908747,35.9
5077.622121181736,36.0
5104.162921209768,36.0
5130.842450361258,36.0
5157.661433775227,36.0
5184.620600380999,35.9
5211.720682918039,35.8
5238.962417955835,35.7
5266.346545913939,35.7
5293.873811082085,35.7
5321.544961640422,35.7
5349.360749679845,35.6
5377.321931222439,35.5
5405.429266242027,35.3
5433.683518684824,35.3
5462.085456490198,35.2
5490.635851611563,35.2
5519.335480037329,35.1
5548.185121812011,35.1
5577.185561057427,35.0
5606.337585994012,35.0
5635.641988962242,35.1
5665.0995664441625,35.1
5694.7111190850455,35.2
5724.477451715144,35.2
5754.399373371566,35.4
5784.477697320285,35.6
5814.713241078208,35.7
5845.10682643542,35.8
5875.659279477514,35.9
5906.371430608045,36.0
5937.244114571097,36.2
5968.278170473975,36.4
5999.4744418100045,36.6
6030.833776481469,36.7
6062.357026822636,36.9
6094.045049622959,37.1
6125.898706150321,37.2
6157.918862174471,37.2
6190.106387990547,37.2
6222.462158442733,37.1
6254.987052948034,36.9
6287.681955520183,36.7
6320.547754793659,36.6
6353.585344047851,36.5
6386.795621231329,36.4
6420.179488986247,36.3
6453.7378546729,36.3
6487.471630394349,36.2
6521.381733021235,36.2
6555.469084216698,36.2
6589.734610461422,36.2
6624.179243078815,36.2
6658.80391826033,36.2
6693.609577090902,36.2
6728.597165574533,36.2
6763.767634659991,36.2
6799.1219402666875,36.3
6834.661043310619,36.3
6870.385909730507,36.4
6906.297510514049,36.4
6942.39682172431,36.6
6978.684824526248,36.8
7015.162505213385,37.1
7051.830855234612,37.3
7088.690871221135,37.4
7125.7435550135615,37.5
7162.989913689153,37.6
7200.430959589155,37.7
7238.067710346342,37.9
7275.901188912673,38.2
7313.932423587085,38.4
7352.162448043451,38.5
7390.59230135867,38.6
7429.22302804091,38.8
7468.055678057999,39.1
7507.091306865953,39.2
7546.330975437692,39.3
7585.775750291836,39.3
7625.426703521717,39.2
7665.284912824515,39.2
7705.351461530549,39.1
7745.627438632719,39.1
7786.113938816104,39.0
7826.81206248772,38.9
7867.722915806424,38.7
7908.847610712972,38.5
7950.187264960275,38.4
7991.743002143727,38.1
8033.515951731782,37.6
8075.507249096639,37.3
8117.718035545101,36.1
8160.149458349601,34.8
8202.80267077938,34.4
8245.67883213183,33.8
8288.77910776401,32.9
8332.104669124305,32.0
8375.656693784302,31.3
8419.436365470749,30.5
8463.444874097753,29.7
8507.683415799123,28.6
8552.153192960874,27.4
8596.855414253905,26.5
8641.791294666864,25.9
8686.962055539152,25.6
8732.36892459413,25.4
8778.01313597248,24.8
8823.895930265779,24.1
8870.018554550163,23.8
8916.382262420266,23.7
8962.988314023276,23.6
9009.83797609319,23.4
9056.932521985234,23.3
9104.273231710486,23.6
9151.861391970657,23.8
9199.698296193066,24.4
9247.785244565785,25.0
9296.12354407301,25.3
9344.714508530542,25.5
9393.559458621517,26.1
9442.659721932305,26.9
9492.016632988581,27.4
9541.631533291613,27.8
9591.505771354708,28.2
9641.64070273987,30.1
9692.037690094652,32.1
9742.698103189163,32.8
9793.623318953358,33.3
9844.814721514387,33.8
9896.27370223427,34.4
9948.001659747684,36.1
10000.0,38.1
10052.270136285486,39.0
10104.813489285681,39.7
10157.6314871081,40.5
10210.725565324987,41.2
10264.09716701231,42.0
10317.747742788988,44.1
10371.678750856474,45.9
10425.891657038128,46.1
10480.387934819217,46.3
10535.16906538697,46.6
10590.236537670813,46.7
10645.591848382772,46.6
10701.236502058211,46.5
10757.172011096769,46.2
10813.399895803414,45.9
10869.921684429703,44.6
10926.73891321545,43.3
10983.85312643042,42.9
11041.265876416248,41.6
11098.978723628681,39.8
11156.993236680037,38.4
11215.310992381786,37.2
11273.933575787378,36.4
11332.862580235347,35.7
11392.099607392682,33.5
11451.646267298307,31.2
11511.504178406769,30.7
11571.674967632372,30.4
11632.16027039332,30.0
11692.961730656129,29.7
11754.08100098034,28.8
11815.519742563505,27.6
11877.27962528627,26.9
11939.362327757724,26.1
12001.76953736107,25.5
12064.50295029953,25.1
12127.56427164241,24.4
12190.95521537136,22.1
12254.677504427105,19.9
12318.732870756214,19.3
12383.123055358106,18.5
12447.849808332432,17.5
12512.914888926687,16.7
12578.320065583976,16.3
12644.067115991029,15.8
12710.157827126544,15.2
12776.593995309939,14.0
12843.377426249857,13.0
12910.50993509343,12.6
12977.99334647565,12.0
13045.829494568892,11.5
13114.020223132724,10.9
13182.567385564074,9.4
13251.472844947652,7.9
13320.738474106534,7.0
13390.366155652993,6.3
13460.35778203982,5.9
13530.715255611682,4.5
13601.440488656775,3.2
13672.535403458849,2.9
13744.001932349513,2.6
13815.842017760702,2.4
13888.057612277411,2.3
13960.650678690825,2.1
14033.62319005172,2.0
14106.977129724035,1.8
14180.714491438697,1.7
14254.837279347976,1.5
14329.347508079869,1.4
14404.247202792812,1.2
14479.538399230763,1.1
14555.223143778607,0.9
14631.303493517702,0.8
14707.78151628175,0.6
14784.65929071304,0.5
14861.938906319014,0.3
14939.622463529,0.2
15017.712073751207,0.3
15096.209859430292,1.1
15175.117954104964,2.0
15254.438502465904,2.9
15334.173660414117,3.6
15414.325595119602,4.1
15494.896485080177,4.6
15575.88852018064,5.8
15657.303901752315,7.3
15739.1448426331,8.5
15821.413567227246,9.5
15904.112311566014,10.0
15987.243323368504,10.4
16070.808862102673,11.7
16154.811199046684,13.0
16239.252617350698,14.0
16324.135412099,14.8
16409.461890372313,14.9
16495.23437131044,15.2
16581.455186175313,15.4
16668.12667841462,15.6
16755.251203725067,15.7
