10.0,46.2
10.052270136285475,46.1
10.104813489285682,45.9
10.157631487108103,45.7
10.210725565324982,45.7
10.264097167012295,45.7
10.317747742789004,45.7
10.371678750856479,45.7
10.425891657038118,45.7
10.480387934819216,45.7
10.535169065386981,45.6
10.590236537670812,45.6
10.64559184838276,45.5
10.701236502058206,45.5
10.757172011096776,45.5
10.813399895803409,45.5
10.869921684429707,45.5
10.926738913215466,45.5
10.98385312643042,45.5
11.041265876416237,45.5
11.098978723628681,45.5
11.156993236680048,45.5
11.215310992381788,45.5
11.27393357578736,45.5
11.332862580235341,45.5
11.392099607392687,45.5
11.451646267298301,45.5
11.511504178406776,45.5
11.571674967632385,45.5
11.632160270393321,45.5
11.692961730656117,45.5
11.75408100098034,45.5
11.815519742563518,45.5
11.87727962528627,45.5
11.939362327757706,45.5
12.001769537361062,45.4
12.064502950299536,45.4
12.127564271642404,45.3
12.190955215371359,45.2
12.254677504427118,45.2
12.318732870756214,45.1
12.383123055358094,45.1
12.447849808332432,45.1
12.5129148889267,45.1
12.578320065583968,45.0
12.644067115991009,44.9
12.710157827126565,44.8
12.776593995309947,44.8
12.843377426249843,44.8
12.910509935093431,44.8
12.977993346475664,44.8
13.045829494568892,44.8
13.11402022313271,44.8
13.182567385564074,44.8
13.251472844947658,44.8
13.320738474106527,44.8
13.390366155653,44.8
13.460357782039841,44.7
13.530715255611682,44.6
13.601440488656761,44.6
13.672535403458848,44.6
13.744001932349526,44.6
13.815842017760701,44.6
13.888057612277397,44.6
13.960650678690818,44.6
14.033623190051728,44.6
14.10697712972403,44.6
14.180714491438705,44.6
14.25483727934799,44.6
14.32934750807987,44.6
14.404247202792797,44.6
14.479538399230764,44.5
14.55522314377862,44.4
14.631303493517702,44.3
14.707781516281727,44.3
14.784659290713032,44.5
14.861938906319022,44.6
14.939622463528993,44.6
15.017712073751214,44.6
15.096209859430308,44.6
15.175117954104964,44.6
15.254438502465888,44.6
15.334173660414118,44.6
15.414325595119617,44.6
15.494896485080169,44.6
15.575888520180618,44.6
15.65730390175234,44.6
15.73914484263311,44.6
15.821413567227237,44.6
15.904112311566013,44.6
15.98724332336852,44.6
16.070808862102673,44.6
16.154811199046666,44.6
16.239252617350697,44.6
16.324135412099007,44.7
16.409461890372306,44.8
16.495234371310413,44.8
16.58145518617534,44.8
16.668126678414627,44.8
16.755251203725052,44.8
16.84283113011666,44.8
16.930868837977105,44.8
17.01936672013636,44.8
17.108327181931763,44.8
17.197752641273365,44.8
17.28764552870969,44.8
17.378008287493753,44.8
17.4688433736495,44.8
17.560153256038525,44.8
17.651940416427212,44.8
17.744207349554188,44.9
17.836956563198083,44.9
17.93019057824573,45.0
18.023911928760675,45.0
18.118123162052047,45.0
18.21282683874379,45.0
18.30802553284428,45.0
18.403721831816252,45.0
18.499918336647156,45.0
18.59661766191982,45.0
18.69382243588356,45.0
18.791535300525574,45.0
18.889758911642755,45.0
18.98849593891389,45.0
19.08774906597221,45.0
19.187520990478333,45.0
19.287814424193606,45.1
19.388632093053765,45.1
19.48997673724305,45.1
19.591851111268685,45.1
19.69425798403576,45.1
19.79720013892245,45.1
19.90068037385568,45.1
20.004701501387192,45.1
20.109266348769967,45.1
20.214377758035074,45.1
20.320038586068932,45.1
20.426251704690927,45.1
20.533020000731486,45.1
20.64034637611054,45.1
20.748233747916412,45.1
20.856685048485062,45.1
20.965703225479817,45.2
21.075291241971485,45.3
21.185452076518878,45.3
21.296188723249774,45.3
21.407504191942323,45.3
21.519401508106792,45.3
21.631883713067854,45.3
21.744953864047204,45.3
21.858615034246718,45.3
21.972870312931903,45.3
22.087722805515906,45.3
22.203175633643916,45.3
22.319231935278008,45.3
22.435894864782412,45.3
22.553167593009288,45.3
22.671053307384867,45.3
22.789555211996095,45.3
22.908676527677724,45.3
23.028420492099883,45.4
23.148790359856015,45.4
23.26978940255137,45.5
23.391420908891938,45.5
23.51368818477381,45.5
23.63659455337303,45.5
23.760143355235964,45.5
23.884337948370025,45.5
24.009181708334992,45.5
24.134678028334722,45.5
24.260830319309434,45.5
24.387642010028344,45.5
24.515116547182902,45.5
24.64325739548046,45.5
24.772068037738443,45.5
24.901551974979007,45.5
25.031712726524198,45.5
25.162553830091625,45.5
25.294078841890578,45.5
25.426291336718684,45.5
25.559194908059133,45.6
25.692793168178262,45.6
25.827089748223784,45.7
25.96208829832347,45.7
26.097792487684362,45.7
26.234206004692496,45.7
26.371332557013133,45.7
26.5091758716916,45.7
26.647739695254497,45.7
26.787027793811582,45.7
26.9270439531581,45.7
27.06779197887776,45.7
27.209275696446046,45.7
27.351498951334275,45.7
27.494465609114105,45.7
27.638179555562576,45.7
27.782644696767733,45.7
27.92786495923483,45.7
28.07384428999299,45.7
28.220586656702505,45.7
28.368096047762684,45.7
28.516376472420284,45.7
28.66543196087842,45.7
28.815266564406134,45.7
28.965884355448516,45.7
29.11728942773738,45.7
29.26948589640251,45.9
29.42247789808359,46.0
29.57626959104251,46.0
29.730865155276486,46.0
29.88626879263161,46.0
30.04248472691713,46.0
30.19951720402016,46.0
30.357370492021133,46.0
30.516048881309793,46.0
30.675556684701824,46.0
30.835898237556027,46.0
30.99707789789224,46.0
31.15910004650967,46.0
31.321969087106055,46.0
31.485689446397288,46.0
31.650265574237824,46.0
31.815701943741516,46.0
31.98200305140326,46.0
32.14917341722119,46.0
32.31721758481955,46.0
32.486140121572134,46.0
32.655945618726484,46.0
32.82663869152868,46.0
32.99822397934869,46.0
33.170706145806605,46.0
33.34408987889928,46.0
33.51837989112781,46.0
33.69358091962557,46.0
33.86969772628702,46.0
34.04673509789711,46.0
34.224697846261364,46.0
34.40359080833668,46.0
34.58341884636283,46.0
34.764186847994516,46.0
34.94589972643436,46.0
35.12856242056629,46.0
35.312179895089876,46.0
35.496757140655234,46.0
35.68229917399868,46.0
35.86881103807908,46.0
36.05629780221492,46.0
36.24476456222205,46.0
36.434216440552284,46.0
36.6246585864325,46.0
36.81609617600466,46.0
37.00853441246656,46.0
37.2019785262131,46.0
37.39643377497855,46.0
37.591905443979435,46.0
37.788398846058186,46.0
37.985919321827524,46.0
38.184472239815605,46.0
38.384062996612016,46.0
38.584697017014335,46.0
38.786379754175634,46.0
38.98911668975273,46.0
39.1929133340551,46.0
39.39777522619469,46.0
39.60370793423646,46.0
39.810717055349734,46.0
40.0188082159603,46.0
40.227987071903335,46.0
40.43825930857721,46.0
40.64963064109788,46.0
40.8621068144543,46.0
41.075693603664625,46.0
41.29039681393302,46.0
41.506222280807584,46.0
41.72317587033889,46.0
41.94126347923944,46.0
42.16049103504393,46.0
42.38086449627034,46.0
42.60238985258197,46.0
42.825073124950116,46.0
43.04892036581776,46.0
43.27393765926414,46.0
43.500131121170035,46.0
43.727506899384,46.0
43.956071173889484,46.0
44.18583015697281,46.0
44.416790093392,46.0
44.648957260546474,46.0
44.88233796864779,46.0
45.116938560890986,46.0
45.35276541362708,46.0
45.58982493653644,46.0
45.82812357280281,46.0
46.067667799288614,46.0
46.308464126710895,46.0
46.55051909981832,46.0
46.793839297569036,46.0
47.03843133330949,46.0
47.28430185495417,46.0
47.531457545166376,46.0
47.77990512153967,46.0
48.02965133678067,46.0
48.28070297889241,46.0
48.53306687135893,46.0
48.78674987333074,46.0
49.041758879811184,46.0
49.298100821843896,46.0
49.55578266670119,46.0
49.81481141807335,46.0
50.07519411625915,46.0
50.336937838356974,46.0
50.60004969845742,46.0
50.86453684783644,46.0
51.13040647514984,46.0
51.39766580662862,46.0
51.66632210627541,46.0
51.93638267606184,46.0
52.20785485612707,46.0
52.48074602497726,46.0
52.75506359968615,46.0
53.030815036096584,46.0
53.308007829023246,46.0
53.58664951245627,46.0
53.866747659766084,46.0
54.148309883909214,46.0
54.431343837635225,46.0
54.7158572136947,46.0
55.00185774504835,46.0
55.28935320507712,46.0
55.57835140779364,46.0
55.86886020805435,46.0
56.160887501773274,46.0
56.45444122613637,46.0
56.74952935981742,46.0
57.04615992319485,46.0
57.34434097856969,46.0
57.64408063038476,46.0
57.94538702544487,46.0
58.24826835313831,46.0
58.552732845659456,46.0
58.85878877823242,46.0
59.166444469336014,46.0
59.475708280929936,46.0
59.786588618681876,45.9
60.0990939321961,45.8
60.41323271524305,45.7
60.72901350599024,45.7
61.046444887234294,45.7
61.365535486634215,45.7
61.686293976945976,45.7
62.008729076258064,45.7
62.332849548228545,45.7
62.658664202323344,45.7
62.98618189405547,45.7
63.315411525225876,45.7
63.64636204416533,45.7
63.979042445977655,45.7
64.31346177278421,45.7
64.64962911396958,45.7
64.98755360642885,45.7
65.32724443481563,45.7
65.66871083179183,45.7
66.01196207827876,45.7
66.35700750370908,45.7
66.7038564862806,45.7
67.05251845321108,45.7
67.40300288099445,45.7
67.75531929565844,45.7
68.1094772730234,45.7
68.46548643896274,45.7
68.82335646966433,45.7
69.18309709189363,45.7
69.54471808325809,45.7
69.90822927247277,45.7
70.27364053962762,45.6
70.6409618164559,45.6
71.01020308660422,45.5
71.38137438590384,45.5
71.75448580264342,45.5
72.12954747784322,45.5
72.50656960553087,45.5
72.88556243301818,45.5
73.26653626117992,45.5
73.64950144473359,45.5
74.03446839252094,45.5
74.42144756779092,45.5
74.810449488484,45.5
75.20148472751808,45.5
75.59456391307583,45.5
75.98969772889355,45.5
76.38689691455168,45.5
76.78617226576647,45.5
77.18753463468363,45.5
77.59099493017311,45.5
77.99656411812569,45.5
78.404253221751,45.5
78.8140733218772,45.5
79.226035557252,45.5
79.64015112484554,45.5
80.05643128015467,45.4
80.47488733750892,45.3
80.89553067037787,45.3
81.31837271168051,45.3
81.74342495409579,45.3
82.170698950375,45.3
82.60020631365589,45.3
83.03195871777821,45.3
83.46596789760103,45.3
83.90224564932171,45.3
84.34080383079642,45.3
84.78165436186265,45.3
85.22480922466286,45.3
85.67028046397054,45.3
86.11808018751721,45.3
86.56822056632171,45.3
87.020713835021,45.3
87.47557229220259,45.3
87.93280830073893,45.3
88.39243428812335,45.2
88.85446274680783,45.2
89.31890623454267,45.1
89.78577737471758,45.1
90.25508885670492,45.1
90.72685343620469,45.1
91.20108393559097,45.1
91.67779324426061,45.1
92.15699431898352,45.1
92.63870018425483,45.1
93.12292393264887,45.1
93.60967872517497,45.1
94.09897779163542,45.1
94.5908344309847,45.1
95.0852620116911,45.1
95.58227397210023,45.1
96.08188382079996,45.1
96.5841051369878,45.1
97.08895157083991,45.1
97.59643684388209,45.0
98.10657474936274,45.0
98.61937915262773,45.0
99.13486399149741,45.0
99.65304327664518,45.0
100.17393109197839,45.0
100.69754159502135,45.0
101.22388901729977,45.0
101.75298766472777,45.0
102.28485191799675,45.0
102.81949623296607,45.0
103.35693514105618,45.0
103.89718324964329,45.0
104.44025524245698,45.0
104.98616587997819,44.9
105.53492999984189,44.8
106.08656251723878,44.8
106.64107842532215,44.8
107.19849279561431,44.8
107.75882077841675,44.8
108.32207760322176,44.8
108.88827857912626,44.8
109.45743909524856,44.8
110.02957462114523,44.8
110.60470070723336,44.8
111.18283298521138,44.7
111.76398716848561,44.7
112.3481790525961,44.6
112.93542451564652,44.6
113.5257395187356,44.6
114.11914010639099,44.6
114.71564240700522,44.6
115.3152626332741,44.6
115.91801708263789,44.6
116.52392213772293,44.6
117.13299426678874,44.6
117.74525002417371,44.6
118.36070605074681,44.6
118.97937907435858,44.6
119.60128591029638,44.6
120.22644346174131,44.6
120.85486872022751,44.5
121.4865787661046,44.4
122.12159076900052,44.3
122.75992198829012,44.3
123.40158977356222,44.3
124.04661156509306,44.3
124.69500489431896,44.3
125.34678738431336,44.3
126.00197675026583,44.3
126.6605907999634,44.3
127.3226474342747,44.3
127.98816464763628,44.2
128.6571605285424,44.1
129.32965326003517,44.1
130.00566112020084,44.1
130.68520248266435,44.1
131.36829581709074,44.1
132.05495968968575,44.1
132.74521276370103,44.1
133.43907379994133,44.1
134.1365616572744,44.1
134.83769529314347,44.1
135.54249376408254,44.1
136.25097622623485,44.0
136.96316193587217,43.9
137.67907024992007,43.9
138.39872062648203,43.9
139.1221326253702,43.9
139.84932590863562,43.9
140.58032024110324,43.9
141.31513549090906,43.9
142.05379163003997,43.9
142.7963087348772,43.9
143.5427069867405,43.8
144.29300667243896,43.8
145.04722818481977,43.8
145.80539202332486,43.8
146.56751879454652,43.8
147.333629212788,43.8
148.1037441006266,43.8
148.87788438947953,43.8
149.65607112017267,43.8
150.43832544351253,43.8
151.2246686208618,43.7
152.01512202471548,43.6
152.80970713928414,43.6
153.6084455610754,43.6
154.41135899948313,43.6
155.218469277376,43.6
156.02979833169113,43.6
156.8453682140304,43.6
157.66520109125955,43.6
158.48931924611142,43.6
159.3177450777899,43.6
160.15050110258113,43.6
160.9876099544629,43.5
161.82909438572216,43.4
162.67497726757185,43.4
163.52528159077312,43.4
164.38003046626017,43.4
165.23924712576837,43.4
166.1029549224657,43.4
166.97117733158728,43.4
167.8439379510743,43.4
168.72126050221348,43.4
169.60316883028446,43.3
170.48968690520502,43.2
171.38083882218535,43.1
172.27664880238083,43.1
173.17714119355136,43.1
174.08234047072295,43.1
174.99227123685273,43.0
175.9069582234984,42.9
176.82642629148881,42.9
177.75070043160196,42.9
178.67980576524164,42.9
179.61376754512278,42.9
180.55261115595593,42.9
181.49636211513797,42.9
182.44504607344558,42.9
183.39868881573247,42.9
184.35731626163007,42.8
185.3209544662519,42.8
186.28962962090262,42.7
187.26336805378796,42.7
188.24219623073301,42.7
189.2261407558986,42.7
190.21522837250714,42.7
191.20948596356752,42.7
192.20894055260666,42.6
193.21361930440384,42.6
194.22354952572874,42.6
195.2387586660848,42.6
196.25927431845295,42.6
197.28512422004457,42.6
198.31633625305224,42.6
199.35293844541056,42.5
200.39495897155572,42.5
201.4424261531923,42.4
202.4953684600627,42.4
203.55381451072122,42.4
204.6177930733116,42.4
205.6873330663489,42.4
206.76246355950653,42.4
207.84321377440395,42.4
208.92961308540407,42.4
210.02169102040844,42.3
211.11947726166272,42.3
212.22300164656127,42.2
213.33229416845913,42.2
214.447384977487,42.2
215.5683043813707,42.2
216.69508284625502,42.1
217.8277509975314,42.0
218.9663396206716,41.9
220.1108796620618,41.9
221.26140222984722,41.9
222.41793859477394,41.9
223.5805201910423,41.9
224.74917861715863,41.9
225.9239456367954,41.9
227.10485317965416,41.8
228.29193334233327,41.8
229.48521838920135,41.7
230.68474075327168,41.7
231.89053303708724,41.7
233.102628013603,41.7
234.32105862708036,41.7
235.5458579939798,41.6
236.77705940386227,41.6
238.0146963202937,41.6
239.25880238175446,41.6
240.50941140255387,41.5
241.76655737374873,41.5
243.03027446406858,41.5
244.30059702084168,41.5
245.57755957093218,41.5
246.86119682167464,41.4
248.1515436618211,41.4
249.44863516248657,41.4
250.75250657810346,41.4
252.0631933473797,41.4
253.3807310942614,41.3
254.7051556289027,41.3
256.03650294863604,41.3
257.3748092389545,41.3
258.72011087449107,41.3
260.0724444200114,41.2
261.4318466314045,41.2
262.79835445668317,41.2
264.17200503698814,41.2
265.5528357075972,41.1
266.94088399894025,41.1
268.336187637619,41.0
269.7387845474336,41.0
271.1487128504106,41.0
272.56601086784315,40.9
273.9907171213279,40.9
275.4228703338166,40.9
276.86250943066517,40.8
278.30967354069315,40.8
279.764401997247,40.8
281.2267343392687,40.8
282.6967103123723,40.7
284.1743698699204,40.7
285.65975317411466,40.7
287.152900597083,40.7
288.6538527219809,40.6
290.16265034409145,40.6
291.67933447193553,40.5
293.203946328386,40.5
294.7365273517884,40.5
296.27711919708696,40.5
297.8257637369567,40.5
299.38250306294265,40.4
300.947379486601,40.4
302.52043554065347,40.4
304.1017139801383,40.4
305.69125778357716,40.3
307.2891101541398,40.3
308.8953145208197,40.3
310.5099145396145,40.3
312.1329540947119,40.3
313.76447729968413,40.3
315.40452849868336,40.2
317.0531522676519,40.2
318.71039341552853,40.2
320.3762969854716,40.2
322.05090825607795,40.1
323.7342727426186,40.1
325.4264361982722,40.1
327.1274446153702,40.0
328.83734422664674,40.0
330.55618150649445,40.0
332.28400317222986,40.0
334.02085618535915,40.0
335.76678775285944,40.0
337.52184532845695,40.0
339.28607661392135,40.0
341.0595295603587,39.9
342.84225236951676,39.8
344.63429349509414,39.8
346.4357016440579,39.8
348.24652577796684,39.8
350.06681511430224,39.8
351.8966191278073,39.8
353.7359875518278,39.8
355.5849703796693,39.8
357.44361786595016,39.8
359.3119805279728,39.8
361.1901091470929,39.8
363.0780547701014,39.8
364.9758687106112,39.8
366.8836025504522,39.7
368.80130814107446,39.7
370.72903760495365,39.6
372.66684333701346,39.6
374.6147780060434,39.5
376.57289455613636,39.4
378.54124620812286,39.2
380.5198864610201,39.1
382.50886909348526,39.1
384.5082481652772,39.1
386.51807801872604,39.1
388.53841328020957,39.1
390.56930886163985,39.1
392.6108199619517,39.1
394.6630020686084,39.1
396.7259109591041,39.0
398.7996027024853,39.0
400.8841336608706,39.0
402.9795604909844,38.9
405.0859401456969,38.9
407.20332987557106,38.9
409.331787230421,38.9
411.4713700608718,38.8
413.6221365199375,38.8
415.78414506459575,38.8
417.95745445738237,38.7
420.1421237679842,38.7
422.33821237484636,38.7
424.5457799667861,38.6
426.76488654461485,38.6
428.9955924227691,38.6
431.23795823094935,38.5
433.49204491576995,38.5
435.7579137424112,38.5
438.0356262962907,38.4
440.3252444847303,38.4
442.62683053864555,38.4
444.9404470142319,38.4
447.2661567946673,38.4
449.60402309182115,38.4
451.9541094479714,38.4
454.3164797375345,38.4
456.6911981687959,38.3
459.0783292856624,38.2
461.4779379694089,38.1
463.89008944044906,38.1
466.31484926010245,38.1
468.7522833323791,38.1
471.20245790577025,38.1
473.6654395750488,38.1
476.14129528307956,38.1
478.630092322638,38.1
481.1318983382419,38.1
483.6467813279844,38.0
486.1748096453894,38.0
488.7160520012619,37.9
491.27057746556244,37.9
493.8384554692794,37.9
496.4197558063182,37.9
499.01454863539806,37.9
501.6229044819588,37.8
504.24489424007766,37.7
506.88058917439554,37.7
509.53006092205686,37.7
512.1933814946506,37.7
514.8706232801756,37.7
517.5618590449992,37.7
520.2671619358439,37.7
522.9866054817683,37.6
525.7202635961694,37.6
528.4682105787901,37.6
531.230521117739,37.6
534.0072702915224,37.6
536.7985335710792,37.6
539.6043868218401,37.6
542.4249063057814,37.6
545.2601686835053,37.6
548.1102510163182,37.6
550.9752307683272,37.6
553.8551858085453,37.6
556.7501944130083,37.5
559.6603352669016,37.4
562.5856874666987,37.4
565.5263305223134,37.4
568.4823443592555,37.4
571.4538093208106,37.4
574.4408061702153,37.4
577.4434160928608,37.3
580.4617206984933,37.2
583.4958020234345,37.2
586.5457425328113,37.2
589.6116251227962,37.2
592.6935331228639,37.2
595.7915502980484,37.2
598.9057608512304,37.2
602.0362494254149,37.2
605.1831011060411,37.2
608.3464014232891,37.2
611.5262363544065,37.1
614.7226923260454,37.0
617.9358562166111,36.9
621.1658153586235,36.9
624.4126575410903,36.9
627.6764710118958,36.9
630.957344480193,36.9
634.2553671188238,36.9
637.5706285667327,36.9
640.9032189314127,36.9
644.2532287913472,36.9
647.6207491984753,36.9
651.0058716806659,36.9
654.4086882442045,36.9
657.8292913762976,36.9
661.2677740475787,36.9
664.7242297146454,36.9
668.1987523225889,36.8
671.6914363075575,36.7
675.2023765993158,36.7
678.7316686238282,36.7
682.2794083058518,36.7
685.8456920715438,36.7
689.4306168510824,36.7
693.0342800813003,36.7
696.6567797083366,36.7
700.2982141902914,36.7
703.9586824999124,36.7
707.6382841272731,36.7
711.3371190824884,36.7
715.0552878984242,36.7
718.7928916334344,36.7
722.5500318741055,36.7
726.3268107380181,36.7
730.123330876526,36.7
733.9396954775374,36.7
737.7760082683312,36.7
741.6323735183645,36.7
745.508896042117,36.7
749.4056812019327,36.7
753.3228349108862,36.7
757.2604636356614,36.7
761.2186743994453,36.7
765.1975747848361,36.7
769.1972729367671,36.7
773.2178775654501,36.7
777.2594979493206,36.7
781.3222439380205,36.7
785.406225955371,36.7
789.5115550023859,36.7
793.6383426602791,36.7
797.7867010935024,36.7
801.9567430527921,36.7
806.1485818782347,36.7
810.3623315023465,36.8
814.59810645317,36.9
818.8560218573906,36.9
823.1361934434566,36.9
827.4387375447371,36.9
831.7637711026708,36.9
836.1114116699566,36.9
840.4817774137397,36.9
844.8749871188272,36.9
849.2911601909162,36.9
853.7304166598383,37.1
858.1928771828257,37.2
862.6786630477819,37.2
867.1878961765907,37.2
871.7206991284164,37.2
876.2771951030477,37.2
880.8575079442367,37.2
885.4617621430697,37.2
890.0900828413493,37.2
894.742595834996,37.3
899.4194275774676,37.3
904.1207051831946,37.4
908.8465564310401,37.4
913.5971097677627,37.4
918.3724943115215,37.4
923.1728398553701,37.5
927.998276870799,37.5
932.8489365112713,37.6
937.7249506157918,37.6
942.6264517124897,37.6
947.5535730222193,37.6
952.5064484621864,37.6
957.4852126495767,37.6
962.4900009052299,37.7
967.5209492573013,37.7
972.5781944449744,37.8
977.6618739221665,37.9
982.772125861269,37.9
987.9090891569025,37.9
993.0729034296917,38.0
998.26370903006,38.1
1003.4816470420445,38.1
1008.7268592871307,38.1
1013.9994883281055,38.1
1019.2996774729368,38.1
1024.627570778662,38.3
1029.9833130553077,38.4
1035.3670498698243,38.4
1040.778927550043,38.4
1046.219093188652,38.4
1051.687694647196,38.4
1057.1848805600926,38.5
1062.7108003386745,38.6
1068.2656041752484,38.6
1073.849443047181,38.6
1079.4624687209969,38.6
1085.104833756507,38.6
1090.7766915109553,38.7
1096.4781961431852,38.8
1102.2095026178308,38.8
1107.9707667095288,38.8
1113.7621450071517,38.8
1119.5837949180645,38.8
1125.4358746724013,38.9
1131.3185433273702,38.9
1137.231960771571,38.9
1143.1762877293438,38.9
1149.1516857651375,38.9
1155.1583172879002,39.0
1161.1963455554942,39.0
1167.2659346791324,39.0
1173.3672496278396,39.0
1179.5004562329357,39.1
1185.6657211925422,39.1
1191.8632120761172,39.1
1198.0930973290035,39.1
1204.355546277011,39.1
1210.650729131018,39.1
1216.9788169915967,39.1
1223.3399818536654,39.1
1229.7343966111616,39.1
1236.162235061742,39.1
1242.6236719115057,39.1
1249.1188827797416,39.1
1255.6480442037073,39.1
1262.2113336434193,39.1
1268.8089294864806,39.1
1275.4410110529293,39.1
1282.1077586001115,39.2
1288.8093533275808,39.2
1295.5459773820237,39.2
1302.3178138622095,39.2
1309.1250468239675,39.2
1315.967861285188,39.2
1322.8464432308563,39.2
1329.7609796180998,39.2
1336.7116583812742,39.2
1343.6986684370715,39.2
1350.7221996896535,39.2
1357.782443035813,39.2
1364.879590370164,39.2
1372.0138345903551,39.3
1379.1853696023147,39.3
1386.3943903255179,39.4
1393.6410926982915,39.4
1400.9256736831292,39.4
1408.248331272053,39.4
1415.6092644919916,39.4
1423.0086734101894,39.5
1430.4467591396458,39.5
1437.9237238445805,39.6
1445.439770745928,39.7
1452.9951041268616,39.7
1460.589929338344,39.7
1468.224452804715,39.7
1475.898882029292,39.8
1483.6134256000173,39.8
1491.3682931951248,39.9
1499.1636955888393,39.9
1506.999844657106,39.9
1514.8769533833477,40.0
1522.7952358642551,40.1
1530.754907315605,40.2
1538.7561840781082,40.2
1546.799283623296,40.3
1554.8844245594228,40.3
1563.0118266374113,40.3
1571.181710756826,40.3
1579.3942989718767,40.3
1587.649814497453,40.4
1595.9484817151922,40.5
1604.2905261795772,40.6
1612.6761746240677,40.6
1621.1056549672617,40.6
1629.5791963190893,40.6
1638.097028987047,40.6
1646.6593844824454,40.7
1655.266495526711,40.7
1663.9185960577072,40.7
1672.6159212360947,40.7
1681.3587074517213,40.8
1690.1471923300487,40.8
1698.9816147386093,40.8
1707.8622147934998,40.9
1716.789233865905,40.9
1725.7629145886658,40.9
1734.7835008628629,40.9
1743.8512378644525,41.0
1752.9663720509295,41.0
1762.1291511680254,41.0
1771.3398242564415,41.0
1780.598641658619,41.0
1789.9058550255418,40.9
1799.2617173235774,40.8
1808.6664828413498,40.6
1818.1204071966588,40.6
1827.6237473434162,40.5
1837.1767615786375,40.5
1846.7797095494598,40.5
1856.4328522602,40.4
1866.1364520794475,40.4
1875.8907727471963,40.3
1885.6960793820124,40.2
1895.552638488241,40.1
1905.4607179632462,40.0
1915.4205871047022,39.9
1925.4325166178992,39.9
1935.4967786231095,39.8
1945.6136466629825,39.8
1955.783395709978,39.7
1966.006302173841,39.6
1976.282643909114,39.5
1986.6127002226892,39.4
1996.996751881399,39.3
2007.4350811196462,39.2
2017.927971647083,39.2
2028.4757086563097,39.1
2039.078578830634,39.1
2049.736870351861,39.0
2060.4508729081267,38.9
2071.22087770177,38.9
2082.0471774572497,38.8
2092.9300664290977,38.8
2103.8698404099196,38.8
2114.8667967384304,38.7
2125.9212343075446,38.6
2137.0334535724887,38.6
2148.2037565589744,38.6
2159.4324468714053,38.6
2170.71982970113,38.6
2182.0662118347364,38.5
2193.4719016623894,38.4
2204.937209186215,38.3
2216.4624460287228,38.2
2228.0479254412767,38.2
2239.6939623126154,38.1
2251.4008731773993,38.1
2263.168976224821,38.1
2274.9985913072546,38.1
2286.890039948944,38.1
2298.843645354747,38.0
2310.8597324189163,37.9
2322.9386277339318,37.9
2335.0806595993763,37.9
2347.2861580308577,37.9
2359.5554547689862,37.9
2371.8888832883777,37.9
2384.2867788067265,38.0
2396.7494782939148,38.1
2409.2773204811715,38.1
2421.8706458702773,38.1
2434.5297967428205,38.1
2447.2551171695004,38.1
2460.0469530194778,38.1
2472.905651969775,38.1
2485.8315635147337,38.2
2498.825038975499,38.3
2511.88643150958,38.4
2525.0160961204438,38.5
2538.2143896671673,38.5
2551.481670874133,38.6
2564.8183003407817,38.6
2578.224640551411,38.6
2591.7010558850307,38.6
2605.247912625263,38.6
2618.8655789702975,38.6
2632.5544250429093,38.6
2646.314822900502,38.6
2660.14714654523,38.6
2674.051771934164,38.6
2688.029076989506,38.5
2702.079441608862,38.5
2716.20324767557,38.4
2730.400879069075,38.4
2744.6727216753675,38.3
2759.0191633974646,38.1
2773.440594165967,37.8
2787.9374059496395,37.6
2802.509992766076,37.5
2817.1587506924047,37.4
2831.8840778760564,37.3
2846.686374545581,37.1
2861.5660430215316,36.6
2876.5234877273942,36.2
2891.5591152005823,35.8
2906.6733341034837,35.6
2921.8665552345788,35.4
2937.139191539587,35.2
2952.4916581227058,34.9
2967.9243722578863,34.5
2983.4377534001765,34.2
2999.0322231971227,34.0
3014.7082055002275,33.9
3030.466126376471,33.5
3046.306414119893,33.0
3062.229499263226,32.8
3078.2358145896155,32.6
3094.325795144359,32.5
3110.4998782467446,32.4
3126.7585035019356,32.3
3143.1021128129173,32.1
3159.5311503925072,31.9
3176.0460627754296,31.6
3192.6472988304513,31.3
3209.335309772584,31.0
3226.1105491753406,30.8
3242.973472983081,30.5
3259.924539523382,30.3
3276.9642095195077,30.1
3294.0929461029286,29.8
3311.311214825911,29.5
3328.6194836741684,29.2
3346.018223079582,28.9
3363.507905932988,28.7
3381.089007597027,28.3
3398.762005919066,27.8
3416.527381244194,27.4
3434.385616428264,27.1
3452.337196851022,26.9
3470.382610429304,26.7
3488.5223476302926,26.5
3506.7569014848486,26.1
3525.0867676009134,25.7
3543.512444176976,25.4
3562.034432015617,25.2
3580.6532345371147,25.0
3599.369357793143,24.7
3618.1833104805046,24.2
3637.095603954969,23.8
3656.1067522451726,23.4
3675.2172720665826,23.0
3694.4276828355482,22.5
3713.738506683413,22.1
3733.1502684707093,21.8
3752.6634958014215,21.3
3772.2787190373247,20.7
3791.9964713124127,20.1
3811.817288547367,19.7
3831.7417094641373,19.3
3851.7702756005806,18.9
3871.9035313251793,18.6
3892.1420238518376,18.2
3912.4863032547537,17.8
3932.936922483372,17.2
3953.4944373774106,16.2
3974.1594066819653,15.2
3994.9323920627126,14.2
4015.8139581211503,13.2
4036.8046724099613,12.2
4057.9051054484326,11.2
4079.115830737964,10.2
4100.437424777656,9.8
4121.870467079975,9.8
4143.41554018651,10.1
4165.0732296838005,11.2
4186.844124219257,12.3
4208.728815517151,12.7
4230.72789839472,13.1
4252.841970778305,14.2
4275.071633719623,16.0
4297.417491412092,17.2
4319.880151207261,17.7
4342.460223631314,18.1
4365.158322401661,18.5
4387.975064443623,19.1
4410.911069907196,19.8
4433.9669621839075,20.2
4457.1433679237725,20.4
4480.4409170523,20.7
4503.860242787635,20.9
4527.40198165776,21.0
4551.0667735177985,21.2
4574.855261567406,21.3
4598.768092368251,21.4
4622.80591586159,21.4
4646.969385385929,21.4
4671.25915769478,21.4
4695.675892974527,21.4
4720.220254862348,21.4
4744.892910464259,21.4
4769.694530373255,21.4
4794.625788687525,21.4
4819.68736302878,21.4
4844.87993456067,21.4
4870.204188007296,21.4
4895.660811671819,21.4
4921.250497455168,21.4
4946.973940874864,21.3
4972.8318410838865,21.2
4998.824900889706,21.2
5024.953826773381,21.2
5051.219328908747,21.2
5077.622121181736,21.1
5104.162921209768,21.0
5130.842450361258,21.0
5157.661433775227,21.0
5184.620600380999,21.1
5211.720682918039,21.2
5238.962417955835,21.3
5266.346545913939,21.3
5293.873811082085,21.4
5321.544961640422,21.4
5349.360749679845,21.5
5377.321931222439,21.6
5405.429266242027,21.8
5433.683518684824,21.8
5462.085456490198,21.9
5490.635851611563,22.0
5519.335480037329,22.1
5548.185121812011,22.3
5577.185561057427,22.6
5606.337585994012,22.8
5635.641988962242,23.1
5665.0995664441625,23.5
5694.7111190850455,23.9
5724.477451715144,24.1
5754.399373371566,24.3
5784.477697320285,24.6
5814.713241078208,24.8
5845.10682643542,25.0
5875.659279477514,25.3
5906.371430608045,25.5
5937.244114571097,25.8
5968.278170473975,26.2
5999.4744418100045,26.5
6030.833776481469,26.8
6062.357026822636,27.2
6094.045049622959,27.5
6125.898706150321,27.8
6157.918862174471,28.0
6190.106387990547,28.2
6222.462158442733,28.7
6254.987052948034,29.1
6287.681955520183,29.4
6320.547754793659,29.7
6353.585344047851,30.0
6386.795621231329,30.5
6420.179488986247,31.0
6453.7378546729,31.1
6487.471630394349,31.5
6521.381733021235,31.9
6555.469084216698,32.2
6589.734610461422,32.5
6624.179243078815,32.7
6658.80391826033,33.0
6693.609577090902,34.2
6728.597165574533,35.5
6763.767634659991,35.9
6799.1219402666875,36.2
6834.661043310619,36.6
6870.385909730507,37.1
6906.297510514049,37.8
6942.39682172431,38.5
6978.684824526248,38.9
7015.162505213385,39.3
7051.830855234612,39.6
7088.690871221135,40.0
7125.7435550135615,40.7
7162.989913689153,41.4
7200.430959589155,41.8
7238.067710346342,42.2
7275.901188912673,42.5
7313.932423587085,43.0
7352.162448043451,43.8
7390.59230135867,44.5
7429.22302804091,45.0
7468.055678057999,45.4
7507.091306865953,45.8
7546.330975437692,46.4
7585.775750291836,46.9
7625.426703521717,47.0
7665.284912824515,47.2
7705.351461530549,47.4
7745.627438632719,47.5
7786.113938816104,47.6
7826.81206248772,47.7
7867.722915806424,47.7
7908.847610712972,47.7
7950.187264960275,47.6
7991.743002143727,47.6
8033.515951731782,47.5
8075.507249096639,47.2
8117.718035545101,46.7
8160.149458349601,46.4
8202.80267077938,46.3
8245.67883213183,46.2
8288.77910776401,46.1
8332.104669124305,45.9
8375.656693784302,45.6
8419.436365470749,45.4
8463.444874097753,45.3
8507.683415799123,45.2
8552.153192960874,45.1
8596.855414253905,44.8
8641.791294666864,44.5
8686.962055539152,44.3
8732.36892459413,44.2
8778.01313597248,44.1
8823.895930265779,43.9
8870.018554550163,43.3
8916.382262420266,42.6
8962.988314023276,42.2
9009.83797609319,41.9
9056.932521985234,41.6
9104.273231710486,41.2
9151.861391970657,40.7
9199.698296193066,40.2
9247.785244565785,40.0
9296.12354407301,39.8
9344.714508530542,39.5
9393.559458621517,38.6
9442.659721932305,37.8
9492.016632988581,37.4
9541.631533291613,37.1
9591.505771354708,36.7
9641.64070273987,36.4
9692.037690094652,35.9
9742.698103189163,35.2
9793.623318953358,34.0
9844.814721514387,33.1
9896.27370223427,32.8
9948.001659747684,32.5
10000.0,32.2
10052.270136285486,31.8
10104.813489285681,31.5
10157.6314871081,30.8
10210.725565324987,30.1
10264.09716701231,29.9
10317.747742788988,29.7
10371.678750856474,29.5
10425.891657038128,29.3
10480.387934819217,28.9
10535.16906538697,28.3
10590.236537670813,28.0
10645.591848382772,27.9
10701.236502058211,27.8
10757.172011096769,27.6
10813.399895803414,27.2
10869.921684429703,26.5
10926.73891321545,26.1
10983.85312643042,25.8
11041.265876416248,25.6
11098.978723628681,25.4
11156.993236680037,24.8
11215.310992381786,24.0
11273.933575787378,23.6
11332.862580235347,23.2
11392.099607392682,22.9
11451.646267298307,22.5
11511.504178406769,21.9
11571.674967632372,20.8
11632.16027039332,20.0
11692.961730656129,19.6
11754.08100098034,19.1
11815.519742563505,18.7
11877.27962528627,18.3
11939.362327757724,18.0
12001.76953736107,17.9
12064.50295029953,17.9
12127.56427164241,18.2
12190.95521537136,18.6
12254.677504427105,18.6
12318.732870756214,18.7
12383.123055358106,19.3
12447.849808332432,19.7
12512.914888926687,20.6
12578.320065583976,21.6
12644.067115991029,22.5
12710.157827126544,23.3
12776.593995309939,23.7
12843.377426249857,24.2
12910.50993509343,25.7
12977.99334647565,27.2
13045.829494568892,27.5
13114.020223132724,27.6
13182.567385564074,27.7
13251.472844947652,27.8
13320.738474106534,27.9
13390.366155652993,28.0
13460.35778203982,28.0
13530.715255611682,28.0
13601.440488656775,27.5
13672.535403458849,26.7
13744.001932349513,25.8
13815.842017760702,25.7
13888.057612277411,25.5
13960.650678690825,25.3
14033.62319005172,25.1
14106.977129724035,25.0
14180.714491438697,24.7
14254.837279347976,24.2
14329.347508079869,23.6
14404.247202792812,23.2
14479.538399230763,22.8
14555.223143778607,22.4
14631.303493517702,21.8
14707.78151628175,20.9
14784.65929071304,20.0
14861.938906319014,19.3
14939.622463529,18.8
15017.712073751207,18.2
15096.209859430292,17.6
15175.117954104964,16.6
15254.438502465904,15.6
15334.173660414117,14.8
15414.325595119602,14.3
15494.896485080177,13.9
15575.88852018064,13.2
15657.303901752315,12.5
15739.1448426331,12.1
15821.413567227246,11.7
15904.112311566014,11.4
15987.243323368504,11.3
16070.808862102673,11.2
16154.811199046684,11.2
16239.252617350698,11.2
16324.135412099,11.4
16409.461890372313,11.6
16495.23437131044,11.9
16581.455186175313,12.1
16668.12667841462,12.3
16755.251203725067,12.6
