10.0,29.7
10.052270136285475,29.9
10.104813489285682,29.9
10.157631487108103,29.9
10.210725565324982,29.9
10.264097167012295,29.9
10.317747742789004,29.9
10.371678750856479,29.9
10.425891657038118,29.9
10.480387934819216,29.9
10.535169065386981,30.0
10.590236537670812,30.1
10.64559184838276,30.1
10.701236502058206,30.1
10.757172011096776,30.1
10.813399895803409,30.1
10.869921684429707,30.1
10.926738913215466,30.1
10.98385312643042,30.1
11.041265876416237,30.1
11.098978723628681,30.1
11.156993236680048,30.1
11.215310992381788,30.2
11.27393357578736,30.3
11.332862580235341,30.3
11.392099607392687,30.3
11.451646267298301,30.3
11.511504178406776,30.3
11.571674967632385,30.3
11.632160270393321,30.3
11.692961730656117,30.3
11.75408100098034,30.3
11.815519742563518,30.3
11.87727962528627,30.3
11.939362327757706,30.3
12.001769537361062,30.4
12.064502950299536,30.4
12.127564271642404,30.4
12.190955215371359,30.4
12.254677504427118,30.4
12.318732870756214,30.4
12.383123055358094,30.4
12.447849808332432,30.4
12.5129148889267,30.4
12.578320065583968,30.4
12.644067115991009,30.4
12.710157827126565,30.5
12.776593995309947,30.6
12.843377426249843,30.6
12.910509935093431,30.6
12.977993346475664,30.6
13.045829494568892,30.6
13.11402022313271,30.6
13.182567385564074,30.6
13.251472844947658,30.6
13.320738474106527,30.6
13.390366155653,30.6
13.460357782039841,30.6
13.530715255611682,30.6
13.601440488656761,30.6
13.672535403458848,30.7
13.744001932349526,30.8
13.815842017760701,30.8
13.888057612277397,30.8
13.960650678690818,30.8
14.033623190051728,30.8
14.10697712972403,30.8
14.180714491438705,30.8
14.25483727934799,30.8
14.32934750807987,30.8
14.404247202792797,30.8
14.479538399230764,30.8
14.55522314377862,30.8
14.631303493517702,30.8
14.707781516281727,31.0
14.784659290713032,31.1
14.861938906319022,31.1
14.939622463528993,31.1
15.017712073751214,31.1
15.096209859430308,31.1
15.175117954104964,31.1
15.254438502465888,31.1
15.334173660414118,31.1
15.414325595119617,31.1
15.494896485080169,31.1
15.575888520180618,31.1
15.65730390175234,31.1
15.73914484263311,31.1
15.821413567227237,31.1
15.904112311566013,31.1
15.98724332336852,31.2
16.070808862102673,31.2
16.154811199046666,31.3
16.239252617350697,31.3
16.324135412099007,31.3
16.409461890372306,31.3
16.495234371310413,31.3
16.58145518617534,31.3
16.668126678414627,31.3
16.755251203725052,31.3
16.84283113011666,31.3
16.930868837977105,31.3
17.01936672013636,31.3
17.108327181931763,31.3
17.197752641273365,31.3
17.28764552870969,31.3
17.378008287493753,31.3
17.4688433736495,31.4
17.560153256038525,31.5
17.651940416427212,31.5
17.744207349554188,31.5
17.836956563198083,31.5
17.93019057824573,31.5
18.023911928760675,31.5
18.118123162052047,31.5
18.21282683874379,31.5
18.30802553284428,31.5
18.403721831816252,31.5
18.499918336647156,31.5
18.59661766191982,31.5
18.69382243588356,31.5
18.791535300525574,31.5
18.889758911642755,31.5
18.98849593891389,31.5
19.08774906597221,31.5
19.187520990478333,31.6
19.287814424193606,31.6
19.388632093053765,31.6
19.48997673724305,31.6
19.591851111268685,31.6
19.69425798403576,31.6
19.79720013892245,31.6
19.90068037385568,31.6
20.004701501387192,31.6
20.109266348769967,31.6
20.214377758035074,31.6
20.320038586068932,31.6
20.426251704690927,31.6
20.533020000731486,31.6
20.64034637611054,31.6
20.748233747916412,31.6
20.856685048485062,31.6
20.965703225479817,31.6
21.075291241971485,31.6
21.185452076518878,31.6
21.296188723249774,31.6
21.407504191942323,31.6
21.519401508106792,31.6
21.631883713067854,31.7
21.744953864047204,31.7
21.858615034246718,31.8
21.972870312931903,31.8
22.087722805515906,31.8
22.203175633643916,31.8
22.319231935278008,31.8
22.435894864782412,31.8
22.553167593009288,31.8
22.671053307384867,31.8
22.789555211996095,31.8
22.908676527677724,31.8
23.028420492099883,31.8
23.148790359856015,31.8
23.26978940255137,31.8
23.391420908891938,31.8
23.51368818477381,31.8
23.63659455337303,31.8
23.760143355235964,31.8
23.884337948370025,31.8
24.009181708334992,31.8
24.134678028334722,31.8
24.260830319309434,31.8
24.387642010028344,31.8
24.515116547182902,31.9
24.64325739548046,32.0
24.772068037738443,32.0
24.901551974979007,32.0
25.031712726524198,32.0
25.162553830091625,32.0
25.294078841890578,32.0
25.426291336718684,32.0
25.559194908059133,32.0
25.692793168178262,32.0
25.827089748223784,32.0
25.96208829832347,32.0
26.097792487684362,32.0
26.234206004692496,32.0
26.371332557013133,32.0
26.5091758716916,32.0
26.647739695254497,32.0
26.787027793811582,32.0
26.9270439531581,32.0
27.06779197887776,32.0
27.209275696446046,32.0
27.351498951334275,32.0
27.494465609114105,32.0
27.638179555562576,32.0
27.782644696767733,32.0
27.92786495923483,32.0
28.07384428999299,32.0
28.220586656702505,32.0
28.368096047762684,32.1
28.516376472420284,32.2
28.66543196087842,32.2
28.815266564406134,32.2
28.965884355448516,32.2
29.11728942773738,32.2
29.26948589640251,32.2
29.42247789808359,32.2
29.57626959104251,32.2
29.730865155276486,32.2
29.88626879263161,32.2
30.04248472691713,32.2
30.19951720402016,32.2
30.357370492021133,32.2
30.516048881309793,32.2
30.675556684701824,32.2
30.835898237556027,32.2
30.99707789789224,32.2
31.15910004650967,32.2
31.321969087106055,32.2
31.485689446397288,32.2
31.650265574237824,32.2
31.815701943741516,32.2
31.98200305140326,32.2
32.14917341722119,32.2
32.31721758481955,32.2
32.486140121572134,32.2
32.655945618726484,32.2
32.82663869152868,32.2
32.99822397934869,32.2
33.170706145806605,32.2
33.34408987889928,32.2
33.51837989112781,32.2
33.69358091962557,32.4
33.86969772628702,32.5
34.04673509789711,32.5
34.224697846261364,32.5
34.40359080833668,32.5
34.58341884636283,32.5
34.764186847994516,32.5
34.94589972643436,32.5
35.12856242056629,32.5
35.312179895089876,32.5
35.496757140655234,32.5
35.68229917399868,32.5
35.86881103807908,32.5
36.05629780221492,32.5
36.24476456222205,32.5
36.434216440552284,32.5
36.6246585864325,32.5
36.81609617600466,32.5
37.00853441246656,32.5
37.2019785262131,32.5
37.39643377497855,32.5
37.591905443979435,32.5
37.788398846058186,32.5
37.985919321827524,32.5
38.184472239815605,32.5
38.384062996612016,32.5
38.584697017014335,32.5
38.786379754175634,32.5
38.98911668975273,32.5
39.1929133340551,32.5
39.39777522619469,32.5
39.60370793423646,32.5
39.810717055349734,32.5
40.0188082159603,32.5
40.227987071903335,32.5
40.43825930857721,32.5
40.64963064109788,32.5
40.8621068144543,32.5
41.075693603664625,32.5
41.29039681393302,32.5
41.506222280807584,32.5
41.72317587033889,32.5
41.94126347923944,32.5
42.16049103504393,32.5
42.38086449627034,32.5
42.60238985258197,32.6
42.825073124950116,32.7
43.04892036581776,32.7
43.27393765926414,32.7
43.500131121170035,32.7
43.727506899384,32.7
43.956071173889484,32.7
44.18583015697281,32.7
44.416790093392,32.7
44.648957260546474,32.7
44.88233796864779,32.7
45.116938560890986,32.7
45.35276541362708,32.7
45.58982493653644,32.7
45.82812357280281,32.7
46.067667799288614,32.7
46.308464126710895,32.7
46.55051909981832,32.7
46.793839297569036,32.7
47.03843133330949,32.7
47.28430185495417,32.7
47.531457545166376,32.7
47.77990512153967,32.7
48.02965133678067,32.7
48.28070297889241,32.7
48.53306687135893,32.7
48.78674987333074,32.7
49.041758879811184,32.7
49.298100821843896,32.7
49.55578266670119,32.7
49.81481141807335,32.7
50.07519411625915,32.7
50.336937838356974,32.7
50.60004969845742,32.7
50.86453684783644,32.7
51.13040647514984,32.7
51.39766580662862,32.7
51.66632210627541,32.7
51.93638267606184,32.7
52.20785485612707,32.7
52.48074602497726,32.7
52.75506359968615,32.7
53.030815036096584,32.7
53.308007829023246,32.7
53.58664951245627,32.7
53.866747659766084,32.7
54.148309883909214,32.7
54.431343837635225,32.7
54.7158572136947,32.7
55.00185774504835,32.7
55.28935320507712,32.7
55.57835140779364,32.7
55.86886020805435,32.7
56.160887501773274,32.7
56.45444122613637,32.7
56.74952935981742,32.7
57.04615992319485,32.7
57.34434097856969,32.7
57.64408063038476,32.7
57.94538702544487,32.7
58.24826835313831,32.7
58.552732845659456,32.7
58.85878877823242,32.7
59.166444469336014,32.7
59.475708280929936,32.7
59.786588618681876,32.7
60.0990939321961,32.7
60.41323271524305,32.7
60.72901350599024,32.7
61.046444887234294,32.7
61.365535486634215,32.8
61.686293976945976,32.8
62.008729076258064,32.9
62.332849548228545,32.9
62.658664202323344,32.9
62.98618189405547,32.9
63.315411525225876,32.9
63.64636204416533,32.9
63.979042445977655,32.9
64.31346177278421,32.9
64.64962911396958,32.9
64.98755360642885,32.9
65.32724443481563,32.9
65.66871083179183,32.9
66.01196207827876,32.9
66.35700750370908,32.9
66.7038564862806,32.9
67.05251845321108,32.9
67.40300288099445,32.9
67.75531929565844,32.9
68.1094772730234,32.9
68.46548643896274,32.9
68.82335646966433,32.9
69.18309709189363,32.9
69.54471808325809,32.9
69.90822927247277,32.9
70.27364053962762,32.9
70.6409618164559,32.9
71.01020308660422,32.9
71.38137438590384,32.9
71.75448580264342,32.9
72.12954747784322,32.9
72.50656960553087,32.9
72.88556243301818,32.9
73.26653626117992,32.9
73.64950144473359,32.9
74.03446839252094,32.9
74.42144756779092,32.9
74.810449488484,32.9
75.20148472751808,32.9
75.59456391307583,32.9
75.98969772889355,32.9
76.38689691455168,32.9
76.78617226576647,32.9
77.18753463468363,32.9
77.59099493017311,32.9
77.99656411812569,32.9
78.404253221751,32.9
78.8140733218772,32.9
79.226035557252,32.9
79.64015112484554,32.9
80.05643128015467,32.9
80.47488733750892,32.9
80.89553067037787,32.9
81.31837271168051,32.9
81.74342495409579,32.9
82.170698950375,32.9
82.60020631365589,32.9
83.03195871777821,32.9
83.46596789760103,32.9
83.90224564932171,32.9
84.34080383079642,32.9
84.78165436186265,32.9
85.22480922466286,32.9
85.67028046397054,32.9
86.11808018751721,32.9
86.56822056632171,32.9
87.020713835021,32.9
87.47557229220259,32.9
87.93280830073893,32.9
88.39243428812335,32.9
88.85446274680783,32.9
89.31890623454267,32.9
89.78577737471758,32.9
90.25508885670492,32.9
90.72685343620469,32.9
91.20108393559097,32.9
91.67779324426061,32.9
92.15699431898352,32.9
92.63870018425483,32.9
93.12292393264887,32.9
93.60967872517497,32.9
94.09897779163542,32.9
94.5908344309847,32.9
95.0852620116911,32.9
95.58227397210023,32.9
96.08188382079996,32.9
96.5841051369878,32.9
97.08895157083991,32.9
97.59643684388209,32.9
98.10657474936274,32.9
98.61937915262773,32.9
99.13486399149741,32.9
99.65304327664518,32.9
100.17393109197839,32.9
100.69754159502135,32.9
101.22388901729977,32.9
101.75298766472777,32.9
102.28485191799675,32.9
102.81949623296607,32.9
103.35693514105618,32.9
103.89718324964329,32.9
104.44025524245698,32.9
104.98616587997819,32.9
105.53492999984189,32.9
106.08656251723878,32.9
106.64107842532215,32.9
107.19849279561431,32.9
107.75882077841675,32.9
108.32207760322176,32.9
108.88827857912626,32.9
109.45743909524856,32.9
110.02957462114523,32.9
110.60470070723336,32.9
111.18283298521138,32.9
111.76398716848561,32.9
112.3481790525961,32.9
112.93542451564652,32.9
113.5257395187356,32.9
114.11914010639099,32.9
114.71564240700522,32.9
115.3152626332741,32.9
115.91801708263789,32.9
116.52392213772293,32.8
117.13299426678874,32.8
117.74525002417371,32.8
118.36070605074681,32.8
118.97937907435858,32.8
119.60128591029638,32.7
120.22644346174131,32.7
120.85486872022751,32.7
121.4865787661046,32.7
122.12159076900052,32.7
122.75992198829012,32.7
123.40158977356222,32.7
124.04661156509306,32.7
124.69500489431896,32.7
125.34678738431336,32.7
126.00197675026583,32.7
126.6605907999634,32.7
127.3226474342747,32.7
127.98816464763628,32.7
128.6571605285424,32.7
129.32965326003517,32.7
130.00566112020084,32.7
130.68520248266435,32.7
131.36829581709074,32.7
132.05495968968575,32.7
132.74521276370103,32.7
133.43907379994133,32.7
134.1365616572744,32.7
134.83769529314347,32.7
135.54249376408254,32.7
136.25097622623485,32.7
136.96316193587217,32.7
137.67907024992007,32.7
138.39872062648203,32.7
139.1221326253702,32.7
139.84932590863562,32.7
140.58032024110324,32.7
141.31513549090906,32.7
142.05379163003997,32.7
142.7963087348772,32.7
143.5427069867405,32.7
144.29300667243896,32.7
145.04722818481977,32.7
145.80539202332486,32.7
146.56751879454652,32.7
147.333629212788,32.7
148.1037441006266,32.7
148.87788438947953,32.7
149.65607112017267,32.7
150.43832544351253,32.7
151.2246686208618,32.7
152.01512202471548,32.7
152.80970713928414,32.7
153.6084455610754,32.7
154.41135899948313,32.7
155.218469277376,32.7
156.02979833169113,32.7
156.8453682140304,32.7
157.66520109125955,32.7
158.48931924611142,32.7
159.3177450777899,32.7
160.15050110258113,32.7
160.9876099544629,32.7
161.82909438572216,32.7
162.67497726757185,32.7
163.52528159077312,32.7
164.38003046626017,32.7
165.23924712576837,32.7
166.1029549224657,32.7
166.97117733158728,32.6
167.8439379510743,32.6
168.72126050221348,32.5
169.60316883028446,32.5
170.48968690520502,32.5
171.38083882218535,32.5
172.27664880238083,32.5
173.17714119355136,32.5
174.08234047072295,32.5
174.99227123685273,32.5
175.9069582234984,32.5
176.82642629148881,32.5
177.75070043160196,32.5
178.67980576524164,32.5
179.61376754512278,32.5
180.55261115595593,32.5
181.49636211513797,32.5
182.44504607344558,32.5
183.39868881573247,32.5
184.35731626163007,32.5
185.3209544662519,32.5
186.28962962090262,32.5
187.26336805378796,32.5
188.24219623073301,32.5
189.2261407558986,32.5
190.21522837250714,32.5
191.20948596356752,32.5
192.20894055260666,32.5
193.21361930440384,32.5
194.22354952572874,32.5
195.2387586660848,32.5
196.25927431845295,32.5
197.28512422004457,32.5
198.31633625305224,32.5
199.35293844541056,32.5
200.39495897155572,32.5
201.4424261531923,32.4
202.4953684600627,32.3
203.55381451072122,32.2
204.6177930733116,32.2
205.6873330663489,32.2
206.76246355950653,32.2
207.84321377440395,32.2
208.92961308540407,32.2
210.02169102040844,32.2
211.11947726166272,32.2
212.22300164656127,32.2
213.33229416845913,32.2
214.447384977487,32.2
215.5683043813707,32.2
216.69508284625502,32.2
217.8277509975314,32.2
218.9663396206716,32.2
220.1108796620618,32.2
221.26140222984722,32.2
222.41793859477394,32.2
223.5805201910423,32.2
224.74917861715863,32.2
225.9239456367954,32.2
227.10485317965416,32.2
228.29193334233327,32.2
229.48521838920135,32.2
230.68474075327168,32.2
231.89053303708724,32.2
233.102628013603,32.1
234.32105862708036,32.1
235.5458579939798,32.0
236.77705940386227,32.0
238.0146963202937,32.0
239.25880238175446,32.0
240.50941140255387,32.0
241.76655737374873,32.0
243.03027446406858,32.0
244.30059702084168,32.0
245.57755957093218,32.0
246.86119682167464,32.0
248.1515436618211,32.0
249.44863516248657,32.0
250.75250657810346,32.0
252.0631933473797,32.0
253.3807310942614,32.0
254.7051556289027,32.0
256.03650294863604,32.0
257.3748092389545,32.0
258.72011087449107,32.0
260.0724444200114,32.0
261.4318466314045,32.0
262.79835445668317,32.0
264.17200503698814,32.0
265.5528357075972,32.0
266.94088399894025,31.9
268.336187637619,31.8
269.7387845474336,31.8
271.1487128504106,31.8
272.56601086784315,31.8
273.9907171213279,31.8
275.4228703338166,31.8
276.86250943066517,31.8
278.30967354069315,31.8
279.764401997247,31.8
281.2267343392687,31.8
282.6967103123723,31.8
284.1743698699204,31.8
285.65975317411466,31.8
287.152900597083,31.8
288.6538527219809,31.8
290.16265034409145,31.8
291.67933447193553,31.8
293.203946328386,31.7
294.7365273517884,31.7
296.27711919708696,31.6
297.8257637369567,31.6
299.38250306294265,31.6
300.947379486601,31.6
302.52043554065347,31.6
304.1017139801383,31.6
305.69125778357716,31.6
307.2891101541398,31.6
308.8953145208197,31.6
310.5099145396145,31.6
312.1329540947119,31.6
313.76447729968413,31.6
315.40452849868336,31.6
317.0531522676519,31.6
318.71039341552853,31.6
320.3762969854716,31.6
322.05090825607795,31.6
323.7342727426186,31.6
325.4264361982722,31.6
327.1274446153702,31.5
328.83734422664674,31.5
330.55618150649445,31.5
332.28400317222986,31.5
334.02085618535915,31.5
335.76678775285944,31.5
337.52184532845695,31.5
339.28607661392135,31.5
341.0595295603587,31.5
342.84225236951676,31.4
344.63429349509414,31.4
346.4357016440579,31.4
348.24652577796684,31.4
350.06681511430224,31.4
351.8966191278073,31.4
353.7359875518278,31.4
355.5849703796693,31.4
357.44361786595016,31.4
359.3119805279728,31.4
361.1901091470929,31.4
363.0780547701014,31.3
364.9758687106112,31.3
366.8836025504522,31.3
368.80130814107446,31.3
370.72903760495365,31.2
372.66684333701346,31.2
374.6147780060434,31.2
376.57289455613636,31.2
378.54124620812286,31.2
380.5198864610201,31.2
382.50886909348526,31.2
384.5082481652772,31.1
386.51807801872604,31.1
388.53841328020957,31.1
390.56930886163985,31.1
392.6108199619517,31.1
394.6630020686084,31.1
396.7259109591041,31.1
398.7996027024853,31.1
400.8841336608706,31.1
402.9795604909844,31.1
405.0859401456969,31.1
407.20332987557106,31.1
409.331787230421,31.1
411.4713700608718,31.1
413.6221365199375,31.0
415.78414506459575,31.0
417.95745445738237,31.0
420.1421237679842,31.0
422.33821237484636,31.0
424.5457799667861,31.0
426.76488654461485,31.0
428.9955924227691,31.0
431.23795823094935,31.0
433.49204491576995,31.0
435.7579137424112,31.0
438.0356262962907,30.9
440.3252444847303,30.9
442.62683053864555,30.9
444.9404470142319,30.9
447.2661567946673,30.9
449.60402309182115,30.9
451.9541094479714,30.9
454.3164797375345,30.9
456.6911981687959,30.9
459.0783292856624,30.9
461.4779379694089,30.9
463.89008944044906,30.8
466.31484926010245,30.8
468.7522833323791,30.8
471.20245790577025,30.8
473.6654395750488,30.8
476.14129528307956,30.8
478.630092322638,30.8
481.1318983382419,30.8
483.6467813279844,30.8
486.1748096453894,30.8
488.7160520012619,30.8
491.27057746556244,30.8
493.8384554692794,30.7
496.4197558063182,30.7
499.01454863539806,30.6
501.6229044819588,30.6
504.24489424007766,30.6
506.88058917439554,30.6
509.53006092205686,30.6
512.1933814946506,30.6
514.8706232801756,30.6
517.5618590449992,30.6
520.2671619358439,30.6
522.9866054817683,30.6
525.7202635961694,30.5
528.4682105787901,30.5
531.230521117739,30.5
534.0072702915224,30.4
536.7985335710792,30.4
539.6043868218401,30.4
542.4249063057814,30.4
545.2601686835053,30.4
548.1102510163182,30.4
550.9752307683272,30.4
553.8551858085453,30.4
556.7501944130083,30.4
559.6603352669016,30.4
562.5856874666987,30.4
565.5263305223134,30.4
568.4823443592555,30.4
571.4538093208106,30.3
574.4408061702153,30.3
577.4434160928608,30.3
580.4617206984933,30.3
583.4958020234345,30.3
586.5457425328113,30.3
589.6116251227962,30.3
592.6935331228639,30.3
595.7915502980484,30.3
598.9057608512304,30.3
602.0362494254149,30.3
605.1831011060411,30.3
608.3464014232891,30.2
611.5262363544065,30.2
614.7226923260454,30.1
617.9358562166111,30.1
621.1658153586235,30.1
624.4126575410903,30.1
627.6764710118958,30.1
630.957344480193,30.1
634.2553671188238,30.1
637.5706285667327,30.1
640.9032189314127,30.1
644.2532287913472,30.1
647.6207491984753,30.1
651.0058716806659,30.0
654.4086882442045,29.9
657.8292913762976,29.9
661.2677740475787,29.9
664.7242297146454,29.9
668.1987523225889,29.9
671.6914363075575,29.9
675.2023765993158,29.9
678.7316686238282,29.9
682.2794083058518,29.9
685.8456920715438,29.9
689.4306168510824,29.9
693.0342800813003,29.9
696.6567797083366,29.9
700.2982141902914,29.9
703.9586824999124,29.9
707.6382841272731,29.9
711.3371190824884,29.9
715.0552878984242,29.8
718.7928916334344,29.7
722.5500318741055,29.6
726.3268107380181,29.6
730.123330876526,29.6
733.9396954775374,29.6
737.7760082683312,29.6
741.6323735183645,29.6
745.508896042117,29.6
749.4056812019327,29.6
753.3228349108862,29.6
757.2604636356614,29.6
761.2186743994453,29.6
765.1975747848361,29.6
769.1972729367671,29.6
773.2178775654501,29.6
777.2594979493206,29.6
781.3222439380205,29.6
785.406225955371,29.6
789.5115550023859,29.6
793.6383426602791,29.6
797.7867010935024,29.6
801.9567430527921,29.6
806.1485818782347,29.6
810.3623315023465,29.6
814.59810645317,29.6
818.8560218573906,29.6
823.1361934434566,29.6
827.4387375447371,29.5
831.7637711026708,29.5
836.1114116699566,29.5
840.4817774137397,29.5
844.8749871188272,29.5
849.2911601909162,29.5
853.7304166598383,29.4
858.1928771828257,29.4
862.6786630477819,29.4
867.1878961765907,29.4
871.7206991284164,29.5
876.2771951030477,29.5
880.8575079442367,29.5
885.4617621430697,29.6
890.0900828413493,29.6
894.742595834996,29.6
899.4194275774676,29.6
904.1207051831946,29.7
908.8465564310401,29.7
913.5971097677627,29.7
918.3724943115215,29.7
923.1728398553701,29.7
927.998276870799,29.7
932.8489365112713,29.7
937.7249506157918,29.8
942.6264517124897,29.8
947.5535730222193,29.8
952.5064484621864,29.9
957.4852126495767,29.9
962.4900009052299,29.9
967.5209492573013,29.9
972.5781944449744,29.9
977.6618739221665,29.9
982.772125861269,29.9
987.9090891569025,29.9
993.0729034296917,29.9
998.26370903006,29.9
1003.4816470420445,30.0
1008.7268592871307,30.0
1013.9994883281055,30.0
1019.2996774729368,30.0
1024.627570778662,30.0
1029.9833130553077,30.0
1035.3670498698243,30.0
1040.778927550043,30.0
1046.219093188652,30.0
1051.687694647196,30.1
1057.1848805600926,30.1
1062.7108003386745,30.1
1068.2656041752484,30.1
1073.849443047181,30.1
1079.4624687209969,30.1
1085.104833756507,30.1
1090.7766915109553,30.1
1096.4781961431852,30.1
1102.2095026178308,30.2
1107.9707667095288,30.2
1113.7621450071517,30.2
1119.5837949180645,30.2
1125.4358746724013,30.2
1131.3185433273702,30.2
1137.231960771571,30.2
1143.1762877293438,30.2
1149.1516857651375,30.2
1155.1583172879002,30.3
1161.1963455554942,30.3
1167.2659346791324,30.3
1173.3672496278396,30.3
1179.5004562329357,30.3
1185.6657211925422,30.3
1191.8632120761172,30.3
1198.0930973290035,30.3
1204.355546277011,30.3
1210.650729131018,30.2
1216.9788169915967,30.2
1223.3399818536654,30.1
1229.7343966111616,30.1
1236.162235061742,30.1
1242.6236719115057,30.1
1249.1188827797416,30.0
1255.6480442037073,30.0
1262.2113336434193,29.9
1268.8089294864806,29.9
1275.4410110529293,29.8
1282.1077586001115,29.8
1288.8093533275808,29.7
1295.5459773820237,29.7
1302.3178138622095,29.6
1309.1250468239675,29.5
1315.967861285188,29.4
1322.8464432308563,29.4
1329.7609796180998,29.4
1336.7116583812742,29.4
1343.6986684370715,29.4
1350.7221996896535,29.3
1357.782443035813,29.2
1364.879590370164,29.2
1372.0138345903551,29.1
1379.1853696023147,29.1
1386.3943903255179,29.1
1393.6410926982915,29.1
1400.9256736831292,29.1
1408.248331272053,29.1
1415.6092644919916,29.1
1423.0086734101894,29.0
1430.4467591396458,28.9
1437.9237238445805,28.9
1445.439770745928,28.8
1452.9951041268616,28.8
1460.589929338344,28.7
1468.224452804715,28.7
1475.898882029292,28.7
1483.6134256000173,28.7
1491.3682931951248,28.7
1499.1636955888393,28.7
1506.999844657106,28.7
1514.8769533833477,28.7
1522.7952358642551,28.6
1530.754907315605,28.5
1538.7561840781082,28.4
1546.799283623296,28.4
1554.8844245594228,28.4
1563.0118266374113,28.4
1571.181710756826,28.4
1579.3942989718767,28.4
1587.649814497453,28.4
1595.9484817151922,28.4
1604.2905261795772,28.4
1612.6761746240677,28.4
1621.1056549672617,28.4
1629.5791963190893,28.4
1638.097028987047,28.4
1646.6593844824454,28.4
1655.266495526711,28.4
1663.9185960577072,28.4
1672.6159212360947,28.4
1681.3587074517213,28.4
1690.1471923300487,28.4
1698.9816147386093,28.4
1707.8622147934998,28.4
1716.789233865905,28.4
1725.7629145886658,28.4
1734.7835008628629,28.4
1743.8512378644525,28.4
1752.9663720509295,28.4
1762.1291511680254,28.4
1771.3398242564415,28.4
1780.598641658619,28.4
1789.9058550255418,28.4
1799.2617173235774,28.4
1808.6664828413498,28.4
1818.1204071966588,28.4
1827.6237473434162,28.4
1837.1767615786375,28.4
1846.7797095494598,28.4
1856.4328522602,28.4
1866.1364520794475,28.3
1875.8907727471963,28.2
1885.6960793820124,28.2
1895.552638488241,28.2
1905.4607179632462,28.2
1915.4205871047022,28.2
1925.4325166178992,28.2
1935.4967786231095,28.2
1945.6136466629825,28.2
1955.783395709978,28.2
1966.006302173841,28.2
1976.282643909114,28.2
1986.6127002226892,28.2
1996.996751881399,28.1
2007.4350811196462,28.1
2017.927971647083,28.0
2028.4757086563097,28.0
2039.078578830634,28.0
2049.736870351861,28.0
2060.4508729081267,28.0
2071.22087770177,28.0
2082.0471774572497,28.0
2092.9300664290977,28.0
2103.8698404099196,28.0
2114.8667967384304,28.0
2125.9212343075446,28.0
2137.0334535724887,28.0
2148.2037565589744,28.0
2159.4324468714053,28.0
2170.71982970113,28.0
2182.0662118347364,28.0
2193.4719016623894,28.0
2204.937209186215,27.9
2216.4624460287228,27.9
2228.0479254412767,27.9
2239.6939623126154,27.9
2251.4008731773993,27.9
2263.168976224821,27.9
2274.9985913072546,27.9
2286.890039948944,27.8
2298.843645354747,27.8
2310.8597324189163,27.8
2322.9386277339318,27.7
2335.0806595993763,27.7
2347.2861580308577,27.7
2359.5554547689862,27.7
2371.8888832883777,27.6
2384.2867788067265,27.6
2396.7494782939148,27.6
2409.2773204811715,27.5
2421.8706458702773,27.5
2434.5297967428205,27.5
2447.2551171695004,27.5
2460.0469530194778,27.5
2472.905651969775,27.5
2485.8315635147337,27.5
2498.825038975499,27.5
2511.88643150958,27.6
2525.0160961204438,27.6
2538.2143896671673,27.7
2551.481670874133,27.7
2564.8183003407817,27.8
2578.224640551411,27.9
2591.7010558850307,27.9
2605.247912625263,27.9
2618.8655789702975,27.9
2632.5544250429093,27.9
2646.314822900502,27.9
2660.14714654523,28.0
2674.051771934164,28.0
2688.029076989506,28.0
2702.079441608862,28.0
2716.20324767557,28.0
2730.400879069075,28.0
2744.6727216753675,27.9
2759.0191633974646,27.9
2773.440594165967,27.9
2787.9374059496395,27.8
2802.509992766076,27.7
2817.1587506924047,27.6
2831.8840778760564,27.6
2846.686374545581,27.5
2861.5660430215316,27.5
2876.5234877273942,27.4
2891.5591152005823,27.3
2906.6733341034837,27.2
2921.8665552345788,27.1
2937.139191539587,27.0
2952.4916581227058,26.9
2967.9243722578863,26.9
2983.4377534001765,26.8
2999.0322231971227,26.7
3014.7082055002275,26.7
3030.466126376471,26.6
3046.306414119893,26.6
3062.229499263226,26.5
3078.2358145896155,26.5
3094.325795144359,26.5
3110.4998782467446,26.4
3126.7585035019356,26.3
3143.1021128129173,26.1
3159.5311503925072,25.9
3176.0460627754296,25.8
3192.6472988304513,25.7
3209.335309772584,25.6
3226.1105491753406,25.4
3242.973472983081,25.2
3259.924539523382,25.1
3276.9642095195077,25.0
3294.0929461029286,24.9
3311.311214825911,24.8
3328.6194836741684,24.6
3346.018223079582,24.4
3363.507905932988,24.2
3381.089007597027,24.0
3398.762005919066,23.8
3416.527381244194,23.6
3434.385616428264,23.4
3452.337196851022,23.2
3470.382610429304,23.0
3488.5223476302926,22.8
3506.7569014848486,22.6
3525.0867676009134,22.4
3543.512444176976,22.2
3562.034432015617,22.1
3580.6532345371147,21.9
3599.369357793143,21.7
3618.1833104805046,21.6
3637.095603954969,21.4
3656.1067522451726,21.3
3675.2172720665826,21.2
3694.4276828355482,21.1
3713.738506683413,21.0
3733.1502684707093,20.9
3752.6634958014215,20.9
3772.2787190373247,20.8
3791.9964713124127,20.7
3811.817288547367,20.6
3831.7417094641373,20.5
3851.7702756005806,20.4
3871.9035313251793,20.4
3892.1420238518376,20.3
3912.4863032547537,20.2
3932.936922483372,20.2
3953.4944373774106,20.2
3974.1594066819653,20.2
3994.9323920627126,20.2
4015.8139581211503,20.2
4036.8046724099613,20.3
4057.9051054484326,20.3
4079.115830737964,20.4
4100.437424777656,20.5
4121.870467079975,20.5
4143.41554018651,20.6
4165.0732296838005,20.6
4186.844124219257,20.6
4208.728815517151,20.6
4230.72789839472,20.6
4252.841970778305,20.5
4275.071633719623,20.4
4297.417491412092,20.4
4319.880151207261,20.4
4342.460223631314,20.4
4365.158322401661,20.4
4387.975064443623,20.4
4410.911069907196,20.4
4433.9669621839075,20.4
4457.1433679237725,20.4
4480.4409170523,20.4
4503.860242787635,20.4
4527.40198165776,20.4
4551.0667735177985,20.3
4574.855261567406,20.3
4598.768092368251,20.2
4622.80591586159,20.2
4646.969385385929,20.1
4671.25915769478,20.0
4695.675892974527,20.0
4720.220254862348,19.9
4744.892910464259,19.8
4769.694530373255,19.7
4794.625788687525,19.6
4819.68736302878,19.6
4844.87993456067,19.6
4870.204188007296,19.6
4895.660811671819,19.6
4921.250497455168,19.6
4946.973940874864,19.6
4972.8318410838865,19.6
4998.824900889706,19.5
5024.953826773381,19.4
5051.219328908747,19.4
5077.622121181736,19.4
5104.162921209768,19.4
5130.842450361258,19.4
5157.661433775227,19.4
5184.620600380999,19.4
5211.720682918039,19.4
5238.962417955835,19.6
5266.346545913939,19.8
5293.873811082085,19.9
5321.544961640422,20.0
5349.360749679845,20.1
5377.321931222439,20.3
5405.429266242027,20.4
5433.683518684824,20.5
5462.085456490198,20.7
5490.635851611563,20.8
5519.335480037329,20.9
5548.185121812011,21.1
5577.185561057427,21.4
5606.337585994012,21.6
5635.641988962242,21.8
5665.0995664441625,22.1
5694.7111190850455,22.4
5724.477451715144,22.8
5754.399373371566,23.2
5784.477697320285,23.5
5814.713241078208,23.8
5845.10682643542,24.1
5875.659279477514,24.4
5906.371430608045,24.8
5937.244114571097,25.2
5968.278170473975,25.6
5999.4744418100045,26.0
6030.833776481469,26.4
6062.357026822636,26.7
6094.045049622959,27.0
6125.898706150321,27.3
6157.918862174471,27.7
6190.106387990547,28.1
6222.462158442733,28.5
6254.987052948034,28.9
6287.681955520183,29.6
6320.547754793659,30.2
6353.585344047851,30.6
6386.795621231329,31.0
6420.179488986247,31.1
6453.7378546729,31.2
6487.471630394349,31.3
6521.381733021235,31.3
6555.469084216698,31.4
6589.734610461422,31.4
6624.179243078815,31.5
6658.80391826033,31.5
6693.609577090902,31.6
6728.597165574533,31.6
6763.767634659991,31.5
6799.1219402666875,31.5
6834.661043310619,31.5
6870.385909730507,31.4
6906.297510514049,31.2
6942.39682172431,31.0
6978.684824526248,30.8
7015.162505213385,30.7
7051.830855234612,30.6
7088.690871221135,30.4
7125.7435550135615,30.3
7162.989913689153,30.3
7200.430959589155,30.2
7238.067710346342,30.1
7275.901188912673,30.0
7313.932423587085,29.9
7352.162448043451,29.6
7390.59230135867,29.3
7429.22302804091,29.1
7468.055678057999,28.9
7507.091306865953,28.7
7546.330975437692,28.5
7585.775750291836,28.4
7625.426703521717,28.4
7665.284912824515,28.6
7705.351461530549,28.7
7745.627438632719,28.7
7786.113938816104,28.7
7826.81206248772,28.7
7867.722915806424,28.7
7908.847610712972,28.8
7950.187264960275,28.9
7991.743002143727,29.1
8033.515951731782,29.3
8075.507249096639,29.5
8117.718035545101,29.7
8160.149458349601,29.9
8202.80267077938,30.1
8245.67883213183,30.3
8288.77910776401,30.6
8332.104669124305,30.8
8375.656693784302,30.9
8419.436365470749,31.0
8463.444874097753,31.2
8507.683415799123,31.5
8552.153192960874,31.9
8596.855414253905,32.1
8641.791294666864,32.2
8686.962055539152,32.3
8732.36892459413,32.4
8778.01313597248,32.5
8823.895930265779,32.6
8870.018554550163,32.7
8916.382262420266,32.7
8962.988314023276,32.6
9009.83797609319,32.4
9056.932521985234,32.2
9104.273231710486,32.1
9151.861391970657,31.9
9199.698296193066,31.5
9247.785244565785,31.2
9296.12354407301,30.5
9344.714508530542,29.7
9393.559458621517,29.3
9442.659721932305,28.6
9492.016632988581,27.7
9541.631533291613,26.8
9591.505771354708,26.0
9641.64070273987,25.1
9692.037690094652,24.2
9742.698103189163,23.0
9793.623318953358,21.8
9844.814721514387,20.9
9896.27370223427,19.6
9948.001659747684,18.5
10000.0,18.1
10052.270136285486,17.6
10104.813489285681,18.3
10157.6314871081,19.0
10210.725565324987,19.3
10264.09716701231,19.5
10317.747742788988,19.6
10371.678750856474,19.8
10425.891657038128,20.0
10480.387934819217,20.1
10535.16906538697,20.0
10590.236537670813,19.8
10645.591848382772,19.0
10701.236502058211,18.1
10757.172011096769,17.6
10813.399895803414,17.2
10869.921684429703,16.9
10926.73891321545,16.6
10983.85312643042,16.2
11041.265876416248,15.4
11098.978723628681,14.4
11156.993236680037,13.6
11215.310992381786,13.0
11273.933575787378,12.6
11332.862580235347,12.3
11392.099607392682,12.0
11451.646267298307,11.6
11511.504178406769,11.2
11571.674967632372,11.0
11632.16027039332,10.6
11692.961730656129,9.9
11754.08100098034,9.5
11815.519742563505,9.3
11877.27962528627,8.8
11939.362327757724,8.3
12001.76953736107,8.0
12064.50295029953,7.6
12127.56427164241,7.2
12190.95521537136,7.1
12254.677504427105,7.0
12318.732870756214,6.9
12383.123055358106,6.9
12447.849808332432,7.0
12512.914888926687,7.1
12578.320065583976,7.3
12644.067115991029,7.5
12710.157827126544,7.7
12776.593995309939,8.6
12843.377426249857,9.8
12910.50993509343,10.4
12977.99334647565,10.9
13045.829494568892,11.6
13114.020223132724,13.2
13182.567385564074,14.6
13251.472844947652,15.1
13320.738474106534,15.7
13390.366155652993,16.5
13460.35778203982,17.6
13530.715255611682,19.4
13601.440488656775,20.6
13672.535403458849,21.1
13744.001932349513,22.6
13815.842017760702,23.9
13888.057612277411,24.6
13960.650678690825,25.0
14033.62319005172,25.6
14106.977129724035,26.0
14180.714491438697,26.1
14254.837279347976,26.0
14329.347508079869,25.9
14404.247202792812,25.8
14479.538399230763,25.6
14555.223143778607,25.4
14631.303493517702,25.0
14707.78151628175,24.5
14784.65929071304,23.5
14861.938906319014,22.5
14939.622463529,22.0
15017.712073751207,21.6
15096.209859430292,21.2
15175.117954104964,20.8
15254.438502465904,20.3
15334.173660414117,19.8
15414.325595119602,19.2
15494.896485080177,18.6
15575.88852018064,18.2
15657.303901752315,18.0
15739.1448426331,17.7
15821.413567227246,17.5
15904.112311566014,15.6
15987.243323368504,13.1
16070.808862102673,12.0
16154.811199046684,11.3
16239.252617350698,10.5
16324.135412099,9.5
16409.461890372313,7.5
16495.23437131044,5.5
16581.455186175313,4.7
16668.12667841462,3.8
16755.251203725067,3.0
