10.0,40.2
10.052270136285475,40.2
10.104813489285682,40.3
10.157631487108103,40.4
10.210725565324982,40.5
10.264097167012295,40.5
10.317747742789004,40.5
10.371678750856479,40.5
10.425891657038118,40.6
10.480387934819216,40.7
10.535169065386981,40.7
10.590236537670812,40.7
10.64559184838276,40.7
10.701236502058206,40.7
10.757172011096776,40.8
10.813399895803409,40.9
10.869921684429707,40.9
10.926738913215466,40.9
10.98385312643042,40.9
11.041265876416237,40.9
11.098978723628681,40.9
11.156993236680048,40.9
11.215310992381788,40.9
11.27393357578736,41.0
11.332862580235341,41.0
11.392099607392687,41.0
11.451646267298301,41.0
11.511504178406776,41.0
11.571674967632385,41.0
11.632160270393321,41.0
11.692961730656117,41.0
11.75408100098034,41.1
11.815519742563518,41.2
11.87727962528627,41.2
11.939362327757706,41.2
12.001769537361062,41.2
12.064502950299536,41.2
12.127564271642404,41.2
12.190955215371359,41.2
12.254677504427118,41.2
12.318732870756214,41.2
12.383123055358094,41.3
12.447849808332432,41.4
12.5129148889267,41.4
12.578320065583968,41.4
12.644067115991009,41.4
12.710157827126565,41.4
12.776593995309947,41.4
12.843377426249843,41.6
12.910509935093431,41.7
12.977993346475664,41.7
13.045829494568892,41.7
13.11402022313271,41.7
13.182567385564074,41.7
13.251472844947658,41.7
13.320738474106527,41.7
13.390366155653,41.7
13.460357782039841,41.7
13.530715255611682,41.8
13.601440488656761,41.9
13.672535403458848,41.9
13.744001932349526,41.9
13.815842017760701,41.9
13.888057612277397,41.9
13.960650678690818,41.9
14.033623190051728,41.9
14.10697712972403,41.9
14.180714491438705,41.9
14.25483727934799,41.9
14.32934750807987,42.0
14.404247202792797,42.1
14.479538399230764,42.1
14.55522314377862,42.1
14.631303493517702,42.1
14.707781516281727,42.1
14.784659290713032,42.1
14.861938906319022,42.1
14.939622463528993,42.1
15.017712073751214,42.1
15.096209859430308,42.2
15.175117954104964,42.2
15.254438502465888,42.2
15.334173660414118,42.2
15.414325595119617,42.2
15.494896485080169,42.2
15.575888520180618,42.2
15.65730390175234,42.2
15.73914484263311,42.2
15.821413567227237,42.2
15.904112311566013,42.2
15.98724332336852,42.2
16.070808862102673,42.2
16.154811199046666,42.2
16.239252617350697,42.2
16.324135412099007,42.3
16.409461890372306,42.4
16.495234371310413,42.4
16.58145518617534,42.4
16.668126678414627,42.4
16.755251203725052,42.4
16.84283113011666,42.4
16.930868837977105,42.4
17.01936672013636,42.4
17.108327181931763,42.4
17.197752641273365,42.4
17.28764552870969,42.4
17.378008287493753,42.5
17.4688433736495,42.6
17.560153256038525,42.6
17.651940416427212,42.6
17.744207349554188,42.6
17.836956563198083,42.6
17.93019057824573,42.6
18.023911928760675,42.6
18.118123162052047,42.6
18.21282683874379,42.6
18.30802553284428,42.6
18.403721831816252,42.6
18.499918336647156,42.6
18.59661766191982,42.6
18.69382243588356,42.6
18.791535300525574,42.6
18.889758911642755,42.6
18.98849593891389,42.6
19.08774906597221,42.6
19.187520990478333,42.6
19.287814424193606,42.6
19.388632093053765,42.6
19.48997673724305,42.8
19.591851111268685,42.9
19.69425798403576,42.9
19.79720013892245,42.9
19.90068037385568,42.9
20.004701501387192,42.9
20.109266348769967,42.9
20.214377758035074,42.9
20.320038586068932,42.9
20.426251704690927,42.9
20.533020000731486,42.9
20.64034637611054,42.9
20.748233747916412,42.9
20.856685048485062,42.9
20.965703225479817,42.9
21.075291241971485,42.9
21.185452076518878,42.9
21.296188723249774,42.9
21.407504191942323,42.9
21.519401508106792,42.9
21.631883713067854,42.9
21.744953864047204,42.9
21.858615034246718,42.9
21.972870312931903,42.9
22.087722805515906,42.9
22.203175633643916,42.9
22.319231935278008,42.9
22.435894864782412,42.9
22.553167593009288,42.9
22.671053307384867,42.9
22.789555211996095,42.9
22.908676527677724,42.9
23.028420492099883,42.9
23.148790359856015,42.9
23.26978940255137,42.9
23.391420908891938,42.9
23.51368818477381,42.9
23.63659455337303,42.9
23.760143355235964,42.9
23.884337948370025,42.9
24.009181708334992,42.9
24.134678028334722,42.9
24.260830319309434,43.0
24.387642010028344,43.1
24.515116547182902,43.1
24.64325739548046,43.1
24.772068037738443,43.1
24.901551974979007,43.1
25.031712726524198,43.1
25.162553830091625,43.1
25.294078841890578,43.1
25.426291336718684,43.1
25.559194908059133,43.1
25.692793168178262,43.1
25.827089748223784,43.1
25.96208829832347,43.1
26.097792487684362,43.1
26.234206004692496,43.1
26.371332557013133,43.1
26.5091758716916,43.1
26.647739695254497,43.1
26.787027793811582,43.1
26.9270439531581,43.1
27.06779197887776,43.1
27.209275696446046,43.1
27.351498951334275,43.1
27.494465609114105,43.1
27.638179555562576,43.1
27.782644696767733,43.1
27.92786495923483,43.1
28.07384428999299,43.1
28.220586656702505,43.1
28.368096047762684,43.1
28.516376472420284,43.1
28.66543196087842,43.1
28.815266564406134,43.1
28.965884355448516,43.1
29.11728942773738,43.0
29.26948589640251,42.9
29.42247789808359,42.9
29.57626959104251,42.9
29.730865155276486,42.9
29.88626879263161,42.9
30.04248472691713,42.9
30.19951720402016,42.9
30.357370492021133,42.9
30.516048881309793,42.9
30.675556684701824,42.9
30.835898237556027,42.9
30.99707789789224,42.9
31.15910004650967,42.9
31.321969087106055,42.9
31.485689446397288,42.9
31.650265574237824,42.9
31.815701943741516,42.9
31.98200305140326,42.9
32.14917341722119,42.9
32.31721758481955,42.9
32.486140121572134,42.9
32.655945618726484,42.9
32.82663869152868,42.9
32.99822397934869,42.9
33.170706145806605,42.9
33.34408987889928,42.9
33.51837989112781,42.9
33.69358091962557,42.9
33.86969772628702,42.9
34.04673509789711,42.9
34.224697846261364,42.9
34.40359080833668,42.9
34.58341884636283,42.9
34.764186847994516,42.9
34.94589972643436,42.9
35.12856242056629,42.9
35.312179895089876,42.9
35.496757140655234,42.9
35.68229917399868,42.9
35.86881103807908,42.9
36.05629780221492,42.9
36.24476456222205,42.9
36.434216440552284,42.9
36.6246585864325,42.8
36.81609617600466,42.7
37.00853441246656,42.6
37.2019785262131,42.6
37.39643377497855,42.6
37.591905443979435,42.6
37.788398846058186,42.6
37.985919321827524,42.6
38.184472239815605,42.6
38.384062996612016,42.6
38.584697017014335,42.6
38.786379754175634,42.6
38.98911668975273,42.6
39.1929133340551,42.6
39.39777522619469,42.6
39.60370793423646,42.6
39.810717055349734,42.6
40.0188082159603,42.6
40.227987071903335,42.6
40.43825930857721,42.6
40.64963064109788,42.6
40.8621068144543,42.6
41.075693603664625,42.6
41.29039681393302,42.5
41.506222280807584,42.4
41.72317587033889,42.4
41.94126347923944,42.4
42.16049103504393,42.4
42.38086449627034,42.4
42.60238985258197,42.4
42.825073124950116,42.4
43.04892036581776,42.4
43.27393765926414,42.4
43.500131121170035,42.4
43.727506899384,42.4
43.956071173889484,42.4
44.18583015697281,42.4
44.416790093392,42.4
44.648957260546474,42.4
44.88233796864779,42.4
45.116938560890986,42.4
45.35276541362708,42.4
45.58982493653644,42.4
45.82812357280281,42.3
46.067667799288614,42.3
46.308464126710895,42.3
46.55051909981832,42.3
46.793839297569036,42.3
47.03843133330949,42.3
47.28430185495417,42.2
47.531457545166376,42.2
47.77990512153967,42.2
48.02965133678067,42.2
48.28070297889241,42.2
48.53306687135893,42.2
48.78674987333074,42.2
49.041758879811184,42.2
49.298100821843896,42.2
49.55578266670119,42.2
49.81481141807335,42.2
50.07519411625915,42.2
50.336937838356974,42.2
50.60004969845742,42.1
50.86453684783644,42.1
51.13040647514984,42.1
51.39766580662862,42.1
51.66632210627541,42.1
51.93638267606184,42.1
52.20785485612707,42.1
52.48074602497726,42.1
52.75506359968615,42.1
53.030815036096584,42.1
53.308007829023246,42.1
53.58664951245627,42.1
53.866747659766084,42.1
54.148309883909214,42.0
54.431343837635225,42.0
54.7158572136947,41.9
55.00185774504835,41.9
55.28935320507712,41.9
55.57835140779364,41.9
55.86886020805435,41.9
56.160887501773274,41.9
56.45444122613637,41.9
56.74952935981742,41.9
57.04615992319485,41.9
57.34434097856969,41.9
57.64408063038476,41.9
57.94538702544487,41.9
58.24826835313831,41.9
58.552732845659456,41.8
58.85878877823242,41.8
59.166444469336014,41.8
59.475708280929936,41.8
59.786588618681876,41.7
60.0990939321961,41.7
60.41323271524305,41.7
60.72901350599024,41.7
61.046444887234294,41.7
61.365535486634215,41.7
61.686293976945976,41.7
62.008729076258064,41.7
62.332849548228545,41.7
62.658664202323344,41.7
62.98618189405547,41.7
63.315411525225876,41.7
63.64636204416533,41.6
63.979042445977655,41.6
64.31346177278421,41.5
64.64962911396958,41.5
64.98755360642885,41.5
65.32724443481563,41.5
65.66871083179183,41.4
66.01196207827876,41.4
66.35700750370908,41.4
66.7038564862806,41.4
67.05251845321108,41.4
67.40300288099445,41.4
67.75531929565844,41.4
68.1094772730234,41.4
68.46548643896274,41.4
68.82335646966433,41.4
69.18309709189363,41.4
69.54471808325809,41.3
69.90822927247277,41.3
70.27364053962762,41.3
70.6409618164559,41.3
71.01020308660422,41.2
71.38137438590384,41.2
71.75448580264342,41.2
72.12954747784322,41.2
72.50656960553087,41.2
72.88556243301818,41.2
73.26653626117992,41.1
73.64950144473359,41.1
74.03446839252094,41.1
74.42144756779092,41.1
74.810449488484,41.0
75.20148472751808,41.0
75.59456391307583,41.0
75.98969772889355,40.9
76.38689691455168,40.9
76.78617226576647,40.9
77.18753463468363,40.9
77.59099493017311,40.8
77.99656411812569,40.8
78.404253221751,40.8
78.8140733218772,40.8
79.226035557252,40.7
79.64015112484554,40.7
80.05643128015467,40.7
80.47488733750892,40.6
80.89553067037787,40.6
81.31837271168051,40.6
81.74342495409579,40.6
82.170698950375,40.5
82.60020631365589,40.5
83.03195871777821,40.5
83.46596789760103,40.5
83.90224564932171,40.4
84.34080383079642,40.4
84.78165436186265,40.4
85.22480922466286,40.4
85.67028046397054,40.4
86.11808018751721,40.3
86.56822056632171,40.3
87.020713835021,40.3
87.47557229220259,40.3
87.93280830073893,40.3
88.39243428812335,40.3
88.85446274680783,40.2
89.31890623454267,40.2
89.78577737471758,40.2
90.25508885670492,40.2
90.72685343620469,40.2
91.20108393559097,40.1
91.67779324426061,40.1
92.15699431898352,40.1
92.63870018425483,40.1
93.12292393264887,40.1
93.60967872517497,40.0
94.09897779163542,40.0
94.5908344309847,40.0
95.0852620116911,40.0
95.58227397210023,40.0
96.08188382079996,39.9
96.5841051369878,39.9
97.08895157083991,39.9
97.59643684388209,39.9
98.10657474936274,39.9
98.61937915262773,39.8
99.13486399149741,39.8
99.65304327664518,39.8
100.17393109197839,39.8
100.69754159502135,39.8
101.22388901729977,39.8
101.75298766472777,39.8
102.28485191799675,39.8
102.81949623296607,39.7
103.35693514105618,39.7
103.89718324964329,39.7
104.44025524245698,39.7
104.98616587997819,39.6
105.53492999984189,39.6
106.08656251723878,39.6
106.64107842532215,39.6
107.19849279561431,39.6
107.75882077841675,39.6
108.32207760322176,39.6
108.88827857912626,39.6
109.45743909524856,39.5
110.02957462114523,39.5
110.60470070723336,39.5
111.18283298521138,39.5
111.76398716848561,39.4
112.3481790525961,39.4
112.93542451564652,39.4
113.5257395187356,39.4
114.11914010639099,39.4
114.71564240700522,39.4
115.3152626332741,39.4
115.91801708263789,39.4
116.52392213772293,39.4
117.13299426678874,39.4
117.74525002417371,39.4
118.36070605074681,39.3
118.97937907435858,39.3
119.60128591029638,39.3
120.22644346174131,39.3
120.85486872022751,39.3
121.4865787661046,39.3
122.12159076900052,39.2
122.75992198829012,39.2
123.40158977356222,39.2
124.04661156509306,39.2
124.69500489431896,39.2
125.34678738431336,39.2
126.00197675026583,39.1
126.6605907999634,39.1
127.3226474342747,39.1
127.98816464763628,39.1
128.6571605285424,39.1
129.32965326003517,39.1
130.00566112020084,39.1
130.68520248266435,39.1
131.36829581709074,39.1
132.05495968968575,39.1
132.74521276370103,39.1
133.43907379994133,39.1
134.1365616572744,39.1
134.83769529314347,39.0
135.54249376408254,39.0
136.25097622623485,38.9
136.96316193587217,38.9
137.67907024992007,38.9
138.39872062648203,38.9
139.1221326253702,38.9
139.84932590863562,38.9
140.58032024110324,38.9
141.31513549090906,38.9
142.05379163003997,38.9
142.7963087348772,38.9
143.5427069867405,38.9
144.29300667243896,38.8
145.04722818481977,38.8
145.80539202332486,38.8
146.56751879454652,38.7
147.333629212788,38.7
148.1037441006266,38.7
148.87788438947953,38.7
149.65607112017267,38.7
150.43832544351253,38.7
151.2246686208618,38.7
152.01512202471548,38.7
152.80970713928414,38.7
153.6084455610754,38.7
154.41135899948313,38.6
155.218469277376,38.5
156.02979833169113,38.4
156.8453682140304,38.4
157.66520109125955,38.4
158.48931924611142,38.4
159.3177450777899,38.4
160.15050110258113,38.4
160.9876099544629,38.4
161.82909438572216,38.4
162.67497726757185,38.4
163.52528159077312,38.4
164.38003046626017,38.4
165.23924712576837,38.4
166.1029549224657,38.4
166.97117733158728,38.3
167.8439379510743,38.2
168.72126050221348,38.2
169.60316883028446,38.2
170.48968690520502,38.2
171.38083882218535,38.2
172.27664880238083,38.2
173.17714119355136,38.2
174.08234047072295,38.2
174.99227123685273,38.2
175.9069582234984,38.2
176.82642629148881,38.2
177.75070043160196,38.2
178.67980576524164,38.1
179.61376754512278,38.1
180.55261115595593,38.1
181.49636211513797,38.1
182.44504607344558,38.1
183.39868881573247,38.1
184.35731626163007,38.0
185.3209544662519,38.0
186.28962962090262,38.0
187.26336805378796,38.0
188.24219623073301,38.0
189.2261407558986,38.0
190.21522837250714,38.0
191.20948596356752,38.0
192.20894055260666,38.0
193.21361930440384,38.0
194.22354952572874,38.0
195.2387586660848,38.0
196.25927431845295,37.9
197.28512422004457,37.9
198.31633625305224,37.9
199.35293844541056,37.9
200.39495897155572,37.9
201.4424261531923,37.9
202.4953684600627,37.8
203.55381451072122,37.7
204.6177930733116,37.7
205.6873330663489,37.7
206.76246355950653,37.7
207.84321377440395,37.7
208.92961308540407,37.7
210.02169102040844,37.7
211.11947726166272,37.7
212.22300164656127,37.7
213.33229416845913,37.7
214.447384977487,37.7
215.5683043813707,37.7
216.69508284625502,37.7
217.8277509975314,37.7
218.9663396206716,37.7
220.1108796620618,37.7
221.26140222984722,37.7
222.41793859477394,37.6
223.5805201910423,37.6
224.74917861715863,37.5
225.9239456367954,37.5
227.10485317965416,37.5
228.29193334233327,37.5
229.48521838920135,37.5
230.68474075327168,37.5
231.89053303708724,37.5
233.102628013603,37.5
234.32105862708036,37.4
235.5458579939798,37.3
236.77705940386227,37.2
238.0146963202937,37.2
239.25880238175446,37.2
240.50941140255387,37.2
241.76655737374873,37.2
243.03027446406858,37.2
244.30059702084168,37.2
245.57755957093218,37.2
246.86119682167464,37.2
248.1515436618211,37.2
249.44863516248657,37.2
250.75250657810346,37.2
252.0631933473797,37.2
253.3807310942614,37.2
254.7051556289027,37.1
256.03650294863604,37.0
257.3748092389545,37.0
258.72011087449107,37.0
260.0724444200114,37.0
261.4318466314045,37.0
262.79835445668317,37.0
264.17200503698814,37.0
265.5528357075972,37.0
266.94088399894025,37.0
268.336187637619,37.0
269.7387845474336,37.0
271.1487128504106,37.0
272.56601086784315,37.0
273.9907171213279,37.0
275.4228703338166,36.9
276.86250943066517,36.9
278.30967354069315,36.9
279.764401997247,36.9
281.2267343392687,36.9
282.6967103123723,36.9
284.1743698699204,36.9
285.65975317411466,36.9
287.152900597083,36.8
288.6538527219809,36.8
290.16265034409145,36.8
291.67933447193553,36.8
293.203946328386,36.8
294.7365273517884,36.7
296.27711919708696,36.7
297.8257637369567,36.7
299.38250306294265,36.7
300.947379486601,36.7
302.52043554065347,36.7
304.1017139801383,36.7
305.69125778357716,36.7
307.2891101541398,36.7
308.8953145208197,36.7
310.5099145396145,36.7
312.1329540947119,36.6
313.76447729968413,36.6
315.40452849868336,36.5
317.0531522676519,36.5
318.71039341552853,36.5
320.3762969854716,36.5
322.05090825607795,36.5
323.7342727426186,36.5
325.4264361982722,36.5
327.1274446153702,36.5
328.83734422664674,36.5
330.55618150649445,36.5
332.28400317222986,36.4
334.02085618535915,36.4
335.76678775285944,36.4
337.52184532845695,36.3
339.28607661392135,36.3
341.0595295603587,36.3
342.84225236951676,36.3
344.63429349509414,36.2
346.4357016440579,36.2
348.24652577796684,36.2
350.06681511430224,36.1
351.8966191278073,36.1
353.7359875518278,36.1
355.5849703796693,36.1
357.44361786595016,36.1
359.3119805279728,36.0
361.1901091470929,36.0
363.0780547701014,36.0
364.9758687106112,36.0
366.8836025504522,36.0
368.80130814107446,36.0
370.72903760495365,36.0
372.66684333701346,36.1
374.6147780060434,36.1
376.57289455613636,36.1
378.54124620812286,36.1
380.5198864610201,36.1
382.50886909348526,36.1
384.5082481652772,36.2
386.51807801872604,36.2
388.53841328020957,36.2
390.56930886163985,36.2
392.6108199619517,36.2
394.6630020686084,36.2
396.7259109591041,36.2
398.7996027024853,36.2
400.8841336608706,36.1
402.9795604909844,36.1
405.0859401456969,36.1
407.20332987557106,36.1
409.331787230421,36.1
411.4713700608718,36.1
413.6221365199375,36.0
415.78414506459575,36.0
417.95745445738237,36.0
420.1421237679842,36.0
422.33821237484636,36.0
424.5457799667861,36.0
426.76488654461485,35.9
428.9955924227691,35.9
431.23795823094935,35.9
433.49204491576995,35.9
435.7579137424112,35.9
438.0356262962907,35.9
440.3252444847303,35.9
442.62683053864555,35.9
444.9404470142319,35.9
447.2661567946673,35.9
449.60402309182115,35.9
451.9541094479714,35.9
454.3164797375345,35.9
456.6911981687959,35.8
459.0783292856624,35.8
461.4779379694089,35.7
463.89008944044906,35.7
466.31484926010245,35.7
468.7522833323791,35.7
471.20245790577025,35.7
473.6654395750488,35.7
476.14129528307956,35.7
478.630092322638,35.7
481.1318983382419,35.7
483.6467813279844,35.7
486.1748096453894,35.7
488.7160520012619,35.6
491.27057746556244,35.6
493.8384554692794,35.5
496.4197558063182,35.5
499.01454863539806,35.5
501.6229044819588,35.5
504.24489424007766,35.5
506.88058917439554,35.5
509.53006092205686,35.5
512.1933814946506,35.5
514.8706232801756,35.5
517.5618590449992,35.5
520.2671619358439,35.5
522.9866054817683,35.5
525.7202635961694,35.5
528.4682105787901,35.5
531.230521117739,35.4
534.0072702915224,35.3
536.7985335710792,35.2
539.6043868218401,35.2
542.4249063057814,35.2
545.2601686835053,35.2
548.1102510163182,35.2
550.9752307683272,35.2
553.8551858085453,35.2
556.7501944130083,35.2
559.6603352669016,35.2
562.5856874666987,35.2
565.5263305223134,35.2
568.4823443592555,35.2
571.4538093208106,35.2
574.4408061702153,35.2
577.4434160928608,35.1
580.4617206984933,35.0
583.4958020234345,35.0
586.5457425328113,35.0
589.6116251227962,35.0
592.6935331228639,35.0
595.7915502980484,35.0
598.9057608512304,35.0
602.0362494254149,35.0
605.1831011060411,35.0
608.3464014232891,35.0
611.5262363544065,35.0
614.7226923260454,35.0
617.9358562166111,35.0
621.1658153586235,35.0
624.4126575410903,35.0
627.6764710118958,35.0
630.957344480193,34.9
634.2553671188238,34.8
637.5706285667327,34.8
640.9032189314127,34.8
644.2532287913472,34.8
647.6207491984753,34.8
651.0058716806659,34.8
654.4086882442045,34.8
657.8292913762976,34.8
661.2677740475787,34.8
664.7242297146454,34.8
668.1987523225889,34.7
671.6914363075575,34.7
675.2023765993158,34.6
678.7316686238282,34.6
682.2794083058518,34.5
685.8456920715438,34.5
689.4306168510824,34.4
693.0342800813003,34.4
696.6567797083366,34.4
700.2982141902914,34.4
703.9586824999124,34.4
707.6382841272731,34.4
711.3371190824884,34.4
715.0552878984242,34.5
718.7928916334344,34.5
722.5500318741055,34.6
726.3268107380181,34.6
730.123330876526,34.6
733.9396954775374,34.6
737.7760082683312,34.6
741.6323735183645,34.6
745.508896042117,34.6
749.4056812019327,34.6
753.3228349108862,34.6
757.2604636356614,34.6
761.2186743994453,34.6
765.1975747848361,34.6
769.1972729367671,34.6
773.2178775654501,34.7
777.2594979493206,34.7
781.3222439380205,34.7
785.406225955371,34.7
789.5115550023859,34.8
793.6383426602791,34.8
797.7867010935024,34.8
801.9567430527921,34.8
806.1485818782347,34.8
810.3623315023465,34.8
814.59810645317,34.8
818.8560218573906,34.8
823.1361934434566,34.9
827.4387375447371,34.9
831.7637711026708,35.0
836.1114116699566,35.0
840.4817774137397,35.0
844.8749871188272,35.0
849.2911601909162,35.0
853.7304166598383,35.1
858.1928771828257,35.2
862.6786630477819,35.2
867.1878961765907,35.2
871.7206991284164,35.2
876.2771951030477,35.2
880.8575079442367,35.4
885.4617621430697,35.5
890.0900828413493,35.5
894.742595834996,35.5
899.4194275774676,35.5
904.1207051831946,35.5
908.8465564310401,35.5
913.5971097677627,35.5
918.3724943115215,35.5
923.1728398553701,35.5
927.998276870799,35.5
932.8489365112713,35.5
937.7249506157918,35.5
942.6264517124897,35.5
947.5535730222193,35.5
952.5064484621864,35.5
957.4852126495767,35.5
962.4900009052299,35.6
967.5209492573013,35.6
972.5781944449744,35.7
977.6618739221665,35.7
982.772125861269,35.8
987.9090891569025,35.9
993.0729034296917,35.9
998.26370903006,36.0
1003.4816470420445,36.0
1008.7268592871307,36.0
1013.9994883281055,36.0
1019.2996774729368,36.0
1024.627570778662,36.0
1029.9833130553077,36.0
1035.3670498698243,36.0
1040.778927550043,36.1
1046.219093188652,36.2
1051.687694647196,36.2
1057.1848805600926,36.2
1062.7108003386745,36.2
1068.2656041752484,36.2
1073.849443047181,36.2
1079.4624687209969,36.2
1085.104833756507,36.2
1090.7766915109553,36.2
1096.4781961431852,36.2
1102.2095026178308,36.2
1107.9707667095288,36.2
1113.7621450071517,36.2
1119.5837949180645,36.1
1125.4358746724013,36.0
1131.3185433273702,36.0
1137.231960771571,36.0
1143.1762877293438,36.0
1149.1516857651375,36.0
1155.1583172879002,36.0
1161.1963455554942,36.0
1167.2659346791324,35.9
1173.3672496278396,35.9
1179.5004562329357,35.9
1185.6657211925422,35.9
1191.8632120761172,35.9
1198.0930973290035,35.8
1204.355546277011,35.8
1210.650729131018,35.7
1216.9788169915967,35.6
1223.3399818536654,35.6
1229.7343966111616,35.5
1236.162235061742,35.4
1242.6236719115057,35.3
1249.1188827797416,35.2
1255.6480442037073,35.1
1262.2113336434193,35.1
1268.8089294864806,35.0
1275.4410110529293,34.9
1282.1077586001115,34.9
1288.8093533275808,34.8
1295.5459773820237,34.7
1302.3178138622095,34.6
1309.1250468239675,34.5
1315.967861285188,34.4
1322.8464432308563,34.4
1329.7609796180998,34.3
1336.7116583812742,34.2
1343.6986684370715,34.1
1350.7221996896535,34.0
1357.782443035813,33.9
1364.879590370164,33.8
1372.0138345903551,33.6
1379.1853696023147,33.5
1386.3943903255179,33.5
1393.6410926982915,33.4
1400.9256736831292,33.4
1408.248331272053,33.3
1415.6092644919916,33.2
1423.0086734101894,33.1
1430.4467591396458,32.9
1437.9237238445805,32.7
1445.439770745928,32.6
1452.9951041268616,32.5
1460.589929338344,32.4
1468.224452804715,32.2
1475.898882029292,32.2
1483.6134256000173,32.1
1491.3682931951248,32.1
1499.1636955888393,32.1
1506.999844657106,32.0
1514.8769533833477,31.9
1522.7952358642551,31.8
1530.754907315605,31.8
1538.7561840781082,31.7
1546.799283623296,31.7
1554.8844245594228,31.6
1563.0118266374113,31.5
1571.181710756826,31.4
1579.3942989718767,31.2
1587.649814497453,31.1
1595.9484817151922,31.0
1604.2905261795772,31.0
1612.6761746240677,31.0
1621.1056549672617,31.0
1629.5791963190893,31.0
1638.097028987047,30.9
1646.6593844824454,30.9
1655.266495526711,30.8
1663.9185960577072,30.7
1672.6159212360947,30.6
1681.3587074517213,30.6
1690.1471923300487,30.5
1698.9816147386093,30.4
1707.8622147934998,30.3
1716.789233865905,30.3
1725.7629145886658,30.2
1734.7835008628629,30.1
1743.8512378644525,29.9
1752.9663720509295,29.7
1762.1291511680254,29.7
1771.3398242564415,29.6
1780.598641658619,29.6
1789.9058550255418,29.5
1799.2617173235774,29.4
1808.6664828413498,29.3
1818.1204071966588,29.2
1827.6237473434162,29.1
1837.1767615786375,28.9
1846.7797095494598,28.9
1856.4328522602,28.8
1866.1364520794475,28.7
1875.8907727471963,28.6
1885.6960793820124,28.6
1895.552638488241,28.5
1905.4607179632462,28.5
1915.4205871047022,28.4
1925.4325166178992,28.4
1935.4967786231095,28.3
1945.6136466629825,28.2
1955.783395709978,28.2
1966.006302173841,28.1
1976.282643909114,28.1
1986.6127002226892,28.0
1996.996751881399,28.0
2007.4350811196462,27.9
2017.927971647083,27.8
2028.4757086563097,27.8
2039.078578830634,27.7
2049.736870351861,27.7
2060.4508729081267,27.6
2071.22087770177,27.6
2082.0471774572497,27.5
2092.9300664290977,27.4
2103.8698404099196,27.4
2114.8667967384304,27.3
2125.9212343075446,27.3
2137.0334535724887,27.2
2148.2037565589744,27.2
2159.4324468714053,27.1
2170.71982970113,27.1
2182.0662118347364,27.0
2193.4719016623894,27.0
2204.937209186215,26.9
2216.4624460287228,26.9
2228.0479254412767,26.8
2239.6939623126154,26.8
2251.4008731773993,26.7
2263.168976224821,26.7
2274.9985913072546,26.6
2286.890039948944,26.5
2298.843645354747,26.5
2310.8597324189163,26.4
2322.9386277339318,26.3
2335.0806595993763,26.2
2347.2861580308577,26.2
2359.5554547689862,26.2
2371.8888832883777,26.2
2384.2867788067265,26.2
2396.7494782939148,26.2
2409.2773204811715,26.1
2421.8706458702773,26.0
2434.5297967428205,26.1
2447.2551171695004,26.2
2460.0469530194778,26.2
2472.905651969775,26.2
2485.8315635147337,26.2
2498.825038975499,26.2
2511.88643150958,26.3
2525.0160961204438,26.4
2538.2143896671673,26.4
2551.481670874133,26.4
2564.8183003407817,26.4
2578.224640551411,26.4
2591.7010558850307,26.6
2605.247912625263,26.7
2618.8655789702975,26.7
2632.5544250429093,26.7
2646.314822900502,26.7
2660.14714654523,26.7
2674.051771934164,26.7
2688.029076989506,26.7
2702.079441608862,26.7
2716.20324767557,26.7
2730.400879069075,26.7
2744.6727216753675,26.6
2759.0191633974646,26.5
2773.440594165967,26.3
2787.9374059496395,26.1
2802.509992766076,26.0
2817.1587506924047,25.9
2831.8840778760564,25.8
2846.686374545581,25.7
2861.5660430215316,25.0
2876.5234877273942,24.2
2891.5591152005823,23.8
2906.6733341034837,23.7
2921.8665552345788,23.6
2937.139191539587,23.4
2952.4916581227058,23.0
2967.9243722578863,22.5
2983.4377534001765,22.1
2999.0322231971227,21.8
3014.7082055002275,21.6
3030.466126376471,21.4
3046.306414119893,21.0
3062.229499263226,20.6
3078.2358145896155,20.5
3094.325795144359,20.3
3110.4998782467446,20.1
3126.7585035019356,19.8
3143.1021128129173,19.5
3159.5311503925072,19.2
3176.0460627754296,19.1
3192.6472988304513,18.9
3209.335309772584,18.7
3226.1105491753406,18.5
3242.973472983081,18.3
3259.924539523382,18.1
3276.9642095195077,17.9
3294.0929461029286,17.7
3311.311214825911,17.5
3328.6194836741684,17.3
3346.018223079582,17.1
3363.507905932988,16.9
3381.089007597027,16.8
3398.762005919066,16.5
3416.527381244194,16.2
3434.385616428264,16.0
3452.337196851022,16.0
3470.382610429304,15.9
3488.5223476302926,15.8
3506.7569014848486,15.6
3525.0867676009134,15.4
3543.512444176976,15.2
3562.034432015617,15.1
3580.6532345371147,15.0
3599.369357793143,14.8
3618.1833104805046,14.6
3637.095603954969,14.5
3656.1067522451726,14.4
3675.2172720665826,14.3
3694.4276828355482,14.2
3713.738506683413,14.1
3733.1502684707093,13.9
3752.6634958014215,13.7
3772.2787190373247,13.6
3791.9964713124127,13.6
3811.817288547367,13.6
3831.7417094641373,13.6
3851.7702756005806,13.6
3871.9035313251793,13.6
3892.1420238518376,13.6
3912.4863032547537,13.6
3932.936922483372,13.6
3953.4944373774106,13.6
3974.1594066819653,13.6
3994.9323920627126,13.7
4015.8139581211503,13.8
4036.8046724099613,13.9
4057.9051054484326,14.0
4079.115830737964,14.1
4100.437424777656,14.2
4121.870467079975,14.3
4143.41554018651,14.3
4165.0732296838005,14.4
4186.844124219257,14.4
4208.728815517151,14.5
4230.72789839472,14.5
4252.841970778305,14.6
4275.071633719623,14.6
4297.417491412092,14.7
4319.880151207261,14.7
4342.460223631314,14.8
4365.158322401661,14.9
4387.975064443623,15.0
4410.911069907196,15.0
4433.9669621839075,15.0
4457.1433679237725,15.0
4480.4409170523,15.1
4503.860242787635,15.2
4527.40198165776,15.2
4551.0667735177985,15.2
4574.855261567406,15.2
4598.768092368251,15.2
4622.80591586159,15.2
4646.969385385929,15.1
4671.25915769478,15.1
4695.675892974527,15.1
4720.220254862348,15.2
4744.892910464259,15.3
4769.694530373255,15.3
4794.625788687525,15.4
4819.68736302878,15.5
4844.87993456067,15.4
4870.204188007296,15.3
4895.660811671819,15.2
4921.250497455168,15.1
4946.973940874864,15.1
4972.8318410838865,15.0
4998.824900889706,14.9
5024.953826773381,14.8
5051.219328908747,14.7
5077.622121181736,14.6
5104.162921209768,14.5
5130.842450361258,14.4
5157.661433775227,14.3
5184.620600380999,14.2
5211.720682918039,14.1
5238.962417955835,13.9
5266.346545913939,13.7
5293.873811082085,13.5
5321.544961640422,13.4
5349.360749679845,13.3
5377.321931222439,13.2
5405.429266242027,12.9
5433.683518684824,12.6
5462.085456490198,12.5
5490.635851611563,12.5
5519.335480037329,12.5
5548.185121812011,12.3
5577.185561057427,12.1
5606.337585994012,12.0
5635.641988962242,12.0
5665.0995664441625,11.9
5694.7111190850455,11.9
5724.477451715144,12.0
5754.399373371566,12.1
5784.477697320285,12.1
5814.713241078208,12.1
5845.10682643542,12.2
5875.659279477514,12.2
5906.371430608045,12.3
5937.244114571097,12.4
5968.278170473975,12.5
5999.4744418100045,12.5
6030.833776481469,12.6
6062.357026822636,12.9
6094.045049622959,13.1
6125.898706150321,13.2
6157.918862174471,13.3
6190.106387990547,13.4
6222.462158442733,13.6
6254.987052948034,13.7
6287.681955520183,13.9
6320.547754793659,14.0
6353.585344047851,14.2
6386.795621231329,14.3
6420.179488986247,14.5
6453.7378546729,14.6
6487.471630394349,14.7
6521.381733021235,15.0
6555.469084216698,15.2
6589.734610461422,15.3
6624.179243078815,15.5
6658.80391826033,15.7
6693.609577090902,16.2
6728.597165574533,16.8
6763.767634659991,17.1
6799.1219402666875,17.3
6834.661043310619,17.5
6870.385909730507,17.7
6906.297510514049,18.0
6942.39682172431,18.4
6978.684824526248,18.6
7015.162505213385,18.7
7051.830855234612,19.0
7088.690871221135,19.3
7125.7435550135615,19.5
7162.989913689153,19.6
7200.430959589155,19.8
7238.067710346342,19.9
7275.901188912673,20.1
7313.932423587085,20.4
7352.162448043451,20.7
7390.59230135867,20.8
7429.22302804091,20.9
7468.055678057999,21.1
7507.091306865953,21.4
7546.330975437692,22.1
7585.775750291836,22.6
7625.426703521717,22.9
7665.284912824515,23.1
7705.351461530549,23.4
7745.627438632719,23.8
7786.113938816104,24.1
7826.81206248772,24.5
7867.722915806424,24.9
7908.847610712972,25.6
7950.187264960275,26.3
7991.743002143727,26.7
8033.515951731782,27.0
8075.507249096639,27.2
8117.718035545101,27.5
8160.149458349601,28.0
8202.80267077938,28.7
8245.67883213183,29.1
8288.77910776401,29.3
8332.104669124305,29.5
8375.656693784302,29.7
8419.436365470749,30.1
8463.444874097753,30.5
8507.683415799123,30.6
8552.153192960874,30.7
8596.855414253905,30.7
8641.791294666864,30.7
8686.962055539152,30.7
8732.36892459413,30.7
8778.01313597248,30.7
8823.895930265779,30.6
8870.018554550163,30.2
8916.382262420266,29.7
8962.988314023276,29.5
9009.83797609319,29.3
9056.932521985234,28.9
9104.273231710486,28.2
9151.861391970657,27.4
9199.698296193066,26.8
9247.785244565785,26.2
9296.12354407301,25.7
9344.714508530542,25.3
9393.559458621517,24.7
9442.659721932305,23.9
9492.016632988581,23.2
9541.631533291613,22.7
9591.505771354708,21.8
9641.64070273987,21.0
9692.037690094652,20.9
9742.698103189163,20.6
9793.623318953358,19.9
9844.814721514387,19.3
9896.27370223427,19.1
9948.001659747684,18.8
10000.0,18.5
10052.270136285486,18.3
10104.813489285681,18.2
10157.6314871081,18.1
10210.725565324987,18.0
10264.09716701231,18.0
10317.747742788988,17.9
10371.678750856474,17.9
10425.891657038128,17.9
10480.387934819217,18.0
10535.16906538697,18.1
10590.236537670813,18.1
10645.591848382772,18.1
10701.236502058211,18.1
10757.172011096769,18.0
10813.399895803414,17.9
10869.921684429703,17.9
10926.73891321545,17.9
10983.85312643042,17.9
11041.265876416248,17.9
11098.978723628681,17.8
11156.993236680037,17.5
11215.310992381786,17.2
11273.933575787378,17.1
11332.862580235347,17.0
11392.099607392682,16.9
11451.646267298307,16.8
11511.504178406769,16.6
11571.674967632372,16.3
11632.16027039332,16.2
11692.961730656129,16.3
11754.08100098034,16.6
11815.519742563505,16.8
11877.27962528627,16.9
11939.362327757724,17.0
12001.76953736107,17.1
12064.50295029953,17.2
12127.56427164241,17.2
12190.95521537136,17.2
12254.677504427105,17.2
12318.732870756214,17.1
12383.123055358106,17.1
12447.849808332432,17.0
12512.914888926687,16.9
12578.320065583976,16.6
12644.067115991029,16.2
12710.157827126544,16.0
12776.593995309939,15.3
12843.377426249857,14.5
12910.50993509343,14.1
12977.99334647565,13.9
13045.829494568892,13.6
13114.020223132724,13.4
13182.567385564074,12.9
13251.472844947652,12.5
13320.738474106534,12.5
13390.366155652993,12.5
13460.35778203982,12.7
13530.715255611682,13.1
13601.440488656775,13.2
13672.535403458849,13.4
13744.001932349513,13.6
13815.842017760702,13.8
13888.057612277411,14.0
13960.650678690825,14.2
14033.62319005172,14.3
14106.977129724035,14.4
14180.714491438697,14.5
14254.837279347976,14.5
14329.347508079869,14.5
14404.247202792812,14.4
14479.538399230763,14.3
14555.223143778607,14.2
14631.303493517702,13.8
14707.78151628175,13.4
14784.65929071304,13.2
14861.938906319014,12.8
14939.622463529,12.3
15017.712073751207,11.9
15096.209859430292,11.5
15175.117954104964,11.1
15254.438502465904,10.7
15334.173660414117,10.2
15414.325595119602,9.6
15494.896485080177,9.1
15575.88852018064,8.9
15657.303901752315,8.7
15739.1448426331,8.5
15821.413567227246,8.4
15904.112311566014,8.4
15987.243323368504,8.4
16070.808862102673,8.3
16154.811199046684,8.1
16239.252617350698,7.9
16324.135412099,7.9
16409.461890372313,7.9
16495.23437131044,7.8
16581.455186175313,7.7
16668.12667841462,7.5
16755.251203725067,7.2
