10.0,20.8
10.052270136285475,20.8
10.104813489285682,20.8
10.157631487108103,20.8
10.210725565324982,20.8
10.264097167012295,20.8
10.317747742789004,20.8
10.371678750856479,20.8
10.425891657038118,20.8
10.480387934819216,20.8
10.535169065386981,20.8
10.590236537670812,20.8
10.64559184838276,20.8
10.701236502058206,20.8
10.757172011096776,20.9
10.813399895803409,21.0
10.869921684429707,21.0
10.926738913215466,21.0
10.98385312643042,21.0
11.041265876416237,21.0
11.098978723628681,21.0
11.156993236680048,21.0
11.215310992381788,21.0
11.27393357578736,21.0
11.332862580235341,21.0
11.392099607392687,21.0
11.451646267298301,21.0
11.511504178406776,21.0
11.571674967632385,21.0
11.632160270393321,21.0
11.692961730656117,21.0
11.75408100098034,21.0
11.815519742563518,21.0
11.87727962528627,21.0
11.939362327757706,21.0
12.001769537361062,21.0
12.064502950299536,21.0
12.127564271642404,21.0
12.190955215371359,21.0
12.254677504427118,21.0
12.318732870756214,21.0
12.383123055358094,21.0
12.447849808332432,21.0
12.5129148889267,21.0
12.578320065583968,21.0
12.644067115991009,21.0
12.710157827126565,21.0
12.776593995309947,21.0
12.843377426249843,21.0
12.910509935093431,21.0
12.977993346475664,21.0
13.045829494568892,21.0
13.11402022313271,21.0
13.182567385564074,21.0
13.251472844947658,21.0
13.320738474106527,21.0
13.390366155653,21.0
13.460357782039841,21.0
13.530715255611682,21.0
13.601440488656761,21.0
13.672535403458848,21.0
13.744001932349526,21.0
13.815842017760701,21.0
13.888057612277397,21.0
13.960650678690818,21.0
14.033623190051728,21.0
14.10697712972403,21.0
14.180714491438705,21.0
14.25483727934799,21.0
14.32934750807987,21.0
14.404247202792797,21.0
14.479538399230764,21.0
14.55522314377862,21.0
14.631303493517702,21.0
14.707781516281727,21.0
14.784659290713032,21.0
14.861938906319022,21.0
14.939622463528993,21.0
15.017712073751214,21.0
15.096209859430308,21.0
15.175117954104964,21.0
15.254438502465888,21.1
15.334173660414118,21.2
15.414325595119617,21.2
15.494896485080169,21.2
15.575888520180618,21.2
15.65730390175234,21.2
15.73914484263311,21.2
15.821413567227237,21.2
15.904112311566013,21.2
15.98724332336852,21.2
16.070808862102673,21.2
16.154811199046666,21.2
16.239252617350697,21.2
16.324135412099007,21.2
16.409461890372306,21.2
16.495234371310413,21.2
16.58145518617534,21.2
16.668126678414627,21.2
16.755251203725052,21.2
16.84283113011666,21.2
16.930868837977105,21.2
17.01936672013636,21.2
17.108327181931763,21.2
17.197752641273365,21.2
17.28764552870969,21.2
17.378008287493753,21.2
17.4688433736495,21.2
17.560153256038525,21.2
17.651940416427212,21.2
17.744207349554188,21.2
17.836956563198083,21.2
17.93019057824573,21.2
18.023911928760675,21.2
18.118123162052047,21.2
18.21282683874379,21.2
18.30802553284428,21.2
18.403721831816252,21.2
18.499918336647156,21.2
18.59661766191982,21.2
18.69382243588356,21.2
18.791535300525574,21.2
18.889758911642755,21.2
18.98849593891389,21.2
19.08774906597221,21.2
19.187520990478333,21.2
19.287814424193606,21.2
19.388632093053765,21.2
19.48997673724305,21.2
19.591851111268685,21.2
19.69425798403576,21.2
19.79720013892245,21.2
19.90068037385568,21.2
20.004701501387192,21.2
20.109266348769967,21.2
20.214377758035074,21.2
20.320038586068932,21.2
20.426251704690927,21.2
20.533020000731486,21.2
20.64034637611054,21.2
20.748233747916412,21.2
20.856685048485062,21.2
20.965703225479817,21.2
21.075291241971485,21.2
21.185452076518878,21.2
21.296188723249774,21.2
21.407504191942323,21.2
21.519401508106792,21.2
21.631883713067854,21.2
21.744953864047204,21.2
21.858615034246718,21.2
21.972870312931903,21.2
22.087722805515906,21.2
22.203175633643916,21.2
22.319231935278008,21.2
22.435894864782412,21.2
22.553167593009288,21.4
22.671053307384867,21.5
22.789555211996095,21.5
22.908676527677724,21.5
23.028420492099883,21.5
23.148790359856015,21.5
23.26978940255137,21.5
23.391420908891938,21.5
23.51368818477381,21.5
23.63659455337303,21.5
23.760143355235964,21.5
23.884337948370025,21.5
24.009181708334992,21.5
24.134678028334722,21.5
24.260830319309434,21.5
24.387642010028344,21.5
24.515116547182902,21.5
24.64325739548046,21.5
24.772068037738443,21.5
24.901551974979007,21.5
25.031712726524198,21.5
25.162553830091625,21.5
25.294078841890578,21.5
25.426291336718684,21.5
25.559194908059133,21.5
25.692793168178262,21.5
25.827089748223784,21.5
25.96208829832347,21.5
26.097792487684362,21.5
26.234206004692496,21.5
26.371332557013133,21.5
26.5091758716916,21.5
26.647739695254497,21.5
26.787027793811582,21.5
26.9270439531581,21.5
27.06779197887776,21.5
27.209275696446046,21.5
27.351498951334275,21.5
27.494465609114105,21.5
27.638179555562576,21.5
27.782644696767733,21.5
27.92786495923483,21.5
28.07384428999299,21.5
28.220586656702505,21.5
28.368096047762684,21.5
28.516376472420284,21.5
28.66543196087842,21.5
28.815266564406134,21.5
28.965884355448516,21.5
29.11728942773738,21.5
29.26948589640251,21.5
29.42247789808359,21.5
29.57626959104251,21.5
29.730865155276486,21.5
29.88626879263161,21.5
30.04248472691713,21.5
30.19951720402016,21.5
30.357370492021133,21.5
30.516048881309793,21.5
30.675556684701824,21.5
30.835898237556027,21.5
30.99707789789224,21.5
31.15910004650967,21.5
31.321969087106055,21.5
31.485689446397288,21.5
31.650265574237824,21.5
31.815701943741516,21.5
31.98200305140326,21.5
32.14917341722119,21.5
32.31721758481955,21.5
32.486140121572134,21.5
32.655945618726484,21.5
32.82663869152868,21.5
32.99822397934869,21.5
33.170706145806605,21.5
33.34408987889928,21.5
33.51837989112781,21.5
33.69358091962557,21.5
33.86969772628702,21.5
34.04673509789711,21.5
34.224697846261364,21.5
34.40359080833668,21.5
34.58341884636283,21.5
34.764186847994516,21.5
34.94589972643436,21.5
35.12856242056629,21.5
35.312179895089876,21.5
35.496757140655234,21.5
35.68229917399868,21.5
35.86881103807908,21.5
36.05629780221492,21.5
36.24476456222205,21.5
36.434216440552284,21.5
36.6246585864325,21.5
36.81609617600466,21.6
37.00853441246656,21.7
37.2019785262131,21.7
37.39643377497855,21.7
37.591905443979435,21.7
37.788398846058186,21.7
37.985919321827524,21.7
38.184472239815605,21.7
38.384062996612016,21.7
38.584697017014335,21.7
38.786379754175634,21.7
38.98911668975273,21.7
39.1929133340551,21.7
39.39777522619469,21.7
39.60370793423646,21.7
39.810717055349734,21.7
40.0188082159603,21.7
40.227987071903335,21.7
40.43825930857721,21.7
40.64963064109788,21.7
40.8621068144543,21.7
41.075693603664625,21.7
41.29039681393302,21.7
41.506222280807584,21.7
41.72317587033889,21.7
41.94126347923944,21.7
42.16049103504393,21.7
42.38086449627034,21.7
42.60238985258197,21.7
42.825073124950116,21.7
43.04892036581776,21.7
43.27393765926414,21.7
43.500131121170035,21.7
43.727506899384,21.7
43.956071173889484,21.7
44.18583015697281,21.7
44.416790093392,21.7
44.648957260546474,21.7
44.88233796864779,21.7
45.116938560890986,21.7
45.35276541362708,21.7
45.58982493653644,21.7
45.82812357280281,21.7
46.067667799288614,21.7
46.308464126710895,21.7
46.55051909981832,21.7
46.793839297569036,21.7
47.03843133330949,21.7
47.28430185495417,21.7
47.531457545166376,21.7
47.77990512153967,21.7
48.02965133678067,21.7
48.28070297889241,21.7
48.53306687135893,21.7
48.78674987333074,21.7
49.041758879811184,21.7
49.298100821843896,21.7
49.55578266670119,21.7
49.81481141807335,21.7
50.07519411625915,21.7
50.336937838356974,21.7
50.60004969845742,21.7
50.86453684783644,21.7
51.13040647514984,21.7
51.39766580662862,21.7
51.66632210627541,21.7
51.93638267606184,21.7
52.20785485612707,21.7
52.48074602497726,21.7
52.75506359968615,21.7
53.030815036096584,21.7
53.308007829023246,21.7
53.58664951245627,21.7
53.866747659766084,21.7
54.148309883909214,21.7
54.431343837635225,21.7
54.7158572136947,21.7
55.00185774504835,21.7
55.28935320507712,21.7
55.57835140779364,21.7
55.86886020805435,21.7
56.160887501773274,21.7
56.45444122613637,21.7
56.74952935981742,21.7
57.04615992319485,21.7
57.34434097856969,21.7
57.64408063038476,21.7
57.94538702544487,21.7
58.24826835313831,21.7
58.552732845659456,21.7
58.85878877823242,21.7
59.166444469336014,21.7
59.475708280929936,21.7
59.786588618681876,21.7
60.0990939321961,21.7
60.41323271524305,21.7
60.72901350599024,21.7
61.046444887234294,21.7
61.365535486634215,21.7
61.686293976945976,21.7
62.008729076258064,21.7
62.332849548228545,21.7
62.658664202323344,21.7
62.98618189405547,21.7
63.315411525225876,21.7
63.64636204416533,21.7
63.979042445977655,21.7
64.31346177278421,21.7
64.64962911396958,21.7
64.98755360642885,21.7
65.32724443481563,21.7
65.66871083179183,21.7
66.01196207827876,21.7
66.35700750370908,21.7
66.7038564862806,21.7
67.05251845321108,21.7
67.40300288099445,21.7
67.75531929565844,21.7
68.1094772730234,21.7
68.46548643896274,21.7
68.82335646966433,21.7
69.18309709189363,21.7
69.54471808325809,21.7
69.90822927247277,21.7
70.27364053962762,21.7
70.6409618164559,21.7
71.01020308660422,21.7
71.38137438590384,21.7
71.75448580264342,21.7
72.12954747784322,21.7
72.50656960553087,21.7
72.88556243301818,21.7
73.26653626117992,21.7
73.64950144473359,21.7
74.03446839252094,21.7
74.42144756779092,21.7
74.810449488484,21.7
75.20148472751808,21.7
75.59456391307583,21.7
75.98969772889355,21.7
76.38689691455168,21.7
76.78617226576647,21.7
77.18753463468363,21.7
77.59099493017311,21.7
77.99656411812569,21.7
78.404253221751,21.7
78.8140733218772,21.7
79.226035557252,21.7
79.64015112484554,21.7
80.05643128015467,21.7
80.47488733750892,21.7
80.89553067037787,21.7
81.31837271168051,21.7
81.74342495409579,21.7
82.170698950375,21.7
82.60020631365589,21.7
83.03195871777821,21.7
83.46596789760103,21.7
83.90224564932171,21.7
84.34080383079642,21.7
84.78165436186265,21.7
85.22480922466286,21.7
85.67028046397054,21.7
86.11808018751721,21.7
86.56822056632171,21.7
87.020713835021,21.7
87.47557229220259,21.7
87.93280830073893,21.7
88.39243428812335,21.7
88.85446274680783,21.7
89.31890623454267,21.7
89.78577737471758,21.7
90.25508885670492,21.7
90.72685343620469,21.7
91.20108393559097,21.7
91.67779324426061,21.7
92.15699431898352,21.7
92.63870018425483,21.7
93.12292393264887,21.7
93.60967872517497,21.7
94.09897779163542,21.7
94.5908344309847,21.7
95.0852620116911,21.7
95.58227397210023,21.7
96.08188382079996,21.7
96.5841051369878,21.7
97.08895157083991,21.7
97.59643684388209,21.7
98.10657474936274,21.7
98.61937915262773,21.7
99.13486399149741,21.7
99.65304327664518,21.7
100.17393109197839,21.7
100.69754159502135,21.7
101.22388901729977,21.7
101.75298766472777,21.7
102.28485191799675,21.7
102.81949623296607,21.7
103.35693514105618,21.7
103.89718324964329,21.7
104.44025524245698,21.7
104.98616587997819,21.7
105.53492999984189,21.7
106.08656251723878,21.7
106.64107842532215,21.7
107.19849279561431,21.7
107.75882077841675,21.7
108.32207760322176,21.7
108.88827857912626,21.7
109.45743909524856,21.7
110.02957462114523,21.7
110.60470070723336,21.7
111.18283298521138,21.7
111.76398716848561,21.7
112.3481790525961,21.7
112.93542451564652,21.7
113.5257395187356,21.7
114.11914010639099,21.7
114.71564240700522,21.7
115.3152626332741,21.7
115.91801708263789,21.7
116.52392213772293,21.7
117.13299426678874,21.7
117.74525002417371,21.7
118.36070605074681,21.7
118.97937907435858,21.7
119.60128591029638,21.7
120.22644346174131,21.7
120.85486872022751,21.7
121.4865787661046,21.7
122.12159076900052,21.7
122.75992198829012,21.7
123.40158977356222,21.7
124.04661156509306,21.7
124.69500489431896,21.7
125.34678738431336,21.7
126.00197675026583,21.7
126.6605907999634,21.7
127.3226474342747,21.7
127.98816464763628,21.7
128.6571605285424,21.7
129.32965326003517,21.7
130.00566112020084,21.7
130.68520248266435,21.7
131.36829581709074,21.7
132.05495968968575,21.7
132.74521276370103,21.7
133.43907379994133,21.7
134.1365616572744,21.7
134.83769529314347,21.7
135.54249376408254,21.7
136.25097622623485,21.7
136.96316193587217,21.7
137.67907024992007,21.7
138.39872062648203,21.7
139.1221326253702,21.7
139.84932590863562,21.7
140.58032024110324,21.7
141.31513549090906,21.7
142.05379163003997,21.7
142.7963087348772,21.7
143.5427069867405,21.7
144.29300667243896,21.7
145.04722818481977,21.7
145.80539202332486,21.7
146.56751879454652,21.7
147.333629212788,21.7
148.1037441006266,21.7
148.87788438947953,21.7
149.65607112017267,21.7
150.43832544351253,21.7
151.2246686208618,21.7
152.01512202471548,21.7
152.80970713928414,21.7
153.6084455610754,21.7
154.41135899948313,21.7
155.218469277376,21.7
156.02979833169113,21.7
156.8453682140304,21.7
157.66520109125955,21.7
158.48931924611142,21.7
159.3177450777899,21.7
160.15050110258113,21.7
160.9876099544629,21.7
161.82909438572216,21.7
162.67497726757185,21.7
163.52528159077312,21.7
164.38003046626017,21.7
165.23924712576837,21.7
166.1029549224657,21.7
166.97117733158728,21.7
167.8439379510743,21.7
168.72126050221348,21.7
169.60316883028446,21.7
170.48968690520502,21.7
171.38083882218535,21.7
172.27664880238083,21.6
173.17714119355136,21.6
174.08234047072295,21.5
174.99227123685273,21.5
175.9069582234984,21.5
176.82642629148881,21.5
177.75070043160196,21.5
178.67980576524164,21.5
179.61376754512278,21.5
180.55261115595593,21.5
181.49636211513797,21.5
182.44504607344558,21.5
183.39868881573247,21.5
184.35731626163007,21.5
185.3209544662519,21.5
186.28962962090262,21.5
187.26336805378796,21.5
188.24219623073301,21.5
189.2261407558986,21.5
190.21522837250714,21.5
191.20948596356752,21.5
192.20894055260666,21.5
193.21361930440384,21.5
194.22354952572874,21.5
195.2387586660848,21.5
196.25927431845295,21.5
197.28512422004457,21.5
198.31633625305224,21.5
199.35293844541056,21.5
200.39495897155572,21.5
201.4424261531923,21.5
202.4953684600627,21.5
203.55381451072122,21.5
204.6177930733116,21.5
205.6873330663489,21.5
206.76246355950653,21.5
207.84321377440395,21.5
208.92961308540407,21.5
210.02169102040844,21.5
211.11947726166272,21.5
212.22300164656127,21.5
213.33229416845913,21.5
214.447384977487,21.5
215.5683043813707,21.5
216.69508284625502,21.5
217.8277509975314,21.5
218.9663396206716,21.5
220.1108796620618,21.5
221.26140222984722,21.5
222.41793859477394,21.5
223.5805201910423,21.4
224.74917861715863,21.3
225.9239456367954,21.2
227.10485317965416,21.2
228.29193334233327,21.2
229.48521838920135,21.2
230.68474075327168,21.2
231.89053303708724,21.2
233.102628013603,21.2
234.32105862708036,21.2
235.5458579939798,21.2
236.77705940386227,21.2
238.0146963202937,21.2
239.25880238175446,21.2
240.50941140255387,21.2
241.76655737374873,21.2
243.03027446406858,21.2
244.30059702084168,21.2
245.57755957093218,21.2
246.86119682167464,21.2
248.1515436618211,21.2
249.44863516248657,21.2
250.75250657810346,21.2
252.0631933473797,21.2
253.3807310942614,21.2
254.7051556289027,21.2
256.03650294863604,21.2
257.3748092389545,21.2
258.72011087449107,21.2
260.0724444200114,21.2
261.4318466314045,21.2
262.79835445668317,21.2
264.17200503698814,21.2
265.5528357075972,21.2
266.94088399894025,21.2
268.336187637619,21.2
269.7387845474336,21.2
271.1487128504106,21.2
272.56601086784315,21.1
273.9907171213279,21.1
275.4228703338166,21.0
276.86250943066517,21.0
278.30967354069315,21.0
279.764401997247,21.0
281.2267343392687,21.0
282.6967103123723,21.0
284.1743698699204,21.0
285.65975317411466,21.0
287.152900597083,21.0
288.6538527219809,21.0
290.16265034409145,21.0
291.67933447193553,21.0
293.203946328386,21.0
294.7365273517884,21.0
296.27711919708696,21.0
297.8257637369567,21.0
299.38250306294265,21.0
300.947379486601,21.0
302.52043554065347,21.0
304.1017139801383,21.0
305.69125778357716,21.0
307.2891101541398,21.0
308.8953145208197,21.0
310.5099145396145,21.0
312.1329540947119,21.0
313.76447729968413,21.0
315.40452849868336,21.0
317.0531522676519,21.0
318.71039341552853,21.0
320.3762969854716,21.0
322.05090825607795,21.0
323.7342727426186,20.9
325.4264361982722,20.8
327.1274446153702,20.8
328.83734422664674,20.8
330.55618150649445,20.8
332.28400317222986,20.8
334.02085618535915,20.8
335.76678775285944,20.8
337.52184532845695,20.8
339.28607661392135,20.8
341.0595295603587,20.8
342.84225236951676,20.8
344.63429349509414,20.8
346.4357016440579,20.8
348.24652577796684,20.8
350.06681511430224,20.8
351.8966191278073,20.8
353.7359875518278,20.8
355.5849703796693,20.8
357.44361786595016,20.8
359.3119805279728,20.8
361.1901091470929,20.8
363.0780547701014,20.8
364.9758687106112,20.8
366.8836025504522,20.8
368.80130814107446,20.8
370.72903760495365,20.7
372.66684333701346,20.6
374.6147780060434,20.6
376.57289455613636,20.6
378.54124620812286,20.6
380.5198864610201,20.6
382.50886909348526,20.6
384.5082481652772,20.6
386.51807801872604,20.6
388.53841328020957,20.6
390.56930886163985,20.6
392.6108199619517,20.6
394.6630020686084,20.6
396.7259109591041,20.6
398.7996027024853,20.6
400.8841336608706,20.6
402.9795604909844,20.6
405.0859401456969,20.6
407.20332987557106,20.6
409.331787230421,20.6
411.4713700608718,20.6
413.6221365199375,20.6
415.78414506459575,20.5
417.95745445738237,20.5
420.1421237679842,20.5
422.33821237484636,20.5
424.5457799667861,20.5
426.76488654461485,20.5
428.9955924227691,20.5
431.23795823094935,20.5
433.49204491576995,20.5
435.7579137424112,20.5
438.0356262962907,20.5
440.3252444847303,20.5
442.62683053864555,20.5
444.9404470142319,20.5
447.2661567946673,20.5
449.60402309182115,20.4
451.9541094479714,20.4
454.3164797375345,20.3
456.6911981687959,20.3
459.0783292856624,20.3
461.4779379694089,20.3
463.89008944044906,20.3
466.31484926010245,20.3
468.7522833323791,20.3
471.20245790577025,20.3
473.6654395750488,20.3
476.14129528307956,20.3
478.630092322638,20.3
481.1318983382419,20.3
483.6467813279844,20.3
486.1748096453894,20.3
488.7160520012619,20.2
491.27057746556244,20.2
493.8384554692794,20.1
496.4197558063182,20.1
499.01454863539806,20.1
501.6229044819588,20.1
504.24489424007766,20.1
506.88058917439554,20.1
509.53006092205686,20.1
512.1933814946506,20.1
514.8706232801756,20.1
517.5618590449992,20.1
520.2671619358439,20.1
522.9866054817683,20.1
525.7202635961694,20.1
528.4682105787901,20.1
531.230521117739,20.1
534.0072702915224,20.1
536.7985335710792,20.1
539.6043868218401,20.1
542.4249063057814,20.1
545.2601686835053,20.1
548.1102510163182,20.0
550.9752307683272,19.9
553.8551858085453,19.8
556.7501944130083,19.8
559.6603352669016,19.8
562.5856874666987,19.8
565.5263305223134,19.8
568.4823443592555,19.8
571.4538093208106,19.8
574.4408061702153,19.8
577.4434160928608,19.8
580.4617206984933,19.8
583.4958020234345,19.8
586.5457425328113,19.8
589.6116251227962,19.8
592.6935331228639,19.8
595.7915502980484,19.8
598.9057608512304,19.8
602.0362494254149,19.8
605.1831011060411,19.8
608.3464014232891,19.8
611.5262363544065,19.8
614.7226923260454,19.8
617.9358562166111,19.8
621.1658153586235,19.8
624.4126575410903,19.8
627.6764710118958,19.8
630.957344480193,19.8
634.2553671188238,19.7
637.5706285667327,19.7
640.9032189314127,19.6
644.2532287913472,19.6
647.6207491984753,19.6
651.0058716806659,19.6
654.4086882442045,19.6
657.8292913762976,19.6
661.2677740475787,19.6
664.7242297146454,19.6
668.1987523225889,19.6
671.6914363075575,19.6
675.2023765993158,19.6
678.7316686238282,19.6
682.2794083058518,19.6
685.8456920715438,19.6
689.4306168510824,19.6
693.0342800813003,19.6
696.6567797083366,19.6
700.2982141902914,19.6
703.9586824999124,19.6
707.6382841272731,19.5
711.3371190824884,19.4
715.0552878984242,19.4
718.7928916334344,19.4
722.5500318741055,19.4
726.3268107380181,19.4
730.123330876526,19.4
733.9396954775374,19.4
737.7760082683312,19.4
741.6323735183645,19.4
745.508896042117,19.4
749.4056812019327,19.4
753.3228349108862,19.4
757.2604636356614,19.4
761.2186743994453,19.4
765.1975747848361,19.4
769.1972729367671,19.4
773.2178775654501,19.4
777.2594979493206,19.4
781.3222439380205,19.4
785.406225955371,19.4
789.5115550023859,19.4
793.6383426602791,19.4
797.7867010935024,19.4
801.9567430527921,19.4
806.1485818782347,19.4
810.3623315023465,19.4
814.59810645317,19.4
818.8560218573906,19.4
823.1361934434566,19.4
827.4387375447371,19.4
831.7637711026708,19.5
836.1114116699566,19.5
840.4817774137397,19.5
844.8749871188272,19.6
849.2911601909162,19.6
853.7304166598383,19.6
858.1928771828257,19.6
862.6786630477819,19.6
867.1878961765907,19.6
871.7206991284164,19.6
876.2771951030477,19.6
880.8575079442367,19.6
885.4617621430697,19.6
890.0900828413493,19.6
894.742595834996,19.7
899.4194275774676,19.7
904.1207051831946,19.7
908.8465564310401,19.8
913.5971097677627,19.8
918.3724943115215,19.8
923.1728398553701,19.8
927.998276870799,19.8
932.8489365112713,19.8
937.7249506157918,19.9
942.6264517124897,19.9
947.5535730222193,19.9
952.5064484621864,20.0
957.4852126495767,20.0
962.4900009052299,20.1
967.5209492573013,20.1
972.5781944449744,20.1
977.6618739221665,20.2
982.772125861269,20.2
987.9090891569025,20.2
993.0729034296917,20.2
998.26370903006,20.3
1003.4816470420445,20.3
1008.7268592871307,20.3
1013.9994883281055,20.3
1019.2996774729368,20.3
1024.627570778662,20.3
1029.9833130553077,20.3
1035.3670498698243,20.3
1040.778927550043,20.3
1046.219093188652,20.3
1051.687694647196,20.3
1057.1848805600926,20.3
1062.7108003386745,20.3
1068.2656041752484,20.3
1073.849443047181,20.3
1079.4624687209969,20.3
1085.104833756507,20.3
1090.7766915109553,20.3
1096.4781961431852,20.3
1102.2095026178308,20.3
1107.9707667095288,20.3
1113.7621450071517,20.3
1119.5837949180645,20.3
1125.4358746724013,20.3
1131.3185433273702,20.3
1137.231960771571,20.3
1143.1762877293438,20.3
1149.1516857651375,20.3
1155.1583172879002,20.3
1161.1963455554942,20.3
1167.2659346791324,20.3
1173.3672496278396,20.3
1179.5004562329357,20.3
1185.6657211925422,20.3
1191.8632120761172,20.3
1198.0930973290035,20.3
1204.355546277011,20.3
1210.650729131018,20.3
1216.9788169915967,20.3
1223.3399818536654,20.3
1229.7343966111616,20.2
1236.162235061742,20.1
1242.6236719115057,20.1
1249.1188827797416,20.1
1255.6480442037073,20.1
1262.2113336434193,20.1
1268.8089294864806,20.1
1275.4410110529293,20.0
1282.1077586001115,19.9
1288.8093533275808,19.8
1295.5459773820237,19.8
1302.3178138622095,19.8
1309.1250468239675,19.8
1315.967861285188,19.7
1322.8464432308563,19.7
1329.7609796180998,19.6
1336.7116583812742,19.5
1343.6986684370715,19.5
1350.7221996896535,19.4
1357.782443035813,19.4
1364.879590370164,19.4
1372.0138345903551,19.4
1379.1853696023147,19.4
1386.3943903255179,19.4
1393.6410926982915,19.3
1400.9256736831292,19.3
1408.248331272053,19.3
1415.6092644919916,19.3
1423.0086734101894,19.3
1430.4467591396458,19.3
1437.9237238445805,19.3
1445.439770745928,19.3
1452.9951041268616,19.2
1460.589929338344,19.1
1468.224452804715,19.1
1475.898882029292,19.1
1483.6134256000173,19.1
1491.3682931951248,19.1
1499.1636955888393,19.1
1506.999844657106,19.1
1514.8769533833477,19.1
1522.7952358642551,19.1
1530.754907315605,19.1
1538.7561840781082,19.1
1546.799283623296,19.1
1554.8844245594228,19.1
1563.0118266374113,19.1
1571.181710756826,19.1
1579.3942989718767,19.1
1587.649814497453,19.2
1595.9484817151922,19.3
1604.2905261795772,19.3
1612.6761746240677,19.3
1621.1056549672617,19.3
1629.5791963190893,19.3
1638.097028987047,19.3
1646.6593844824454,19.3
1655.266495526711,19.3
1663.9185960577072,19.3
1672.6159212360947,19.3
1681.3587074517213,19.3
1690.1471923300487,19.3
1698.9816147386093,19.3
1707.8622147934998,19.3
1716.789233865905,19.3
1725.7629145886658,19.3
1734.7835008628629,19.3
1743.8512378644525,19.3
1752.9663720509295,19.3
1762.1291511680254,19.3
1771.3398242564415,19.3
1780.598641658619,19.3
1789.9058550255418,19.3
1799.2617173235774,19.3
1808.6664828413498,19.3
1818.1204071966588,19.3
1827.6237473434162,19.3
1837.1767615786375,19.3
1846.7797095494598,19.2
1856.4328522602,19.1
1866.1364520794475,19.1
1875.8907727471963,19.1
1885.6960793820124,19.1
1895.552638488241,19.1
1905.4607179632462,19.1
1915.4205871047022,19.1
1925.4325166178992,19.1
1935.4967786231095,19.1
1945.6136466629825,19.0
1955.783395709978,18.9
1966.006302173841,18.9
1976.282643909114,18.8
1986.6127002226892,18.7
1996.996751881399,18.6
2007.4350811196462,18.5
2017.927971647083,18.4
2028.4757086563097,18.2
2039.078578830634,18.1
2049.736870351861,18.0
2060.4508729081267,18.0
2071.22087770177,17.9
2082.0471774572497,17.9
2092.9300664290977,17.8
2103.8698404099196,17.8
2114.8667967384304,17.7
2125.9212343075446,17.7
2137.0334535724887,17.7
2148.2037565589744,17.7
2159.4324468714053,17.6
2170.71982970113,17.5
2182.0662118347364,17.5
2193.4719016623894,17.4
2204.937209186215,17.2
2216.4624460287228,17.0
2228.0479254412767,16.9
2239.6939623126154,16.8
2251.4008731773993,16.8
2263.168976224821,16.6
2274.9985913072546,16.4
2286.890039948944,16.2
2298.843645354747,16.1
2310.8597324189163,16.0
2322.9386277339318,15.8
2335.0806595993763,15.6
2347.2861580308577,15.4
2359.5554547689862,15.2
2371.8888832883777,15.1
2384.2867788067265,14.9
2396.7494782939148,14.8
2409.2773204811715,14.5
2421.8706458702773,14.2
2434.5297967428205,13.9
2447.2551171695004,13.7
2460.0469530194778,13.5
2472.905651969775,13.3
2485.8315635147337,13.2
2498.825038975499,13.0
2511.88643150958,12.8
2525.0160961204438,12.7
2538.2143896671673,12.5
2551.481670874133,12.4
2564.8183003407817,12.2
2578.224640551411,12.0
2591.7010558850307,11.9
2605.247912625263,11.8
2618.8655789702975,11.7
2632.5544250429093,11.5
2646.314822900502,11.4
2660.14714654523,11.2
2674.051771934164,11.0
2688.029076989506,10.8
2702.079441608862,10.6
2716.20324767557,10.5
2730.400879069075,10.4
2744.6727216753675,10.3
2759.0191633974646,10.0
2773.440594165967,9.6
2787.9374059496395,9.3
2802.509992766076,9.2
2817.1587506924047,9.1
2831.8840778760564,9.0
2846.686374545581,8.8
2861.5660430215316,8.4
2876.5234877273942,8.1
2891.5591152005823,8.0
2906.6733341034837,7.9
2921.8665552345788,7.8
2937.139191539587,7.7
2952.4916581227058,7.4
2967.9243722578863,7.1
2983.4377534001765,6.9
2999.0322231971227,6.8
3014.7082055002275,6.7
3030.466126376471,6.6
3046.306414119893,6.6
3062.229499263226,6.5
3078.2358145896155,6.4
3094.325795144359,6.3
3110.4998782467446,6.2
3126.7585035019356,6.1
3143.1021128129173,6.1
3159.5311503925072,6.0
3176.0460627754296,5.9
3192.6472988304513,5.9
3209.335309772584,5.8
3226.1105491753406,5.7
3242.973472983081,5.7
3259.924539523382,5.6
3276.9642095195077,5.6
3294.0929461029286,5.6
3311.311214825911,5.6
3328.6194836741684,5.6
3346.018223079582,5.6
3363.507905932988,5.6
3381.089007597027,5.5
3398.762005919066,5.5
3416.527381244194,5.5
3434.385616428264,5.5
3452.337196851022,5.5
3470.382610429304,5.5
3488.5223476302926,5.5
3506.7569014848486,5.5
3525.0867676009134,5.5
3543.512444176976,5.5
3562.034432015617,5.5
3580.6532345371147,5.5
3599.369357793143,5.5
3618.1833104805046,5.5
3637.095603954969,5.5
3656.1067522451726,5.6
3675.2172720665826,5.6
3694.4276828355482,5.7
3713.738506683413,5.7
3733.1502684707093,5.9
3752.6634958014215,6.1
3772.2787190373247,6.2
3791.9964713124127,6.4
3811.817288547367,6.6
3831.7417094641373,6.8
3851.7702756005806,6.9
3871.9035313251793,7.0
3892.1420238518376,7.2
3912.4863032547537,7.5
3932.936922483372,7.7
3953.4944373774106,7.9
3974.1594066819653,8.0
3994.9323920627126,8.1
4015.8139581211503,8.2
4036.8046724099613,8.3
4057.9051054484326,8.3
4079.115830737964,8.4
4100.437424777656,8.4
4121.870467079975,8.4
4143.41554018651,8.3
4165.0732296838005,8.3
4186.844124219257,8.2
4208.728815517151,8.2
4230.72789839472,8.1
4252.841970778305,8.0
4275.071633719623,7.8
4297.417491412092,7.3
4319.880151207261,7.0
4342.460223631314,6.8
4365.158322401661,6.7
4387.975064443623,6.5
4410.911069907196,6.1
4433.9669621839075,5.6
4457.1433679237725,5.2
4480.4409170523,4.8
4503.860242787635,4.8
4527.40198165776,4.7
4551.0667735177985,4.5
4574.855261567406,4.4
4598.768092368251,4.6
4622.80591586159,4.9
4646.969385385929,5.1
4671.25915769478,5.2
4695.675892974527,5.4
4720.220254862348,5.7
4744.892910464259,6.2
4769.694530373255,6.6
4794.625788687525,7.0
4819.68736302878,7.4
4844.87993456067,7.7
4870.204188007296,8.0
4895.660811671819,8.2
4921.250497455168,8.4
4946.973940874864,8.5
4972.8318410838865,8.6
4998.824900889706,8.7
5024.953826773381,8.8
5051.219328908747,8.9
5077.622121181736,8.9
5104.162921209768,8.9
5130.842450361258,8.9
5157.661433775227,8.9
5184.620600380999,8.8
5211.720682918039,8.6
5238.962417955835,8.3
5266.346545913939,8.2
5293.873811082085,8.1
5321.544961640422,8.0
5349.360749679845,7.9
5377.321931222439,7.5
5405.429266242027,7.0
5433.683518684824,6.7
5462.085456490198,6.5
5490.635851611563,6.4
5519.335480037329,6.2
5548.185121812011,5.7
5577.185561057427,5.1
5606.337585994012,4.9
5635.641988962242,4.7
5665.0995664441625,4.6
5694.7111190850455,4.5
5724.477451715144,4.4
5754.399373371566,4.1
5784.477697320285,3.8
5814.713241078208,3.8
5845.10682643542,3.7
5875.659279477514,3.6
5906.371430608045,3.5
5937.244114571097,3.5
5968.278170473975,3.4
5999.4744418100045,3.2
6030.833776481469,3.0
6062.357026822636,3.0
6094.045049622959,3.0
6125.898706150321,3.0
6157.918862174471,3.0
6190.106387990547,3.0
6222.462158442733,3.0
6254.987052948034,3.1
6287.681955520183,3.1
6320.547754793659,3.1
6353.585344047851,3.1
6386.795621231329,3.1
6420.179488986247,3.1
6453.7378546729,3.1
6487.471630394349,3.1
6521.381733021235,3.1
6555.469084216698,3.1
6589.734610461422,3.1
6624.179243078815,3.1
6658.80391826033,3.2
6693.609577090902,3.5
6728.597165574533,3.7
6763.767634659991,3.9
6799.1219402666875,3.9
6834.661043310619,4.0
6870.385909730507,4.1
6906.297510514049,4.4
6942.39682172431,4.6
6978.684824526248,4.7
7015.162505213385,4.8
7051.830855234612,4.9
7088.690871221135,5.0
7125.7435550135615,5.0
7162.989913689153,5.1
7200.430959589155,5.2
7238.067710346342,5.3
7275.901188912673,5.4
7313.932423587085,5.4
7352.162448043451,5.5
7390.59230135867,5.6
7429.22302804091,5.8
7468.055678057999,5.9
7507.091306865953,6.1
7546.330975437692,6.3
7585.775750291836,6.5
7625.426703521717,6.8
7665.284912824515,7.0
7705.351461530549,7.3
7745.627438632719,7.6
7786.113938816104,7.8
7826.81206248772,8.0
7867.722915806424,8.1
7908.847610712972,8.9
7950.187264960275,9.8
7991.743002143727,10.1
8033.515951731782,10.3
8075.507249096639,10.5
8117.718035545101,10.8
8160.149458349601,11.3
8202.80267077938,12.0
8245.67883213183,12.4
8288.77910776401,12.7
8332.104669124305,12.9
8375.656693784302,13.2
8419.436365470749,13.8
8463.444874097753,14.4
8507.683415799123,14.6
8552.153192960874,14.7
8596.855414253905,14.8
8641.791294666864,15.0
8686.962055539152,15.2
8732.36892459413,15.4
8778.01313597248,15.5
8823.895930265779,15.5
8870.018554550163,15.4
8916.382262420266,15.4
8962.988314023276,15.3
9009.83797609319,15.2
9056.932521985234,15.1
9104.273231710486,14.6
9151.861391970657,14.2
9199.698296193066,13.9
9247.785244565785,13.7
9296.12354407301,13.4
9344.714508530542,13.2
9393.559458621517,12.6
9442.659721932305,12.0
9492.016632988581,11.7
9541.631533291613,11.5
9591.505771354708,11.3
9641.64070273987,11.0
9692.037690094652,10.6
9742.698103189163,10.4
9793.623318953358,10.2
9844.814721514387,10.0
9896.27370223427,10.0
9948.001659747684,10.2
10000.0,10.5
10052.270136285486,10.8
10104.813489285681,10.9
10157.6314871081,11.0
10210.725565324987,11.2
10264.09716701231,11.4
10317.747742788988,11.7
10371.678750856474,11.8
10425.891657038128,11.9
10480.387934819217,11.9
10535.16906538697,11.9
10590.236537670813,11.8
10645.591848382772,11.8
10701.236502058211,11.7
10757.172011096769,11.6
10813.399895803414,11.3
10869.921684429703,10.9
10926.73891321545,10.7
10983.85312643042,10.6
11041.265876416248,10.4
11098.978723628681,10.3
11156.993236680037,9.8
11215.310992381786,9.1
11273.933575787378,8.5
11332.862580235347,7.8
11392.099607392682,7.0
11451.646267298307,6.5
11511.504178406769,6.3
11571.674967632372,5.5
11632.16027039332,4.9
11692.961730656129,4.7
11754.08100098034,4.3
11815.519742563505,3.8
11877.27962528627,3.4
11939.362327757724,3.0
12001.76953736107,2.7
12064.50295029953,2.6
12127.56427164241,2.5
12190.95521537136,2.4
12254.677504427105,2.2
12318.732870756214,2.0
12383.123055358106,1.8
12447.849808332432,1.7
12512.914888926687,1.6
12578.320065583976,1.5
12644.067115991029,1.5
12710.157827126544,1.5
12776.593995309939,1.5
12843.377426249857,1.7
12910.50993509343,1.8
12977.99334647565,2.0
13045.829494568892,2.2
13114.020223132724,2.3
13182.567385564074,2.5
13251.472844947652,2.7
13320.738474106534,3.0
13390.366155652993,3.7
13460.35778203982,4.4
13530.715255611682,4.7
13601.440488656775,5.0
13672.535403458849,5.5
13744.001932349513,6.0
13815.842017760702,6.3
13888.057612277411,6.7
13960.650678690825,7.2
14033.62319005172,7.6
14106.977129724035,7.9
14180.714491438697,8.0
14254.837279347976,8.1
14329.347508079869,8.2
14404.247202792812,8.3
14479.538399230763,8.4
14555.223143778607,8.4
14631.303493517702,8.4
14707.78151628175,8.4
14784.65929071304,8.4
14861.938906319014,8.4
14939.622463529,8.3
15017.712073751207,8.3
15096.209859430292,8.3
15175.117954104964,8.2
15254.438502465904,8.2
15334.173660414117,8.1
15414.325595119602,8.1
15494.896485080177,8.0
15575.88852018064,7.7
15657.303901752315,7.3
15739.1448426331,7.0
15821.413567227246,6.8
15904.112311566014,6.6
15987.243323368504,6.5
16070.808862102673,6.2
16154.811199046684,6.2
16239.252617350698,6.3
16324.135412099,6.4
16409.461890372313,6.5
16495.23437131044,6.6
16581.455186175313,6.7
16668.12667841462,6.6
16755.251203725067,6.4
