10.0,70.1
10.052270136285475,70.2
10.104813489285682,70.2
10.157631487108103,70.2
10.210725565324982,70.2
10.264097167012295,70.2
10.317747742789004,70.2
10.371678750856479,70.2
10.425891657038118,70.2
10.480387934819216,70.3
10.535169065386981,70.4
10.590236537670812,70.4
10.64559184838276,70.6
10.701236502058206,70.7
10.757172011096776,70.7
10.813399895803409,70.7
10.869921684429707,70.7
10.926738913215466,70.7
10.98385312643042,70.7
11.041265876416237,70.7
11.098978723628681,70.7
11.156993236680048,70.7
11.215310992381788,70.7
11.27393357578736,70.8
11.332862580235341,70.9
11.392099607392687,70.9
11.451646267298301,70.9
11.511504178406776,70.9
11.571674967632385,70.9
11.632160270393321,70.9
11.692961730656117,70.9
11.75408100098034,70.9
11.815519742563518,70.9
11.87727962528627,70.9
11.939362327757706,71.0
12.001769537361062,71.0
12.064502950299536,71.1
12.127564271642404,71.1
12.190955215371359,71.1
12.254677504427118,71.1
12.318732870756214,71.1
12.383123055358094,71.2
12.447849808332432,71.2
12.5129148889267,71.2
12.578320065583968,71.2
12.644067115991009,71.2
12.710157827126565,71.2
12.776593995309947,71.2
12.843377426249843,71.2
12.910509935093431,71.2
12.977993346475664,71.2
13.045829494568892,71.2
13.11402022313271,71.3
13.182567385564074,71.4
13.251472844947658,71.4
13.320738474106527,71.4
13.390366155653,71.4
13.460357782039841,71.4
13.530715255611682,71.4
13.601440488656761,71.4
13.672535403458848,71.4
13.744001932349526,71.4
13.815842017760701,71.5
13.888057612277397,71.6
13.960650678690818,71.6
14.033623190051728,71.6
14.10697712972403,71.6
14.180714491438705,71.6
14.25483727934799,71.6
14.32934750807987,71.6
14.404247202792797,71.6
14.479538399230764,71.6
14.55522314377862,71.6
14.631303493517702,71.6
14.707781516281727,71.6
14.784659290713032,71.6
14.861938906319022,71.8
14.939622463528993,71.9
15.017712073751214,71.9
15.096209859430308,71.9
15.175117954104964,71.9
15.254438502465888,71.9
15.334173660414118,71.9
15.414325595119617,71.9
15.494896485080169,71.9
15.575888520180618,71.9
15.65730390175234,71.9
15.73914484263311,71.9
15.821413567227237,71.9
15.904112311566013,71.9
15.98724332336852,71.9
16.070808862102673,71.9
16.154811199046666,71.9
16.239252617350697,71.9
16.324135412099007,71.9
16.409461890372306,72.0
16.495234371310413,72.1
16.58145518617534,72.1
16.668126678414627,72.1
16.755251203725052,72.1
16.84283113011666,72.1
16.930868837977105,72.1
17.01936672013636,72.1
17.108327181931763,72.1
17.197752641273365,72.1
17.28764552870969,72.1
17.378008287493753,72.1
17.4688433736495,72.1
17.560153256038525,72.1
17.651940416427212,72.1
17.744207349554188,72.1
17.836956563198083,72.1
17.93019057824573,72.1
18.023911928760675,72.1
18.118123162052047,72.1
18.21282683874379,72.1
18.30802553284428,72.1
18.403721831816252,72.2
18.499918336647156,72.3
18.59661766191982,72.3
18.69382243588356,72.3
18.791535300525574,72.3
18.889758911642755,72.3
18.98849593891389,72.3
19.08774906597221,72.3
19.187520990478333,72.3
19.287814424193606,72.3
19.388632093053765,72.3
19.48997673724305,72.3
19.591851111268685,72.3
19.69425798403576,72.3
19.79720013892245,72.3
19.90068037385568,72.3
20.004701501387192,72.3
20.109266348769967,72.3
20.214377758035074,72.3
20.320038586068932,72.3
20.426251704690927,72.3
20.533020000731486,72.3
20.64034637611054,72.3
20.748233747916412,72.3
20.856685048485062,72.3
20.965703225479817,72.3
21.075291241971485,72.3
21.185452076518878,72.3
21.296188723249774,72.3
21.407504191942323,72.3
21.519401508106792,72.3
21.631883713067854,72.3
21.744953864047204,72.3
21.858615034246718,72.3
21.972870312931903,72.3
22.087722805515906,72.3
22.203175633643916,72.3
22.319231935278008,72.4
22.435894864782412,72.4
22.553167593009288,72.4
22.671053307384867,72.4
22.789555211996095,72.4
22.908676527677724,72.4
23.028420492099883,72.4
23.148790359856015,72.4
23.26978940255137,72.4
23.391420908891938,72.4
23.51368818477381,72.4
23.63659455337303,72.4
23.760143355235964,72.4
23.884337948370025,72.4
24.009181708334992,72.4
24.134678028334722,72.4
24.260830319309434,72.4
24.387642010028344,72.4
24.515116547182902,72.4
24.64325739548046,72.4
24.772068037738443,72.4
24.901551974979007,72.4
25.031712726524198,72.4
25.162553830091625,72.4
25.294078841890578,72.4
25.426291336718684,72.4
25.559194908059133,72.4
25.692793168178262,72.4
25.827089748223784,72.4
25.96208829832347,72.4
26.097792487684362,72.4
26.234206004692496,72.4
26.371332557013133,72.4
26.5091758716916,72.4
26.647739695254497,72.4
26.787027793811582,72.4
26.9270439531581,72.4
27.06779197887776,72.4
27.209275696446046,72.4
27.351498951334275,72.4
27.494465609114105,72.4
27.638179555562576,72.4
27.782644696767733,72.4
27.92786495923483,72.4
28.07384428999299,72.4
28.220586656702505,72.4
28.368096047762684,72.4
28.516376472420284,72.4
28.66543196087842,72.4
28.815266564406134,72.4
28.965884355448516,72.4
29.11728942773738,72.4
29.26948589640251,72.4
29.42247789808359,72.3
29.57626959104251,72.3
29.730865155276486,72.3
29.88626879263161,72.3
30.04248472691713,72.3
30.19951720402016,72.3
30.357370492021133,72.3
30.516048881309793,72.3
30.675556684701824,72.3
30.835898237556027,72.3
30.99707789789224,72.3
31.15910004650967,72.3
31.321969087106055,72.3
31.485689446397288,72.3
31.650265574237824,72.3
31.815701943741516,72.3
31.98200305140326,72.3
32.14917341722119,72.3
32.31721758481955,72.3
32.486140121572134,72.3
32.655945618726484,72.3
32.82663869152868,72.3
32.99822397934869,72.3
33.170706145806605,72.3
33.34408987889928,72.3
33.51837989112781,72.3
33.69358091962557,72.3
33.86969772628702,72.3
34.04673509789711,72.3
34.224697846261364,72.3
34.40359080833668,72.3
34.58341884636283,72.3
34.764186847994516,72.3
34.94589972643436,72.3
35.12856242056629,72.3
35.312179895089876,72.3
35.496757140655234,72.3
35.68229917399868,72.3
35.86881103807908,72.2
36.05629780221492,72.1
36.24476456222205,72.1
36.434216440552284,72.1
36.6246585864325,72.1
36.81609617600466,72.1
37.00853441246656,72.1
37.2019785262131,72.1
37.39643377497855,72.1
37.591905443979435,72.1
37.788398846058186,72.1
37.985919321827524,72.1
38.184472239815605,72.1
38.384062996612016,72.1
38.584697017014335,72.1
38.786379754175634,72.1
38.98911668975273,72.1
39.1929133340551,72.1
39.39777522619469,72.1
39.60370793423646,72.1
39.810717055349734,72.1
40.0188082159603,72.1
40.227987071903335,72.0
40.43825930857721,71.9
40.64963064109788,71.9
40.8621068144543,71.9
41.075693603664625,71.9
41.29039681393302,71.9
41.506222280807584,71.9
41.72317587033889,71.9
41.94126347923944,71.9
42.16049103504393,71.9
42.38086449627034,71.9
42.60238985258197,71.9
42.825073124950116,71.9
43.04892036581776,71.9
43.27393765926414,71.9
43.500131121170035,71.9
43.727506899384,71.9
43.956071173889484,71.8
44.18583015697281,71.7
44.416790093392,71.6
44.648957260546474,71.6
44.88233796864779,71.6
45.116938560890986,71.6
45.35276541362708,71.6
45.58982493653644,71.6
45.82812357280281,71.6
46.067667799288614,71.6
46.308464126710895,71.6
46.55051909981832,71.6
46.793839297569036,71.6
47.03843133330949,71.6
47.28430185495417,71.5
47.531457545166376,71.4
47.77990512153967,71.4
48.02965133678067,71.4
48.28070297889241,71.4
48.53306687135893,71.4
48.78674987333074,71.4
49.041758879811184,71.4
49.298100821843896,71.4
49.55578266670119,71.4
49.81481141807335,71.4
50.07519411625915,71.4
50.336937838356974,71.4
50.60004969845742,71.4
50.86453684783644,71.3
51.13040647514984,71.2
51.39766580662862,71.2
51.66632210627541,71.2
51.93638267606184,71.2
52.20785485612707,71.2
52.48074602497726,71.2
52.75506359968615,71.2
53.030815036096584,71.2
53.308007829023246,71.2
53.58664951245627,71.2
53.866747659766084,71.2
54.148309883909214,71.2
54.431343837635225,71.2
54.7158572136947,71.1
55.00185774504835,71.1
55.28935320507712,71.1
55.57835140779364,71.1
55.86886020805435,71.1
56.160887501773274,71.1
56.45444122613637,71.1
56.74952935981742,71.1
57.04615992319485,71.0
57.34434097856969,71.0
57.64408063038476,70.9
57.94538702544487,70.9
58.24826835313831,70.9
58.552732845659456,70.9
58.85878877823242,70.9
59.166444469336014,70.9
59.475708280929936,70.9
59.786588618681876,70.9
60.0990939321961,70.9
60.41323271524305,70.8
60.72901350599024,70.7
61.046444887234294,70.7
61.365535486634215,70.7
61.686293976945976,70.7
62.008729076258064,70.7
62.332849548228545,70.7
62.658664202323344,70.7
62.98618189405547,70.7
63.315411525225876,70.7
63.64636204416533,70.6
63.979042445977655,70.5
64.31346177278421,70.4
64.64962911396958,70.4
64.98755360642885,70.4
65.32724443481563,70.4
65.66871083179183,70.4
66.01196207827876,70.4
66.35700750370908,70.3
66.7038564862806,70.2
67.05251845321108,70.2
67.40300288099445,70.2
67.75531929565844,70.2
68.1094772730234,70.2
68.46548643896274,70.2
68.82335646966433,70.2
69.18309709189363,70.2
69.54471808325809,70.2
69.90822927247277,70.1
70.27364053962762,70.0
70.6409618164559,70.0
71.01020308660422,70.0
71.38137438590384,70.0
71.75448580264342,70.0
72.12954747784322,70.0
72.50656960553087,70.0
72.88556243301818,70.0
73.26653626117992,70.0
73.64950144473359,69.9
74.03446839252094,69.9
74.42144756779092,69.9
74.810449488484,69.9
75.20148472751808,69.9
75.59456391307583,69.9
75.98969772889355,69.9
76.38689691455168,69.9
76.78617226576647,69.8
77.18753463468363,69.7
77.59099493017311,69.7
77.99656411812569,69.7
78.404253221751,69.7
78.8140733218772,69.7
79.226035557252,69.6
79.64015112484554,69.5
80.05643128015467,69.5
80.47488733750892,69.5
80.89553067037787,69.5
81.31837271168051,69.5
81.74342495409579,69.5
82.170698950375,69.5
82.60020631365589,69.4
83.03195871777821,69.3
83.46596789760103,69.2
83.90224564932171,69.2
84.34080383079642,69.2
84.78165436186265,69.2
85.22480922466286,69.2
85.67028046397054,69.2
86.11808018751721,69.1
86.56822056632171,69.0
87.020713835021,69.0
87.47557229220259,69.0
87.93280830073893,69.0
88.39243428812335,69.0
88.85446274680783,69.0
89.31890623454267,69.0
89.78577737471758,69.0
90.25508885670492,68.9
90.72685343620469,68.9
91.20108393559097,68.8
91.67779324426061,68.8
92.15699431898352,68.8
92.63870018425483,68.7
93.12292393264887,68.7
93.60967872517497,68.7
94.09897779163542,68.7
94.5908344309847,68.7
95.0852620116911,68.7
95.58227397210023,68.7
96.08188382079996,68.7
96.5841051369878,68.7
97.08895157083991,68.7
97.59643684388209,68.6
98.10657474936274,68.5
98.61937915262773,68.5
99.13486399149741,68.5
99.65304327664518,68.4
100.17393109197839,68.3
100.69754159502135,68.3
101.22388901729977,68.3
101.75298766472777,68.3
102.28485191799675,68.3
102.81949623296607,68.3
103.35693514105618,68.3
103.89718324964329,68.3
104.44025524245698,68.2
104.98616587997819,68.1
105.53492999984189,68.0
106.08656251723878,68.0
106.64107842532215,68.0
107.19849279561431,67.9
107.75882077841675,67.8
108.32207760322176,67.8
108.88827857912626,67.8
109.45743909524856,67.8
110.02957462114523,67.8
110.60470070723336,67.8
111.18283298521138,67.8
111.76398716848561,67.8
112.3481790525961,67.8
112.93542451564652,67.7
113.5257395187356,67.6
114.11914010639099,67.6
114.71564240700522,67.6
115.3152626332741,67.5
115.91801708263789,67.4
116.52392213772293,67.4
117.13299426678874,67.4
117.74525002417371,67.4
118.36070605074681,67.4
118.97937907435858,67.4
119.60128591029638,67.4
120.22644346174131,67.3
120.85486872022751,67.3
121.4865787661046,67.3
122.12159076900052,67.3
122.75992198829012,67.3
123.40158977356222,67.2
124.04661156509306,67.2
124.69500489431896,67.1
125.34678738431336,67.1
126.00197675026583,67.1
126.6605907999634,67.1
127.3226474342747,67.1
127.98816464763628,67.1
128.6571605285424,67.1
129.32965326003517,67.0
130.00566112020084,66.9
130.68520248266435,66.9
131.36829581709074,66.9
132.05495968968575,66.9
132.74521276370103,66.9
133.43907379994133,66.8
134.1365616572744,66.7
134.83769529314347,66.6
135.54249376408254,66.6
136.25097622623485,66.6
136.96316193587217,66.6
137.67907024992007,66.6
138.39872062648203,66.6
139.1221326253702,66.5
139.84932590863562,66.4
140.58032024110324,66.4
141.31513549090906,66.4
142.05379163003997,66.3
142.7963087348772,66.2
143.5427069867405,66.2
144.29300667243896,66.2
145.04722818481977,66.2
145.80539202332486,66.2
146.56751879454652,66.2
147.333629212788,66.2
148.1037441006266,66.2
148.87788438947953,66.2
149.65607112017267,66.1
150.43832544351253,66.1
151.2246686208618,66.1
152.01512202471548,66.0
152.80970713928414,66.0
153.6084455610754,65.9
154.41135899948313,65.9
155.218469277376,65.9
156.02979833169113,65.9
156.8453682140304,65.8
157.66520109125955,65.8
158.48931924611142,65.7
159.3177450777899,65.7
160.15050110258113,65.7
160.9876099544629,65.7
161.82909438572216,65.7
162.67497726757185,65.7
163.52528159077312,65.7
164.38003046626017,65.6
165.23924712576837,65.5
166.1029549224657,65.4
166.97117733158728,65.4
167.8439379510743,65.4
168.72126050221348,65.4
169.60316883028446,65.3
170.48968690520502,65.2
171.38083882218535,65.2
172.27664880238083,65.2
173.17714119355136,65.2
174.08234047072295,65.2
174.99227123685273,65.2
175.9069582234984,65.1
176.82642629148881,65.1
177.75070043160196,65.0
178.67980576524164,65.0
179.61376754512278,65.0
180.55261115595593,64.9
181.49636211513797,64.9
182.44504607344558,64.9
183.39868881573247,64.9
184.35731626163007,64.9
185.3209544662519,64.8
186.28962962090262,64.8
187.26336805378796,64.7
188.24219623073301,64.7
189.2261407558986,64.7
190.21522837250714,64.7
191.20948596356752,64.7
192.20894055260666,64.7
193.21361930440384,64.7
194.22354952572874,64.6
195.2387586660848,64.5
196.25927431845295,64.5
197.28512422004457,64.5
198.31633625305224,64.5
199.35293844541056,64.5
200.39495897155572,64.4
201.4424261531923,64.3
202.4953684600627,64.2
203.55381451072122,64.2
204.6177930733116,64.2
205.6873330663489,64.2
206.76246355950653,64.2
207.84321377440395,64.1
208.92961308540407,64.0
210.02169102040844,64.0
211.11947726166272,64.0
212.22300164656127,64.0
213.33229416845913,63.9
214.447384977487,63.8
215.5683043813707,63.8
216.69508284625502,63.8
217.8277509975314,63.8
218.9663396206716,63.8
220.1108796620618,63.8
221.26140222984722,63.8
222.41793859477394,63.8
223.5805201910423,63.8
224.74917861715863,63.7
225.9239456367954,63.7
227.10485317965416,63.7
228.29193334233327,63.7
229.48521838920135,63.7
230.68474075327168,63.7
231.89053303708724,63.7
233.102628013603,63.7
234.32105862708036,63.7
235.5458579939798,63.7
236.77705940386227,63.7
238.0146963202937,63.7
239.25880238175446,63.7
240.50941140255387,63.7
241.76655737374873,63.7
243.03027446406858,63.7
244.30059702084168,63.7
245.57755957093218,63.7
246.86119682167464,63.6
248.1515436618211,63.5
249.44863516248657,63.5
250.75250657810346,63.5
252.0631933473797,63.4
253.3807310942614,63.3
254.7051556289027,63.3
256.03650294863604,63.3
257.3748092389545,63.3
258.72011087449107,63.3
260.0724444200114,63.3
261.4318466314045,63.3
262.79835445668317,63.3
264.17200503698814,63.2
265.5528357075972,63.1
266.94088399894025,63.0
268.336187637619,63.0
269.7387845474336,62.9
271.1487128504106,62.8
272.56601086784315,62.8
273.9907171213279,62.8
275.4228703338166,62.8
276.86250943066517,62.8
278.30967354069315,62.7
279.764401997247,62.7
281.2267343392687,62.6
282.6967103123723,62.6
284.1743698699204,62.6
285.65975317411466,62.6
287.152900597083,62.6
288.6538527219809,62.6
290.16265034409145,62.6
291.67933447193553,62.5
293.203946328386,62.4
294.7365273517884,62.4
296.27711919708696,62.4
297.8257637369567,62.4
299.38250306294265,62.4
300.947379486601,62.4
302.52043554065347,62.4
304.1017139801383,62.4
305.69125778357716,62.4
307.2891101541398,62.3
308.8953145208197,62.3
310.5099145396145,62.3
312.1329540947119,62.2
313.76447729968413,62.1
315.40452849868336,62.1
317.0531522676519,62.1
318.71039341552853,62.1
320.3762969854716,62.1
322.05090825607795,62.1
323.7342727426186,62.1
325.4264361982722,62.1
327.1274446153702,62.1
328.83734422664674,62.1
330.55618150649445,62.0
332.28400317222986,61.9
334.02085618535915,61.9
335.76678775285944,61.9
337.52184532845695,61.9
339.28607661392135,61.9
341.0595295603587,61.9
342.84225236951676,61.8
344.63429349509414,61.7
346.4357016440579,61.6
348.24652577796684,61.6
350.06681511430224,61.6
351.8966191278073,61.6
353.7359875518278,61.5
355.5849703796693,61.5
357.44361786595016,61.4
359.3119805279728,61.4
361.1901091470929,61.4
363.0780547701014,61.4
364.9758687106112,61.4
366.8836025504522,61.4
368.80130814107446,61.4
370.72903760495365,61.3
372.66684333701346,61.2
374.6147780060434,61.2
376.57289455613636,61.2
378.54124620812286,61.2
380.5198864610201,61.2
382.50886909348526,61.1
384.5082481652772,61.1
386.51807801872604,61.1
388.53841328020957,61.1
390.56930886163985,61.1
392.6108199619517,61.1
394.6630020686084,61.1
396.7259109591041,61.0
398.7996027024853,61.0
400.8841336608706,60.9
402.9795604909844,60.9
405.0859401456969,60.9
407.20332987557106,60.9
409.331787230421,60.9
411.4713700608718,60.9
413.6221365199375,60.9
415.78414506459575,60.8
417.95745445738237,60.7
420.1421237679842,60.7
422.33821237484636,60.7
424.5457799667861,60.7
426.76488654461485,60.7
428.9955924227691,60.6
431.23795823094935,60.5
433.49204491576995,60.4
435.7579137424112,60.4
438.0356262962907,60.4
440.3252444847303,60.4
442.62683053864555,60.4
444.9404470142319,60.3
447.2661567946673,60.3
449.60402309182115,60.2
451.9541094479714,60.2
454.3164797375345,60.2
456.6911981687959,60.2
459.0783292856624,60.2
461.4779379694089,60.2
463.89008944044906,60.2
466.31484926010245,60.2
468.7522833323791,60.1
471.20245790577025,60.0
473.6654395750488,60.0
476.14129528307956,60.0
478.630092322638,60.0
481.1318983382419,60.0
483.6467813279844,60.0
486.1748096453894,60.0
488.7160520012619,60.0
491.27057746556244,60.0
493.8384554692794,60.0
496.4197558063182,59.9
499.01454863539806,59.9
501.6229044819588,59.9
504.24489424007766,59.9
506.88058917439554,59.9
509.53006092205686,59.9
512.1933814946506,59.9
514.8706232801756,59.9
517.5618590449992,59.9
520.2671619358439,59.9
522.9866054817683,59.8
525.7202635961694,59.7
528.4682105787901,59.7
531.230521117739,59.7
534.0072702915224,59.7
536.7985335710792,59.7
539.6043868218401,59.7
542.4249063057814,59.7
545.2601686835053,59.7
548.1102510163182,59.7
550.9752307683272,59.7
553.8551858085453,59.7
556.7501944130083,59.7
559.6603352669016,59.7
562.5856874666987,59.7
565.5263305223134,59.7
568.4823443592555,59.7
571.4538093208106,59.7
574.4408061702153,59.7
577.4434160928608,59.7
580.4617206984933,59.7
583.4958020234345,59.7
586.5457425328113,59.7
589.6116251227962,59.7
592.6935331228639,59.7
595.7915502980484,59.7
598.9057608512304,59.7
602.0362494254149,59.7
605.1831011060411,59.7
608.3464014232891,59.7
611.5262363544065,59.7
614.7226923260454,59.7
617.9358562166111,59.7
621.1658153586235,59.7
624.4126575410903,59.7
627.6764710118958,59.7
630.957344480193,59.7
634.2553671188238,59.7
637.5706285667327,59.7
640.9032189314127,59.7
644.2532287913472,59.7
647.6207491984753,59.7
651.0058716806659,59.8
654.4086882442045,59.9
657.8292913762976,59.9
661.2677740475787,59.9
664.7242297146454,59.9
668.1987523225889,59.9
671.6914363075575,59.9
675.2023765993158,59.9
678.7316686238282,59.9
682.2794083058518,59.9
685.8456920715438,59.9
689.4306168510824,59.9
693.0342800813003,59.9
696.6567797083366,59.9
700.2982141902914,60.0
703.9586824999124,60.0
707.6382841272731,60.0
711.3371190824884,60.0
715.0552878984242,60.0
718.7928916334344,60.1
722.5500318741055,60.2
726.3268107380181,60.2
730.123330876526,60.2
733.9396954775374,60.2
737.7760082683312,60.2
741.6323735183645,60.2
745.508896042117,60.2
749.4056812019327,60.2
753.3228349108862,60.3
757.2604636356614,60.4
761.2186743994453,60.4
765.1975747848361,60.4
769.1972729367671,60.4
773.2178775654501,60.4
777.2594979493206,60.4
781.3222439380205,60.4
785.406225955371,60.5
789.5115550023859,60.6
793.6383426602791,60.7
797.7867010935024,60.7
801.9567430527921,60.7
806.1485818782347,60.7
810.3623315023465,60.7
814.59810645317,60.7
818.8560218573906,60.7
823.1361934434566,60.7
827.4387375447371,60.7
831.7637711026708,60.7
836.1114116699566,60.7
840.4817774137397,60.7
844.8749871188272,60.7
849.2911601909162,60.7
853.7304166598383,60.7
858.1928771828257,60.7
862.6786630477819,60.7
867.1878961765907,60.7
871.7206991284164,60.7
876.2771951030477,60.7
880.8575079442367,60.7
885.4617621430697,60.7
890.0900828413493,60.7
894.742595834996,60.7
899.4194275774676,60.7
904.1207051831946,60.7
908.8465564310401,60.7
913.5971097677627,60.7
918.3724943115215,60.7
923.1728398553701,60.7
927.998276870799,60.7
932.8489365112713,60.7
937.7249506157918,60.6
942.6264517124897,60.5
947.5535730222193,60.4
952.5064484621864,60.4
957.4852126495767,60.4
962.4900009052299,60.4
967.5209492573013,60.3
972.5781944449744,60.2
977.6618739221665,60.2
982.772125861269,60.2
987.9090891569025,60.1
993.0729034296917,60.0
998.26370903006,60.0
1003.4816470420445,59.9
1008.7268592871307,59.9
1013.9994883281055,59.9
1019.2996774729368,59.8
1024.627570778662,59.7
1029.9833130553077,59.6
1035.3670498698243,59.6
1040.778927550043,59.5
1046.219093188652,59.5
1051.687694647196,59.5
1057.1848805600926,59.4
1062.7108003386745,59.3
1068.2656041752484,59.2
1073.849443047181,59.1
1079.4624687209969,59.1
1085.104833756507,59.0
1090.7766915109553,58.9
1096.4781961431852,58.8
1102.2095026178308,58.7
1107.9707667095288,58.6
1113.7621450071517,58.6
1119.5837949180645,58.5
1125.4358746724013,58.4
1131.3185433273702,58.4
1137.231960771571,58.3
1143.1762877293438,58.3
1149.1516857651375,58.2
1155.1583172879002,58.2
1161.1963455554942,58.1
1167.2659346791324,58.1
1173.3672496278396,58.0
1179.5004562329357,57.9
1185.6657211925422,57.8
1191.8632120761172,57.8
1198.0930973290035,57.8
1204.355546277011,57.8
1210.650729131018,57.8
1216.9788169915967,57.8
1223.3399818536654,57.8
1229.7343966111616,57.8
1236.162235061742,57.8
1242.6236719115057,57.8
1249.1188827797416,57.8
1255.6480442037073,57.8
1262.2113336434193,57.8
1268.8089294864806,57.8
1275.4410110529293,57.8
1282.1077586001115,57.8
1288.8093533275808,57.8
1295.5459773820237,57.8
1302.3178138622095,57.8
1309.1250468239675,57.8
1315.967861285188,57.8
1322.8464432308563,57.8
1329.7609796180998,57.8
1336.7116583812742,57.8
1343.6986684370715,57.8
1350.7221996896535,57.8
1357.782443035813,57.8
1364.879590370164,57.8
1372.0138345903551,57.8
1379.1853696023147,57.8
1386.3943903255179,57.8
1393.6410926982915,57.8
1400.9256736831292,57.8
1408.248331272053,57.8
1415.6092644919916,57.7
1423.0086734101894,57.7
1430.4467591396458,57.6
1437.9237238445805,57.6
1445.439770745928,57.6
1452.9951041268616,57.6
1460.589929338344,57.6
1468.224452804715,57.6
1475.898882029292,57.6
1483.6134256000173,57.5
1491.3682931951248,57.4
1499.1636955888393,57.4
1506.999844657106,57.4
1514.8769533833477,57.3
1522.7952358642551,57.3
1530.754907315605,57.3
1538.7561840781082,57.3
1546.799283623296,57.3
1554.8844245594228,57.3
1563.0118266374113,57.3
1571.181710756826,57.3
1579.3942989718767,57.3
1587.649814497453,57.3
1595.9484817151922,57.3
1604.2905261795772,57.3
1612.6761746240677,57.3
1621.1056549672617,57.3
1629.5791963190893,57.3
1638.097028987047,57.3
1646.6593844824454,57.3
1655.266495526711,57.3
1663.9185960577072,57.3
1672.6159212360947,57.3
1681.3587074517213,57.3
1690.1471923300487,57.3
1698.9816147386093,57.3
1707.8622147934998,57.3
1716.789233865905,57.3
1725.7629145886658,57.3
1734.7835008628629,57.3
1743.8512378644525,57.3
1752.9663720509295,57.3
1762.1291511680254,57.3
1771.3398242564415,57.2
1780.598641658619,57.1
1789.9058550255418,57.0
1799.2617173235774,57.0
1808.6664828413498,56.9
1818.1204071966588,56.9
1827.6237473434162,56.8
1837.1767615786375,56.7
1846.7797095494598,56.6
1856.4328522602,56.5
1866.1364520794475,56.4
1875.8907727471963,56.2
1885.6960793820124,56.1
1895.552638488241,56.0
1905.4607179632462,56.0
1915.4205871047022,55.9
1925.4325166178992,55.8
1935.4967786231095,55.7
1945.6136466629825,55.6
1955.783395709978,55.5
1966.006302173841,55.5
1976.282643909114,55.4
1986.6127002226892,55.3
1996.996751881399,55.2
2007.4350811196462,55.1
2017.927971647083,55.1
2028.4757086563097,55.0
2039.078578830634,55.0
2049.736870351861,55.0
2060.4508729081267,55.0
2071.22087770177,54.9
2082.0471774572497,54.9
2092.9300664290977,54.8
2103.8698404099196,54.8
2114.8667967384304,54.7
2125.9212343075446,54.6
2137.0334535724887,54.6
2148.2037565589744,54.5
2159.4324468714053,54.4
2170.71982970113,54.3
2182.0662118347364,54.2
2193.4719016623894,54.0
2204.937209186215,53.8
2216.4624460287228,53.7
2228.0479254412767,53.6
2239.6939623126154,53.4
2251.4008731773993,53.2
2263.168976224821,53.0
2274.9985913072546,52.9
2286.890039948944,52.8
2298.843645354747,52.7
2310.8597324189163,52.5
2322.9386277339318,52.4
2335.0806595993763,52.3
2347.2861580308577,52.3
2359.5554547689862,52.3
2371.8888832883777,52.2
2384.2867788067265,52.1
2396.7494782939148,51.9
2409.2773204811715,51.8
2421.8706458702773,51.6
2434.5297967428205,51.5
2447.2551171695004,51.4
2460.0469530194778,51.3
2472.905651969775,51.3
2485.8315635147337,51.2
2498.825038975499,51.1
2511.88643150958,51.1
2525.0160961204438,51.0
2538.2143896671673,51.0
2551.481670874133,50.9
2564.8183003407817,50.9
2578.224640551411,50.8
2591.7010558850307,50.7
2605.247912625263,50.7
2618.8655789702975,50.7
2632.5544250429093,50.7
2646.314822900502,50.7
2660.14714654523,50.6
2674.051771934164,50.5
2688.029076989506,50.3
2702.079441608862,50.2
2716.20324767557,50.1
2730.400879069075,50.1
2744.6727216753675,50.0
2759.0191633974646,50.0
2773.440594165967,49.9
2787.9374059496395,49.9
2802.509992766076,49.8
2817.1587506924047,49.7
2831.8840778760564,49.6
2846.686374545581,49.5
2861.5660430215316,49.3
2876.5234877273942,49.2
2891.5591152005823,49.0
2906.6733341034837,48.8
2921.8665552345788,48.8
2937.139191539587,48.8
2952.4916581227058,48.8
2967.9243722578863,48.8
2983.4377534001765,48.8
2999.0322231971227,48.8
3014.7082055002275,48.9
3030.466126376471,48.9
3046.306414119893,49.1
3062.229499263226,49.4
3078.2358145896155,49.5
3094.325795144359,49.5
3110.4998782467446,49.5
3126.7585035019356,49.5
3143.1021128129173,49.5
3159.5311503925072,49.5
3176.0460627754296,49.5
3192.6472988304513,49.5
3209.335309772584,49.5
3226.1105491753406,49.5
3242.973472983081,49.4
3259.924539523382,49.3
3276.9642095195077,49.2
3294.0929461029286,49.1
3311.311214825911,49.1
3328.6194836741684,49.0
3346.018223079582,48.9
3363.507905932988,48.8
3381.089007597027,48.8
3398.762005919066,48.7
3416.527381244194,48.7
3434.385616428264,48.7
3452.337196851022,48.6
3470.382610429304,48.4
3488.5223476302926,48.2
3506.7569014848486,48.0
3525.0867676009134,47.9
3543.512444176976,47.8
3562.034432015617,47.7
3580.6532345371147,47.5
3599.369357793143,47.3
3618.1833104805046,47.1
3637.095603954969,46.9
3656.1067522451726,46.7
3675.2172720665826,46.5
3694.4276828355482,46.3
3713.738506683413,46.1
3733.1502684707093,45.9
3752.6634958014215,45.7
3772.2787190373247,45.4
3791.9964713124127,45.0
3811.817288547367,44.7
3831.7417094641373,44.5
3851.7702756005806,44.4
3871.9035313251793,44.2
3892.1420238518376,43.9
3912.4863032547537,43.4
3932.936922483372,43.1
3953.4944373774106,42.9
3974.1594066819653,42.7
3994.9323920627126,42.6
4015.8139581211503,42.4
4036.8046724099613,42.2
4057.9051054484326,42.1
4079.115830737964,42.1
4100.437424777656,42.1
4121.870467079975,42.1
4143.41554018651,42.1
4165.0732296838005,42.1
4186.844124219257,42.1
4208.728815517151,42.1
4230.72789839472,42.0
4252.841970778305,41.9
4275.071633719623,41.9
4297.417491412092,41.9
4319.880151207261,42.0
4342.460223631314,42.1
4365.158322401661,42.2
4387.975064443623,42.2
4410.911069907196,42.3
4433.9669621839075,42.4
4457.1433679237725,42.5
4480.4409170523,42.6
4503.860242787635,42.6
4527.40198165776,42.6
4551.0667735177985,42.6
4574.855261567406,43.1
4598.768092368251,43.5
4622.80591586159,43.6
4646.969385385929,43.8
4671.25915769478,44.0
4695.675892974527,44.3
4720.220254862348,44.5
4744.892910464259,44.7
4769.694530373255,44.8
4794.625788687525,45.0
4819.68736302878,45.2
4844.87993456067,45.5
4870.204188007296,45.7
4895.660811671819,45.8
4921.250497455168,45.9
4946.973940874864,46.2
4972.8318410838865,46.6
4998.824900889706,46.8
5024.953826773381,46.9
5051.219328908747,47.0
5077.622121181736,47.1
5104.162921209768,47.2
5130.842450361258,47.3
5157.661433775227,47.5
5184.620600380999,47.6
5211.720682918039,47.7
5238.962417955835,47.8
5266.346545913939,47.9
5293.873811082085,48.2
5321.544961640422,48.4
5349.360749679845,48.5
5377.321931222439,48.6
5405.429266242027,48.6
5433.683518684824,48.7
5462.085456490198,48.7
5490.635851611563,48.7
5519.335480037329,48.7
5548.185121812011,48.7
5577.185561057427,48.8
5606.337585994012,48.9
5635.641988962242,49.0
5665.0995664441625,49.1
5694.7111190850455,49.2
5724.477451715144,49.4
5754.399373371566,49.7
5784.477697320285,49.8
5814.713241078208,49.9
5845.10682643542,49.9
5875.659279477514,49.9
5906.371430608045,49.9
5937.244114571097,49.9
5968.278170473975,49.9
5999.4744418100045,50.0
6030.833776481469,50.0
6062.357026822636,50.0
6094.045049622959,50.0
6125.898706150321,49.9
6157.918862174471,49.8
6190.106387990547,49.7
6222.462158442733,49.5
6254.987052948034,49.3
6287.681955520183,49.0
6320.547754793659,48.8
6353.585344047851,48.4
6386.795621231329,47.9
6420.179488986247,47.5
6453.7378546729,47.2
6487.471630394349,46.9
6521.381733021235,46.7
6555.469084216698,46.4
6589.734610461422,46.0
6624.179243078815,45.7
6658.80391826033,45.5
6693.609577090902,45.4
6728.597165574533,45.3
6763.767634659991,45.2
6799.1219402666875,45.2
6834.661043310619,45.2
6870.385909730507,45.6
6906.297510514049,46.0
6942.39682172431,46.1
6978.684824526248,46.2
7015.162505213385,46.5
7051.830855234612,46.9
7088.690871221135,47.2
7125.7435550135615,47.6
7162.989913689153,47.9
7200.430959589155,48.3
7238.067710346342,48.7
7275.901188912673,49.1
7313.932423587085,49.4
7352.162448043451,49.6
7390.59230135867,49.7
7429.22302804091,49.9
7468.055678057999,50.1
7507.091306865953,50.2
7546.330975437692,50.1
7585.775750291836,49.9
7625.426703521717,49.7
7665.284912824515,49.4
7705.351461530549,49.0
7745.627438632719,48.8
7786.113938816104,48.6
7826.81206248772,47.6
7867.722915806424,46.3
7908.847610712972,45.6
7950.187264960275,45.1
7991.743002143727,44.5
8033.515951731782,43.9
8075.507249096639,42.9
8117.718035545101,41.9
8160.149458349601,41.1
8202.80267077938,40.3
8245.67883213183,39.3
8288.77910776401,38.3
8332.104669124305,37.4
8375.656693784302,36.8
8419.436365470749,36.3
8463.444874097753,35.9
8507.683415799123,34.6
8552.153192960874,33.0
8596.855414253905,32.3
8641.791294666864,31.9
8686.962055539152,31.6
8732.36892459413,31.3
8778.01313597248,30.8
8823.895930265779,30.3
8870.018554550163,30.1
8916.382262420266,30.0
8962.988314023276,29.9
9009.83797609319,29.9
9056.932521985234,30.1
9104.273231710486,30.4
9151.861391970657,30.7
9199.698296193066,31.3
9247.785244565785,32.0
9296.12354407301,32.3
9344.714508530542,32.8
9393.559458621517,33.5
9442.659721932305,34.2
9492.016632988581,34.7
9541.631533291613,35.1
9591.505771354708,35.5
9641.64070273987,37.3
9692.037690094652,39.6
9742.698103189163,40.7
9793.623318953358,41.3
9844.814721514387,41.6
9896.27370223427,41.9
9948.001659747684,42.8
10000.0,43.7
10052.270136285486,43.9
10104.813489285681,44.0
10157.6314871081,43.9
10210.725565324987,43.8
10264.09716701231,43.7
10317.747742788988,43.6
10371.678750856474,43.3
10425.891657038128,42.8
10480.387934819217,42.3
10535.16906538697,40.8
10590.236537670813,39.2
10645.591848382772,38.8
10701.236502058211,38.2
10757.172011096769,37.3
10813.399895803414,36.4
10869.921684429703,35.5
10926.73891321545,34.6
10983.85312643042,33.7
11041.265876416248,32.8
11098.978723628681,32.0
11156.993236680037,31.3
11215.310992381786,30.6
11273.933575787378,30.2
11332.862580235347,30.0
11392.099607392682,28.9
11451.646267298307,27.7
11511.504178406769,27.4
11571.674967632372,27.1
11632.16027039332,26.9
11692.961730656129,26.7
11754.08100098034,25.9
11815.519742563505,25.0
11877.27962528627,24.5
11939.362327757724,24.3
12001.76953736107,23.9
12064.50295029953,23.2
12127.56427164241,22.5
12190.95521537136,21.0
12254.677504427105,19.7
12318.732870756214,19.5
12383.123055358106,19.1
12447.849808332432,18.5
12512.914888926687,18.0
12578.320065583976,17.7
12644.067115991029,17.4
12710.157827126544,17.1
12776.593995309939,16.5
12843.377426249857,16.1
12910.50993509343,15.8
12977.99334647565,15.4
13045.829494568892,15.0
13114.020223132724,14.8
13182.567385564074,14.0
13251.472844947652,13.5
13320.738474106534,13.7
13390.366155652993,13.8
13460.35778203982,13.8
13530.715255611682,13.9
13601.440488656775,14.3
13672.535403458849,14.9
13744.001932349513,15.2
13815.842017760702,15.5
13888.057612277411,16.5
13960.650678690825,17.5
14033.62319005172,17.7
14106.977129724035,17.9
14180.714491438697,18.0
14254.837279347976,17.9
14329.347508079869,17.8
14404.247202792812,17.7
14479.538399230763,17.6
14555.223143778607,17.5
14631.303493517702,17.3
14707.78151628175,17.0
14784.65929071304,16.1
14861.938906319014,15.2
14939.622463529,14.9
15017.712073751207,15.0
15096.209859430292,15.2
15175.117954104964,15.3
15254.438502465904,15.4
15334.173660414117,15.4
15414.325595119602,15.4
15494.896485080177,15.4
15575.88852018064,15.3
15657.303901752315,15.0
15739.1448426331,14.7
15821.413567227246,14.5
15904.112311566014,13.4
15987.243323368504,12.5
16070.808862102673,12.8
16154.811199046684,13.2
16239.252617350698,13.3
16324.135412099,13.4
16409.461890372313,13.5
16495.23437131044,13.4
16581.455186175313,13.3
16668.12667841462,13.2
16755.251203725067,13.1
