10.0,52.6
10.052270136285475,52.6
10.104813489285682,52.6
10.157631487108103,52.6
10.210725565324982,52.7
10.264097167012295,52.8
10.317747742789004,52.8
10.371678750856479,52.8
10.425891657038118,52.8
10.480387934819216,52.8
10.535169065386981,52.8
10.590236537670812,52.8
10.64559184838276,52.8
10.701236502058206,52.8
10.757172011096776,52.8
10.813399895803409,52.8
10.869921684429707,52.8
10.926738913215466,52.9
10.98385312643042,52.9
11.041265876416237,52.9
11.098978723628681,52.9
11.156993236680048,52.9
11.215310992381788,52.9
11.27393357578736,52.9
11.332862580235341,52.9
11.392099607392687,52.9
11.451646267298301,53.0
11.511504178406776,53.1
11.571674967632385,53.1
11.632160270393321,53.1
11.692961730656117,53.1
11.75408100098034,53.1
11.815519742563518,53.1
11.87727962528627,53.1
11.939362327757706,53.1
12.001769537361062,53.1
12.064502950299536,53.1
12.127564271642404,53.1
12.190955215371359,53.2
12.254677504427118,53.3
12.318732870756214,53.3
12.383123055358094,53.3
12.447849808332432,53.3
12.5129148889267,53.3
12.578320065583968,53.3
12.644067115991009,53.3
12.710157827126565,53.3
12.776593995309947,53.3
12.843377426249843,53.3
12.910509935093431,53.3
12.977993346475664,53.3
13.045829494568892,53.3
13.11402022313271,53.5
13.182567385564074,53.6
13.251472844947658,53.6
13.320738474106527,53.6
13.390366155653,53.6
13.460357782039841,53.6
13.530715255611682,53.6
13.601440488656761,53.6
13.672535403458848,53.6
13.744001932349526,53.6
13.815842017760701,53.6
13.888057612277397,53.6
13.960650678690818,53.6
14.033623190051728,53.6
14.10697712972403,53.6
14.180714491438705,53.7
14.25483727934799,53.8
14.32934750807987,53.8
14.404247202792797,53.8
14.479538399230764,53.8
14.55522314377862,53.8
14.631303493517702,53.8
14.707781516281727,53.8
14.784659290713032,53.8
14.861938906319022,53.8
14.939622463528993,53.8
15.017712073751214,53.8
15.096209859430308,53.8
15.175117954104964,53.8
15.254438502465888,53.8
15.334173660414118,53.9
15.414325595119617,54.0
15.494896485080169,54.0
15.575888520180618,54.0
15.65730390175234,54.0
15.73914484263311,54.0
15.821413567227237,54.0
15.904112311566013,54.0
15.98724332336852,54.0
16.070808862102673,54.0
16.154811199046666,54.0
16.239252617350697,54.0
16.324135412099007,54.0
16.409461890372306,54.0
16.495234371310413,54.0
16.58145518617534,54.0
16.668126678414627,54.0
16.755251203725052,54.0
16.84283113011666,54.0
16.930868837977105,54.1
17.01936672013636,54.1
17.108327181931763,54.1
17.197752641273365,54.1
17.28764552870969,54.1
17.378008287493753,54.1
17.4688433736495,54.1
17.560153256038525,54.1
17.651940416427212,54.1
17.744207349554188,54.1
17.836956563198083,54.1
17.93019057824573,54.1
18.023911928760675,54.1
18.118123162052047,54.1
18.21282683874379,54.1
18.30802553284428,54.1
18.403721831816252,54.1
18.499918336647156,54.1
18.59661766191982,54.1
18.69382243588356,54.1
18.791535300525574,54.1
18.889758911642755,54.1
18.98849593891389,54.2
19.08774906597221,54.3
19.187520990478333,54.3
19.287814424193606,54.3
19.388632093053765,54.3
19.48997673724305,54.3
19.591851111268685,54.3
19.69425798403576,54.3
19.79720013892245,54.3
19.90068037385568,54.3
20.004701501387192,54.3
20.109266348769967,54.3
20.214377758035074,54.3
20.320038586068932,54.3
20.426251704690927,54.3
20.533020000731486,54.3
20.64034637611054,54.3
20.748233747916412,54.3
20.856685048485062,54.3
20.965703225479817,54.3
21.075291241971485,54.3
21.185452076518878,54.3
21.296188723249774,54.4
21.407504191942323,54.5
21.519401508106792,54.5
21.631883713067854,54.5
21.744953864047204,54.5
21.858615034246718,54.5
21.972870312931903,54.5
22.087722805515906,54.5
22.203175633643916,54.5
22.319231935278008,54.5
22.435894864782412,54.5
22.553167593009288,54.5
22.671053307384867,54.5
22.789555211996095,54.5
22.908676527677724,54.5
23.028420492099883,54.5
23.148790359856015,54.5
23.26978940255137,54.5
23.391420908891938,54.5
23.51368818477381,54.5
23.63659455337303,54.5
23.760143355235964,54.5
23.884337948370025,54.5
24.009181708334992,54.5
24.134678028334722,54.5
24.260830319309434,54.5
24.387642010028344,54.5
24.515116547182902,54.5
24.64325739548046,54.5
24.772068037738443,54.6
24.901551974979007,54.7
25.031712726524198,54.7
25.162553830091625,54.7
25.294078841890578,54.7
25.426291336718684,54.7
25.559194908059133,54.7
25.692793168178262,54.7
25.827089748223784,54.7
25.96208829832347,54.7
26.097792487684362,54.7
26.234206004692496,54.7
26.371332557013133,54.7
26.5091758716916,54.7
26.647739695254497,54.7
26.787027793811582,54.7
26.9270439531581,54.7
27.06779197887776,54.7
27.209275696446046,54.7
27.351498951334275,54.7
27.494465609114105,54.7
27.638179555562576,54.7
27.782644696767733,54.7
27.92786495923483,54.7
28.07384428999299,54.7
28.220586656702505,54.7
28.368096047762684,54.7
28.516376472420284,54.7
28.66543196087842,54.7
28.815266564406134,54.7
28.965884355448516,54.7
29.11728942773738,54.7
29.26948589640251,54.7
29.42247789808359,54.7
29.57626959104251,54.7
29.730865155276486,54.7
29.88626879263161,54.7
30.04248472691713,54.7
30.19951720402016,54.7
30.357370492021133,54.7
30.516048881309793,54.8
30.675556684701824,54.9
30.835898237556027,55.0
30.99707789789224,55.0
31.15910004650967,55.0
31.321969087106055,55.0
31.485689446397288,55.0
31.650265574237824,55.0
31.815701943741516,55.0
31.98200305140326,55.0
32.14917341722119,55.0
32.31721758481955,55.0
32.486140121572134,55.0
32.655945618726484,55.0
32.82663869152868,55.0
32.99822397934869,55.0
33.170706145806605,55.0
33.34408987889928,55.0
33.51837989112781,55.0
33.69358091962557,55.0
33.86969772628702,55.0
34.04673509789711,55.0
34.224697846261364,55.0
34.40359080833668,55.0
34.58341884636283,55.0
34.764186847994516,55.0
34.94589972643436,55.0
35.12856242056629,55.0
35.312179895089876,55.0
35.496757140655234,55.0
35.68229917399868,55.0
35.86881103807908,55.0
36.05629780221492,55.0
36.24476456222205,55.0
36.434216440552284,55.0
36.6246585864325,55.0
36.81609617600466,55.0
37.00853441246656,55.0
37.2019785262131,55.0
37.39643377497855,55.0
37.591905443979435,55.0
37.788398846058186,55.0
37.985919321827524,55.0
38.184472239815605,55.0
38.384062996612016,55.0
38.584697017014335,55.0
38.786379754175634,55.0
38.98911668975273,55.0
39.1929133340551,55.0
39.39777522619469,55.0
39.60370793423646,55.0
39.810717055349734,55.0
40.0188082159603,55.0
40.227987071903335,55.0
40.43825930857721,55.1
40.64963064109788,55.2
40.8621068144543,55.2
41.075693603664625,55.2
41.29039681393302,55.2
41.506222280807584,55.2
41.72317587033889,55.2
41.94126347923944,55.2
42.16049103504393,55.2
42.38086449627034,55.2
42.60238985258197,55.2
42.825073124950116,55.2
43.04892036581776,55.2
43.27393765926414,55.2
43.500131121170035,55.2
43.727506899384,55.2
43.956071173889484,55.2
44.18583015697281,55.2
44.416790093392,55.2
44.648957260546474,55.2
44.88233796864779,55.2
45.116938560890986,55.2
45.35276541362708,55.2
45.58982493653644,55.2
45.82812357280281,55.2
46.067667799288614,55.2
46.308464126710895,55.2
46.55051909981832,55.2
46.793839297569036,55.2
47.03843133330949,55.2
47.28430185495417,55.2
47.531457545166376,55.2
47.77990512153967,55.2
48.02965133678067,55.2
48.28070297889241,55.2
48.53306687135893,55.2
48.78674987333074,55.2
49.041758879811184,55.2
49.298100821843896,55.2
49.55578266670119,55.2
49.81481141807335,55.2
50.07519411625915,55.2
50.336937838356974,55.2
50.60004969845742,55.2
50.86453684783644,55.2
51.13040647514984,55.2
51.39766580662862,55.2
51.66632210627541,55.2
51.93638267606184,55.2
52.20785485612707,55.2
52.48074602497726,55.2
52.75506359968615,55.2
53.030815036096584,55.2
53.308007829023246,55.2
53.58664951245627,55.2
53.866747659766084,55.2
54.148309883909214,55.2
54.431343837635225,55.2
54.7158572136947,55.2
55.00185774504835,55.2
55.28935320507712,55.2
55.57835140779364,55.2
55.86886020805435,55.2
56.160887501773274,55.2
56.45444122613637,55.2
56.74952935981742,55.2
57.04615992319485,55.2
57.34434097856969,55.2
57.64408063038476,55.2
57.94538702544487,55.2
58.24826835313831,55.2
58.552732845659456,55.2
58.85878877823242,55.2
59.166444469336014,55.2
59.475708280929936,55.2
59.786588618681876,55.2
60.0990939321961,55.2
60.41323271524305,55.2
60.72901350599024,55.2
61.046444887234294,55.2
61.365535486634215,55.2
61.686293976945976,55.2
62.008729076258064,55.2
62.332849548228545,55.2
62.658664202323344,55.2
62.98618189405547,55.2
63.315411525225876,55.2
63.64636204416533,55.2
63.979042445977655,55.2
64.31346177278421,55.2
64.64962911396958,55.2
64.98755360642885,55.2
65.32724443481563,55.2
65.66871083179183,55.2
66.01196207827876,55.2
66.35700750370908,55.2
66.7038564862806,55.2
67.05251845321108,55.2
67.40300288099445,55.2
67.75531929565844,55.2
68.1094772730234,55.2
68.46548643896274,55.2
68.82335646966433,55.2
69.18309709189363,55.2
69.54471808325809,55.2
69.90822927247277,55.2
70.27364053962762,55.2
70.6409618164559,55.2
71.01020308660422,55.2
71.38137438590384,55.2
71.75448580264342,55.2
72.12954747784322,55.2
72.50656960553087,55.2
72.88556243301818,55.2
73.26653626117992,55.2
73.64950144473359,55.2
74.03446839252094,55.2
74.42144756779092,55.2
74.810449488484,55.2
75.20148472751808,55.2
75.59456391307583,55.2
75.98969772889355,55.2
76.38689691455168,55.2
76.78617226576647,55.2
77.18753463468363,55.2
77.59099493017311,55.2
77.99656411812569,55.2
78.404253221751,55.2
78.8140733218772,55.2
79.226035557252,55.2
79.64015112484554,55.2
80.05643128015467,55.2
80.47488733750892,55.2
80.89553067037787,55.2
81.31837271168051,55.2
81.74342495409579,55.2
82.170698950375,55.2
82.60020631365589,55.2
83.03195871777821,55.2
83.46596789760103,55.2
83.90224564932171,55.2
84.34080383079642,55.2
84.78165436186265,55.2
85.22480922466286,55.2
85.67028046397054,55.2
86.11808018751721,55.2
86.56822056632171,55.2
87.020713835021,55.2
87.47557229220259,55.2
87.93280830073893,55.2
88.39243428812335,55.2
88.85446274680783,55.2
89.31890623454267,55.2
89.78577737471758,55.2
90.25508885670492,55.2
90.72685343620469,55.2
91.20108393559097,55.2
91.67779324426061,55.2
92.15699431898352,55.2
92.63870018425483,55.2
93.12292393264887,55.2
93.60967872517497,55.2
94.09897779163542,55.2
94.5908344309847,55.2
95.0852620116911,55.2
95.58227397210023,55.2
96.08188382079996,55.2
96.5841051369878,55.2
97.08895157083991,55.2
97.59643684388209,55.2
98.10657474936274,55.2
98.61937915262773,55.2
99.13486399149741,55.2
99.65304327664518,55.1
100.17393109197839,55.0
100.69754159502135,55.0
101.22388901729977,55.0
101.75298766472777,55.0
102.28485191799675,55.0
102.81949623296607,55.0
103.35693514105618,55.0
103.89718324964329,55.0
104.44025524245698,55.0
104.98616587997819,55.0
105.53492999984189,55.0
106.08656251723878,55.0
106.64107842532215,55.0
107.19849279561431,55.0
107.75882077841675,55.0
108.32207760322176,55.0
108.88827857912626,55.0
109.45743909524856,55.0
110.02957462114523,55.0
110.60470070723336,55.0
111.18283298521138,55.0
111.76398716848561,55.0
112.3481790525961,55.0
112.93542451564652,55.0
113.5257395187356,55.0
114.11914010639099,55.0
114.71564240700522,55.0
115.3152626332741,55.0
115.91801708263789,55.0
116.52392213772293,55.0
117.13299426678874,55.0
117.74525002417371,55.0
118.36070605074681,55.0
118.97937907435858,55.0
119.60128591029638,55.0
120.22644346174131,55.0
120.85486872022751,55.0
121.4865787661046,55.0
122.12159076900052,55.0
122.75992198829012,55.0
123.40158977356222,55.0
124.04661156509306,55.0
124.69500489431896,55.0
125.34678738431336,55.0
126.00197675026583,55.0
126.6605907999634,55.0
127.3226474342747,55.0
127.98816464763628,55.0
128.6571605285424,55.0
129.32965326003517,54.9
130.00566112020084,54.8
130.68520248266435,54.7
131.36829581709074,54.7
132.05495968968575,54.7
132.74521276370103,54.7
133.43907379994133,54.7
134.1365616572744,54.7
134.83769529314347,54.7
135.54249376408254,54.7
136.25097622623485,54.7
136.96316193587217,54.7
137.67907024992007,54.7
138.39872062648203,54.7
139.1221326253702,54.7
139.84932590863562,54.7
140.58032024110324,54.7
141.31513549090906,54.7
142.05379163003997,54.7
142.7963087348772,54.7
143.5427069867405,54.7
144.29300667243896,54.7
145.04722818481977,54.7
145.80539202332486,54.7
146.56751879454652,54.7
147.333629212788,54.7
148.1037441006266,54.7
148.87788438947953,54.7
149.65607112017267,54.7
150.43832544351253,54.7
151.2246686208618,54.7
152.01512202471548,54.6
152.80970713928414,54.6
153.6084455610754,54.5
154.41135899948313,54.5
155.218469277376,54.5
156.02979833169113,54.5
156.8453682140304,54.5
157.66520109125955,54.5
158.48931924611142,54.5
159.3177450777899,54.5
160.15050110258113,54.5
160.9876099544629,54.5
161.82909438572216,54.5
162.67497726757185,54.5
163.52528159077312,54.5
164.38003046626017,54.5
165.23924712576837,54.5
166.1029549224657,54.5
166.97117733158728,54.5
167.8439379510743,54.5
168.72126050221348,54.5
169.60316883028446,54.5
170.48968690520502,54.5
171.38083882218535,54.5
172.27664880238083,54.5
173.17714119355136,54.4
174.08234047072295,54.3
174.99227123685273,54.3
175.9069582234984,54.3
176.82642629148881,54.3
177.75070043160196,54.3
178.67980576524164,54.3
179.61376754512278,54.3
180.55261115595593,54.3
181.49636211513797,54.3
182.44504607344558,54.3
183.39868881573247,54.3
184.35731626163007,54.3
185.3209544662519,54.3
186.28962962090262,54.3
187.26336805378796,54.3
188.24219623073301,54.3
189.2261407558986,54.3
190.21522837250714,54.3
191.20948596356752,54.3
192.20894055260666,54.3
193.21361930440384,54.3
194.22354952572874,54.2
195.2387586660848,54.1
196.25927431845295,54.1
197.28512422004457,54.1
198.31633625305224,54.1
199.35293844541056,54.1
200.39495897155572,54.1
201.4424261531923,54.1
202.4953684600627,54.1
203.55381451072122,54.1
204.6177930733116,54.1
205.6873330663489,54.1
206.76246355950653,54.1
207.84321377440395,54.0
208.92961308540407,54.0
210.02169102040844,54.0
211.11947726166272,54.0
212.22300164656127,54.0
213.33229416845913,54.0
214.447384977487,54.0
215.5683043813707,54.0
216.69508284625502,54.0
217.8277509975314,54.0
218.9663396206716,54.0
220.1108796620618,54.0
221.26140222984722,54.0
222.41793859477394,54.0
223.5805201910423,54.0
224.74917861715863,53.9
225.9239456367954,53.8
227.10485317965416,53.8
228.29193334233327,53.8
229.48521838920135,53.8
230.68474075327168,53.8
231.89053303708724,53.8
233.102628013603,53.8
234.32105862708036,53.8
235.5458579939798,53.8
236.77705940386227,53.8
238.0146963202937,53.8
239.25880238175446,53.8
240.50941140255387,53.7
241.76655737374873,53.7
243.03027446406858,53.6
244.30059702084168,53.6
245.57755957093218,53.6
246.86119682167464,53.6
248.1515436618211,53.6
249.44863516248657,53.6
250.75250657810346,53.6
252.0631933473797,53.6
253.3807310942614,53.6
254.7051556289027,53.6
256.03650294863604,53.5
257.3748092389545,53.4
258.72011087449107,53.3
260.0724444200114,53.3
261.4318466314045,53.3
262.79835445668317,53.3
264.17200503698814,53.3
265.5528357075972,53.3
266.94088399894025,53.3
268.336187637619,53.3
269.7387845474336,53.2
271.1487128504106,53.1
272.56601086784315,53.1
273.9907171213279,53.1
275.4228703338166,53.1
276.86250943066517,53.1
278.30967354069315,53.1
279.764401997247,53.1
281.2267343392687,53.1
282.6967103123723,53.1
284.1743698699204,53.1
285.65975317411466,53.1
287.152900597083,53.1
288.6538527219809,53.1
290.16265034409145,53.1
291.67933447193553,53.0
293.203946328386,52.9
294.7365273517884,52.9
296.27711919708696,52.9
297.8257637369567,52.9
299.38250306294265,52.9
300.947379486601,52.8
302.52043554065347,52.8
304.1017139801383,52.8
305.69125778357716,52.8
307.2891101541398,52.8
308.8953145208197,52.8
310.5099145396145,52.8
312.1329540947119,52.7
313.76447729968413,52.6
315.40452849868336,52.6
317.0531522676519,52.6
318.71039341552853,52.6
320.3762969854716,52.6
322.05090825607795,52.6
323.7342727426186,52.6
325.4264361982722,52.6
327.1274446153702,52.6
328.83734422664674,52.6
330.55618150649445,52.5
332.28400317222986,52.4
334.02085618535915,52.4
335.76678775285944,52.4
337.52184532845695,52.4
339.28607661392135,52.4
341.0595295603587,52.4
342.84225236951676,52.3
344.63429349509414,52.2
346.4357016440579,52.1
348.24652577796684,52.1
350.06681511430224,52.1
351.8966191278073,52.1
353.7359875518278,52.0
355.5849703796693,52.0
357.44361786595016,51.9
359.3119805279728,51.9
361.1901091470929,51.9
363.0780547701014,51.9
364.9758687106112,51.9
366.8836025504522,51.9
368.80130814107446,51.9
370.72903760495365,51.9
372.66684333701346,51.9
374.6147780060434,51.9
376.57289455613636,51.9
378.54124620812286,51.9
380.5198864610201,51.9
382.50886909348526,51.9
384.5082481652772,51.9
386.51807801872604,51.9
388.53841328020957,51.9
390.56930886163985,51.9
392.6108199619517,51.9
394.6630020686084,51.9
396.7259109591041,51.8
398.7996027024853,51.8
400.8841336608706,51.7
402.9795604909844,51.7
405.0859401456969,51.7
407.20332987557106,51.7
409.331787230421,51.7
411.4713700608718,51.7
413.6221365199375,51.7
415.78414506459575,51.6
417.95745445738237,51.6
420.1421237679842,51.6
422.33821237484636,51.6
424.5457799667861,51.6
426.76488654461485,51.6
428.9955924227691,51.6
431.23795823094935,51.6
433.49204491576995,51.6
435.7579137424112,51.6
438.0356262962907,51.5
440.3252444847303,51.4
442.62683053864555,51.4
444.9404470142319,51.4
447.2661567946673,51.4
449.60402309182115,51.4
451.9541094479714,51.3
454.3164797375345,51.2
456.6911981687959,51.2
459.0783292856624,51.2
461.4779379694089,51.2
463.89008944044906,51.2
466.31484926010245,51.2
468.7522833323791,51.1
471.20245790577025,51.0
473.6654395750488,50.9
476.14129528307956,50.9
478.630092322638,50.9
481.1318983382419,50.9
483.6467813279844,50.9
486.1748096453894,50.9
488.7160520012619,50.9
491.27057746556244,50.9
493.8384554692794,50.9
496.4197558063182,50.8
499.01454863539806,50.7
501.6229044819588,50.7
504.24489424007766,50.7
506.88058917439554,50.7
509.53006092205686,50.7
512.1933814946506,50.7
514.8706232801756,50.7
517.5618590449992,50.7
520.2671619358439,50.7
522.9866054817683,50.6
525.7202635961694,50.5
528.4682105787901,50.5
531.230521117739,50.5
534.0072702915224,50.5
536.7985335710792,50.5
539.6043868218401,50.5
542.4249063057814,50.5
545.2601686835053,50.5
548.1102510163182,50.5
550.9752307683272,50.5
553.8551858085453,50.5
556.7501944130083,50.5
559.6603352669016,50.5
562.5856874666987,50.5
565.5263305223134,50.5
568.4823443592555,50.5
571.4538093208106,50.5
574.4408061702153,50.5
577.4434160928608,50.5
580.4617206984933,50.5
583.4958020234345,50.5
586.5457425328113,50.5
589.6116251227962,50.4
592.6935331228639,50.4
595.7915502980484,50.4
598.9057608512304,50.4
602.0362494254149,50.4
605.1831011060411,50.5
608.3464014232891,50.5
611.5262363544065,50.5
614.7226923260454,50.5
617.9358562166111,50.5
621.1658153586235,50.5
624.4126575410903,50.5
627.6764710118958,50.5
630.957344480193,50.5
634.2553671188238,50.5
637.5706285667327,50.5
640.9032189314127,50.5
644.2532287913472,50.5
647.6207491984753,50.5
651.0058716806659,50.5
654.4086882442045,50.5
657.8292913762976,50.5
661.2677740475787,50.6
664.7242297146454,50.7
668.1987523225889,50.7
671.6914363075575,50.7
675.2023765993158,50.7
678.7316686238282,50.7
682.2794083058518,50.7
685.8456920715438,50.7
689.4306168510824,50.7
693.0342800813003,50.7
696.6567797083366,50.8
700.2982141902914,50.9
703.9586824999124,50.9
707.6382841272731,50.9
711.3371190824884,50.9
715.0552878984242,50.9
718.7928916334344,51.1
722.5500318741055,51.2
726.3268107380181,51.2
730.123330876526,51.2
733.9396954775374,51.2
737.7760082683312,51.2
741.6323735183645,51.2
745.508896042117,51.2
749.4056812019327,51.2
753.3228349108862,51.3
757.2604636356614,51.4
761.2186743994453,51.4
765.1975747848361,51.4
769.1972729367671,51.4
773.2178775654501,51.4
777.2594979493206,51.4
781.3222439380205,51.4
785.406225955371,51.4
789.5115550023859,51.5
793.6383426602791,51.6
797.7867010935024,51.6
801.9567430527921,51.6
806.1485818782347,51.6
810.3623315023465,51.6
814.59810645317,51.6
818.8560218573906,51.6
823.1361934434566,51.6
827.4387375447371,51.7
831.7637711026708,51.7
836.1114116699566,51.7
840.4817774137397,51.7
844.8749871188272,51.7
849.2911601909162,51.7
853.7304166598383,51.7
858.1928771828257,51.7
862.6786630477819,51.7
867.1878961765907,51.7
871.7206991284164,51.7
876.2771951030477,51.7
880.8575079442367,51.7
885.4617621430697,51.7
890.0900828413493,51.7
894.742595834996,51.7
899.4194275774676,51.7
904.1207051831946,51.7
908.8465564310401,51.7
913.5971097677627,51.7
918.3724943115215,51.6
923.1728398553701,51.6
927.998276870799,51.6
932.8489365112713,51.6
937.7249506157918,51.6
942.6264517124897,51.6
947.5535730222193,51.6
952.5064484621864,51.6
957.4852126495767,51.5
962.4900009052299,51.5
967.5209492573013,51.4
972.5781944449744,51.3
977.6618739221665,51.3
982.772125861269,51.2
987.9090891569025,51.2
993.0729034296917,51.1
998.26370903006,51.1
1003.4816470420445,51.0
1008.7268592871307,51.0
1013.9994883281055,50.9
1019.2996774729368,50.8
1024.627570778662,50.7
1029.9833130553077,50.6
1035.3670498698243,50.6
1040.778927550043,50.5
1046.219093188652,50.5
1051.687694647196,50.4
1057.1848805600926,50.3
1062.7108003386745,50.3
1068.2656041752484,50.2
1073.849443047181,50.2
1079.4624687209969,50.2
1085.104833756507,50.2
1090.7766915109553,50.1
1096.4781961431852,50.1
1102.2095026178308,50.0
1107.9707667095288,49.9
1113.7621450071517,49.8
1119.5837949180645,49.7
1125.4358746724013,49.6
1131.3185433273702,49.6
1137.231960771571,49.5
1143.1762877293438,49.4
1149.1516857651375,49.3
1155.1583172879002,49.3
1161.1963455554942,49.3
1167.2659346791324,49.3
1173.3672496278396,49.3
1179.5004562329357,49.2
1185.6657211925422,49.1
1191.8632120761172,49.1
1198.0930973290035,49.1
1204.355546277011,49.1
1210.650729131018,49.1
1216.9788169915967,49.1
1223.3399818536654,49.1
1229.7343966111616,49.1
1236.162235061742,49.1
1242.6236719115057,49.1
1249.1188827797416,49.1
1255.6480442037073,49.1
1262.2113336434193,49.1
1268.8089294864806,49.1
1275.4410110529293,49.1
1282.1077586001115,49.1
1288.8093533275808,49.1
1295.5459773820237,49.1
1302.3178138622095,49.1
1309.1250468239675,49.1
1315.967861285188,49.1
1322.8464432308563,49.1
1329.7609796180998,49.1
1336.7116583812742,49.1
1343.6986684370715,49.1
1350.7221996896535,49.1
1357.782443035813,49.1
1364.879590370164,49.1
1372.0138345903551,49.1
1379.1853696023147,49.1
1386.3943903255179,49.1
1393.6410926982915,49.1
1400.9256736831292,49.1
1408.248331272053,49.1
1415.6092644919916,49.1
1423.0086734101894,49.0
1430.4467591396458,49.0
1437.9237238445805,49.0
1445.439770745928,49.0
1452.9951041268616,49.0
1460.589929338344,49.0
1468.224452804715,49.0
1475.898882029292,49.0
1483.6134256000173,48.9
1491.3682931951248,48.8
1499.1636955888393,48.8
1506.999844657106,48.8
1514.8769533833477,48.8
1522.7952358642551,48.8
1530.754907315605,48.7
1538.7561840781082,48.6
1546.799283623296,48.6
1554.8844245594228,48.6
1563.0118266374113,48.6
1571.181710756826,48.6
1579.3942989718767,48.6
1587.649814497453,48.6
1595.9484817151922,48.6
1604.2905261795772,48.6
1612.6761746240677,48.6
1621.1056549672617,48.6
1629.5791963190893,48.6
1638.097028987047,48.6
1646.6593844824454,48.6
1655.266495526711,48.6
1663.9185960577072,48.6
1672.6159212360947,48.6
1681.3587074517213,48.6
1690.1471923300487,48.6
1698.9816147386093,48.6
1707.8622147934998,48.6
1716.789233865905,48.6
1725.7629145886658,48.6
1734.7835008628629,48.6
1743.8512378644525,48.6
1752.9663720509295,48.6
1762.1291511680254,48.6
1771.3398242564415,48.5
1780.598641658619,48.4
1789.9058550255418,48.2
1799.2617173235774,48.2
1808.6664828413498,48.1
1818.1204071966588,48.1
1827.6237473434162,48.0
1837.1767615786375,47.9
1846.7797095494598,47.8
1856.4328522602,47.8
1866.1364520794475,47.7
1875.8907727471963,47.7
1885.6960793820124,47.6
1895.552638488241,47.5
1905.4607179632462,47.5
1915.4205871047022,47.4
1925.4325166178992,47.3
1935.4967786231095,47.1
1945.6136466629825,46.9
1955.783395709978,46.8
1966.006302173841,46.7
1976.282643909114,46.7
1986.6127002226892,46.6
1996.996751881399,46.6
2007.4350811196462,46.6
2017.927971647083,46.6
2028.4757086563097,46.6
2039.078578830634,46.6
2049.736870351861,46.6
2060.4508729081267,46.5
2071.22087770177,46.5
2082.0471774572497,46.4
2092.9300664290977,46.3
2103.8698404099196,46.3
2114.8667967384304,46.2
2125.9212343075446,46.1
2137.0334535724887,46.0
2148.2037565589744,45.9
2159.4324468714053,45.8
2170.71982970113,45.8
2182.0662118347364,45.7
2193.4719016623894,45.6
2204.937209186215,45.5
2216.4624460287228,45.4
2228.0479254412767,45.3
2239.6939623126154,45.1
2251.4008731773993,44.9
2263.168976224821,44.7
2274.9985913072546,44.6
2286.890039948944,44.5
2298.843645354747,44.4
2310.8597324189163,44.2
2322.9386277339318,44.0
2335.0806595993763,43.9
2347.2861580308577,43.9
2359.5554547689862,43.8
2371.8888832883777,43.7
2384.2867788067265,43.6
2396.7494782939148,43.5
2409.2773204811715,43.4
2421.8706458702773,43.3
2434.5297967428205,43.2
2447.2551171695004,43.1
2460.0469530194778,43.0
2472.905651969775,42.9
2485.8315635147337,42.8
2498.825038975499,42.7
2511.88643150958,42.6
2525.0160961204438,42.5
2538.2143896671673,42.5
2551.481670874133,42.4
2564.8183003407817,42.4
2578.224640551411,42.3
2591.7010558850307,42.2
2605.247912625263,42.0
2618.8655789702975,42.0
2632.5544250429093,41.9
2646.314822900502,41.9
2660.14714654523,41.8
2674.051771934164,41.8
2688.029076989506,41.7
2702.079441608862,41.6
2716.20324767557,41.5
2730.400879069075,41.5
2744.6727216753675,41.4
2759.0191633974646,41.3
2773.440594165967,41.3
2787.9374059496395,41.2
2802.509992766076,41.1
2817.1587506924047,41.0
2831.8840778760564,40.9
2846.686374545581,40.7
2861.5660430215316,40.5
2876.5234877273942,40.4
2891.5591152005823,40.3
2906.6733341034837,40.2
2921.8665552345788,40.1
2937.139191539587,40.0
2952.4916581227058,40.0
2967.9243722578863,40.1
2983.4377534001765,40.2
2999.0322231971227,40.3
3014.7082055002275,40.3
3030.466126376471,40.4
3046.306414119893,40.5
3062.229499263226,40.5
3078.2358145896155,40.6
3094.325795144359,40.7
3110.4998782467446,40.8
3126.7585035019356,40.9
3143.1021128129173,41.0
3159.5311503925072,41.1
3176.0460627754296,41.2
3192.6472988304513,41.2
3209.335309772584,41.2
3226.1105491753406,41.3
3242.973472983081,41.4
3259.924539523382,41.4
3276.9642095195077,41.4
3294.0929461029286,41.4
3311.311214825911,41.5
3328.6194836741684,41.6
3346.018223079582,41.6
3363.507905932988,41.6
3381.089007597027,41.6
3398.762005919066,41.6
3416.527381244194,41.6
3434.385616428264,41.7
3452.337196851022,41.7
3470.382610429304,41.7
3488.5223476302926,41.7
3506.7569014848486,41.7
3525.0867676009134,41.7
3543.512444176976,41.7
3562.034432015617,41.7
3580.6532345371147,41.7
3599.369357793143,41.7
3618.1833104805046,41.7
3637.095603954969,41.7
3656.1067522451726,41.7
3675.2172720665826,41.7
3694.4276828355482,41.8
3713.738506683413,41.8
3733.1502684707093,41.9
3752.6634958014215,41.9
3772.2787190373247,41.9
3791.9964713124127,41.9
3811.817288547367,41.9
3831.7417094641373,41.9
3851.7702756005806,41.9
3871.9035313251793,41.9
3892.1420238518376,41.9
3912.4863032547537,42.0
3932.936922483372,42.0
3953.4944373774106,42.1
3974.1594066819653,42.2
3994.9323920627126,42.3
4015.8139581211503,42.4
4036.8046724099613,42.5
4057.9051054484326,42.6
4079.115830737964,42.7
4100.437424777656,42.8
4121.870467079975,42.8
4143.41554018651,42.7
4165.0732296838005,42.7
4186.844124219257,42.6
4208.728815517151,42.5
4230.72789839472,42.5
4252.841970778305,42.4
4275.071633719623,42.3
4297.417491412092,42.2
4319.880151207261,42.1
4342.460223631314,41.9
4365.158322401661,41.7
4387.975064443623,41.7
4410.911069907196,41.6
4433.9669621839075,41.6
4457.1433679237725,41.6
4480.4409170523,41.5
4503.860242787635,41.3
4527.40198165776,41.1
4551.0667735177985,41.0
4574.855261567406,41.0
4598.768092368251,40.9
4622.80591586159,40.8
4646.969385385929,40.7
4671.25915769478,40.6
4695.675892974527,40.5
4720.220254862348,40.5
4744.892910464259,40.5
4769.694530373255,40.5
4794.625788687525,40.5
4819.68736302878,40.5
4844.87993456067,40.5
4870.204188007296,40.5
4895.660811671819,40.4
4921.250497455168,40.4
4946.973940874864,40.4
4972.8318410838865,40.4
4998.824900889706,40.4
5024.953826773381,40.4
5051.219328908747,40.4
5077.622121181736,40.4
5104.162921209768,40.4
5130.842450361258,40.4
5157.661433775227,40.4
5184.620600380999,40.3
5211.720682918039,40.2
5238.962417955835,40.1
5266.346545913939,40.1
5293.873811082085,40.0
5321.544961640422,40.0
5349.360749679845,39.9
5377.321931222439,39.8
5405.429266242027,39.6
5433.683518684824,39.4
5462.085456490198,39.3
5490.635851611563,39.1
5519.335480037329,39.0
5548.185121812011,38.9
5577.185561057427,38.9
5606.337585994012,38.8
5635.641988962242,38.8
5665.0995664441625,38.8
5694.7111190850455,38.9
5724.477451715144,38.9
5754.399373371566,39.0
5784.477697320285,39.0
5814.713241078208,39.1
5845.10682643542,39.2
5875.659279477514,39.3
5906.371430608045,39.4
5937.244114571097,39.8
5968.278170473975,40.1
5999.4744418100045,40.2
6030.833776481469,40.3
6062.357026822636,40.4
6094.045049622959,40.5
6125.898706150321,40.6
6157.918862174471,40.6
6190.106387990547,40.7
6222.462158442733,40.7
6254.987052948034,40.7
6287.681955520183,40.7
6320.547754793659,40.7
6353.585344047851,40.7
6386.795621231329,40.7
6420.179488986247,40.7
6453.7378546729,40.9
6487.471630394349,41.2
6521.381733021235,41.3
6555.469084216698,41.4
6589.734610461422,41.6
6624.179243078815,41.9
6658.80391826033,42.5
6693.609577090902,42.9
6728.597165574533,43.2
6763.767634659991,43.4
6799.1219402666875,43.6
6834.661043310619,44.1
6870.385909730507,45.1
6906.297510514049,45.7
6942.39682172431,46.0
6978.684824526248,46.2
7015.162505213385,46.4
7051.830855234612,46.5
7088.690871221135,46.7
7125.7435550135615,46.8
7162.989913689153,46.9
7200.430959589155,46.9
7238.067710346342,46.9
7275.901188912673,46.9
7313.932423587085,46.8
7352.162448043451,46.7
7390.59230135867,46.6
7429.22302804091,46.5
7468.055678057999,46.4
7507.091306865953,46.3
7546.330975437692,46.2
7585.775750291836,45.9
7625.426703521717,45.5
7665.284912824515,45.2
7705.351461530549,45.0
7745.627438632719,44.9
7786.113938816104,44.7
7826.81206248772,44.4
7867.722915806424,44.0
7908.847610712972,43.7
7950.187264960275,43.5
7991.743002143727,43.3
8033.515951731782,43.1
8075.507249096639,42.8
8117.718035545101,42.2
8160.149458349601,41.8
8202.80267077938,41.7
8245.67883213183,41.4
8288.77910776401,41.1
8332.104669124305,40.7
8375.656693784302,40.4
8419.436365470749,40.2
8463.444874097753,40.1
8507.683415799123,39.7
8552.153192960874,39.3
8596.855414253905,39.1
8641.791294666864,38.9
8686.962055539152,38.8
8732.36892459413,38.6
8778.01313597248,37.9
8823.895930265779,37.0
8870.018554550163,36.6
8916.382262420266,36.3
8962.988314023276,35.9
9009.83797609319,35.4
9056.932521985234,34.4
9104.273231710486,33.1
9151.861391970657,32.2
9199.698296193066,31.7
9247.785244565785,31.2
9296.12354407301,30.6
9344.714508530542,30.3
9393.559458621517,29.9
9442.659721932305,29.5
9492.016632988581,29.4
9541.631533291613,29.3
9591.505771354708,29.1
9641.64070273987,29.1
9692.037690094652,29.3
9742.698103189163,29.4
9793.623318953358,29.5
9844.814721514387,29.6
9896.27370223427,29.6
9948.001659747684,29.9
10000.0,30.3
10052.270136285486,30.4
10104.813489285681,30.5
10157.6314871081,30.5
10210.725565324987,30.5
10264.09716701231,30.5
10317.747742788988,30.5
10371.678750856474,30.4
10425.891657038128,30.4
10480.387934819217,30.3
10535.16906538697,29.9
10590.236537670813,29.5
10645.591848382772,29.4
10701.236502058211,29.1
10757.172011096769,28.8
10813.399895803414,28.5
10869.921684429703,27.9
10926.73891321545,27.3
10983.85312643042,27.0
11041.265876416248,26.6
11098.978723628681,26.1
11156.993236680037,25.7
11215.310992381786,25.8
11273.933575787378,26.2
11332.862580235347,26.4
11392.099607392682,26.5
11451.646267298307,26.6
11511.504178406769,27.2
11571.674967632372,27.9
11632.16027039332,28.0
11692.961730656129,28.1
11754.08100098034,28.0
11815.519742563505,27.9
11877.27962528627,27.8
11939.362327757724,27.7
12001.76953736107,27.5
12064.50295029953,26.8
12127.56427164241,26.1
12190.95521537136,24.3
12254.677504427105,22.4
12318.732870756214,21.9
12383.123055358106,21.2
12447.849808332432,20.2
12512.914888926687,19.6
12578.320065583976,19.2
12644.067115991029,18.7
12710.157827126544,18.1
12776.593995309939,16.3
12843.377426249857,14.6
12910.50993509343,14.1
12977.99334647565,13.5
13045.829494568892,13.0
13114.020223132724,12.4
13182.567385564074,11.3
13251.472844947652,10.3
13320.738474106534,9.6
13390.366155652993,8.9
13460.35778203982,8.8
13530.715255611682,8.3
13601.440488656775,7.8
13672.535403458849,7.5
13744.001932349513,6.2
13815.842017760702,5.1
13888.057612277411,5.7
13960.650678690825,6.2
14033.62319005172,6.6
14106.977129724035,7.1
14180.714491438697,7.6
14254.837279347976,8.0
14329.347508079869,8.4
14404.247202792812,8.7
14479.538399230763,9.2
14555.223143778607,9.6
14631.303493517702,9.7
14707.78151628175,9.7
14784.65929071304,9.7
14861.938906319014,9.6
14939.622463529,9.5
15017.712073751207,9.3
15096.209859430292,9.0
15175.117954104964,8.7
15254.438502465904,8.3
15334.173660414117,7.6
15414.325595119602,7.0
15494.896485080177,6.4
15575.88852018064,5.8
15657.303901752315,5.3
15739.1448426331,4.7
15821.413567227246,4.2
