10.0,44.2
10.052270136285475,44.2
10.104813489285682,44.2
10.157631487108103,44.2
10.210725565324982,44.2
10.264097167012295,44.2
10.317747742789004,44.2
10.371678750856479,44.2
10.425891657038118,44.2
10.480387934819216,44.2
10.535169065386981,44.2
10.590236537670812,44.2
10.64559184838276,44.2
10.701236502058206,44.2
10.757172011096776,44.2
10.813399895803409,44.2
10.869921684429707,44.2
10.926738913215466,44.2
10.98385312643042,44.2
11.041265876416237,44.2
11.098978723628681,44.2
11.156993236680048,44.2
11.215310992381788,44.2
11.27393357578736,44.2
11.332862580235341,44.2
11.392099607392687,44.2
11.451646267298301,44.2
11.511504178406776,44.2
11.571674967632385,44.2
11.632160270393321,44.2
11.692961730656117,44.2
11.75408100098034,44.2
11.815519742563518,44.2
11.87727962528627,44.2
11.939362327757706,44.2
12.001769537361062,44.2
12.064502950299536,44.2
12.127564271642404,44.2
12.190955215371359,44.2
12.254677504427118,44.2
12.318732870756214,44.2
12.383123055358094,44.2
12.447849808332432,44.2
12.5129148889267,44.2
12.578320065583968,44.2
12.644067115991009,44.2
12.710157827126565,44.2
12.776593995309947,44.2
12.843377426249843,44.2
12.910509935093431,44.2
12.977993346475664,44.2
13.045829494568892,44.2
13.11402022313271,44.2
13.182567385564074,44.2
13.251472844947658,44.2
13.320738474106527,44.2
13.390366155653,44.2
13.460357782039841,44.2
13.530715255611682,44.2
13.601440488656761,44.2
13.672535403458848,44.2
13.744001932349526,44.2
13.815842017760701,44.2
13.888057612277397,44.2
13.960650678690818,44.2
14.033623190051728,44.2
14.10697712972403,44.2
14.180714491438705,44.2
14.25483727934799,44.2
14.32934750807987,44.2
14.404247202792797,44.2
14.479538399230764,44.2
14.55522314377862,44.2
14.631303493517702,44.2
14.707781516281727,44.2
14.784659290713032,44.2
14.861938906319022,44.2
14.939622463528993,44.2
15.017712073751214,44.2
15.096209859430308,44.2
15.175117954104964,44.2
15.254438502465888,44.2
15.334173660414118,44.2
15.414325595119617,44.2
15.494896485080169,44.2
15.575888520180618,44.2
15.65730390175234,44.2
15.73914484263311,44.2
15.821413567227237,44.2
15.904112311566013,44.2
15.98724332336852,44.2
16.070808862102673,44.2
16.154811199046666,44.2
16.239252617350697,44.2
16.324135412099007,44.2
16.409461890372306,44.2
16.495234371310413,44.2
16.58145518617534,44.2
16.668126678414627,44.2
16.755251203725052,44.2
16.84283113011666,44.1
16.930868837977105,44.0
17.01936672013636,44.0
17.108327181931763,44.0
17.197752641273365,44.0
17.28764552870969,44.0
17.378008287493753,44.0
17.4688433736495,44.0
17.560153256038525,44.0
17.651940416427212,44.0
17.744207349554188,44.0
17.836956563198083,44.0
17.93019057824573,44.0
18.023911928760675,44.0
18.118123162052047,44.0
18.21282683874379,44.0
18.30802553284428,44.0
18.403721831816252,44.0
18.499918336647156,44.0
18.59661766191982,44.0
18.69382243588356,44.0
18.791535300525574,44.0
18.889758911642755,44.0
18.98849593891389,44.0
19.08774906597221,44.0
19.187520990478333,44.0
19.287814424193606,44.0
19.388632093053765,44.0
19.48997673724305,44.0
19.591851111268685,44.0
19.69425798403576,44.0
19.79720013892245,44.0
19.90068037385568,44.0
20.004701501387192,44.0
20.109266348769967,44.0
20.214377758035074,44.0
20.320038586068932,44.0
20.426251704690927,44.0
20.533020000731486,44.0
20.64034637611054,44.0
20.748233747916412,44.0
20.856685048485062,44.0
20.965703225479817,44.0
21.075291241971485,44.0
21.185452076518878,44.0
21.296188723249774,44.0
21.407504191942323,44.0
21.519401508106792,44.0
21.631883713067854,44.0
21.744953864047204,44.0
21.858615034246718,43.9
21.972870312931903,43.9
22.087722805515906,43.9
22.203175633643916,43.9
22.319231935278008,43.9
22.435894864782412,43.9
22.553167593009288,43.9
22.671053307384867,43.9
22.789555211996095,43.9
22.908676527677724,43.9
23.028420492099883,43.9
23.148790359856015,43.9
23.26978940255137,43.9
23.391420908891938,43.9
23.51368818477381,43.9
23.63659455337303,43.9
23.760143355235964,43.9
23.884337948370025,43.9
24.009181708334992,43.9
24.134678028334722,43.9
24.260830319309434,43.9
24.387642010028344,43.9
24.515116547182902,43.9
24.64325739548046,43.9
24.772068037738443,43.9
24.901551974979007,43.9
25.031712726524198,43.9
25.162553830091625,43.9
25.294078841890578,43.9
25.426291336718684,43.9
25.559194908059133,43.9
25.692793168178262,43.9
25.827089748223784,43.9
25.96208829832347,43.9
26.097792487684362,43.9
26.234206004692496,43.8
26.371332557013133,43.7
26.5091758716916,43.7
26.647739695254497,43.7
26.787027793811582,43.7
26.9270439531581,43.7
27.06779197887776,43.7
27.209275696446046,43.7
27.351498951334275,43.7
27.494465609114105,43.7
27.638179555562576,43.7
27.782644696767733,43.7
27.92786495923483,43.7
28.07384428999299,43.7
28.220586656702505,43.7
28.368096047762684,43.7
28.516376472420284,43.7
28.66543196087842,43.7
28.815266564406134,43.7
28.965884355448516,43.7
29.11728942773738,43.7
29.26948589640251,43.7
29.42247789808359,43.7
29.57626959104251,43.7
29.730865155276486,43.7
29.88626879263161,43.6
30.04248472691713,43.6
30.19951720402016,43.5
30.357370492021133,43.5
30.516048881309793,43.5
30.675556684701824,43.5
30.835898237556027,43.5
30.99707789789224,43.5
31.15910004650967,43.5
31.321969087106055,43.5
31.485689446397288,43.5
31.650265574237824,43.5
31.815701943741516,43.5
31.98200305140326,43.5
32.14917341722119,43.5
32.31721758481955,43.5
32.486140121572134,43.5
32.655945618726484,43.5
32.82663869152868,43.5
32.99822397934869,43.5
33.170706145806605,43.5
33.34408987889928,43.5
33.51837989112781,43.5
33.69358091962557,43.5
33.86969772628702,43.5
34.04673509789711,43.5
34.224697846261364,43.4
34.40359080833668,43.3
34.58341884636283,43.2
34.764186847994516,43.2
34.94589972643436,43.2
35.12856242056629,43.2
35.312179895089876,43.2
35.496757140655234,43.2
35.68229917399868,43.2
35.86881103807908,43.2
36.05629780221492,43.2
36.24476456222205,43.2
36.434216440552284,43.2
36.6246585864325,43.2
36.81609617600466,43.2
37.00853441246656,43.2
37.2019785262131,43.2
37.39643377497855,43.2
37.591905443979435,43.2
37.788398846058186,43.2
37.985919321827524,43.2
38.184472239815605,43.2
38.384062996612016,43.1
38.584697017014335,43.0
38.786379754175634,43.0
38.98911668975273,43.0
39.1929133340551,43.0
39.39777522619469,43.0
39.60370793423646,43.0
39.810717055349734,43.0
40.0188082159603,43.0
40.227987071903335,43.0
40.43825930857721,43.0
40.64963064109788,43.0
40.8621068144543,43.0
41.075693603664625,43.0
41.29039681393302,43.0
41.506222280807584,43.0
41.72317587033889,43.0
41.94126347923944,43.0
42.16049103504393,43.0
42.38086449627034,43.0
42.60238985258197,42.9
42.825073124950116,42.8
43.04892036581776,42.8
43.27393765926414,42.8
43.500131121170035,42.8
43.727506899384,42.8
43.956071173889484,42.8
44.18583015697281,42.8
44.416790093392,42.8
44.648957260546474,42.8
44.88233796864779,42.8
45.116938560890986,42.8
45.35276541362708,42.8
45.58982493653644,42.8
45.82812357280281,42.8
46.067667799288614,42.8
46.308464126710895,42.8
46.55051909981832,42.8
46.793839297569036,42.8
47.03843133330949,42.7
47.28430185495417,42.7
47.531457545166376,42.7
47.77990512153967,42.7
48.02965133678067,42.7
48.28070297889241,42.7
48.53306687135893,42.7
48.78674987333074,42.7
49.041758879811184,42.7
49.298100821843896,42.7
49.55578266670119,42.7
49.81481141807335,42.7
50.07519411625915,42.7
50.336937838356974,42.7
50.60004969845742,42.7
50.86453684783644,42.7
51.13040647514984,42.6
51.39766580662862,42.5
51.66632210627541,42.5
51.93638267606184,42.5
52.20785485612707,42.5
52.48074602497726,42.5
52.75506359968615,42.5
53.030815036096584,42.5
53.308007829023246,42.5
53.58664951245627,42.5
53.866747659766084,42.5
54.148309883909214,42.5
54.431343837635225,42.5
54.7158572136947,42.5
55.00185774504835,42.5
55.28935320507712,42.5
55.57835140779364,42.5
55.86886020805435,42.4
56.160887501773274,42.4
56.45444122613637,42.3
56.74952935981742,42.3
57.04615992319485,42.3
57.34434097856969,42.3
57.64408063038476,42.3
57.94538702544487,42.3
58.24826835313831,42.3
58.552732845659456,42.3
58.85878877823242,42.3
59.166444469336014,42.3
59.475708280929936,42.3
59.786588618681876,42.3
60.0990939321961,42.3
60.41323271524305,42.3
60.72901350599024,42.3
61.046444887234294,42.3
61.365535486634215,42.3
61.686293976945976,42.2
62.008729076258064,42.1
62.332849548228545,42.0
62.658664202323344,42.0
62.98618189405547,42.0
63.315411525225876,42.0
63.64636204416533,42.0
63.979042445977655,42.0
64.31346177278421,42.0
64.64962911396958,42.0
64.98755360642885,42.0
65.32724443481563,42.0
65.66871083179183,42.0
66.01196207827876,42.0
66.35700750370908,41.9
66.7038564862806,41.8
67.05251845321108,41.8
67.40300288099445,41.8
67.75531929565844,41.8
68.1094772730234,41.8
68.46548643896274,41.8
68.82335646966433,41.8
69.18309709189363,41.8
69.54471808325809,41.8
69.90822927247277,41.8
70.27364053962762,41.8
70.6409618164559,41.8
71.01020308660422,41.8
71.38137438590384,41.8
71.75448580264342,41.8
72.12954747784322,41.8
72.50656960553087,41.8
72.88556243301818,41.7
73.26653626117992,41.6
73.64950144473359,41.6
74.03446839252094,41.6
74.42144756779092,41.6
74.810449488484,41.6
75.20148472751808,41.6
75.59456391307583,41.6
75.98969772889355,41.6
76.38689691455168,41.6
76.78617226576647,41.6
77.18753463468363,41.6
77.59099493017311,41.5
77.99656411812569,41.5
78.404253221751,41.5
78.8140733218772,41.5
79.226035557252,41.5
79.64015112484554,41.5
80.05643128015467,41.5
80.47488733750892,41.5
80.89553067037787,41.5
81.31837271168051,41.5
81.74342495409579,41.5
82.170698950375,41.5
82.60020631365589,41.5
83.03195871777821,41.5
83.46596789760103,41.5
83.90224564932171,41.5
84.34080383079642,41.4
84.78165436186265,41.3
85.22480922466286,41.3
85.67028046397054,41.3
86.11808018751721,41.3
86.56822056632171,41.3
87.020713835021,41.3
87.47557229220259,41.3
87.93280830073893,41.3
88.39243428812335,41.3
88.85446274680783,41.3
89.31890623454267,41.3
89.78577737471758,41.2
90.25508885670492,41.1
90.72685343620469,41.1
91.20108393559097,41.1
91.67779324426061,41.1
92.15699431898352,41.1
92.63870018425483,41.1
93.12292393264887,41.1
93.60967872517497,41.1
94.09897779163542,41.1
94.5908344309847,41.1
95.0852620116911,41.1
95.58227397210023,41.0
96.08188382079996,40.9
96.5841051369878,40.8
97.08895157083991,40.8
97.59643684388209,40.8
98.10657474936274,40.8
98.61937915262773,40.8
99.13486399149741,40.8
99.65304327664518,40.8
100.17393109197839,40.8
100.69754159502135,40.8
101.22388901729977,40.8
101.75298766472777,40.7
102.28485191799675,40.6
102.81949623296607,40.6
103.35693514105618,40.6
103.89718324964329,40.6
104.44025524245698,40.6
104.98616587997819,40.6
105.53492999984189,40.6
106.08656251723878,40.6
106.64107842532215,40.6
107.19849279561431,40.6
107.75882077841675,40.5
108.32207760322176,40.5
108.88827857912626,40.4
109.45743909524856,40.4
110.02957462114523,40.4
110.60470070723336,40.4
111.18283298521138,40.4
111.76398716848561,40.4
112.3481790525961,40.4
112.93542451564652,40.4
113.5257395187356,40.4
114.11914010639099,40.4
114.71564240700522,40.3
115.3152626332741,40.3
115.91801708263789,40.2
116.52392213772293,40.2
117.13299426678874,40.2
117.74525002417371,40.2
118.36070605074681,40.2
118.97937907435858,40.2
119.60128591029638,40.2
120.22644346174131,40.1
120.85486872022751,40.1
121.4865787661046,40.1
122.12159076900052,40.1
122.75992198829012,40.1
123.40158977356222,40.1
124.04661156509306,40.1
124.69500489431896,40.1
125.34678738431336,40.1
126.00197675026583,40.1
126.6605907999634,40.1
127.3226474342747,40.1
127.98816464763628,40.0
128.6571605285424,39.9
129.32965326003517,39.9
130.00566112020084,39.9
130.68520248266435,39.9
131.36829581709074,39.9
132.05495968968575,39.9
132.74521276370103,39.8
133.43907379994133,39.8
134.1365616572744,39.7
134.83769529314347,39.7
135.54249376408254,39.7
136.25097622623485,39.7
136.96316193587217,39.7
137.67907024992007,39.7
138.39872062648203,39.7
139.1221326253702,39.7
139.84932590863562,39.6
140.58032024110324,39.5
141.31513549090906,39.4
142.05379163003997,39.4
142.7963087348772,39.4
143.5427069867405,39.4
144.29300667243896,39.4
145.04722818481977,39.4
145.80539202332486,39.4
146.56751879454652,39.4
147.333629212788,39.4
148.1037441006266,39.3
148.87788438947953,39.2
149.65607112017267,39.2
150.43832544351253,39.2
151.2246686208618,39.2
152.01512202471548,39.2
152.80970713928414,39.1
153.6084455610754,39.0
154.41135899948313,39.0
155.218469277376,39.0
156.02979833169113,39.0
156.8453682140304,39.0
157.66520109125955,39.0
158.48931924611142,39.0
159.3177450777899,39.0
160.15050110258113,39.0
160.9876099544629,38.9
161.82909438572216,38.9
162.67497726757185,38.9
163.52528159077312,38.9
164.38003046626017,38.9
165.23924712576837,38.9
166.1029549224657,38.9
166.97117733158728,38.9
167.8439379510743,38.9
168.72126050221348,38.9
169.60316883028446,38.8
170.48968690520502,38.7
171.38083882218535,38.7
172.27664880238083,38.7
173.17714119355136,38.7
174.08234047072295,38.7
174.99227123685273,38.6
175.9069582234984,38.5
176.82642629148881,38.5
177.75070043160196,38.5
178.67980576524164,38.5
179.61376754512278,38.5
180.55261115595593,38.5
181.49636211513797,38.5
182.44504607344558,38.5
183.39868881573247,38.5
184.35731626163007,38.4
185.3209544662519,38.3
186.28962962090262,38.2
187.26336805378796,38.2
188.24219623073301,38.2
189.2261407558986,38.2
190.21522837250714,38.2
191.20948596356752,38.2
192.20894055260666,38.1
193.21361930440384,38.0
194.22354952572874,38.0
195.2387586660848,38.0
196.25927431845295,38.0
197.28512422004457,38.0
198.31633625305224,38.0
199.35293844541056,37.9
200.39495897155572,37.9
201.4424261531923,37.8
202.4953684600627,37.8
203.55381451072122,37.8
204.6177930733116,37.8
205.6873330663489,37.8
206.76246355950653,37.7
207.84321377440395,37.7
208.92961308540407,37.7
210.02169102040844,37.7
211.11947726166272,37.7
212.22300164656127,37.7
213.33229416845913,37.7
214.447384977487,37.7
215.5683043813707,37.7
216.69508284625502,37.6
217.8277509975314,37.6
218.9663396206716,37.5
220.1108796620618,37.5
221.26140222984722,37.5
222.41793859477394,37.5
223.5805201910423,37.4
224.74917861715863,37.4
225.9239456367954,37.3
227.10485317965416,37.3
228.29193334233327,37.3
229.48521838920135,37.3
230.68474075327168,37.3
231.89053303708724,37.3
233.102628013603,37.3
234.32105862708036,37.3
235.5458579939798,37.2
236.77705940386227,37.1
238.0146963202937,37.0
239.25880238175446,37.0
240.50941140255387,37.0
241.76655737374873,36.9
243.03027446406858,36.8
244.30059702084168,36.8
245.57755957093218,36.8
246.86119682167464,36.8
248.1515436618211,36.8
249.44863516248657,36.8
250.75250657810346,36.7
252.0631933473797,36.7
253.3807310942614,36.6
254.7051556289027,36.6
256.03650294863604,36.6
257.3748092389545,36.6
258.72011087449107,36.6
260.0724444200114,36.5
261.4318466314045,36.5
262.79835445668317,36.5
264.17200503698814,36.5
265.5528357075972,36.5
266.94088399894025,36.5
268.336187637619,36.5
269.7387845474336,36.5
271.1487128504106,36.5
272.56601086784315,36.4
273.9907171213279,36.4
275.4228703338166,36.3
276.86250943066517,36.3
278.30967354069315,36.3
279.764401997247,36.3
281.2267343392687,36.2
282.6967103123723,36.2
284.1743698699204,36.1
285.65975317411466,36.1
287.152900597083,36.1
288.6538527219809,36.0
290.16265034409145,35.9
291.67933447193553,35.8
293.203946328386,35.8
294.7365273517884,35.8
296.27711919708696,35.8
297.8257637369567,35.8
299.38250306294265,35.8
300.947379486601,35.8
302.52043554065347,35.8
304.1017139801383,35.7
305.69125778357716,35.6
307.2891101541398,35.6
308.8953145208197,35.6
310.5099145396145,35.6
312.1329540947119,35.6
313.76447729968413,35.5
315.40452849868336,35.4
317.0531522676519,35.4
318.71039341552853,35.4
320.3762969854716,35.4
322.05090825607795,35.4
323.7342727426186,35.3
325.4264361982722,35.2
327.1274446153702,35.2
328.83734422664674,35.2
330.55618150649445,35.2
332.28400317222986,35.2
334.02085618535915,35.2
335.76678775285944,35.2
337.52184532845695,35.2
339.28607661392135,35.2
341.0595295603587,35.1
342.84225236951676,35.1
344.63429349509414,35.1
346.4357016440579,35.0
348.24652577796684,35.0
350.06681511430224,34.9
351.8966191278073,34.9
353.7359875518278,34.9
355.5849703796693,34.9
357.44361786595016,34.9
359.3119805279728,34.8
361.1901091470929,34.7
363.0780547701014,34.7
364.9758687106112,34.7
366.8836025504522,34.7
368.80130814107446,34.7
370.72903760495365,34.6
372.66684333701346,34.5
374.6147780060434,34.4
376.57289455613636,34.4
378.54124620812286,34.4
380.5198864610201,34.4
382.50886909348526,34.4
384.5082481652772,34.4
386.51807801872604,34.3
388.53841328020957,34.2
390.56930886163985,34.2
392.6108199619517,34.2
394.6630020686084,34.2
396.7259109591041,34.1
398.7996027024853,34.0
400.8841336608706,34.0
402.9795604909844,34.0
405.0859401456969,34.0
407.20332987557106,34.0
409.331787230421,34.0
411.4713700608718,34.0
413.6221365199375,34.0
415.78414506459575,33.9
417.95745445738237,33.9
420.1421237679842,33.9
422.33821237484636,33.8
424.5457799667861,33.8
426.76488654461485,33.7
428.9955924227691,33.7
431.23795823094935,33.7
433.49204491576995,33.7
435.7579137424112,33.7
438.0356262962907,33.7
440.3252444847303,33.7
442.62683053864555,33.6
444.9404470142319,33.5
447.2661567946673,33.5
449.60402309182115,33.5
451.9541094479714,33.5
454.3164797375345,33.5
456.6911981687959,33.4
459.0783292856624,33.3
461.4779379694089,33.2
463.89008944044906,33.2
466.31484926010245,33.2
468.7522833323791,33.2
471.20245790577025,33.1
473.6654395750488,33.0
476.14129528307956,33.0
478.630092322638,33.0
481.1318983382419,33.0
483.6467813279844,33.0
486.1748096453894,33.0
488.7160520012619,32.9
491.27057746556244,32.9
493.8384554692794,32.8
496.4197558063182,32.8
499.01454863539806,32.8
501.6229044819588,32.8
504.24489424007766,32.8
506.88058917439554,32.7
509.53006092205686,32.7
512.1933814946506,32.7
514.8706232801756,32.7
517.5618590449992,32.7
520.2671619358439,32.6
522.9866054817683,32.6
525.7202635961694,32.5
528.4682105787901,32.5
531.230521117739,32.5
534.0072702915224,32.5
536.7985335710792,32.5
539.6043868218401,32.5
542.4249063057814,32.5
545.2601686835053,32.5
548.1102510163182,32.4
550.9752307683272,32.4
553.8551858085453,32.3
556.7501944130083,32.3
559.6603352669016,32.3
562.5856874666987,32.3
565.5263305223134,32.3
568.4823443592555,32.3
571.4538093208106,32.3
574.4408061702153,32.3
577.4434160928608,32.2
580.4617206984933,32.1
583.4958020234345,32.0
586.5457425328113,32.0
589.6116251227962,32.0
592.6935331228639,32.0
595.7915502980484,32.0
598.9057608512304,32.0
602.0362494254149,32.0
605.1831011060411,32.0
608.3464014232891,32.0
611.5262363544065,32.0
614.7226923260454,32.0
617.9358562166111,32.0
621.1658153586235,32.0
624.4126575410903,32.0
627.6764710118958,32.0
630.957344480193,31.9
634.2553671188238,31.8
637.5706285667327,31.8
640.9032189314127,31.8
644.2532287913472,31.8
647.6207491984753,31.8
651.0058716806659,31.8
654.4086882442045,31.8
657.8292913762976,31.8
661.2677740475787,31.8
664.7242297146454,31.8
668.1987523225889,31.8
671.6914363075575,31.8
675.2023765993158,31.8
678.7316686238282,31.8
682.2794083058518,31.8
685.8456920715438,31.8
689.4306168510824,31.8
693.0342800813003,31.8
696.6567797083366,31.8
700.2982141902914,31.8
703.9586824999124,31.8
707.6382841272731,31.8
711.3371190824884,31.8
715.0552878984242,31.8
718.7928916334344,31.8
722.5500318741055,31.8
726.3268107380181,31.8
730.123330876526,31.8
733.9396954775374,31.8
737.7760082683312,31.8
741.6323735183645,31.8
745.508896042117,31.8
749.4056812019327,31.8
753.3228349108862,31.8
757.2604636356614,31.9
761.2186743994453,31.9
765.1975747848361,32.0
769.1972729367671,32.0
773.2178775654501,32.0
777.2594979493206,32.0
781.3222439380205,32.0
785.406225955371,32.0
789.5115550023859,32.0
793.6383426602791,32.0
797.7867010935024,32.0
801.9567430527921,32.0
806.1485818782347,32.1
810.3623315023465,32.2
814.59810645317,32.3
818.8560218573906,32.3
823.1361934434566,32.3
827.4387375447371,32.4
831.7637711026708,32.5
836.1114116699566,32.5
840.4817774137397,32.5
844.8749871188272,32.5
849.2911601909162,32.5
853.7304166598383,32.5
858.1928771828257,32.5
862.6786630477819,32.5
867.1878961765907,32.6
871.7206991284164,32.7
876.2771951030477,32.7
880.8575079442367,32.7
885.4617621430697,32.7
890.0900828413493,32.7
894.742595834996,32.7
899.4194275774676,32.8
904.1207051831946,32.8
908.8465564310401,32.8
913.5971097677627,32.8
918.3724943115215,32.8
923.1728398553701,32.9
927.998276870799,32.9
932.8489365112713,33.0
937.7249506157918,33.0
942.6264517124897,33.0
947.5535730222193,33.0
952.5064484621864,33.1
957.4852126495767,33.1
962.4900009052299,33.2
967.5209492573013,33.2
972.5781944449744,33.2
977.6618739221665,33.2
982.772125861269,33.2
987.9090891569025,33.2
993.0729034296917,33.4
998.26370903006,33.5
1003.4816470420445,33.5
1008.7268592871307,33.5
1013.9994883281055,33.5
1019.2996774729368,33.5
1024.627570778662,33.5
1029.9833130553077,33.5
1035.3670498698243,33.5
1040.778927550043,33.6
1046.219093188652,33.7
1051.687694647196,33.7
1057.1848805600926,33.7
1062.7108003386745,33.7
1068.2656041752484,33.7
1073.849443047181,33.7
1079.4624687209969,33.7
1085.104833756507,33.7
1090.7766915109553,33.7
1096.4781961431852,33.7
1102.2095026178308,33.7
1107.9707667095288,33.7
1113.7621450071517,33.7
1119.5837949180645,33.7
1125.4358746724013,33.7
1131.3185433273702,33.7
1137.231960771571,33.7
1143.1762877293438,33.7
1149.1516857651375,33.7
1155.1583172879002,33.7
1161.1963455554942,33.7
1167.2659346791324,33.7
1173.3672496278396,33.7
1179.5004562329357,33.7
1185.6657211925422,33.7
1191.8632120761172,33.6
1198.0930973290035,33.5
1204.355546277011,33.5
1210.650729131018,33.5
1216.9788169915967,33.5
1223.3399818536654,33.5
1229.7343966111616,33.5
1236.162235061742,33.4
1242.6236719115057,33.3
1249.1188827797416,33.2
1255.6480442037073,33.2
1262.2113336434193,33.2
1268.8089294864806,33.2
1275.4410110529293,33.1
1282.1077586001115,33.1
1288.8093533275808,33.0
1295.5459773820237,32.9
1302.3178138622095,32.9
1309.1250468239675,32.8
1315.967861285188,32.8
1322.8464432308563,32.7
1329.7609796180998,32.7
1336.7116583812742,32.6
1343.6986684370715,32.6
1350.7221996896535,32.5
1357.782443035813,32.5
1364.879590370164,32.4
1372.0138345903551,32.3
1379.1853696023147,32.3
1386.3943903255179,32.3
1393.6410926982915,32.3
1400.9256736831292,32.3
1408.248331272053,32.3
1415.6092644919916,32.3
1423.0086734101894,32.2
1430.4467591396458,32.1
1437.9237238445805,32.0
1445.439770745928,32.0
1452.9951041268616,32.0
1460.589929338344,32.0
1468.224452804715,32.0
1475.898882029292,32.0
1483.6134256000173,32.0
1491.3682931951248,32.0
1499.1636955888393,32.0
1506.999844657106,32.0
1514.8769533833477,32.0
1522.7952358642551,32.0
1530.754907315605,32.0
1538.7561840781082,32.2
1546.799283623296,32.3
1554.8844245594228,32.3
1563.0118266374113,32.3
1571.181710756826,32.3
1579.3942989718767,32.3
1587.649814497453,32.3
1595.9484817151922,32.3
1604.2905261795772,32.3
1612.6761746240677,32.3
1621.1056549672617,32.3
1629.5791963190893,32.3
1638.097028987047,32.3
1646.6593844824454,32.3
1655.266495526711,32.2
1663.9185960577072,32.1
1672.6159212360947,32.0
1681.3587074517213,31.9
1690.1471923300487,31.8
1698.9816147386093,31.7
1707.8622147934998,31.7
1716.789233865905,31.6
1725.7629145886658,31.6
1734.7835008628629,31.5
1743.8512378644525,31.5
1752.9663720509295,31.4
1762.1291511680254,31.4
1771.3398242564415,31.3
1780.598641658619,31.3
1789.9058550255418,31.2
1799.2617173235774,31.1
1808.6664828413498,31.0
1818.1204071966588,30.9
1827.6237473434162,30.9
1837.1767615786375,30.8
1846.7797095494598,30.8
1856.4328522602,30.8
1866.1364520794475,30.8
1875.8907727471963,30.8
1885.6960793820124,30.8
1895.552638488241,30.8
1905.4607179632462,30.8
1915.4205871047022,30.8
1925.4325166178992,30.8
1935.4967786231095,30.8
1945.6136466629825,30.8
1955.783395709978,31.0
1966.006302173841,31.1
1976.282643909114,31.1
1986.6127002226892,31.1
1996.996751881399,31.1
2007.4350811196462,31.1
2017.927971647083,31.1
2028.4757086563097,31.2
2039.078578830634,31.3
2049.736870351861,31.3
2060.4508729081267,31.3
2071.22087770177,31.3
2082.0471774572497,31.3
2092.9300664290977,31.3
2103.8698404099196,31.4
2114.8667967384304,31.5
2125.9212343075446,31.5
2137.0334535724887,31.5
2148.2037565589744,31.6
2159.4324468714053,31.6
2170.71982970113,31.6
2182.0662118347364,31.6
2193.4719016623894,31.7
2204.937209186215,31.8
2216.4624460287228,31.8
2228.0479254412767,31.8
2239.6939623126154,31.8
2251.4008731773993,31.8
2263.168976224821,31.8
2274.9985913072546,31.8
2286.890039948944,31.8
2298.843645354747,31.7
2310.8597324189163,31.6
2322.9386277339318,31.6
2335.0806595993763,31.6
2347.2861580308577,31.6
2359.5554547689862,31.6
2371.8888832883777,31.6
2384.2867788067265,31.6
2396.7494782939148,31.5
2409.2773204811715,31.4
2421.8706458702773,31.4
2434.5297967428205,31.3
2447.2551171695004,31.3
2460.0469530194778,31.3
2472.905651969775,31.3
2485.8315635147337,31.3
2498.825038975499,31.3
2511.88643150958,31.3
2525.0160961204438,31.3
2538.2143896671673,31.3
2551.481670874133,31.3
2564.8183003407817,31.3
2578.224640551411,31.3
2591.7010558850307,31.3
2605.247912625263,31.4
2618.8655789702975,31.4
2632.5544250429093,31.5
2646.314822900502,31.5
2660.14714654523,31.6
2674.051771934164,31.6
2688.029076989506,31.6
2702.079441608862,31.6
2716.20324767557,31.6
2730.400879069075,31.6
2744.6727216753675,31.6
2759.0191633974646,31.6
2773.440594165967,31.6
2787.9374059496395,31.6
2802.509992766076,31.6
2817.1587506924047,31.6
2831.8840778760564,31.5
2846.686374545581,31.4
2861.5660430215316,31.3
2876.5234877273942,31.2
2891.5591152005823,31.2
2906.6733341034837,31.1
2921.8665552345788,31.1
2937.139191539587,31.0
2952.4916581227058,30.9
2967.9243722578863,30.8
2983.4377534001765,30.7
2999.0322231971227,30.6
3014.7082055002275,30.6
3030.466126376471,30.5
3046.306414119893,30.5
3062.229499263226,30.4
3078.2358145896155,30.3
3094.325795144359,30.3
3110.4998782467446,30.2
3126.7585035019356,30.2
3143.1021128129173,30.2
3159.5311503925072,30.2
3176.0460627754296,30.2
3192.6472988304513,30.1
3209.335309772584,30.1
3226.1105491753406,30.0
3242.973472983081,30.0
3259.924539523382,29.9
3276.9642095195077,29.8
3294.0929461029286,29.8
3311.311214825911,29.7
3328.6194836741684,29.7
3346.018223079582,29.7
3363.507905932988,29.7
3381.089007597027,29.6
3398.762005919066,29.5
3416.527381244194,29.4
3434.385616428264,29.4
3452.337196851022,29.4
3470.382610429304,29.4
3488.5223476302926,29.3
3506.7569014848486,29.2
3525.0867676009134,29.2
3543.512444176976,29.2
3562.034432015617,29.2
3580.6532345371147,29.1
3599.369357793143,29.0
3618.1833104805046,28.9
3637.095603954969,28.9
3656.1067522451726,28.8
3675.2172720665826,28.7
3694.4276828355482,28.6
3713.738506683413,28.5
3733.1502684707093,28.4
3752.6634958014215,28.4
3772.2787190373247,28.3
3791.9964713124127,28.2
3811.817288547367,28.2
3831.7417094641373,28.2
3851.7702756005806,28.3
3871.9035313251793,28.4
3892.1420238518376,28.5
3912.4863032547537,28.6
3932.936922483372,28.7
3953.4944373774106,28.9
3974.1594066819653,29.0
3994.9323920627126,29.1
4015.8139581211503,29.3
4036.8046724099613,29.4
4057.9051054484326,29.5
4079.115830737964,29.7
4100.437424777656,29.8
4121.870467079975,29.9
4143.41554018651,29.9
4165.0732296838005,30.0
4186.844124219257,30.0
4208.728815517151,30.1
4230.72789839472,30.1
4252.841970778305,30.2
4275.071633719623,30.2
4297.417491412092,30.3
4319.880151207261,30.3
4342.460223631314,30.4
4365.158322401661,30.5
4387.975064443623,30.6
4410.911069907196,30.6
4433.9669621839075,30.7
4457.1433679237725,30.7
4480.4409170523,30.8
4503.860242787635,31.0
4527.40198165776,31.1
4551.0667735177985,31.1
4574.855261567406,31.1
4598.768092368251,31.2
4622.80591586159,31.3
4646.969385385929,31.3
4671.25915769478,31.3
4695.675892974527,31.3
4720.220254862348,31.3
4744.892910464259,31.3
4769.694530373255,31.3
4794.625788687525,31.4
4819.68736302878,31.5
4844.87993456067,31.5
4870.204188007296,31.5
4895.660811671819,31.5
4921.250497455168,31.5
4946.973940874864,31.5
4972.8318410838865,31.5
4998.824900889706,31.4
5024.953826773381,31.4
5051.219328908747,31.3
5077.622121181736,31.2
5104.162921209768,31.2
5130.842450361258,31.1
5157.661433775227,31.1
5184.620600380999,31.1
5211.720682918039,31.1
5238.962417955835,31.0
5266.346545913939,31.0
5293.873811082085,30.9
5321.544961640422,30.8
5349.360749679845,30.7
5377.321931222439,30.6
5405.429266242027,30.5
5433.683518684824,30.5
5462.085456490198,30.4
5490.635851611563,30.4
5519.335480037329,30.3
5548.185121812011,30.2
5577.185561057427,30.0
5606.337585994012,29.8
5635.641988962242,29.7
5665.0995664441625,29.5
5694.7111190850455,29.4
5724.477451715144,29.1
5754.399373371566,28.8
5784.477697320285,28.5
5814.713241078208,28.4
5845.10682643542,28.3
5875.659279477514,28.2
5906.371430608045,28.1
5937.244114571097,28.0
5968.278170473975,27.9
5999.4744418100045,27.8
6030.833776481469,27.7
6062.357026822636,27.7
6094.045049622959,27.7
6125.898706150321,27.7
6157.918862174471,27.7
6190.106387990547,27.7
6222.462158442733,27.7
6254.987052948034,27.7
6287.681955520183,27.7
6320.547754793659,27.7
6353.585344047851,27.7
6386.795621231329,27.8
6420.179488986247,27.8
6453.7378546729,27.8
6487.471630394349,27.8
6521.381733021235,27.8
6555.469084216698,27.8
6589.734610461422,27.8
6624.179243078815,27.8
6658.80391826033,27.8
6693.609577090902,27.8
6728.597165574533,27.8
6763.767634659991,27.8
6799.1219402666875,27.8
6834.661043310619,27.8
6870.385909730507,27.7
6906.297510514049,27.7
6942.39682172431,27.7
6978.684824526248,27.6
7015.162505213385,27.5
7051.830855234612,27.5
7088.690871221135,27.5
7125.7435550135615,27.5
7162.989913689153,27.5
7200.430959589155,27.4
7238.067710346342,27.3
7275.901188912673,27.2
7313.932423587085,27.1
7352.162448043451,27.0
7390.59230135867,26.9
7429.22302804091,26.8
7468.055678057999,26.6
7507.091306865953,26.7
7546.330975437692,26.7
7585.775750291836,26.8
7625.426703521717,26.9
7665.284912824515,27.1
7705.351461530549,27.2
7745.627438632719,27.3
7786.113938816104,27.4
7826.81206248772,27.4
7867.722915806424,27.5
7908.847610712972,27.8
7950.187264960275,28.2
7991.743002143727,28.4
8033.515951731782,28.5
8075.507249096639,28.6
8117.718035545101,28.7
8160.149458349601,28.9
8202.80267077938,29.2
8245.67883213183,29.3
8288.77910776401,29.4
8332.104669124305,29.4
8375.656693784302,29.4
8419.436365470749,29.3
8463.444874097753,29.3
8507.683415799123,29.2
8552.153192960874,29.2
8596.855414253905,29.2
8641.791294666864,29.2
8686.962055539152,29.2
8732.36892459413,29.3
8778.01313597248,29.4
8823.895930265779,29.4
8870.018554550163,29.4
8916.382262420266,29.4
8962.988314023276,29.6
9009.83797609319,29.7
9056.932521985234,29.7
9104.273231710486,29.7
9151.861391970657,29.6
9199.698296193066,29.5
9247.785244565785,29.4
9296.12354407301,29.3
9344.714508530542,29.2
9393.559458621517,28.8
9442.659721932305,28.5
9492.016632988581,28.3
9541.631533291613,28.2
9591.505771354708,28.0
9641.64070273987,27.8
9692.037690094652,27.5
9742.698103189163,27.2
9793.623318953358,26.8
9844.814721514387,26.6
9896.27370223427,26.4
9948.001659747684,26.2
10000.0,26.0
10052.270136285486,25.8
10104.813489285681,25.6
10157.6314871081,25.3
10210.725565324987,25.0
10264.09716701231,24.8
10317.747742788988,24.7
10371.678750856474,24.5
10425.891657038128,24.4
10480.387934819217,24.1
10535.16906538697,23.6
10590.236537670813,23.3
10645.591848382772,23.1
10701.236502058211,22.9
10757.172011096769,22.7
10813.399895803414,22.3
10869.921684429703,21.6
10926.73891321545,21.2
10983.85312643042,20.9
11041.265876416248,20.7
11098.978723628681,20.5
11156.993236680037,19.8
11215.310992381786,18.7
11273.933575787378,18.1
11332.862580235347,17.9
11392.099607392682,17.5
11451.646267298307,17.1
11511.504178406769,16.7
11571.674967632372,15.8
11632.16027039332,15.0
11692.961730656129,14.6
11754.08100098034,14.2
11815.519742563505,13.8
11877.27962528627,13.5
11939.362327757724,13.2
12001.76953736107,13.0
12064.50295029953,12.9
12127.56427164241,12.8
12190.95521537136,12.6
12254.677504427105,12.6
12318.732870756214,12.6
12383.123055358106,12.7
12447.849808332432,12.8
12512.914888926687,13.0
12578.320065583976,13.2
12644.067115991029,13.5
12710.157827126544,13.7
12776.593995309939,14.0
12843.377426249857,14.5
12910.50993509343,15.2
12977.99334647565,15.8
13045.829494568892,16.1
13114.020223132724,16.4
13182.567385564074,16.7
13251.472844947652,17.1
13320.738474106534,17.7
13390.366155652993,18.9
13460.35778203982,19.9
13530.715255611682,20.0
13601.440488656775,20.2
13672.535403458849,20.5
13744.001932349513,20.9
13815.842017760702,21.1
13888.057612277411,21.3
13960.650678690825,21.4
14033.62319005172,21.5
14106.977129724035,21.6
14180.714491438697,21.6
14254.837279347976,21.6
14329.347508079869,21.6
14404.247202792812,21.5
14479.538399230763,21.5
14555.223143778607,21.4
14631.303493517702,21.1
14707.78151628175,20.6
14784.65929071304,20.2
14861.938906319014,19.9
14939.622463529,19.5
15017.712073751207,19.0
15096.209859430292,17.9
15175.117954104964,16.7
15254.438502465904,15.8
15334.173660414117,15.1
15414.325595119602,14.7
15494.896485080177,14.3
15575.88852018064,13.5
15657.303901752315,12.5
15739.1448426331,11.9
15821.413567227246,11.5
15904.112311566014,11.3
15987.243323368504,11.3
16070.808862102673,11.3
16154.811199046684,11.3
16239.252617350698,11.3
16324.135412099,11.3
16409.461890372313,11.3
16495.23437131044,11.3
16581.455186175313,11.3
16668.12667841462,11.2
16755.251203725067,11.0
