10.0,48.8
10.052270136285475,48.8
10.104813489285682,48.8
10.157631487108103,48.8
10.210725565324982,48.8
10.264097167012295,49.0
10.317747742789004,49.1
10.371678750856479,49.1
10.425891657038118,49.1
10.480387934819216,49.1
10.535169065386981,49.1
10.590236537670812,49.1
10.64559184838276,49.1
10.701236502058206,49.1
10.757172011096776,49.1
10.813399895803409,49.1
10.869921684429707,49.1
10.926738913215466,49.1
10.98385312643042,49.1
11.041265876416237,49.1
11.098978723628681,49.1
11.156993236680048,49.1
11.215310992381788,49.1
11.27393357578736,49.1
11.332862580235341,49.1
11.392099607392687,49.1
11.451646267298301,49.1
11.511504178406776,49.1
11.571674967632385,49.1
11.632160270393321,49.1
11.692961730656117,49.1
11.75408100098034,49.1
11.815519742563518,49.1
11.87727962528627,49.1
11.939362327757706,49.1
12.001769537361062,49.1
12.064502950299536,49.1
12.127564271642404,49.1
12.190955215371359,49.1
12.254677504427118,49.1
12.318732870756214,49.1
12.383123055358094,49.1
12.447849808332432,49.1
12.5129148889267,49.1
12.578320065583968,49.1
12.644067115991009,49.1
12.710157827126565,49.1
12.776593995309947,49.1
12.843377426249843,49.1
12.910509935093431,49.1
12.977993346475664,49.1
13.045829494568892,49.1
13.11402022313271,49.1
13.182567385564074,49.1
13.251472844947658,49.1
13.320738474106527,49.1
13.390366155653,49.1
13.460357782039841,49.1
13.530715255611682,49.1
13.601440488656761,49.1
13.672535403458848,49.1
13.744001932349526,49.1
13.815842017760701,49.1
13.888057612277397,49.1
13.960650678690818,49.1
14.033623190051728,49.1
14.10697712972403,49.1
14.180714491438705,49.1
14.25483727934799,49.1
14.32934750807987,49.1
14.404247202792797,49.1
14.479538399230764,49.1
14.55522314377862,49.1
14.631303493517702,49.1
14.707781516281727,49.1
14.784659290713032,49.1
14.861938906319022,49.1
14.939622463528993,49.1
15.017712073751214,49.1
15.096209859430308,49.1
15.175117954104964,49.1
15.254438502465888,49.1
15.334173660414118,49.1
15.414325595119617,49.1
15.494896485080169,49.1
15.575888520180618,49.1
15.65730390175234,49.1
15.73914484263311,49.1
15.821413567227237,49.1
15.904112311566013,49.1
15.98724332336852,49.1
16.070808862102673,49.1
16.154811199046666,49.1
16.239252617350697,49.1
16.324135412099007,49.1
16.409461890372306,49.1
16.495234371310413,49.1
16.58145518617534,49.1
16.668126678414627,49.1
16.755251203725052,49.1
16.84283113011666,49.1
16.930868837977105,49.1
17.01936672013636,49.1
17.108327181931763,49.1
17.197752641273365,49.1
17.28764552870969,49.1
17.378008287493753,49.1
17.4688433736495,49.1
17.560153256038525,49.1
17.651940416427212,49.1
17.744207349554188,49.1
17.836956563198083,49.1
17.93019057824573,49.1
18.023911928760675,49.1
18.118123162052047,49.1
18.21282683874379,49.1
18.30802553284428,49.1
18.403721831816252,49.1
18.499918336647156,49.1
18.59661766191982,49.1
18.69382243588356,49.1
18.791535300525574,49.1
18.889758911642755,49.1
18.98849593891389,49.1
19.08774906597221,49.1
19.187520990478333,49.1
19.287814424193606,49.1
19.388632093053765,49.1
19.48997673724305,49.1
19.591851111268685,49.1
19.69425798403576,49.1
19.79720013892245,49.1
19.90068037385568,49.1
20.004701501387192,49.1
20.109266348769967,49.1
20.214377758035074,49.1
20.320038586068932,49.1
20.426251704690927,49.1
20.533020000731486,49.1
20.64034637611054,49.1
20.748233747916412,49.1
20.856685048485062,49.1
20.965703225479817,49.1
21.075291241971485,49.1
21.185452076518878,49.1
21.296188723249774,49.1
21.407504191942323,49.1
21.519401508106792,49.1
21.631883713067854,49.1
21.744953864047204,49.1
21.858615034246718,49.1
21.972870312931903,49.1
22.087722805515906,49.1
22.203175633643916,49.1
22.319231935278008,49.1
22.435894864782412,49.1
22.553167593009288,49.1
22.671053307384867,49.1
22.789555211996095,49.1
22.908676527677724,49.1
23.028420492099883,49.1
23.148790359856015,49.1
23.26978940255137,49.1
23.391420908891938,49.1
23.51368818477381,49.1
23.63659455337303,49.1
23.760143355235964,49.1
23.884337948370025,49.1
24.009181708334992,49.1
24.134678028334722,49.1
24.260830319309434,49.1
24.387642010028344,49.1
24.515116547182902,49.1
24.64325739548046,49.1
24.772068037738443,49.1
24.901551974979007,49.1
25.031712726524198,49.1
25.162553830091625,49.1
25.294078841890578,49.1
25.426291336718684,49.1
25.559194908059133,49.1
25.692793168178262,49.1
25.827089748223784,49.1
25.96208829832347,49.1
26.097792487684362,49.1
26.234206004692496,49.1
26.371332557013133,49.1
26.5091758716916,49.1
26.647739695254497,49.1
26.787027793811582,49.1
26.9270439531581,49.1
27.06779197887776,49.1
27.209275696446046,49.1
27.351498951334275,49.1
27.494465609114105,49.0
27.638179555562576,48.9
27.782644696767733,48.8
27.92786495923483,48.8
28.07384428999299,48.8
28.220586656702505,48.8
28.368096047762684,48.8
28.516376472420284,48.8
28.66543196087842,48.8
28.815266564406134,48.8
28.965884355448516,48.8
29.11728942773738,48.8
29.26948589640251,48.8
29.42247789808359,48.8
29.57626959104251,48.8
29.730865155276486,48.8
29.88626879263161,48.8
30.04248472691713,48.8
30.19951720402016,48.8
30.357370492021133,48.8
30.516048881309793,48.8
30.675556684701824,48.8
30.835898237556027,48.8
30.99707789789224,48.8
31.15910004650967,48.8
31.321969087106055,48.8
31.485689446397288,48.8
31.650265574237824,48.8
31.815701943741516,48.8
31.98200305140326,48.8
32.14917341722119,48.8
32.31721758481955,48.8
32.486140121572134,48.8
32.655945618726484,48.8
32.82663869152868,48.8
32.99822397934869,48.8
33.170706145806605,48.8
33.34408987889928,48.8
33.51837989112781,48.8
33.69358091962557,48.8
33.86969772628702,48.8
34.04673509789711,48.8
34.224697846261364,48.8
34.40359080833668,48.8
34.58341884636283,48.8
34.764186847994516,48.8
34.94589972643436,48.8
35.12856242056629,48.7
35.312179895089876,48.6
35.496757140655234,48.6
35.68229917399868,48.6
35.86881103807908,48.6
36.05629780221492,48.6
36.24476456222205,48.6
36.434216440552284,48.6
36.6246585864325,48.6
36.81609617600466,48.6
37.00853441246656,48.6
37.2019785262131,48.6
37.39643377497855,48.6
37.591905443979435,48.6
37.788398846058186,48.6
37.985919321827524,48.6
38.184472239815605,48.6
38.384062996612016,48.6
38.584697017014335,48.6
38.786379754175634,48.6
38.98911668975273,48.6
39.1929133340551,48.6
39.39777522619469,48.6
39.60370793423646,48.6
39.810717055349734,48.6
40.0188082159603,48.6
40.227987071903335,48.6
40.43825930857721,48.6
40.64963064109788,48.5
40.8621068144543,48.4
41.075693603664625,48.4
41.29039681393302,48.4
41.506222280807584,48.4
41.72317587033889,48.4
41.94126347923944,48.4
42.16049103504393,48.4
42.38086449627034,48.4
42.60238985258197,48.4
42.825073124950116,48.4
43.04892036581776,48.4
43.27393765926414,48.4
43.500131121170035,48.4
43.727506899384,48.4
43.956071173889484,48.4
44.18583015697281,48.4
44.416790093392,48.4
44.648957260546474,48.4
44.88233796864779,48.4
45.116938560890986,48.4
45.35276541362708,48.4
45.58982493653644,48.4
45.82812357280281,48.3
46.067667799288614,48.2
46.308464126710895,48.2
46.55051909981832,48.2
46.793839297569036,48.2
47.03843133330949,48.2
47.28430185495417,48.2
47.531457545166376,48.2
47.77990512153967,48.2
48.02965133678067,48.2
48.28070297889241,48.2
48.53306687135893,48.2
48.78674987333074,48.2
49.041758879811184,48.2
49.298100821843896,48.2
49.55578266670119,48.2
49.81481141807335,48.2
50.07519411625915,48.2
50.336937838356974,48.2
50.60004969845742,48.1
50.86453684783644,48.1
51.13040647514984,48.1
51.39766580662862,48.1
51.66632210627541,48.1
51.93638267606184,48.1
52.20785485612707,48.1
52.48074602497726,48.1
52.75506359968615,48.1
53.030815036096584,48.1
53.308007829023246,48.1
53.58664951245627,48.1
53.866747659766084,48.1
54.148309883909214,48.0
54.431343837635225,48.0
54.7158572136947,47.9
55.00185774504835,47.9
55.28935320507712,47.9
55.57835140779364,47.9
55.86886020805435,47.9
56.160887501773274,47.9
56.45444122613637,47.9
56.74952935981742,47.9
57.04615992319485,47.9
57.34434097856969,47.9
57.64408063038476,47.9
57.94538702544487,47.9
58.24826835313831,47.8
58.552732845659456,47.8
58.85878877823242,47.7
59.166444469336014,47.7
59.475708280929936,47.7
59.786588618681876,47.7
60.0990939321961,47.7
60.41323271524305,47.7
60.72901350599024,47.7
61.046444887234294,47.7
61.365535486634215,47.7
61.686293976945976,47.7
62.008729076258064,47.7
62.332849548228545,47.7
62.658664202323344,47.7
62.98618189405547,47.7
63.315411525225876,47.7
63.64636204416533,47.6
63.979042445977655,47.5
64.31346177278421,47.4
64.64962911396958,47.4
64.98755360642885,47.4
65.32724443481563,47.4
65.66871083179183,47.4
66.01196207827876,47.4
66.35700750370908,47.4
66.7038564862806,47.4
67.05251845321108,47.4
67.40300288099445,47.4
67.75531929565844,47.3
68.1094772730234,47.2
68.46548643896274,47.2
68.82335646966433,47.2
69.18309709189363,47.2
69.54471808325809,47.2
69.90822927247277,47.2
70.27364053962762,47.2
70.6409618164559,47.2
71.01020308660422,47.2
71.38137438590384,47.1
71.75448580264342,47.0
72.12954747784322,47.0
72.50656960553087,47.0
72.88556243301818,47.0
73.26653626117992,47.0
73.64950144473359,47.0
74.03446839252094,47.0
74.42144756779092,47.0
74.810449488484,47.0
75.20148472751808,47.0
75.59456391307583,47.0
75.98969772889355,46.9
76.38689691455168,46.9
76.78617226576647,46.9
77.18753463468363,46.9
77.59099493017311,46.9
77.99656411812569,46.9
78.404253221751,46.9
78.8140733218772,46.9
79.226035557252,46.9
79.64015112484554,46.9
80.05643128015467,46.8
80.47488733750892,46.7
80.89553067037787,46.7
81.31837271168051,46.7
81.74342495409579,46.7
82.170698950375,46.7
82.60020631365589,46.7
83.03195871777821,46.7
83.46596789760103,46.7
83.90224564932171,46.7
84.34080383079642,46.6
84.78165436186265,46.5
85.22480922466286,46.5
85.67028046397054,46.5
86.11808018751721,46.5
86.56822056632171,46.5
87.020713835021,46.5
87.47557229220259,46.5
87.93280830073893,46.5
88.39243428812335,46.4
88.85446274680783,46.3
89.31890623454267,46.2
89.78577737471758,46.2
90.25508885670492,46.2
90.72685343620469,46.2
91.20108393559097,46.2
91.67779324426061,46.2
92.15699431898352,46.2
92.63870018425483,46.1
93.12292393264887,46.0
93.60967872517497,46.0
94.09897779163542,46.0
94.5908344309847,46.0
95.0852620116911,46.0
95.58227397210023,45.9
96.08188382079996,45.8
96.5841051369878,45.8
97.08895157083991,45.8
97.59643684388209,45.8
98.10657474936274,45.8
98.61937915262773,45.8
99.13486399149741,45.8
99.65304327664518,45.7
100.17393109197839,45.7
100.69754159502135,45.7
101.22388901729977,45.7
101.75298766472777,45.7
102.28485191799675,45.7
102.81949623296607,45.7
103.35693514105618,45.7
103.89718324964329,45.7
104.44025524245698,45.7
104.98616587997819,45.6
105.53492999984189,45.5
106.08656251723878,45.5
106.64107842532215,45.5
107.19849279561431,45.5
107.75882077841675,45.4
108.32207760322176,45.4
108.88827857912626,45.3
109.45743909524856,45.3
110.02957462114523,45.3
110.60470070723336,45.3
111.18283298521138,45.3
111.76398716848561,45.3
112.3481790525961,45.3
112.93542451564652,45.2
113.5257395187356,45.1
114.11914010639099,45.0
114.71564240700522,45.0
115.3152626332741,45.0
115.91801708263789,45.0
116.52392213772293,45.0
117.13299426678874,45.0
117.74525002417371,44.9
118.36070605074681,44.8
118.97937907435858,44.8
119.60128591029638,44.8
120.22644346174131,44.8
120.85486872022751,44.7
121.4865787661046,44.7
122.12159076900052,44.6
122.75992198829012,44.6
123.40158977356222,44.6
124.04661156509306,44.6
124.69500489431896,44.6
125.34678738431336,44.5
126.00197675026583,44.5
126.6605907999634,44.5
127.3226474342747,44.5
127.98816464763628,44.5
128.6571605285424,44.4
129.32965326003517,44.4
130.00566112020084,44.3
130.68520248266435,44.3
131.36829581709074,44.3
132.05495968968575,44.3
132.74521276370103,44.3
133.43907379994133,44.3
134.1365616572744,44.3
134.83769529314347,44.3
135.54249376408254,44.3
136.25097622623485,44.2
136.96316193587217,44.1
137.67907024992007,44.1
138.39872062648203,44.1
139.1221326253702,44.1
139.84932590863562,44.0
140.58032024110324,43.9
141.31513549090906,43.8
142.05379163003997,43.8
142.7963087348772,43.8
143.5427069867405,43.7
144.29300667243896,43.6
145.04722818481977,43.6
145.80539202332486,43.6
146.56751879454652,43.6
147.333629212788,43.6
148.1037441006266,43.5
148.87788438947953,43.4
149.65607112017267,43.4
150.43832544351253,43.4
151.2246686208618,43.4
152.01512202471548,43.4
152.80970713928414,43.3
153.6084455610754,43.2
154.41135899948313,43.2
155.218469277376,43.2
156.02979833169113,43.2
156.8453682140304,43.1
157.66520109125955,43.1
158.48931924611142,43.1
159.3177450777899,43.1
160.15050110258113,43.1
160.9876099544629,43.1
161.82909438572216,43.0
162.67497726757185,43.0
163.52528159077312,42.9
164.38003046626017,42.9
165.23924712576837,42.9
166.1029549224657,42.9
166.97117733158728,42.9
167.8439379510743,42.9
168.72126050221348,42.9
169.60316883028446,42.8
170.48968690520502,42.7
171.38083882218535,42.7
172.27664880238083,42.6
173.17714119355136,42.5
174.08234047072295,42.4
174.99227123685273,42.4
175.9069582234984,42.4
176.82642629148881,42.4
177.75070043160196,42.3
178.67980576524164,42.3
179.61376754512278,42.2
180.55261115595593,42.2
181.49636211513797,42.2
182.44504607344558,42.2
183.39868881573247,42.2
184.35731626163007,42.1
185.3209544662519,42.0
186.28962962090262,42.0
187.26336805378796,42.0
188.24219623073301,42.0
189.2261407558986,42.0
190.21522837250714,41.9
191.20948596356752,41.9
192.20894055260666,41.9
193.21361930440384,41.9
194.22354952572874,41.9
195.2387586660848,41.9
196.25927431845295,41.8
197.28512422004457,41.7
198.31633625305224,41.7
199.35293844541056,41.6
200.39495897155572,41.6
201.4424261531923,41.5
202.4953684600627,41.5
203.55381451072122,41.5
204.6177930733116,41.5
205.6873330663489,41.4
206.76246355950653,41.3
207.84321377440395,41.2
208.92961308540407,41.2
210.02169102040844,41.2
211.11947726166272,41.2
212.22300164656127,41.2
213.33229416845913,41.1
214.447384977487,41.0
215.5683043813707,41.0
216.69508284625502,41.0
217.8277509975314,41.0
218.9663396206716,41.0
220.1108796620618,40.9
221.26140222984722,40.8
222.41793859477394,40.8
223.5805201910423,40.8
224.74917861715863,40.8
225.9239456367954,40.8
227.10485317965416,40.7
228.29193334233327,40.7
229.48521838920135,40.7
230.68474075327168,40.7
231.89053303708724,40.7
233.102628013603,40.7
234.32105862708036,40.7
235.5458579939798,40.6
236.77705940386227,40.6
238.0146963202937,40.5
239.25880238175446,40.5
240.50941140255387,40.5
241.76655737374873,40.5
243.03027446406858,40.5
244.30059702084168,40.5
245.57755957093218,40.5
246.86119682167464,40.5
248.1515436618211,40.5
249.44863516248657,40.4
250.75250657810346,40.3
252.0631933473797,40.3
253.3807310942614,40.3
254.7051556289027,40.3
256.03650294863604,40.3
257.3748092389545,40.2
258.72011087449107,40.1
260.0724444200114,40.0
261.4318466314045,40.0
262.79835445668317,39.9
264.17200503698814,39.9
265.5528357075972,39.8
266.94088399894025,39.7
268.336187637619,39.7
269.7387845474336,39.6
271.1487128504106,39.6
272.56601086784315,39.6
273.9907171213279,39.6
275.4228703338166,39.6
276.86250943066517,39.5
278.30967354069315,39.5
279.764401997247,39.5
281.2267343392687,39.5
282.6967103123723,39.5
284.1743698699204,39.5
285.65975317411466,39.5
287.152900597083,39.5
288.6538527219809,39.4
290.16265034409145,39.3
291.67933447193553,39.2
293.203946328386,39.2
294.7365273517884,39.1
296.27711919708696,39.1
297.8257637369567,39.0
299.38250306294265,38.9
300.947379486601,38.8
302.52043554065347,38.8
304.1017139801383,38.8
305.69125778357716,38.7
307.2891101541398,38.6
308.8953145208197,38.6
310.5099145396145,38.6
312.1329540947119,38.6
313.76447729968413,38.6
315.40452849868336,38.5
317.0531522676519,38.5
318.71039341552853,38.4
320.3762969854716,38.4
322.05090825607795,38.4
323.7342727426186,38.4
325.4264361982722,38.3
327.1274446153702,38.3
328.83734422664674,38.2
330.55618150649445,38.2
332.28400317222986,38.1
334.02085618535915,38.1
335.76678775285944,38.1
337.52184532845695,38.1
339.28607661392135,38.1
341.0595295603587,38.0
342.84225236951676,37.9
344.63429349509414,37.9
346.4357016440579,37.9
348.24652577796684,37.9
350.06681511430224,37.9
351.8966191278073,37.8
353.7359875518278,37.7
355.5849703796693,37.6
357.44361786595016,37.5
359.3119805279728,37.5
361.1901091470929,37.4
363.0780547701014,37.4
364.9758687106112,37.4
366.8836025504522,37.4
368.80130814107446,37.4
370.72903760495365,37.3
372.66684333701346,37.2
374.6147780060434,37.2
376.57289455613636,37.2
378.54124620812286,37.2
380.5198864610201,37.2
382.50886909348526,37.1
384.5082481652772,37.0
386.51807801872604,37.0
388.53841328020957,37.0
390.56930886163985,36.9
392.6108199619517,36.9
394.6630020686084,36.9
396.7259109591041,36.8
398.7996027024853,36.7
400.8841336608706,36.7
402.9795604909844,36.7
405.0859401456969,36.7
407.20332987557106,36.7
409.331787230421,36.7
411.4713700608718,36.7
413.6221365199375,36.7
415.78414506459575,36.6
417.95745445738237,36.5
420.1421237679842,36.5
422.33821237484636,36.4
424.5457799667861,36.3
426.76488654461485,36.2
428.9955924227691,36.2
431.23795823094935,36.2
433.49204491576995,36.1
435.7579137424112,36.1
438.0356262962907,36.0
440.3252444847303,36.0
442.62683053864555,35.9
444.9404470142319,35.8
447.2661567946673,35.8
449.60402309182115,35.8
451.9541094479714,35.8
454.3164797375345,35.8
456.6911981687959,35.7
459.0783292856624,35.7
461.4779379694089,35.7
463.89008944044906,35.7
466.31484926010245,35.7
468.7522833323791,35.7
471.20245790577025,35.6
473.6654395750488,35.5
476.14129528307956,35.5
478.630092322638,35.5
481.1318983382419,35.5
483.6467813279844,35.5
486.1748096453894,35.5
488.7160520012619,35.4
491.27057746556244,35.3
493.8384554692794,35.3
496.4197558063182,35.3
499.01454863539806,35.3
501.6229044819588,35.2
504.24489424007766,35.1
506.88058917439554,35.0
509.53006092205686,35.0
512.1933814946506,35.0
514.8706232801756,34.9
517.5618590449992,34.8
520.2671619358439,34.8
522.9866054817683,34.8
525.7202635961694,34.8
528.4682105787901,34.8
531.230521117739,34.7
534.0072702915224,34.7
536.7985335710792,34.6
539.6043868218401,34.6
542.4249063057814,34.6
545.2601686835053,34.6
548.1102510163182,34.6
550.9752307683272,34.5
553.8551858085453,34.5
556.7501944130083,34.5
559.6603352669016,34.5
562.5856874666987,34.5
565.5263305223134,34.4
568.4823443592555,34.4
571.4538093208106,34.3
574.4408061702153,34.3
577.4434160928608,34.3
580.4617206984933,34.3
583.4958020234345,34.3
586.5457425328113,34.3
589.6116251227962,34.3
592.6935331228639,34.2
595.7915502980484,34.1
598.9057608512304,34.1
602.0362494254149,34.1
605.1831011060411,34.1
608.3464014232891,34.1
611.5262363544065,34.0
614.7226923260454,33.9
617.9358562166111,33.8
621.1658153586235,33.8
624.4126575410903,33.8
627.6764710118958,33.8
630.957344480193,33.8
634.2553671188238,33.8
637.5706285667327,33.8
640.9032189314127,33.8
644.2532287913472,33.8
647.6207491984753,33.8
651.0058716806659,33.7
654.4086882442045,33.6
657.8292913762976,33.6
661.2677740475787,33.6
664.7242297146454,33.6
668.1987523225889,33.6
671.6914363075575,33.6
675.2023765993158,33.6
678.7316686238282,33.6
682.2794083058518,33.6
685.8456920715438,33.6
689.4306168510824,33.6
693.0342800813003,33.6
696.6567797083366,33.6
700.2982141902914,33.5
703.9586824999124,33.4
707.6382841272731,33.4
711.3371190824884,33.4
715.0552878984242,33.4
718.7928916334344,33.4
722.5500318741055,33.4
726.3268107380181,33.4
730.123330876526,33.4
733.9396954775374,33.4
737.7760082683312,33.4
741.6323735183645,33.5
745.508896042117,33.6
749.4056812019327,33.6
753.3228349108862,33.6
757.2604636356614,33.6
761.2186743994453,33.6
765.1975747848361,33.6
769.1972729367671,33.6
773.2178775654501,33.6
777.2594979493206,33.6
781.3222439380205,33.6
785.406225955371,33.6
789.5115550023859,33.6
793.6383426602791,33.6
797.7867010935024,33.6
801.9567430527921,33.6
806.1485818782347,33.6
810.3623315023465,33.6
814.59810645317,33.6
818.8560218573906,33.6
823.1361934434566,33.7
827.4387375447371,33.7
831.7637711026708,33.8
836.1114116699566,33.8
840.4817774137397,33.8
844.8749871188272,33.8
849.2911601909162,33.8
853.7304166598383,34.0
858.1928771828257,34.1
862.6786630477819,34.1
867.1878961765907,34.1
871.7206991284164,34.1
876.2771951030477,34.1
880.8575079442367,34.1
885.4617621430697,34.1
890.0900828413493,34.1
894.742595834996,34.2
899.4194275774676,34.2
904.1207051831946,34.3
908.8465564310401,34.3
913.5971097677627,34.3
918.3724943115215,34.3
923.1728398553701,34.4
927.998276870799,34.4
932.8489365112713,34.5
937.7249506157918,34.5
942.6264517124897,34.5
947.5535730222193,34.5
952.5064484621864,34.5
957.4852126495767,34.5
962.4900009052299,34.5
967.5209492573013,34.5
972.5781944449744,34.6
977.6618739221665,34.6
982.772125861269,34.6
987.9090891569025,34.6
993.0729034296917,34.6
998.26370903006,34.6
1003.4816470420445,34.7
1008.7268592871307,34.8
1013.9994883281055,34.8
1019.2996774729368,34.8
1024.627570778662,34.8
1029.9833130553077,34.8
1035.3670498698243,34.8
1040.778927550043,34.8
1046.219093188652,34.8
1051.687694647196,34.8
1057.1848805600926,34.9
1062.7108003386745,35.0
1068.2656041752484,35.0
1073.849443047181,35.0
1079.4624687209969,35.0
1085.104833756507,35.0
1090.7766915109553,35.0
1096.4781961431852,35.0
1102.2095026178308,35.0
1107.9707667095288,35.0
1113.7621450071517,35.0
1119.5837949180645,34.9
1125.4358746724013,34.8
1131.3185433273702,34.7
1137.231960771571,34.7
1143.1762877293438,34.6
1149.1516857651375,34.6
1155.1583172879002,34.6
1161.1963455554942,34.6
1167.2659346791324,34.5
1173.3672496278396,34.5
1179.5004562329357,34.5
1185.6657211925422,34.5
1191.8632120761172,34.5
1198.0930973290035,34.4
1204.355546277011,34.4
1210.650729131018,34.3
1216.9788169915967,34.3
1223.3399818536654,34.3
1229.7343966111616,34.3
1236.162235061742,34.3
1242.6236719115057,34.3
1249.1188827797416,34.3
1255.6480442037073,34.3
1262.2113336434193,34.2
1268.8089294864806,34.1
1275.4410110529293,34.1
1282.1077586001115,34.1
1288.8093533275808,34.1
1295.5459773820237,34.1
1302.3178138622095,34.0
1309.1250468239675,33.9
1315.967861285188,33.8
1322.8464432308563,33.8
1329.7609796180998,33.8
1336.7116583812742,33.7
1343.6986684370715,33.7
1350.7221996896535,33.6
1357.782443035813,33.6
1364.879590370164,33.5
1372.0138345903551,33.4
1379.1853696023147,33.4
1386.3943903255179,33.4
1393.6410926982915,33.4
1400.9256736831292,33.4
1408.248331272053,33.4
1415.6092644919916,33.4
1423.0086734101894,33.3
1430.4467591396458,33.2
1437.9237238445805,33.2
1445.439770745928,33.2
1452.9951041268616,33.2
1460.589929338344,33.2
1468.224452804715,33.2
1475.898882029292,33.2
1483.6134256000173,33.2
1491.3682931951248,33.2
1499.1636955888393,33.2
1506.999844657106,33.2
1514.8769533833477,33.2
1522.7952358642551,33.2
1530.754907315605,33.2
1538.7561840781082,33.2
1546.799283623296,33.2
1554.8844245594228,33.2
1563.0118266374113,33.2
1571.181710756826,33.2
1579.3942989718767,33.3
1587.649814497453,33.4
1595.9484817151922,33.4
1604.2905261795772,33.4
1612.6761746240677,33.4
1621.1056549672617,33.5
1629.5791963190893,33.6
1638.097028987047,33.6
1646.6593844824454,33.6
1655.266495526711,33.6
1663.9185960577072,33.6
1672.6159212360947,33.6
1681.3587074517213,33.6
1690.1471923300487,33.7
1698.9816147386093,33.8
1707.8622147934998,33.8
1716.789233865905,33.8
1725.7629145886658,33.8
1734.7835008628629,33.8
1743.8512378644525,33.8
1752.9663720509295,33.8
1762.1291511680254,33.8
1771.3398242564415,33.8
1780.598641658619,33.8
1789.9058550255418,33.8
1799.2617173235774,33.8
1808.6664828413498,33.8
1818.1204071966588,33.8
1827.6237473434162,33.8
1837.1767615786375,33.8
1846.7797095494598,33.8
1856.4328522602,33.8
1866.1364520794475,33.8
1875.8907727471963,33.8
1885.6960793820124,33.7
1895.552638488241,33.6
1905.4607179632462,33.6
1915.4205871047022,33.6
1925.4325166178992,33.6
1935.4967786231095,33.6
1945.6136466629825,33.6
1955.783395709978,33.6
1966.006302173841,33.6
1976.282643909114,33.6
1986.6127002226892,33.6
1996.996751881399,33.6
2007.4350811196462,33.6
2017.927971647083,33.6
2028.4757086563097,33.7
2039.078578830634,33.8
2049.736870351861,33.8
2060.4508729081267,33.8
2071.22087770177,33.8
2082.0471774572497,33.8
2092.9300664290977,33.8
2103.8698404099196,33.8
2114.8667967384304,33.8
2125.9212343075446,33.8
2137.0334535724887,33.8
2148.2037565589744,33.8
2159.4324468714053,33.8
2170.71982970113,33.8
2182.0662118347364,33.8
2193.4719016623894,33.8
2204.937209186215,33.8
2216.4624460287228,33.8
2228.0479254412767,33.8
2239.6939623126154,33.8
2251.4008731773993,33.7
2263.168976224821,33.6
2274.9985913072546,33.6
2286.890039948944,33.6
2298.843645354747,33.6
2310.8597324189163,33.6
2322.9386277339318,33.5
2335.0806595993763,33.4
2347.2861580308577,33.3
2359.5554547689862,33.2
2371.8888832883777,33.2
2384.2867788067265,33.1
2396.7494782939148,33.0
2409.2773204811715,32.9
2421.8706458702773,32.8
2434.5297967428205,32.7
2447.2551171695004,32.6
2460.0469530194778,32.5
2472.905651969775,32.4
2485.8315635147337,32.2
2498.825038975499,32.1
2511.88643150958,32.0
2525.0160961204438,32.0
2538.2143896671673,31.9
2551.481670874133,31.9
2564.8183003407817,31.8
2578.224640551411,31.8
2591.7010558850307,31.7
2605.247912625263,31.7
2618.8655789702975,31.7
2632.5544250429093,31.7
2646.314822900502,31.7
2660.14714654523,31.6
2674.051771934164,31.5
2688.029076989506,31.4
2702.079441608862,31.3
2716.20324767557,31.2
2730.400879069075,31.1
2744.6727216753675,31.0
2759.0191633974646,30.8
2773.440594165967,30.7
2787.9374059496395,30.6
2802.509992766076,30.6
2817.1587506924047,30.5
2831.8840778760564,30.4
2846.686374545581,30.3
2861.5660430215316,29.9
2876.5234877273942,29.5
2891.5591152005823,29.3
2906.6733341034837,29.2
2921.8665552345788,29.1
2937.139191539587,29.0
2952.4916581227058,28.9
2967.9243722578863,28.7
2983.4377534001765,28.5
2999.0322231971227,28.3
3014.7082055002275,28.2
3030.466126376471,28.2
3046.306414119893,28.1
3062.229499263226,28.1
3078.2358145896155,28.0
3094.325795144359,28.0
3110.4998782467446,27.9
3126.7585035019356,27.9
3143.1021128129173,27.9
3159.5311503925072,27.9
3176.0460627754296,27.8
3192.6472988304513,27.8
3209.335309772584,27.7
3226.1105491753406,27.6
3242.973472983081,27.5
3259.924539523382,27.4
3276.9642095195077,27.4
3294.0929461029286,27.4
3311.311214825911,27.4
3328.6194836741684,27.4
3346.018223079582,27.4
3363.507905932988,27.4
3381.089007597027,27.3
3398.762005919066,27.2
3416.527381244194,27.2
3434.385616428264,27.2
3452.337196851022,27.2
3470.382610429304,27.2
3488.5223476302926,27.2
3506.7569014848486,27.2
3525.0867676009134,27.2
3543.512444176976,27.2
3562.034432015617,27.2
3580.6532345371147,27.1
3599.369357793143,27.0
3618.1833104805046,27.0
3637.095603954969,26.9
3656.1067522451726,26.9
3675.2172720665826,26.9
3694.4276828355482,26.8
3713.738506683413,26.7
3733.1502684707093,26.7
3752.6634958014215,26.7
3772.2787190373247,26.7
3791.9964713124127,26.7
3811.817288547367,26.7
3831.7417094641373,26.7
3851.7702756005806,26.8
3871.9035313251793,26.8
3892.1420238518376,26.9
3912.4863032547537,27.1
3932.936922483372,27.2
3953.4944373774106,27.4
3974.1594066819653,27.6
3994.9323920627126,27.8
4015.8139581211503,27.9
4036.8046724099613,28.0
4057.9051054484326,28.1
4079.115830737964,28.2
4100.437424777656,28.3
4121.870467079975,28.4
4143.41554018651,28.4
4165.0732296838005,28.5
4186.844124219257,28.5
4208.728815517151,28.6
4230.72789839472,28.6
4252.841970778305,28.6
4275.071633719623,28.7
4297.417491412092,28.8
4319.880151207261,28.8
4342.460223631314,28.8
4365.158322401661,28.8
4387.975064443623,28.8
4410.911069907196,28.9
4433.9669621839075,29.0
4457.1433679237725,29.1
4480.4409170523,29.1
4503.860242787635,29.1
4527.40198165776,29.1
4551.0667735177985,29.0
4574.855261567406,29.0
4598.768092368251,28.9
4622.80591586159,28.8
4646.969385385929,28.7
4671.25915769478,28.6
4695.675892974527,28.5
4720.220254862348,28.4
4744.892910464259,28.3
4769.694530373255,28.2
4794.625788687525,28.1
4819.68736302878,28.1
4844.87993456067,28.0
4870.204188007296,27.9
4895.660811671819,27.8
4921.250497455168,27.7
4946.973940874864,27.5
4972.8318410838865,27.4
4998.824900889706,27.2
5024.953826773381,27.0
5051.219328908747,26.9
5077.622121181736,26.8
5104.162921209768,26.7
5130.842450361258,26.5
5157.661433775227,26.4
5184.620600380999,26.2
5211.720682918039,26.0
5238.962417955835,25.8
5266.346545913939,25.7
5293.873811082085,25.6
5321.544961640422,25.5
5349.360749679845,25.4
5377.321931222439,25.2
5405.429266242027,25.0
5433.683518684824,24.8
5462.085456490198,24.7
5490.635851611563,24.6
5519.335480037329,24.5
5548.185121812011,24.4
5577.185561057427,24.2
5606.337585994012,24.0
5635.641988962242,23.9
5665.0995664441625,23.8
5694.7111190850455,23.6
5724.477451715144,23.3
5754.399373371566,23.0
5784.477697320285,22.9
5814.713241078208,22.9
5845.10682643542,22.9
5875.659279477514,22.9
5906.371430608045,22.8
5937.244114571097,22.8
5968.278170473975,22.7
5999.4744418100045,22.7
6030.833776481469,22.7
6062.357026822636,22.7
6094.045049622959,22.7
6125.898706150321,22.7
6157.918862174471,22.7
6190.106387990547,22.8
6222.462158442733,22.8
6254.987052948034,22.9
6287.681955520183,23.0
6320.547754793659,23.1
6353.585344047851,23.2
6386.795621231329,23.3
6420.179488986247,23.3
6453.7378546729,23.4
6487.471630394349,23.5
6521.381733021235,23.5
6555.469084216698,23.6
6589.734610461422,23.7
6624.179243078815,23.7
6658.80391826033,23.8
6693.609577090902,23.9
6728.597165574533,24.1
6763.767634659991,24.2
6799.1219402666875,24.3
6834.661043310619,24.3
6870.385909730507,24.3
6906.297510514049,24.4
6942.39682172431,24.5
6978.684824526248,24.5
7015.162505213385,24.5
7051.830855234612,24.5
7088.690871221135,24.5
7125.7435550135615,24.5
7162.989913689153,24.5
7200.430959589155,24.5
7238.067710346342,24.5
7275.901188912673,24.5
7313.932423587085,24.5
7352.162448043451,24.5
7390.59230135867,24.5
7429.22302804091,24.5
7468.055678057999,24.5
7507.091306865953,24.5
7546.330975437692,24.6
7585.775750291836,24.8
7625.426703521717,25.1
7665.284912824515,25.3
7705.351461530549,25.5
7745.627438632719,25.6
7786.113938816104,25.8
7826.81206248772,26.1
7867.722915806424,26.4
7908.847610712972,26.8
7950.187264960275,27.4
7991.743002143727,27.7
8033.515951731782,27.9
8075.507249096639,28.1
8117.718035545101,28.3
8160.149458349601,28.6
8202.80267077938,29.0
8245.67883213183,29.2
8288.77910776401,29.3
8332.104669124305,29.4
8375.656693784302,29.4
8419.436365470749,29.5
8463.444874097753,29.6
8507.683415799123,29.6
8552.153192960874,29.7
8596.855414253905,29.8
8641.791294666864,29.9
8686.962055539152,30.0
8732.36892459413,30.0
8778.01313597248,30.0
8823.895930265779,29.9
8870.018554550163,29.8
8916.382262420266,29.6
8962.988314023276,29.5
9009.83797609319,29.4
9056.932521985234,29.3
9104.273231710486,29.0
9151.861391970657,28.5
9199.698296193066,28.1
9247.785244565785,27.9
9296.12354407301,27.7
9344.714508530542,27.3
9393.559458621517,26.7
9442.659721932305,26.1
9492.016632988581,25.6
9541.631533291613,25.2
9591.505771354708,24.9
9641.64070273987,24.7
9692.037690094652,24.4
9742.698103189163,24.0
9793.623318953358,23.5
9844.814721514387,23.1
9896.27370223427,23.0
9948.001659747684,22.9
10000.0,22.8
10052.270136285486,22.7
10104.813489285681,22.6
10157.6314871081,22.5
10210.725565324987,22.3
10264.09716701231,22.2
10317.747742788988,22.1
10371.678750856474,22.0
10425.891657038128,21.9
10480.387934819217,21.5
10535.16906538697,21.1
10590.236537670813,21.1
10645.591848382772,21.1
10701.236502058211,21.0
10757.172011096769,20.9
10813.399895803414,20.6
10869.921684429703,20.2
10926.73891321545,19.9
10983.85312643042,19.7
11041.265876416248,19.5
11098.978723628681,19.4
11156.993236680037,18.8
11215.310992381786,18.1
11273.933575787378,17.8
11332.862580235347,17.5
11392.099607392682,17.2
11451.646267298307,17.0
11511.504178406769,16.6
11571.674967632372,15.9
11632.16027039332,15.2
11692.961730656129,14.9
11754.08100098034,14.7
11815.519742563505,14.5
11877.27962528627,14.5
11939.362327757724,14.5
12001.76953736107,14.5
12064.50295029953,14.5
12127.56427164241,14.6
12190.95521537136,14.9
12254.677504427105,15.3
12318.732870756214,15.5
12383.123055358106,15.8
12447.849808332432,16.1
12512.914888926687,16.9
12578.320065583976,17.7
12644.067115991029,18.2
12710.157827126544,18.9
12776.593995309939,19.6
12843.377426249857,20.3
12910.50993509343,22.1
12977.99334647565,23.9
13045.829494568892,24.7
13114.020223132724,25.2
13182.567385564074,26.0
13251.472844947652,27.0
13320.738474106534,28.8
13390.366155652993,32.6
13460.35778203982,35.3
13530.715255611682,35.6
13601.440488656775,36.1
13672.535403458849,36.6
13744.001932349513,36.7
13815.842017760702,36.6
13888.057612277411,36.5
13960.650678690825,36.4
14033.62319005172,36.3
14106.977129724035,36.1
14180.714491438697,34.8
14254.837279347976,33.4
14329.347508079869,32.5
14404.247202792812,31.6
14479.538399230763,31.0
14555.223143778607,30.4
14631.303493517702,29.1
14707.78151628175,27.7
14784.65929071304,27.0
14861.938906319014,26.4
14939.622463529,25.8
15017.712073751207,25.2
15096.209859430292,24.0
15175.117954104964,22.7
15254.438502465904,21.7
15334.173660414117,20.8
15414.325595119602,20.4
15494.896485080177,20.0
15575.88852018064,19.2
15657.303901752315,18.4
15739.1448426331,18.0
15821.413567227246,17.7
15904.112311566014,17.7
15987.243323368504,17.8
16070.808862102673,18.0
16154.811199046684,18.1
16239.252617350698,18.2
16324.135412099,18.4
16409.461890372313,19.0
16495.23437131044,19.5
16581.455186175313,19.6
16668.12667841462,19.7
16755.251203725067,19.8
