10.0,49.5
10.052270136285475,49.5
10.104813489285682,49.5
10.157631487108103,49.5
10.210725565324982,49.5
10.264097167012295,49.5
10.317747742789004,49.5
10.371678750856479,49.5
10.425891657038118,49.5
10.480387934819216,49.5
10.535169065386981,49.5
10.590236537670812,49.5
10.64559184838276,49.5
10.701236502058206,49.5
10.757172011096776,49.5
10.813399895803409,49.5
10.869921684429707,49.5
10.926738913215466,49.5
10.98385312643042,49.5
11.041265876416237,49.5
11.098978723628681,49.5
11.156993236680048,49.5
11.215310992381788,49.5
11.27393357578736,49.5
11.332862580235341,49.5
11.392099607392687,49.5
11.451646267298301,49.5
11.511504178406776,49.5
11.571674967632385,49.5
11.632160270393321,49.5
11.692961730656117,49.5
11.75408100098034,49.5
11.815519742563518,49.5
11.87727962528627,49.5
11.939362327757706,49.5
12.001769537361062,49.5
12.064502950299536,49.5
12.127564271642404,49.5
12.190955215371359,49.5
12.254677504427118,49.5
12.318732870756214,49.5
12.383123055358094,49.5
12.447849808332432,49.5
12.5129148889267,49.5
12.578320065583968,49.5
12.644067115991009,49.5
12.710157827126565,49.5
12.776593995309947,49.5
12.843377426249843,49.5
12.910509935093431,49.5
12.977993346475664,49.5
13.045829494568892,49.5
13.11402022313271,49.5
13.182567385564074,49.5
13.251472844947658,49.5
13.320738474106527,49.5
13.390366155653,49.5
13.460357782039841,49.5
13.530715255611682,49.5
13.601440488656761,49.5
13.672535403458848,49.5
13.744001932349526,49.5
13.815842017760701,49.5
13.888057612277397,49.5
13.960650678690818,49.5
14.033623190051728,49.5
14.10697712972403,49.5
14.180714491438705,49.5
14.25483727934799,49.5
14.32934750807987,49.5
14.404247202792797,49.5
14.479538399230764,49.5
14.55522314377862,49.5
14.631303493517702,49.5
14.707781516281727,49.5
14.784659290713032,49.5
14.861938906319022,49.5
14.939622463528993,49.5
15.017712073751214,49.5
15.096209859430308,49.5
15.175117954104964,49.4
15.254438502465888,49.4
15.334173660414118,49.3
15.414325595119617,49.3
15.494896485080169,49.3
15.575888520180618,49.3
15.65730390175234,49.3
15.73914484263311,49.3
15.821413567227237,49.3
15.904112311566013,49.3
15.98724332336852,49.3
16.070808862102673,49.3
16.154811199046666,49.3
16.239252617350697,49.3
16.324135412099007,49.3
16.409461890372306,49.3
16.495234371310413,49.3
16.58145518617534,49.3
16.668126678414627,49.3
16.755251203725052,49.3
16.84283113011666,49.3
16.930868837977105,49.3
17.01936672013636,49.3
17.108327181931763,49.3
17.197752641273365,49.3
17.28764552870969,49.3
17.378008287493753,49.3
17.4688433736495,49.3
17.560153256038525,49.3
17.651940416427212,49.3
17.744207349554188,49.3
17.836956563198083,49.3
17.93019057824573,49.3
18.023911928760675,49.3
18.118123162052047,49.3
18.21282683874379,49.3
18.30802553284428,49.3
18.403721831816252,49.3
18.499918336647156,49.3
18.59661766191982,49.3
18.69382243588356,49.3
18.791535300525574,49.3
18.889758911642755,49.3
18.98849593891389,49.3
19.08774906597221,49.3
19.187520990478333,49.3
19.287814424193606,49.3
19.388632093053765,49.2
19.48997673724305,49.1
19.591851111268685,49.0
19.69425798403576,49.0
19.79720013892245,49.0
19.90068037385568,49.0
20.004701501387192,49.0
20.109266348769967,49.0
20.214377758035074,49.0
20.320038586068932,49.0
20.426251704690927,49.0
20.533020000731486,49.0
20.64034637611054,49.0
20.748233747916412,49.0
20.856685048485062,49.0
20.965703225479817,49.0
21.075291241971485,49.0
21.185452076518878,49.0
21.296188723249774,49.0
21.407504191942323,49.0
21.519401508106792,49.0
21.631883713067854,49.0
21.744953864047204,49.0
21.858615034246718,49.0
21.972870312931903,49.0
22.087722805515906,49.0
22.203175633643916,49.0
22.319231935278008,49.0
22.435894864782412,49.0
22.553167593009288,49.0
22.671053307384867,48.9
22.789555211996095,48.8
22.908676527677724,48.8
23.028420492099883,48.8
23.148790359856015,48.8
23.26978940255137,48.8
23.391420908891938,48.8
23.51368818477381,48.8
23.63659455337303,48.8
23.760143355235964,48.8
23.884337948370025,48.8
24.009181708334992,48.8
24.134678028334722,48.8
24.260830319309434,48.8
24.387642010028344,48.8
24.515116547182902,48.8
24.64325739548046,48.8
24.772068037738443,48.8
24.901551974979007,48.8
25.031712726524198,48.8
25.162553830091625,48.8
25.294078841890578,48.8
25.426291336718684,48.7
25.559194908059133,48.6
25.692793168178262,48.6
25.827089748223784,48.6
25.96208829832347,48.6
26.097792487684362,48.6
26.234206004692496,48.6
26.371332557013133,48.6
26.5091758716916,48.6
26.647739695254497,48.6
26.787027793811582,48.6
26.9270439531581,48.6
27.06779197887776,48.6
27.209275696446046,48.6
27.351498951334275,48.6
27.494465609114105,48.6
27.638179555562576,48.6
27.782644696767733,48.6
27.92786495923483,48.6
28.07384428999299,48.6
28.220586656702505,48.6
28.368096047762684,48.5
28.516376472420284,48.5
28.66543196087842,48.5
28.815266564406134,48.5
28.965884355448516,48.5
29.11728942773738,48.5
29.26948589640251,48.5
29.42247789808359,48.5
29.57626959104251,48.5
29.730865155276486,48.5
29.88626879263161,48.5
30.04248472691713,48.5
30.19951720402016,48.5
30.357370492021133,48.5
30.516048881309793,48.4
30.675556684701824,48.3
30.835898237556027,48.3
30.99707789789224,48.3
31.15910004650967,48.3
31.321969087106055,48.3
31.485689446397288,48.3
31.650265574237824,48.3
31.815701943741516,48.3
31.98200305140326,48.3
32.14917341722119,48.3
32.31721758481955,48.3
32.486140121572134,48.3
32.655945618726484,48.3
32.82663869152868,48.2
32.99822397934869,48.1
33.170706145806605,48.1
33.34408987889928,48.1
33.51837989112781,48.1
33.69358091962557,48.1
33.86969772628702,48.1
34.04673509789711,48.1
34.224697846261364,48.1
34.40359080833668,48.1
34.58341884636283,48.1
34.764186847994516,48.1
34.94589972643436,48.1
35.12856242056629,48.1
35.312179895089876,48.1
35.496757140655234,48.0
35.68229917399868,47.9
35.86881103807908,47.8
36.05629780221492,47.8
36.24476456222205,47.8
36.434216440552284,47.8
36.6246585864325,47.8
36.81609617600466,47.8
37.00853441246656,47.8
37.2019785262131,47.8
37.39643377497855,47.8
37.591905443979435,47.8
37.788398846058186,47.7
37.985919321827524,47.6
38.184472239815605,47.6
38.384062996612016,47.6
38.584697017014335,47.6
38.786379754175634,47.6
38.98911668975273,47.6
39.1929133340551,47.6
39.39777522619469,47.6
39.60370793423646,47.6
39.810717055349734,47.6
40.0188082159603,47.6
40.227987071903335,47.6
40.43825930857721,47.6
40.64963064109788,47.5
40.8621068144543,47.4
41.075693603664625,47.4
41.29039681393302,47.4
41.506222280807584,47.4
41.72317587033889,47.4
41.94126347923944,47.3
42.16049103504393,47.3
42.38086449627034,47.3
42.60238985258197,47.3
42.825073124950116,47.3
43.04892036581776,47.3
43.27393765926414,47.3
43.500131121170035,47.3
43.727506899384,47.3
43.956071173889484,47.3
44.18583015697281,47.3
44.416790093392,47.2
44.648957260546474,47.1
44.88233796864779,47.1
45.116938560890986,47.1
45.35276541362708,47.1
45.58982493653644,47.1
45.82812357280281,47.1
46.067667799288614,47.1
46.308464126710895,47.1
46.55051909981832,47.1
46.793839297569036,47.0
47.03843133330949,47.0
47.28430185495417,46.9
47.531457545166376,46.9
47.77990512153967,46.9
48.02965133678067,46.9
48.28070297889241,46.9
48.53306687135893,46.9
48.78674987333074,46.9
49.041758879811184,46.9
49.298100821843896,46.9
49.55578266670119,46.8
49.81481141807335,46.7
50.07519411625915,46.6
50.336937838356974,46.6
50.60004969845742,46.6
50.86453684783644,46.6
51.13040647514984,46.5
51.39766580662862,46.4
51.66632210627541,46.4
51.93638267606184,46.4
52.20785485612707,46.4
52.48074602497726,46.4
52.75506359968615,46.4
53.030815036096584,46.4
53.308007829023246,46.4
53.58664951245627,46.3
53.866747659766084,46.2
54.148309883909214,46.2
54.431343837635225,46.2
54.7158572136947,46.2
55.00185774504835,46.2
55.28935320507712,46.2
55.57835140779364,46.2
55.86886020805435,46.2
56.160887501773274,46.1
56.45444122613637,46.1
56.74952935981742,46.1
57.04615992319485,46.1
57.34434097856969,46.1
57.64408063038476,46.1
57.94538702544487,46.1
58.24826835313831,46.0
58.552732845659456,46.0
58.85878877823242,45.9
59.166444469336014,45.9
59.475708280929936,45.9
59.786588618681876,45.9
60.0990939321961,45.9
60.41323271524305,45.8
60.72901350599024,45.7
61.046444887234294,45.7
61.365535486634215,45.7
61.686293976945976,45.7
62.008729076258064,45.7
62.332849548228545,45.7
62.658664202323344,45.7
62.98618189405547,45.7
63.315411525225876,45.7
63.64636204416533,45.6
63.979042445977655,45.5
64.31346177278421,45.4
64.64962911396958,45.4
64.98755360642885,45.4
65.32724443481563,45.4
65.66871083179183,45.4
66.01196207827876,45.4
66.35700750370908,45.3
66.7038564862806,45.2
67.05251845321108,45.2
67.40300288099445,45.2
67.75531929565844,45.2
68.1094772730234,45.2
68.46548643896274,45.2
68.82335646966433,45.2
69.18309709189363,45.1
69.54471808325809,45.0
69.90822927247277,45.0
70.27364053962762,45.0
70.6409618164559,45.0
71.01020308660422,45.0
71.38137438590384,44.9
71.75448580264342,44.8
72.12954747784322,44.8
72.50656960553087,44.8
72.88556243301818,44.8
73.26653626117992,44.8
73.64950144473359,44.7
74.03446839252094,44.7
74.42144756779092,44.7
74.810449488484,44.7
75.20148472751808,44.7
75.59456391307583,44.7
75.98969772889355,44.6
76.38689691455168,44.5
76.78617226576647,44.5
77.18753463468363,44.5
77.59099493017311,44.5
77.99656411812569,44.5
78.404253221751,44.5
78.8140733218772,44.5
79.226035557252,44.5
79.64015112484554,44.5
80.05643128015467,44.4
80.47488733750892,44.3
80.89553067037787,44.3
81.31837271168051,44.3
81.74342495409579,44.3
82.170698950375,44.3
82.60020631365589,44.2
83.03195871777821,44.1
83.46596789760103,44.0
83.90224564932171,44.0
84.34080383079642,43.9
84.78165436186265,43.8
85.22480922466286,43.8
85.67028046397054,43.8
86.11808018751721,43.8
86.56822056632171,43.8
87.020713835021,43.8
87.47557229220259,43.8
87.93280830073893,43.8
88.39243428812335,43.7
88.85446274680783,43.7
89.31890623454267,43.6
89.78577737471758,43.6
90.25508885670492,43.6
90.72685343620469,43.6
91.20108393559097,43.6
91.67779324426061,43.5
92.15699431898352,43.5
92.63870018425483,43.5
93.12292393264887,43.5
93.60967872517497,43.5
94.09897779163542,43.5
94.5908344309847,43.4
95.0852620116911,43.3
95.58227397210023,43.3
96.08188382079996,43.3
96.5841051369878,43.3
97.08895157083991,43.3
97.59643684388209,43.2
98.10657474936274,43.1
98.61937915262773,43.1
99.13486399149741,43.0
99.65304327664518,42.9
100.17393109197839,42.8
100.69754159502135,42.8
101.22388901729977,42.8
101.75298766472777,42.8
102.28485191799675,42.8
102.81949623296607,42.8
103.35693514105618,42.8
103.89718324964329,42.8
104.44025524245698,42.8
104.98616587997819,42.7
105.53492999984189,42.6
106.08656251723878,42.6
106.64107842532215,42.6
107.19849279561431,42.6
107.75882077841675,42.5
108.32207760322176,42.5
108.88827857912626,42.4
109.45743909524856,42.4
110.02957462114523,42.4
110.60470070723336,42.4
111.18283298521138,42.4
111.76398716848561,42.3
112.3481790525961,42.3
112.93542451564652,42.3
113.5257395187356,42.3
114.11914010639099,42.3
114.71564240700522,42.2
115.3152626332741,42.2
115.91801708263789,42.1
116.52392213772293,42.1
117.13299426678874,42.1
117.74525002417371,42.0
118.36070605074681,41.9
118.97937907435858,41.9
119.60128591029638,41.9
120.22644346174131,41.9
120.85486872022751,41.9
121.4865787661046,41.9
122.12159076900052,41.9
122.75992198829012,41.9
123.40158977356222,41.9
124.04661156509306,41.8
124.69500489431896,41.7
125.34678738431336,41.6
126.00197675026583,41.6
126.6605907999634,41.6
127.3226474342747,41.6
127.98816464763628,41.5
128.6571605285424,41.4
129.32965326003517,41.4
130.00566112020084,41.4
130.68520248266435,41.4
131.36829581709074,41.4
132.05495968968575,41.3
132.74521276370103,41.2
133.43907379994133,41.2
134.1365616572744,41.2
134.83769529314347,41.2
135.54249376408254,41.2
136.25097622623485,41.1
136.96316193587217,41.1
137.67907024992007,41.1
138.39872062648203,41.1
139.1221326253702,41.1
139.84932590863562,41.0
140.58032024110324,41.0
141.31513549090906,40.9
142.05379163003997,40.9
142.7963087348772,40.9
143.5427069867405,40.8
144.29300667243896,40.7
145.04722818481977,40.7
145.80539202332486,40.7
146.56751879454652,40.7
147.333629212788,40.7
148.1037441006266,40.6
148.87788438947953,40.5
149.65607112017267,40.4
150.43832544351253,40.4
151.2246686208618,40.4
152.01512202471548,40.4
152.80970713928414,40.4
153.6084455610754,40.4
154.41135899948313,40.4
155.218469277376,40.4
156.02979833169113,40.3
156.8453682140304,40.2
157.66520109125955,40.2
158.48931924611142,40.2
159.3177450777899,40.2
160.15050110258113,40.2
160.9876099544629,40.1
161.82909438572216,40.0
162.67497726757185,40.0
163.52528159077312,40.0
164.38003046626017,40.0
165.23924712576837,40.0
166.1029549224657,39.9
166.97117733158728,39.8
167.8439379510743,39.8
168.72126050221348,39.8
169.60316883028446,39.7
170.48968690520502,39.7
171.38083882218535,39.7
172.27664880238083,39.7
173.17714119355136,39.7
174.08234047072295,39.7
174.99227123685273,39.6
175.9069582234984,39.5
176.82642629148881,39.5
177.75070043160196,39.5
178.67980576524164,39.5
179.61376754512278,39.5
180.55261115595593,39.5
181.49636211513797,39.5
182.44504607344558,39.5
183.39868881573247,39.5
184.35731626163007,39.4
185.3209544662519,39.3
186.28962962090262,39.3
187.26336805378796,39.3
188.24219623073301,39.3
189.2261407558986,39.3
190.21522837250714,39.2
191.20948596356752,39.1
192.20894055260666,39.0
193.21361930440384,39.0
194.22354952572874,39.0
195.2387586660848,39.0
196.25927431845295,39.0
197.28512422004457,39.0
198.31633625305224,39.0
199.35293844541056,38.9
200.39495897155572,38.8
201.4424261531923,38.8
202.4953684600627,38.8
203.55381451072122,38.7
204.6177930733116,38.6
205.6873330663489,38.6
206.76246355950653,38.6
207.84321377440395,38.6
208.92961308540407,38.6
210.02169102040844,38.6
211.11947726166272,38.5
212.22300164656127,38.5
213.33229416845913,38.5
214.447384977487,38.5
215.5683043813707,38.5
216.69508284625502,38.4
217.8277509975314,38.4
218.9663396206716,38.3
220.1108796620618,38.3
221.26140222984722,38.3
222.41793859477394,38.3
223.5805201910423,38.3
224.74917861715863,38.3
225.9239456367954,38.3
227.10485317965416,38.2
228.29193334233327,38.1
229.48521838920135,38.1
230.68474075327168,38.1
231.89053303708724,38.1
233.102628013603,38.1
234.32105862708036,38.1
235.5458579939798,38.0
236.77705940386227,37.9
238.0146963202937,37.8
239.25880238175446,37.8
240.50941140255387,37.8
241.76655737374873,37.8
243.03027446406858,37.7
244.30059702084168,37.7
245.57755957093218,37.6
246.86119682167464,37.6
248.1515436618211,37.6
249.44863516248657,37.6
250.75250657810346,37.5
252.0631933473797,37.5
253.3807310942614,37.4
254.7051556289027,37.4
256.03650294863604,37.4
257.3748092389545,37.4
258.72011087449107,37.4
260.0724444200114,37.4
261.4318466314045,37.4
262.79835445668317,37.4
264.17200503698814,37.3
265.5528357075972,37.3
266.94088399894025,37.3
268.336187637619,37.3
269.7387845474336,37.3
271.1487128504106,37.3
272.56601086784315,37.3
273.9907171213279,37.3
275.4228703338166,37.3
276.86250943066517,37.2
278.30967354069315,37.1
279.764401997247,37.1
281.2267343392687,37.1
282.6967103123723,37.1
284.1743698699204,37.1
285.65975317411466,37.1
287.152900597083,37.1
288.6538527219809,37.0
290.16265034409145,36.9
291.67933447193553,36.9
293.203946328386,36.9
294.7365273517884,36.9
296.27711919708696,36.9
297.8257637369567,36.8
299.38250306294265,36.7
300.947379486601,36.6
302.52043554065347,36.6
304.1017139801383,36.6
305.69125778357716,36.6
307.2891101541398,36.6
308.8953145208197,36.6
310.5099145396145,36.6
312.1329540947119,36.6
313.76447729968413,36.5
315.40452849868336,36.4
317.0531522676519,36.4
318.71039341552853,36.4
320.3762969854716,36.4
322.05090825607795,36.4
323.7342727426186,36.4
325.4264361982722,36.3
327.1274446153702,36.3
328.83734422664674,36.2
330.55618150649445,36.2
332.28400317222986,36.2
334.02085618535915,36.2
335.76678775285944,36.2
337.52184532845695,36.2
339.28607661392135,36.2
341.0595295603587,36.1
342.84225236951676,36.1
344.63429349509414,36.1
346.4357016440579,36.1
348.24652577796684,36.1
350.06681511430224,36.1
351.8966191278073,36.1
353.7359875518278,36.1
355.5849703796693,36.1
357.44361786595016,36.1
359.3119805279728,36.1
361.1901091470929,36.1
363.0780547701014,36.0
364.9758687106112,35.9
366.8836025504522,35.9
368.80130814107446,35.9
370.72903760495365,35.9
372.66684333701346,35.9
374.6147780060434,35.9
376.57289455613636,35.9
378.54124620812286,35.9
380.5198864610201,35.9
382.50886909348526,35.9
384.5082481652772,35.9
386.51807801872604,35.8
388.53841328020957,35.7
390.56930886163985,35.7
392.6108199619517,35.7
394.6630020686084,35.7
396.7259109591041,35.7
398.7996027024853,35.7
400.8841336608706,35.7
402.9795604909844,35.7
405.0859401456969,35.7
407.20332987557106,35.7
409.331787230421,35.7
411.4713700608718,35.7
413.6221365199375,35.7
415.78414506459575,35.6
417.95745445738237,35.5
420.1421237679842,35.4
422.33821237484636,35.4
424.5457799667861,35.4
426.76488654461485,35.4
428.9955924227691,35.4
431.23795823094935,35.4
433.49204491576995,35.4
435.7579137424112,35.4
438.0356262962907,35.4
440.3252444847303,35.4
442.62683053864555,35.3
444.9404470142319,35.2
447.2661567946673,35.2
449.60402309182115,35.2
451.9541094479714,35.2
454.3164797375345,35.2
456.6911981687959,35.2
459.0783292856624,35.2
461.4779379694089,35.2
463.89008944044906,35.2
466.31484926010245,35.2
468.7522833323791,35.2
471.20245790577025,35.1
473.6654395750488,35.0
476.14129528307956,35.0
478.630092322638,35.0
481.1318983382419,35.0
483.6467813279844,35.0
486.1748096453894,35.0
488.7160520012619,35.0
491.27057746556244,35.0
493.8384554692794,35.0
496.4197558063182,35.0
499.01454863539806,35.0
501.6229044819588,35.0
504.24489424007766,34.9
506.88058917439554,34.9
509.53006092205686,34.8
512.1933814946506,34.8
514.8706232801756,34.8
517.5618590449992,34.8
520.2671619358439,34.8
522.9866054817683,34.8
525.7202635961694,34.8
528.4682105787901,34.8
531.230521117739,34.8
534.0072702915224,34.8
536.7985335710792,34.8
539.6043868218401,34.8
542.4249063057814,34.8
545.2601686835053,34.8
548.1102510163182,34.8
550.9752307683272,34.7
553.8551858085453,34.7
556.7501944130083,34.7
559.6603352669016,34.7
562.5856874666987,34.7
565.5263305223134,34.7
568.4823443592555,34.7
571.4538093208106,34.7
574.4408061702153,34.7
577.4434160928608,34.7
580.4617206984933,34.7
583.4958020234345,34.7
586.5457425328113,34.7
589.6116251227962,34.7
592.6935331228639,34.7
595.7915502980484,34.7
598.9057608512304,34.7
602.0362494254149,34.7
605.1831011060411,34.7
608.3464014232891,34.7
611.5262363544065,34.6
614.7226923260454,34.5
617.9358562166111,34.5
621.1658153586235,34.5
624.4126575410903,34.5
627.6764710118958,34.5
630.957344480193,34.5
634.2553671188238,34.5
637.5706285667327,34.5
640.9032189314127,34.5
644.2532287913472,34.5
647.6207491984753,34.5
651.0058716806659,34.5
654.4086882442045,34.5
657.8292913762976,34.5
661.2677740475787,34.5
664.7242297146454,34.5
668.1987523225889,34.5
671.6914363075575,34.5
675.2023765993158,34.5
678.7316686238282,34.5
682.2794083058518,34.5
685.8456920715438,34.5
689.4306168510824,34.5
693.0342800813003,34.5
696.6567797083366,34.5
700.2982141902914,34.5
703.9586824999124,34.5
707.6382841272731,34.5
711.3371190824884,34.5
715.0552878984242,34.5
718.7928916334344,34.5
722.5500318741055,34.5
726.3268107380181,34.5
730.123330876526,34.5
733.9396954775374,34.5
737.7760082683312,34.5
741.6323735183645,34.5
745.508896042117,34.5
749.4056812019327,34.5
753.3228349108862,34.5
757.2604636356614,34.5
761.2186743994453,34.5
765.1975747848361,34.5
769.1972729367671,34.5
773.2178775654501,34.5
777.2594979493206,34.5
781.3222439380205,34.6
785.406225955371,34.6
789.5115550023859,34.7
793.6383426602791,34.7
797.7867010935024,34.7
801.9567430527921,34.7
806.1485818782347,34.7
810.3623315023465,34.7
814.59810645317,34.7
818.8560218573906,34.7
823.1361934434566,34.7
827.4387375447371,34.7
831.7637711026708,34.8
836.1114116699566,34.8
840.4817774137397,34.8
844.8749871188272,34.8
849.2911601909162,34.8
853.7304166598383,34.8
858.1928771828257,34.8
862.6786630477819,34.8
867.1878961765907,34.9
871.7206991284164,35.0
876.2771951030477,35.0
880.8575079442367,35.0
885.4617621430697,35.0
890.0900828413493,35.0
894.742595834996,35.1
899.4194275774676,35.1
904.1207051831946,35.2
908.8465564310401,35.2
913.5971097677627,35.2
918.3724943115215,35.2
923.1728398553701,35.3
927.998276870799,35.3
932.8489365112713,35.4
937.7249506157918,35.4
942.6264517124897,35.4
947.5535730222193,35.4
952.5064484621864,35.5
957.4852126495767,35.6
962.4900009052299,35.7
967.5209492573013,35.7
972.5781944449744,35.7
977.6618739221665,35.8
982.772125861269,35.8
987.9090891569025,35.8
993.0729034296917,35.8
998.26370903006,35.8
1003.4816470420445,35.8
1008.7268592871307,35.8
1013.9994883281055,35.8
1019.2996774729368,35.9
1024.627570778662,36.0
1029.9833130553077,36.0
1035.3670498698243,36.0
1040.778927550043,36.0
1046.219093188652,36.0
1051.687694647196,36.0
1057.1848805600926,36.0
1062.7108003386745,36.0
1068.2656041752484,36.1
1073.849443047181,36.2
1079.4624687209969,36.2
1085.104833756507,36.2
1090.7766915109553,36.2
1096.4781961431852,36.2
1102.2095026178308,36.2
1107.9707667095288,36.3
1113.7621450071517,36.4
1119.5837949180645,36.4
1125.4358746724013,36.5
1131.3185433273702,36.6
1137.231960771571,36.6
1143.1762877293438,36.6
1149.1516857651375,36.6
1155.1583172879002,36.6
1161.1963455554942,36.6
1167.2659346791324,36.6
1173.3672496278396,36.6
1179.5004562329357,36.6
1185.6657211925422,36.6
1191.8632120761172,36.6
1198.0930973290035,36.6
1204.355546277011,36.6
1210.650729131018,36.6
1216.9788169915967,36.6
1223.3399818536654,36.6
1229.7343966111616,36.6
1236.162235061742,36.6
1242.6236719115057,36.6
1249.1188827797416,36.6
1255.6480442037073,36.6
1262.2113336434193,36.6
1268.8089294864806,36.6
1275.4410110529293,36.6
1282.1077586001115,36.6
1288.8093533275808,36.6
1295.5459773820237,36.6
1302.3178138622095,36.5
1309.1250468239675,36.4
1315.967861285188,36.4
1322.8464432308563,36.4
1329.7609796180998,36.4
1336.7116583812742,36.4
1343.6986684370715,36.4
1350.7221996896535,36.4
1357.782443035813,36.4
1364.879590370164,36.4
1372.0138345903551,36.4
1379.1853696023147,36.4
1386.3943903255179,36.3
1393.6410926982915,36.3
1400.9256736831292,36.2
1408.248331272053,36.2
1415.6092644919916,36.2
1423.0086734101894,36.2
1430.4467591396458,36.2
1437.9237238445805,36.2
1445.439770745928,36.2
1452.9951041268616,36.2
1460.589929338344,36.2
1468.224452804715,36.2
1475.898882029292,36.2
1483.6134256000173,36.2
1491.3682931951248,36.3
1499.1636955888393,36.4
1506.999844657106,36.4
1514.8769533833477,36.4
1522.7952358642551,36.4
1530.754907315605,36.4
1538.7561840781082,36.5
1546.799283623296,36.6
1554.8844245594228,36.6
1563.0118266374113,36.6
1571.181710756826,36.6
1579.3942989718767,36.6
1587.649814497453,36.6
1595.9484817151922,36.6
1604.2905261795772,36.7
1612.6761746240677,36.8
1621.1056549672617,36.9
1629.5791963190893,37.0
1638.097028987047,37.0
1646.6593844824454,37.1
1655.266495526711,37.1
1663.9185960577072,37.1
1672.6159212360947,37.2
1681.3587074517213,37.3
1690.1471923300487,37.3
1698.9816147386093,37.3
1707.8622147934998,37.4
1716.789233865905,37.4
1725.7629145886658,37.4
1734.7835008628629,37.4
1743.8512378644525,37.5
1752.9663720509295,37.5
1762.1291511680254,37.6
1771.3398242564415,37.6
1780.598641658619,37.6
1789.9058550255418,37.6
1799.2617173235774,37.7
1808.6664828413498,37.7
1818.1204071966588,37.8
1827.6237473434162,37.8
1837.1767615786375,37.8
1846.7797095494598,37.8
1856.4328522602,37.9
1866.1364520794475,38.0
1875.8907727471963,38.1
1885.6960793820124,38.1
1895.552638488241,38.1
1905.4607179632462,38.1
1915.4205871047022,38.2
1925.4325166178992,38.2
1935.4967786231095,38.3
1945.6136466629825,38.3
1955.783395709978,38.3
1966.006302173841,38.3
1976.282643909114,38.4
1986.6127002226892,38.4
1996.996751881399,38.5
2007.4350811196462,38.5
2017.927971647083,38.5
2028.4757086563097,38.6
2039.078578830634,38.6
2049.736870351861,38.7
2060.4508729081267,38.8
2071.22087770177,38.8
2082.0471774572497,38.8
2092.9300664290977,38.8
2103.8698404099196,38.9
2114.8667967384304,39.0
2125.9212343075446,39.1
2137.0334535724887,39.1
2148.2037565589744,39.2
2159.4324468714053,39.3
2170.71982970113,39.3
2182.0662118347364,39.3
2193.4719016623894,39.3
2204.937209186215,39.3
2216.4624460287228,39.3
2228.0479254412767,39.4
2239.6939623126154,39.5
2251.4008731773993,39.5
2263.168976224821,39.5
2274.9985913072546,39.5
2286.890039948944,39.5
2298.843645354747,39.5
2310.8597324189163,39.5
2322.9386277339318,39.4
2335.0806595993763,39.3
2347.2861580308577,39.3
2359.5554547689862,39.3
2371.8888832883777,39.3
2384.2867788067265,39.3
2396.7494782939148,39.3
2409.2773204811715,39.2
2421.8706458702773,39.1
2434.5297967428205,39.0
2447.2551171695004,38.9
2460.0469530194778,38.9
2472.905651969775,38.8
2485.8315635147337,38.7
2498.825038975499,38.7
2511.88643150958,38.6
2525.0160961204438,38.6
2538.2143896671673,38.5
2551.481670874133,38.5
2564.8183003407817,38.4
2578.224640551411,38.3
2591.7010558850307,38.2
2605.247912625263,38.1
2618.8655789702975,37.9
2632.5544250429093,37.8
2646.314822900502,37.7
2660.14714654523,37.6
2674.051771934164,37.4
2688.029076989506,37.3
2702.079441608862,37.1
2716.20324767557,37.0
2730.400879069075,36.8
2744.6727216753675,36.6
2759.0191633974646,36.3
2773.440594165967,36.0
2787.9374059496395,35.8
2802.509992766076,35.7
2817.1587506924047,35.5
2831.8840778760564,35.4
2846.686374545581,35.1
2861.5660430215316,34.7
2876.5234877273942,34.2
2891.5591152005823,33.9
2906.6733341034837,33.7
2921.8665552345788,33.6
2937.139191539587,33.5
2952.4916581227058,33.3
2967.9243722578863,33.0
2983.4377534001765,32.7
2999.0322231971227,32.5
3014.7082055002275,32.4
3030.466126376471,32.3
3046.306414119893,32.1
3062.229499263226,32.0
3078.2358145896155,31.9
3094.325795144359,31.7
3110.4998782467446,31.6
3126.7585035019356,31.4
3143.1021128129173,31.2
3159.5311503925072,31.1
3176.0460627754296,31.0
3192.6472988304513,30.9
3209.335309772584,30.7
3226.1105491753406,30.5
3242.973472983081,30.3
3259.924539523382,30.1
3276.9642095195077,30.0
3294.0929461029286,29.8
3311.311214825911,29.7
3328.6194836741684,29.6
3346.018223079582,29.5
3363.507905932988,29.4
3381.089007597027,29.3
3398.762005919066,29.1
3416.527381244194,28.9
3434.385616428264,28.7
3452.337196851022,28.5
3470.382610429304,28.4
3488.5223476302926,28.4
3506.7569014848486,28.4
3525.0867676009134,28.4
3543.512444176976,28.3
3562.034432015617,28.3
3580.6532345371147,28.2
3599.369357793143,28.2
3618.1833104805046,28.2
3637.095603954969,28.1
3656.1067522451726,28.1
3675.2172720665826,28.0
3694.4276828355482,27.9
3713.738506683413,27.9
3733.1502684707093,27.8
3752.6634958014215,27.8
3772.2787190373247,27.8
3791.9964713124127,27.9
3811.817288547367,27.9
3831.7417094641373,27.9
3851.7702756005806,27.9
3871.9035313251793,28.0
3892.1420238518376,28.0
3912.4863032547537,28.1
3932.936922483372,28.2
3953.4944373774106,28.3
3974.1594066819653,28.4
3994.9323920627126,28.5
4015.8139581211503,28.7
4036.8046724099613,28.9
4057.9051054484326,28.9
4079.115830737964,29.1
4100.437424777656,29.3
4121.870467079975,29.4
4143.41554018651,29.5
4165.0732296838005,29.6
4186.844124219257,29.6
4208.728815517151,29.7
4230.72789839472,29.7
4252.841970778305,29.8
4275.071633719623,29.8
4297.417491412092,29.9
4319.880151207261,30.0
4342.460223631314,30.0
4365.158322401661,30.0
4387.975064443623,30.0
4410.911069907196,30.0
4433.9669621839075,30.1
4457.1433679237725,30.2
4480.4409170523,30.3
4503.860242787635,30.3
4527.40198165776,30.2
4551.0667735177985,30.2
4574.855261567406,30.2
4598.768092368251,30.2
4622.80591586159,30.2
4646.969385385929,30.2
4671.25915769478,30.2
4695.675892974527,30.2
4720.220254862348,30.2
4744.892910464259,30.2
4769.694530373255,30.2
4794.625788687525,30.2
4819.68736302878,30.2
4844.87993456067,30.1
4870.204188007296,30.1
4895.660811671819,30.0
4921.250497455168,29.9
4946.973940874864,29.9
4972.8318410838865,29.8
4998.824900889706,29.8
5024.953826773381,29.7
5051.219328908747,29.7
5077.622121181736,29.6
5104.162921209768,29.5
5130.842450361258,29.4
5157.661433775227,29.3
5184.620600380999,29.2
5211.720682918039,29.1
5238.962417955835,29.0
5266.346545913939,28.9
5293.873811082085,28.8
5321.544961640422,28.8
5349.360749679845,28.7
5377.321931222439,28.6
5405.429266242027,28.4
5433.683518684824,28.3
5462.085456490198,28.2
5490.635851611563,28.1
5519.335480037329,28.0
5548.185121812011,27.8
5577.185561057427,27.6
5606.337585994012,27.4
5635.641988962242,27.4
5665.0995664441625,27.3
5694.7111190850455,27.2
5724.477451715144,27.1
5754.399373371566,26.9
5784.477697320285,26.8
5814.713241078208,26.8
5845.10682643542,26.7
5875.659279477514,26.6
5906.371430608045,26.5
5937.244114571097,26.5
5968.278170473975,26.4
5999.4744418100045,26.4
6030.833776481469,26.4
6062.357026822636,26.4
6094.045049622959,26.3
6125.898706150321,26.3
6157.918862174471,26.2
6190.106387990547,26.2
6222.462158442733,26.1
6254.987052948034,26.1
6287.681955520183,26.1
6320.547754793659,26.1
6353.585344047851,26.1
6386.795621231329,26.0
6420.179488986247,26.0
6453.7378546729,25.9
6487.471630394349,25.8
6521.381733021235,25.8
6555.469084216698,25.7
6589.734610461422,25.7
6624.179243078815,25.7
6658.80391826033,25.7
6693.609577090902,25.7
6728.597165574533,25.7
6763.767634659991,25.7
6799.1219402666875,25.7
6834.661043310619,25.7
6870.385909730507,25.7
6906.297510514049,25.7
6942.39682172431,25.7
6978.684824526248,25.7
7015.162505213385,25.7
7051.830855234612,25.7
7088.690871221135,25.7
7125.7435550135615,25.7
7162.989913689153,25.7
7200.430959589155,25.7
7238.067710346342,25.7
7275.901188912673,25.7
7313.932423587085,25.7
7352.162448043451,25.7
7390.59230135867,25.7
7429.22302804091,25.7
7468.055678057999,25.7
7507.091306865953,25.7
7546.330975437692,25.7
7585.775750291836,25.8
7625.426703521717,25.8
7665.284912824515,25.9
7705.351461530549,26.1
7745.627438632719,26.2
7786.113938816104,26.3
7826.81206248772,26.3
7867.722915806424,26.4
7908.847610712972,26.5
7950.187264960275,26.8
7991.743002143727,27.1
8033.515951731782,27.2
8075.507249096639,27.3
8117.718035545101,27.4
8160.149458349601,27.5
8202.80267077938,27.8
8245.67883213183,28.0
8288.77910776401,28.1
8332.104669124305,28.1
8375.656693784302,28.2
8419.436365470749,28.2
8463.444874097753,28.4
8507.683415799123,28.5
8552.153192960874,28.5
8596.855414253905,28.5
8641.791294666864,28.4
8686.962055539152,28.4
8732.36892459413,28.3
8778.01313597248,28.3
8823.895930265779,28.2
8870.018554550163,28.0
8916.382262420266,27.7
8962.988314023276,27.5
9009.83797609319,27.4
9056.932521985234,27.3
9104.273231710486,26.9
9151.861391970657,26.5
9199.698296193066,26.3
9247.785244565785,26.2
9296.12354407301,26.1
9344.714508530542,26.0
9393.559458621517,25.9
9442.659721932305,25.7
9492.016632988581,25.6
9541.631533291613,25.5
9591.505771354708,25.6
9641.64070273987,25.7
9692.037690094652,25.8
9742.698103189163,26.0
9793.623318953358,26.2
9844.814721514387,26.4
9896.27370223427,26.7
9948.001659747684,27.3
10000.0,28.1
10052.270136285486,28.7
10104.813489285681,29.1
10157.6314871081,29.4
10210.725565324987,29.7
10264.09716701231,30.4
10317.747742788988,31.4
10371.678750856474,32.0
10425.891657038128,32.4
10480.387934819217,32.6
10535.16906538697,32.7
10590.236537670813,33.2
10645.591848382772,33.6
10701.236502058211,33.7
10757.172011096769,33.8
10813.399895803414,33.7
10869.921684429703,33.6
10926.73891321545,33.5
10983.85312643042,33.4
11041.265876416248,33.3
11098.978723628681,33.1
11156.993236680037,32.3
11215.310992381786,31.3
11273.933575787378,30.4
11332.862580235347,29.7
11392.099607392682,29.2
11451.646267298307,28.7
11511.504178406769,28.0
11571.674967632372,25.9
11632.16027039332,24.0
11692.961730656129,23.6
11754.08100098034,23.1
11815.519742563505,22.2
11877.27962528627,21.5
11939.362327757724,20.8
12001.76953736107,20.3
12064.50295029953,20.1
12127.56427164241,19.7
12190.95521537136,19.2
12254.677504427105,18.9
12318.732870756214,18.7
12383.123055358106,18.3
12447.849808332432,18.1
12512.914888926687,18.0
12578.320065583976,18.0
12644.067115991029,18.0
12710.157827126544,17.9
12776.593995309939,18.2
12843.377426249857,18.7
12910.50993509343,19.3
12977.99334647565,20.0
13045.829494568892,20.4
13114.020223132724,20.7
13182.567385564074,21.0
13251.472844947652,21.4
13320.738474106534,22.0
13390.366155652993,23.9
13460.35778203982,25.7
13530.715255611682,26.2
13601.440488656775,26.8
13672.535403458849,27.5
13744.001932349513,28.3
13815.842017760702,29.1
13888.057612277411,30.6
13960.650678690825,32.2
14033.62319005172,32.7
14106.977129724035,32.9
14180.714491438697,32.7
14254.837279347976,33.6
14329.347508079869,34.6
14404.247202792812,35.1
14479.538399230763,35.2
14555.223143778607,35.1
14631.303493517702,34.7
14707.78151628175,34.2
14784.65929071304,33.4
14861.938906319014,32.6
14939.622463529,32.0
15017.712073751207,31.0
15096.209859430292,28.9
15175.117954104964,26.9
15254.438502465904,25.9
15334.173660414117,24.9
15414.325595119602,24.0
15494.896485080177,23.1
15575.88852018064,20.8
15657.303901752315,18.8
15739.1448426331,18.7
15821.413567227246,18.4
15904.112311566014,17.9
15987.243323368504,17.6
16070.808862102673,16.8
16154.811199046684,16.1
16239.252617350698,15.7
16324.135412099,15.4
16409.461890372313,15.0
16495.23437131044,14.8
16581.455186175313,14.5
16668.12667841462,14.1
16755.251203725067,13.7
