10.0,58.6
10.052270136285475,58.6
10.104813489285682,58.6
10.157631487108103,58.6
10.210725565324982,58.6
10.264097167012295,58.6
10.317747742789004,58.6
10.371678750856479,58.6
10.425891657038118,58.6
10.480387934819216,58.6
10.535169065386981,58.6
10.590236537670812,58.6
10.64559184838276,58.6
10.701236502058206,58.6
10.757172011096776,58.6
10.813399895803409,58.6
10.869921684429707,58.6
10.926738913215466,58.6
10.98385312643042,58.6
11.041265876416237,58.6
11.098978723628681,58.6
11.156993236680048,58.6
11.215310992381788,58.6
11.27393357578736,58.6
11.332862580235341,58.6
11.392099607392687,58.6
11.451646267298301,58.6
11.511504178406776,58.6
11.571674967632385,58.6
11.632160270393321,58.6
11.692961730656117,58.6
11.75408100098034,58.6
11.815519742563518,58.6
11.87727962528627,58.6
11.939362327757706,58.6
12.001769537361062,58.6
12.064502950299536,58.6
12.127564271642404,58.6
12.190955215371359,58.6
12.254677504427118,58.6
12.318732870756214,58.6
12.383123055358094,58.6
12.447849808332432,58.6
12.5129148889267,58.6
12.578320065583968,58.6
12.644067115991009,58.6
12.710157827126565,58.6
12.776593995309947,58.6
12.843377426249843,58.6
12.910509935093431,58.6
12.977993346475664,58.6
13.045829494568892,58.6
13.11402022313271,58.6
13.182567385564074,58.6
13.251472844947658,58.6
13.320738474106527,58.6
13.390366155653,58.6
13.460357782039841,58.6
13.530715255611682,58.6
13.601440488656761,58.6
13.672535403458848,58.6
13.744001932349526,58.6
13.815842017760701,58.6
13.888057612277397,58.6
13.960650678690818,58.6
14.033623190051728,58.6
14.10697712972403,58.6
14.180714491438705,58.6
14.25483727934799,58.6
14.32934750807987,58.6
14.404247202792797,58.6
14.479538399230764,58.6
14.55522314377862,58.6
14.631303493517702,58.6
14.707781516281727,58.6
14.784659290713032,58.6
14.861938906319022,58.6
14.939622463528993,58.6
15.017712073751214,58.6
15.096209859430308,58.6
15.175117954104964,58.6
15.254438502465888,58.6
15.334173660414118,58.6
15.414325595119617,58.6
15.494896485080169,58.6
15.575888520180618,58.6
15.65730390175234,58.6
15.73914484263311,58.6
15.821413567227237,58.6
15.904112311566013,58.6
15.98724332336852,58.6
16.070808862102673,58.6
16.154811199046666,58.6
16.239252617350697,58.6
16.324135412099007,58.6
16.409461890372306,58.6
16.495234371310413,58.6
16.58145518617534,58.6
16.668126678414627,58.6
16.755251203725052,58.6
16.84283113011666,58.6
16.930868837977105,58.6
17.01936672013636,58.6
17.108327181931763,58.6
17.197752641273365,58.6
17.28764552870969,58.6
17.378008287493753,58.6
17.4688433736495,58.6
17.560153256038525,58.6
17.651940416427212,58.6
17.744207349554188,58.6
17.836956563198083,58.6
17.93019057824573,58.6
18.023911928760675,58.6
18.118123162052047,58.6
18.21282683874379,58.6
18.30802553284428,58.6
18.403721831816252,58.6
18.499918336647156,58.6
18.59661766191982,58.6
18.69382243588356,58.6
18.791535300525574,58.6
18.889758911642755,58.6
18.98849593891389,58.6
19.08774906597221,58.5
19.187520990478333,58.5
19.287814424193606,58.4
19.388632093053765,58.4
19.48997673724305,58.4
19.591851111268685,58.4
19.69425798403576,58.4
19.79720013892245,58.4
19.90068037385568,58.4
20.004701501387192,58.4
20.109266348769967,58.4
20.214377758035074,58.4
20.320038586068932,58.4
20.426251704690927,58.4
20.533020000731486,58.4
20.64034637611054,58.4
20.748233747916412,58.4
20.856685048485062,58.4
20.965703225479817,58.4
21.075291241971485,58.4
21.185452076518878,58.4
21.296188723249774,58.4
21.407504191942323,58.4
21.519401508106792,58.4
21.631883713067854,58.4
21.744953864047204,58.4
21.858615034246718,58.4
21.972870312931903,58.4
22.087722805515906,58.4
22.203175633643916,58.4
22.319231935278008,58.4
22.435894864782412,58.4
22.553167593009288,58.4
22.671053307384867,58.4
22.789555211996095,58.4
22.908676527677724,58.4
23.028420492099883,58.4
23.148790359856015,58.4
23.26978940255137,58.4
23.391420908891938,58.4
23.51368818477381,58.4
23.63659455337303,58.4
23.760143355235964,58.4
23.884337948370025,58.4
24.009181708334992,58.4
24.134678028334722,58.4
24.260830319309434,58.4
24.387642010028344,58.4
24.515116547182902,58.4
24.64325739548046,58.4
24.772068037738443,58.4
24.901551974979007,58.4
25.031712726524198,58.4
25.162553830091625,58.4
25.294078841890578,58.4
25.426291336718684,58.4
25.559194908059133,58.4
25.692793168178262,58.4
25.827089748223784,58.4
25.96208829832347,58.3
26.097792487684362,58.2
26.234206004692496,58.1
26.371332557013133,58.1
26.5091758716916,58.1
26.647739695254497,58.1
26.787027793811582,58.1
26.9270439531581,58.1
27.06779197887776,58.1
27.209275696446046,58.1
27.351498951334275,58.1
27.494465609114105,58.1
27.638179555562576,58.1
27.782644696767733,58.1
27.92786495923483,58.1
28.07384428999299,58.1
28.220586656702505,58.1
28.368096047762684,58.1
28.516376472420284,58.1
28.66543196087842,58.1
28.815266564406134,58.1
28.965884355448516,58.1
29.11728942773738,58.1
29.26948589640251,58.1
29.42247789808359,58.1
29.57626959104251,58.1
29.730865155276486,58.1
29.88626879263161,58.1
30.04248472691713,58.1
30.19951720402016,58.1
30.357370492021133,58.1
30.516048881309793,58.1
30.675556684701824,58.1
30.835898237556027,58.0
30.99707789789224,58.0
31.15910004650967,57.9
31.321969087106055,57.9
31.485689446397288,57.9
31.650265574237824,57.9
31.815701943741516,57.9
31.98200305140326,57.9
32.14917341722119,57.9
32.31721758481955,57.9
32.486140121572134,57.9
32.655945618726484,57.9
32.82663869152868,57.9
32.99822397934869,57.9
33.170706145806605,57.9
33.34408987889928,57.9
33.51837989112781,57.9
33.69358091962557,57.9
33.86969772628702,57.9
34.04673509789711,57.9
34.224697846261364,57.9
34.40359080833668,57.9
34.58341884636283,57.9
34.764186847994516,57.9
34.94589972643436,57.9
35.12856242056629,57.9
35.312179895089876,57.9
35.496757140655234,57.8
35.68229917399868,57.7
35.86881103807908,57.7
36.05629780221492,57.7
36.24476456222205,57.7
36.434216440552284,57.7
36.6246585864325,57.7
36.81609617600466,57.7
37.00853441246656,57.7
37.2019785262131,57.7
37.39643377497855,57.7
37.591905443979435,57.7
37.788398846058186,57.7
37.985919321827524,57.7
38.184472239815605,57.7
38.384062996612016,57.7
38.584697017014335,57.7
38.786379754175634,57.7
38.98911668975273,57.7
39.1929133340551,57.7
39.39777522619469,57.7
39.60370793423646,57.7
39.810717055349734,57.7
40.0188082159603,57.7
40.227987071903335,57.7
40.43825930857721,57.7
40.64963064109788,57.6
40.8621068144543,57.6
41.075693603664625,57.6
41.29039681393302,57.6
41.506222280807584,57.6
41.72317587033889,57.6
41.94126347923944,57.6
42.16049103504393,57.6
42.38086449627034,57.6
42.60238985258197,57.6
42.825073124950116,57.6
43.04892036581776,57.6
43.27393765926414,57.6
43.500131121170035,57.6
43.727506899384,57.6
43.956071173889484,57.6
44.18583015697281,57.5
44.416790093392,57.4
44.648957260546474,57.4
44.88233796864779,57.4
45.116938560890986,57.4
45.35276541362708,57.4
45.58982493653644,57.4
45.82812357280281,57.4
46.067667799288614,57.4
46.308464126710895,57.4
46.55051909981832,57.4
46.793839297569036,57.4
47.03843133330949,57.4
47.28430185495417,57.4
47.531457545166376,57.3
47.77990512153967,57.2
48.02965133678067,57.2
48.28070297889241,57.2
48.53306687135893,57.2
48.78674987333074,57.2
49.041758879811184,57.2
49.298100821843896,57.2
49.55578266670119,57.2
49.81481141807335,57.2
50.07519411625915,57.2
50.336937838356974,57.2
50.60004969845742,57.2
50.86453684783644,57.2
51.13040647514984,57.1
51.39766580662862,57.0
51.66632210627541,56.9
51.93638267606184,56.9
52.20785485612707,56.9
52.48074602497726,56.9
52.75506359968615,56.9
53.030815036096584,56.9
53.308007829023246,56.9
53.58664951245627,56.9
53.866747659766084,56.9
54.148309883909214,56.9
54.431343837635225,56.9
54.7158572136947,56.9
55.00185774504835,56.9
55.28935320507712,56.8
55.57835140779364,56.7
55.86886020805435,56.7
56.160887501773274,56.7
56.45444122613637,56.7
56.74952935981742,56.7
57.04615992319485,56.7
57.34434097856969,56.7
57.64408063038476,56.7
57.94538702544487,56.7
58.24826835313831,56.6
58.552732845659456,56.6
58.85878877823242,56.5
59.166444469336014,56.5
59.475708280929936,56.5
59.786588618681876,56.5
60.0990939321961,56.5
60.41323271524305,56.5
60.72901350599024,56.5
61.046444887234294,56.5
61.365535486634215,56.5
61.686293976945976,56.5
62.008729076258064,56.5
62.332849548228545,56.4
62.658664202323344,56.4
62.98618189405547,56.4
63.315411525225876,56.4
63.64636204416533,56.4
63.979042445977655,56.4
64.31346177278421,56.4
64.64962911396958,56.4
64.98755360642885,56.4
65.32724443481563,56.4
65.66871083179183,56.4
66.01196207827876,56.4
66.35700750370908,56.3
66.7038564862806,56.2
67.05251845321108,56.2
67.40300288099445,56.2
67.75531929565844,56.2
68.1094772730234,56.2
68.46548643896274,56.2
68.82335646966433,56.2
69.18309709189363,56.1
69.54471808325809,56.0
69.90822927247277,56.0
70.27364053962762,56.0
70.6409618164559,56.0
71.01020308660422,56.0
71.38137438590384,56.0
71.75448580264342,56.0
72.12954747784322,56.0
72.50656960553087,56.0
72.88556243301818,55.9
73.26653626117992,55.8
73.64950144473359,55.7
74.03446839252094,55.7
74.42144756779092,55.7
74.810449488484,55.7
75.20148472751808,55.7
75.59456391307583,55.7
75.98969772889355,55.6
76.38689691455168,55.5
76.78617226576647,55.5
77.18753463468363,55.5
77.59099493017311,55.5
77.99656411812569,55.5
78.404253221751,55.5
78.8140733218772,55.5
79.226035557252,55.5
79.64015112484554,55.5
80.05643128015467,55.4
80.47488733750892,55.3
80.89553067037787,55.3
81.31837271168051,55.3
81.74342495409579,55.3
82.170698950375,55.3
82.60020631365589,55.3
83.03195871777821,55.3
83.46596789760103,55.3
83.90224564932171,55.3
84.34080383079642,55.2
84.78165436186265,55.1
85.22480922466286,55.1
85.67028046397054,55.1
86.11808018751721,55.1
86.56822056632171,55.1
87.020713835021,55.0
87.47557229220259,55.0
87.93280830073893,55.0
88.39243428812335,55.0
88.85446274680783,55.0
89.31890623454267,55.0
89.78577737471758,55.0
90.25508885670492,55.0
90.72685343620469,55.0
91.20108393559097,54.9
91.67779324426061,54.9
92.15699431898352,54.8
92.63870018425483,54.8
93.12292393264887,54.8
93.60967872517497,54.8
94.09897779163542,54.8
94.5908344309847,54.7
95.0852620116911,54.6
95.58227397210023,54.6
96.08188382079996,54.6
96.5841051369878,54.6
97.08895157083991,54.6
97.59643684388209,54.6
98.10657474936274,54.6
98.61937915262773,54.6
99.13486399149741,54.5
99.65304327664518,54.4
100.17393109197839,54.3
100.69754159502135,54.3
101.22388901729977,54.3
101.75298766472777,54.2
102.28485191799675,54.1
102.81949623296607,54.1
103.35693514105618,54.1
103.89718324964329,54.1
104.44025524245698,54.1
104.98616587997819,54.1
105.53492999984189,54.0
106.08656251723878,54.0
106.64107842532215,53.9
107.19849279561431,53.9
107.75882077841675,53.9
108.32207760322176,53.9
108.88827857912626,53.9
109.45743909524856,53.8
110.02957462114523,53.8
110.60470070723336,53.8
111.18283298521138,53.8
111.76398716848561,53.8
112.3481790525961,53.8
112.93542451564652,53.7
113.5257395187356,53.6
114.11914010639099,53.6
114.71564240700522,53.6
115.3152626332741,53.6
115.91801708263789,53.6
116.52392213772293,53.6
117.13299426678874,53.6
117.74525002417371,53.5
118.36070605074681,53.4
118.97937907435858,53.4
119.60128591029638,53.4
120.22644346174131,53.4
120.85486872022751,53.3
121.4865787661046,53.2
122.12159076900052,53.1
122.75992198829012,53.1
123.40158977356222,53.1
124.04661156509306,53.1
124.69500489431896,53.0
125.34678738431336,53.0
126.00197675026583,52.9
126.6605907999634,52.9
127.3226474342747,52.9
127.98816464763628,52.9
128.6571605285424,52.8
129.32965326003517,52.8
130.00566112020084,52.7
130.68520248266435,52.7
131.36829581709074,52.7
132.05495968968575,52.7
132.74521276370103,52.7
133.43907379994133,52.6
134.1365616572744,52.6
134.83769529314347,52.6
135.54249376408254,52.6
136.25097622623485,52.6
136.96316193587217,52.5
137.67907024992007,52.5
138.39872062648203,52.4
139.1221326253702,52.4
139.84932590863562,52.4
140.58032024110324,52.4
141.31513549090906,52.4
142.05379163003997,52.4
142.7963087348772,52.4
143.5427069867405,52.3
144.29300667243896,52.2
145.04722818481977,52.2
145.80539202332486,52.2
146.56751879454652,52.1
147.333629212788,52.0
148.1037441006266,51.9
148.87788438947953,51.9
149.65607112017267,51.9
150.43832544351253,51.9
151.2246686208618,51.8
152.01512202471548,51.7
152.80970713928414,51.7
153.6084455610754,51.7
154.41135899948313,51.7
155.218469277376,51.7
156.02979833169113,51.6
156.8453682140304,51.5
157.66520109125955,51.5
158.48931924611142,51.5
159.3177450777899,51.5
160.15050110258113,51.5
160.9876099544629,51.4
161.82909438572216,51.4
162.67497726757185,51.4
163.52528159077312,51.4
164.38003046626017,51.4
165.23924712576837,51.4
166.1029549224657,51.3
166.97117733158728,51.2
167.8439379510743,51.2
168.72126050221348,51.2
169.60316883028446,51.1
170.48968690520502,51.0
171.38083882218535,51.0
172.27664880238083,51.0
173.17714119355136,51.0
174.08234047072295,51.0
174.99227123685273,50.9
175.9069582234984,50.8
176.82642629148881,50.7
177.75070043160196,50.7
178.67980576524164,50.7
179.61376754512278,50.7
180.55261115595593,50.6
181.49636211513797,50.5
182.44504607344558,50.5
183.39868881573247,50.5
184.35731626163007,50.5
185.3209544662519,50.5
186.28962962090262,50.4
187.26336805378796,50.3
188.24219623073301,50.2
189.2261407558986,50.2
190.21522837250714,50.1
191.20948596356752,50.1
192.20894055260666,50.1
193.21361930440384,50.1
194.22354952572874,50.1
195.2387586660848,50.1
196.25927431845295,50.0
197.28512422004457,50.0
198.31633625305224,50.0
199.35293844541056,49.9
200.39495897155572,49.9
201.4424261531923,49.8
202.4953684600627,49.8
203.55381451072122,49.8
204.6177930733116,49.8
205.6873330663489,49.7
206.76246355950653,49.7
207.84321377440395,49.6
208.92961308540407,49.6
210.02169102040844,49.6
211.11947726166272,49.6
212.22300164656127,49.6
213.33229416845913,49.5
214.447384977487,49.4
215.5683043813707,49.3
216.69508284625502,49.2
217.8277509975314,49.1
218.9663396206716,49.1
220.1108796620618,49.1
221.26140222984722,49.1
222.41793859477394,49.1
223.5805201910423,49.0
224.74917861715863,49.0
225.9239456367954,48.9
227.10485317965416,48.9
228.29193334233327,48.9
229.48521838920135,48.9
230.68474075327168,48.8
231.89053303708724,48.8
233.102628013603,48.8
234.32105862708036,48.7
235.5458579939798,48.6
236.77705940386227,48.6
238.0146963202937,48.6
239.25880238175446,48.6
240.50941140255387,48.6
241.76655737374873,48.5
243.03027446406858,48.4
244.30059702084168,48.4
245.57755957093218,48.4
246.86119682167464,48.4
248.1515436618211,48.4
249.44863516248657,48.3
250.75250657810346,48.2
252.0631933473797,48.1
253.3807310942614,48.1
254.7051556289027,48.0
256.03650294863604,48.0
257.3748092389545,47.9
258.72011087449107,47.8
260.0724444200114,47.8
261.4318466314045,47.7
262.79835445668317,47.7
264.17200503698814,47.7
265.5528357075972,47.7
266.94088399894025,47.7
268.336187637619,47.6
269.7387845474336,47.6
271.1487128504106,47.5
272.56601086784315,47.5
273.9907171213279,47.4
275.4228703338166,47.4
276.86250943066517,47.4
278.30967354069315,47.4
279.764401997247,47.3
281.2267343392687,47.3
282.6967103123723,47.2
284.1743698699204,47.2
285.65975317411466,47.1
287.152900597083,47.0
288.6538527219809,46.9
290.16265034409145,46.9
291.67933447193553,46.9
293.203946328386,46.9
294.7365273517884,46.8
296.27711919708696,46.7
297.8257637369567,46.7
299.38250306294265,46.6
300.947379486601,46.6
302.52043554065347,46.5
304.1017139801383,46.5
305.69125778357716,46.4
307.2891101541398,46.4
308.8953145208197,46.3
310.5099145396145,46.3
312.1329540947119,46.2
313.76447729968413,46.2
315.40452849868336,46.2
317.0531522676519,46.2
318.71039341552853,46.2
320.3762969854716,46.1
322.05090825607795,46.1
323.7342727426186,46.0
325.4264361982722,45.9
327.1274446153702,45.8
328.83734422664674,45.7
330.55618150649445,45.7
332.28400317222986,45.7
334.02085618535915,45.7
335.76678775285944,45.6
337.52184532845695,45.6
339.28607661392135,45.5
341.0595295603587,45.4
342.84225236951676,45.3
344.63429349509414,45.3
346.4357016440579,45.3
348.24652577796684,45.3
350.06681511430224,45.3
351.8966191278073,45.2
353.7359875518278,45.1
355.5849703796693,45.1
357.44361786595016,45.0
359.3119805279728,45.0
361.1901091470929,45.0
363.0780547701014,45.0
364.9758687106112,45.0
366.8836025504522,45.0
368.80130814107446,45.0
370.72903760495365,44.9
372.66684333701346,44.8
374.6147780060434,44.8
376.57289455613636,44.8
378.54124620812286,44.8
380.5198864610201,44.8
382.50886909348526,44.7
384.5082481652772,44.6
386.51807801872604,44.6
388.53841328020957,44.6
390.56930886163985,44.6
392.6108199619517,44.6
394.6630020686084,44.5
396.7259109591041,44.4
398.7996027024853,44.3
400.8841336608706,44.2
402.9795604909844,44.2
405.0859401456969,44.1
407.20332987557106,44.1
409.331787230421,44.0
411.4713700608718,44.0
413.6221365199375,43.9
415.78414506459575,43.8
417.95745445738237,43.8
420.1421237679842,43.8
422.33821237484636,43.8
424.5457799667861,43.8
426.76488654461485,43.8
428.9955924227691,43.7
431.23795823094935,43.6
433.49204491576995,43.5
435.7579137424112,43.5
438.0356262962907,43.4
440.3252444847303,43.4
442.62683053864555,43.4
444.9404470142319,43.3
447.2661567946673,43.3
449.60402309182115,43.2
451.9541094479714,43.2
454.3164797375345,43.1
456.6911981687959,43.0
459.0783292856624,42.9
461.4779379694089,42.8
463.89008944044906,42.8
466.31484926010245,42.7
468.7522833323791,42.7
471.20245790577025,42.7
473.6654395750488,42.7
476.14129528307956,42.7
478.630092322638,42.6
481.1318983382419,42.6
483.6467813279844,42.6
486.1748096453894,42.5
488.7160520012619,42.4
491.27057746556244,42.4
493.8384554692794,42.4
496.4197558063182,42.3
499.01454863539806,42.3
501.6229044819588,42.2
504.24489424007766,42.1
506.88058917439554,42.0
509.53006092205686,41.9
512.1933814946506,41.8
514.8706232801756,41.8
517.5618590449992,41.7
520.2671619358439,41.7
522.9866054817683,41.7
525.7202635961694,41.7
528.4682105787901,41.6
531.230521117739,41.6
534.0072702915224,41.5
536.7985335710792,41.5
539.6043868218401,41.4
542.4249063057814,41.4
545.2601686835053,41.4
548.1102510163182,41.4
550.9752307683272,41.4
553.8551858085453,41.4
556.7501944130083,41.3
559.6603352669016,41.2
562.5856874666987,41.2
565.5263305223134,41.2
568.4823443592555,41.2
571.4538093208106,41.2
574.4408061702153,41.2
577.4434160928608,41.1
580.4617206984933,41.0
583.4958020234345,40.9
586.5457425328113,40.9
589.6116251227962,40.8
592.6935331228639,40.7
595.7915502980484,40.6
598.9057608512304,40.5
602.0362494254149,40.5
605.1831011060411,40.5
608.3464014232891,40.5
611.5262363544065,40.5
614.7226923260454,40.4
617.9358562166111,40.4
621.1658153586235,40.3
624.4126575410903,40.3
627.6764710118958,40.3
630.957344480193,40.3
634.2553671188238,40.3
637.5706285667327,40.3
640.9032189314127,40.3
644.2532287913472,40.3
647.6207491984753,40.3
651.0058716806659,40.2
654.4086882442045,40.1
657.8292913762976,40.1
661.2677740475787,40.1
664.7242297146454,40.1
668.1987523225889,40.0
671.6914363075575,40.0
675.2023765993158,40.0
678.7316686238282,40.0
682.2794083058518,40.0
685.8456920715438,40.0
689.4306168510824,40.0
693.0342800813003,40.0
696.6567797083366,40.0
700.2982141902914,40.0
703.9586824999124,40.0
707.6382841272731,40.0
711.3371190824884,40.0
715.0552878984242,40.0
718.7928916334344,40.0
722.5500318741055,40.0
726.3268107380181,40.0
730.123330876526,40.0
733.9396954775374,40.0
737.7760082683312,40.0
741.6323735183645,40.0
745.508896042117,40.0
749.4056812019327,40.0
753.3228349108862,40.0
757.2604636356614,40.0
761.2186743994453,40.0
765.1975747848361,40.0
769.1972729367671,40.0
773.2178775654501,40.0
777.2594979493206,40.0
781.3222439380205,40.0
785.406225955371,40.0
789.5115550023859,40.0
793.6383426602791,40.1
797.7867010935024,40.1
801.9567430527921,40.1
806.1485818782347,40.1
810.3623315023465,40.1
814.59810645317,40.1
818.8560218573906,40.1
823.1361934434566,40.1
827.4387375447371,40.2
831.7637711026708,40.3
836.1114116699566,40.3
840.4817774137397,40.3
844.8749871188272,40.3
849.2911601909162,40.3
853.7304166598383,40.4
858.1928771828257,40.5
862.6786630477819,40.5
867.1878961765907,40.5
871.7206991284164,40.5
876.2771951030477,40.5
880.8575079442367,40.5
885.4617621430697,40.5
890.0900828413493,40.5
894.742595834996,40.5
899.4194275774676,40.5
904.1207051831946,40.5
908.8465564310401,40.5
913.5971097677627,40.5
918.3724943115215,40.5
923.1728398553701,40.4
927.998276870799,40.4
932.8489365112713,40.3
937.7249506157918,40.3
942.6264517124897,40.4
947.5535730222193,40.5
952.5064484621864,40.5
957.4852126495767,40.5
962.4900009052299,40.5
967.5209492573013,40.5
972.5781944449744,40.5
977.6618739221665,40.5
982.772125861269,40.5
987.9090891569025,40.5
993.0729034296917,40.5
998.26370903006,40.5
1003.4816470420445,40.6
1008.7268592871307,40.7
1013.9994883281055,40.7
1019.2996774729368,40.7
1024.627570778662,40.7
1029.9833130553077,40.7
1035.3670498698243,40.7
1040.778927550043,40.7
1046.219093188652,40.7
1051.687694647196,40.7
1057.1848805600926,40.7
1062.7108003386745,40.7
1068.2656041752484,40.7
1073.849443047181,40.7
1079.4624687209969,40.7
1085.104833756507,40.7
1090.7766915109553,40.7
1096.4781961431852,40.7
1102.2095026178308,40.7
1107.9707667095288,40.7
1113.7621450071517,40.7
1119.5837949180645,40.7
1125.4358746724013,40.7
1131.3185433273702,40.7
1137.231960771571,40.6
1143.1762877293438,40.6
1149.1516857651375,40.5
1155.1583172879002,40.5
1161.1963455554942,40.4
1167.2659346791324,40.4
1173.3672496278396,40.3
1179.5004562329357,40.3
1185.6657211925422,40.3
1191.8632120761172,40.3
1198.0930973290035,40.2
1204.355546277011,40.2
1210.650729131018,40.1
1216.9788169915967,40.1
1223.3399818536654,40.0
1229.7343966111616,40.0
1236.162235061742,40.0
1242.6236719115057,40.0
1249.1188827797416,40.0
1255.6480442037073,39.9
1262.2113336434193,39.9
1268.8089294864806,39.8
1275.4410110529293,39.7
1282.1077586001115,39.7
1288.8093533275808,39.6
1295.5459773820237,39.5
1302.3178138622095,39.4
1309.1250468239675,39.3
1315.967861285188,39.2
1322.8464432308563,39.2
1329.7609796180998,39.1
1336.7116583812742,39.0
1343.6986684370715,39.0
1350.7221996896535,38.9
1357.782443035813,38.9
1364.879590370164,38.8
1372.0138345903551,38.8
1379.1853696023147,38.7
1386.3943903255179,38.7
1393.6410926982915,38.6
1400.9256736831292,38.6
1408.248331272053,38.5
1415.6092644919916,38.4
1423.0086734101894,38.3
1430.4467591396458,38.2
1437.9237238445805,38.1
1445.439770745928,38.1
1452.9951041268616,38.1
1460.589929338344,38.0
1468.224452804715,37.9
1475.898882029292,37.9
1483.6134256000173,37.9
1491.3682931951248,37.9
1499.1636955888393,37.9
1506.999844657106,37.9
1514.8769533833477,37.9
1522.7952358642551,37.9
1530.754907315605,37.9
1538.7561840781082,37.9
1546.799283623296,37.9
1554.8844245594228,37.9
1563.0118266374113,37.9
1571.181710756826,37.9
1579.3942989718767,37.8
1587.649814497453,37.8
1595.9484817151922,37.9
1604.2905261795772,37.9
1612.6761746240677,37.9
1621.1056549672617,37.9
1629.5791963190893,37.9
1638.097028987047,37.8
1646.6593844824454,37.7
1655.266495526711,37.7
1663.9185960577072,37.7
1672.6159212360947,37.7
1681.3587074517213,37.7
1690.1471923300487,37.7
1698.9816147386093,37.7
1707.8622147934998,37.7
1716.789233865905,37.7
1725.7629145886658,37.7
1734.7835008628629,37.7
1743.8512378644525,37.7
1752.9663720509295,37.7
1762.1291511680254,37.7
1771.3398242564415,37.6
1780.598641658619,37.6
1789.9058550255418,37.6
1799.2617173235774,37.6
1808.6664828413498,37.6
1818.1204071966588,37.6
1827.6237473434162,37.6
1837.1767615786375,37.6
1846.7797095494598,37.5
1856.4328522602,37.4
1866.1364520794475,37.4
1875.8907727471963,37.4
1885.6960793820124,37.4
1895.552638488241,37.3
1905.4607179632462,37.2
1915.4205871047022,37.2
1925.4325166178992,37.2
1935.4967786231095,37.2
1945.6136466629825,37.2
1955.783395709978,37.2
1966.006302173841,37.2
1976.282643909114,37.1
1986.6127002226892,37.0
1996.996751881399,36.9
2007.4350811196462,36.9
2017.927971647083,36.9
2028.4757086563097,36.9
2039.078578830634,36.9
2049.736870351861,36.9
2060.4508729081267,36.9
2071.22087770177,36.9
2082.0471774572497,36.9
2092.9300664290977,36.9
2103.8698404099196,36.9
2114.8667967384304,36.9
2125.9212343075446,36.9
2137.0334535724887,36.9
2148.2037565589744,36.9
2159.4324468714053,36.9
2170.71982970113,36.9
2182.0662118347364,36.9
2193.4719016623894,36.9
2204.937209186215,36.9
2216.4624460287228,36.9
2228.0479254412767,36.9
2239.6939623126154,36.9
2251.4008731773993,36.8
2263.168976224821,36.7
2274.9985913072546,36.6
2286.890039948944,36.6
2298.843645354747,36.5
2310.8597324189163,36.5
2322.9386277339318,36.5
2335.0806595993763,36.5
2347.2861580308577,36.5
2359.5554547689862,36.4
2371.8888832883777,36.4
2384.2867788067265,36.4
2396.7494782939148,36.3
2409.2773204811715,36.2
2421.8706458702773,36.1
2434.5297967428205,36.0
2447.2551171695004,35.9
2460.0469530194778,35.8
2472.905651969775,35.7
2485.8315635147337,35.7
2498.825038975499,35.7
2511.88643150958,35.7
2525.0160961204438,35.7
2538.2143896671673,35.7
2551.481670874133,35.7
2564.8183003407817,35.7
2578.224640551411,35.7
2591.7010558850307,35.9
2605.247912625263,36.0
2618.8655789702975,36.0
2632.5544250429093,36.0
2646.314822900502,36.0
2660.14714654523,36.0
2674.051771934164,36.1
2688.029076989506,36.2
2702.079441608862,36.2
2716.20324767557,36.2
2730.400879069075,36.2
2744.6727216753675,36.2
2759.0191633974646,36.2
2773.440594165967,36.2
2787.9374059496395,36.2
2802.509992766076,36.2
2817.1587506924047,36.2
2831.8840778760564,36.2
2846.686374545581,36.2
2861.5660430215316,36.2
2876.5234877273942,36.2
2891.5591152005823,36.2
2906.6733341034837,36.2
2921.8665552345788,36.2
2937.139191539587,36.2
2952.4916581227058,36.2
2967.9243722578863,36.2
2983.4377534001765,36.2
2999.0322231971227,36.2
3014.7082055002275,36.2
3030.466126376471,36.3
3046.306414119893,36.3
3062.229499263226,36.4
3078.2358145896155,36.4
3094.325795144359,36.6
3110.4998782467446,36.7
3126.7585035019356,36.8
3143.1021128129173,36.8
3159.5311503925072,36.9
3176.0460627754296,36.9
3192.6472988304513,36.9
3209.335309772584,36.9
3226.1105491753406,37.0
3242.973472983081,37.1
3259.924539523382,37.2
3276.9642095195077,37.3
3294.0929461029286,37.3
3311.311214825911,37.4
3328.6194836741684,37.4
3346.018223079582,37.4
3363.507905932988,37.5
3381.089007597027,37.6
3398.762005919066,37.6
3416.527381244194,37.6
3434.385616428264,37.7
3452.337196851022,37.7
3470.382610429304,37.7
3488.5223476302926,37.7
3506.7569014848486,37.7
3525.0867676009134,37.7
3543.512444176976,37.7
3562.034432015617,37.7
3580.6532345371147,37.7
3599.369357793143,37.7
3618.1833104805046,37.7
3637.095603954969,37.6
3656.1067522451726,37.6
3675.2172720665826,37.6
3694.4276828355482,37.5
3713.738506683413,37.4
3733.1502684707093,37.3
3752.6634958014215,37.3
3772.2787190373247,37.2
3791.9964713124127,37.2
3811.817288547367,37.2
3831.7417094641373,37.2
3851.7702756005806,37.3
3871.9035313251793,37.4
3892.1420238518376,37.5
3912.4863032547537,37.6
3932.936922483372,37.8
3953.4944373774106,38.1
3974.1594066819653,38.3
3994.9323920627126,38.5
4015.8139581211503,38.6
4036.8046724099613,38.7
4057.9051054484326,38.8
4079.115830737964,38.9
4100.437424777656,39.0
4121.870467079975,39.1
4143.41554018651,39.1
4165.0732296838005,39.2
4186.844124219257,39.2
4208.728815517151,39.3
4230.72789839472,39.5
4252.841970778305,39.6
4275.071633719623,39.6
4297.417491412092,39.7
4319.880151207261,39.7
4342.460223631314,39.8
4365.158322401661,39.9
4387.975064443623,40.0
4410.911069907196,40.1
4433.9669621839075,40.1
4457.1433679237725,40.2
4480.4409170523,40.3
4503.860242787635,40.4
4527.40198165776,40.6
4551.0667735177985,40.7
4574.855261567406,40.8
4598.768092368251,40.9
4622.80591586159,41.0
4646.969385385929,41.1
4671.25915769478,41.2
4695.675892974527,41.2
4720.220254862348,41.2
4744.892910464259,41.2
4769.694530373255,41.2
4794.625788687525,41.3
4819.68736302878,41.4
4844.87993456067,41.4
4870.204188007296,41.5
4895.660811671819,41.5
4921.250497455168,41.5
4946.973940874864,41.5
4972.8318410838865,41.5
4998.824900889706,41.5
5024.953826773381,41.4
5051.219328908747,41.4
5077.622121181736,41.3
5104.162921209768,41.2
5130.842450361258,41.1
5157.661433775227,41.0
5184.620600380999,40.9
5211.720682918039,40.6
5238.962417955835,40.3
5266.346545913939,40.2
5293.873811082085,40.1
5321.544961640422,40.0
5349.360749679845,39.9
5377.321931222439,39.7
5405.429266242027,39.3
5433.683518684824,39.0
5462.085456490198,38.9
5490.635851611563,38.7
5519.335480037329,38.6
5548.185121812011,38.2
5577.185561057427,37.7
5606.337585994012,37.4
5635.641988962242,37.2
5665.0995664441625,37.1
5694.7111190850455,36.9
5724.477451715144,36.6
5754.399373371566,35.9
5784.477697320285,35.2
5814.713241078208,35.1
5845.10682643542,35.0
5875.659279477514,34.9
5906.371430608045,34.8
5937.244114571097,34.6
5968.278170473975,34.5
5999.4744418100045,34.3
6030.833776481469,34.1
6062.357026822636,34.0
6094.045049622959,33.9
6125.898706150321,33.8
6157.918862174471,33.8
6190.106387990547,33.8
6222.462158442733,33.8
6254.987052948034,33.8
6287.681955520183,33.8
6320.547754793659,33.8
6353.585344047851,33.8
6386.795621231329,33.8
6420.179488986247,33.8
6453.7378546729,33.8
6487.471630394349,33.8
6521.381733021235,33.8
6555.469084216698,33.8
6589.734610461422,33.8
6624.179243078815,33.8
6658.80391826033,33.8
6693.609577090902,33.8
6728.597165574533,33.8
6763.767634659991,33.8
6799.1219402666875,33.7
6834.661043310619,33.6
6870.385909730507,33.6
6906.297510514049,33.6
6942.39682172431,33.6
6978.684824526248,33.5
7015.162505213385,33.3
7051.830855234612,33.2
7088.690871221135,33.0
7125.7435550135615,33.0
7162.989913689153,33.0
7200.430959589155,33.0
7238.067710346342,32.9
7275.901188912673,32.8
7313.932423587085,32.8
7352.162448043451,32.7
7390.59230135867,32.7
7429.22302804091,32.6
7468.055678057999,32.6
7507.091306865953,32.6
7546.330975437692,32.6
7585.775750291836,32.7
7625.426703521717,32.8
7665.284912824515,32.9
7705.351461530549,33.0
7745.627438632719,33.0
7786.113938816104,33.2
7826.81206248772,33.6
7867.722915806424,33.7
7908.847610712972,34.1
7950.187264960275,34.5
7991.743002143727,34.8
8033.515951731782,34.9
8075.507249096639,35.0
8117.718035545101,35.2
8160.149458349601,35.5
8202.80267077938,35.9
8245.67883213183,36.1
8288.77910776401,36.2
8332.104669124305,36.3
8375.656693784302,36.4
8419.436365470749,36.4
8463.444874097753,36.4
8507.683415799123,36.4
8552.153192960874,36.6
8596.855414253905,36.7
8641.791294666864,36.9
8686.962055539152,37.0
8732.36892459413,37.2
8778.01313597248,37.3
8823.895930265779,37.4
8870.018554550163,37.4
8916.382262420266,37.4
8962.988314023276,37.4
9009.83797609319,37.3
9056.932521985234,37.2
9104.273231710486,36.8
9151.861391970657,36.4
9199.698296193066,36.2
9247.785244565785,35.9
9296.12354407301,35.6
9344.714508530542,35.2
9393.559458621517,34.0
9442.659721932305,32.9
9492.016632988581,32.7
9541.631533291613,32.4
9591.505771354708,32.0
9641.64070273987,31.7
9692.037690094652,31.2
9742.698103189163,30.7
9793.623318953358,30.2
9844.814721514387,29.8
9896.27370223427,29.4
9948.001659747684,29.2
10000.0,29.0
10052.270136285486,28.8
10104.813489285681,28.6
10157.6314871081,28.3
10210.725565324987,28.0
10264.09716701231,27.8
10317.747742788988,27.7
10371.678750856474,27.6
10425.891657038128,27.5
10480.387934819217,27.3
10535.16906538697,26.9
10590.236537670813,26.6
10645.591848382772,26.5
10701.236502058211,26.3
10757.172011096769,26.2
10813.399895803414,25.8
10869.921684429703,25.3
10926.73891321545,25.0
10983.85312643042,24.9
11041.265876416248,24.8
11098.978723628681,24.7
11156.993236680037,24.3
11215.310992381786,23.7
11273.933575787378,23.2
11332.862580235347,22.8
11392.099607392682,22.4
11451.646267298307,22.0
11511.504178406769,21.5
11571.674967632372,20.1
11632.16027039332,19.1
11692.961730656129,19.0
11754.08100098034,18.9
11815.519742563505,18.6
11877.27962528627,18.4
11939.362327757724,18.2
12001.76953736107,18.1
12064.50295029953,18.1
12127.56427164241,18.1
12190.95521537136,18.1
12254.677504427105,18.2
12318.732870756214,18.3
12383.123055358106,18.4
12447.849808332432,18.6
12512.914888926687,18.8
12578.320065583976,19.1
12644.067115991029,19.4
12710.157827126544,19.7
12776.593995309939,20.0
12843.377426249857,20.4
12910.50993509343,21.0
12977.99334647565,21.6
13045.829494568892,22.0
13114.020223132724,22.2
13182.567385564074,22.5
13251.472844947652,23.0
13320.738474106534,23.4
13390.366155652993,24.5
13460.35778203982,25.6
13530.715255611682,25.9
13601.440488656775,26.2
13672.535403458849,26.6
13744.001932349513,26.9
13815.842017760702,27.3
13888.057612277411,27.9
13960.650678690825,28.4
14033.62319005172,28.6
14106.977129724035,28.8
14180.714491438697,28.9
14254.837279347976,29.1
14329.347508079869,29.3
14404.247202792812,29.5
14479.538399230763,29.6
14555.223143778607,29.6
14631.303493517702,29.6
14707.78151628175,29.5
14784.65929071304,29.5
14861.938906319014,29.4
14939.622463529,29.3
15017.712073751207,29.2
15096.209859430292,29.0
15175.117954104964,28.8
15254.438502465904,28.6
15334.173660414117,28.5
15414.325595119602,28.7
15494.896485080177,29.0
15575.88852018064,29.4
15657.303901752315,29.8
15739.1448426331,31.0
15821.413567227246,32.5
15904.112311566014,33.8
15987.243323368504,34.9
16070.808862102673,35.4
16154.811199046684,35.8
16239.252617350698,37.0
16324.135412099,38.2
16409.461890372313,38.9
16495.23437131044,39.5
16581.455186175313,39.6
16668.12667841462,39.5
16755.251203725067,39.0
