10.0,53.3
10.052270136285475,53.3
10.104813489285682,53.3
10.157631487108103,53.3
10.210725565324982,53.3
10.264097167012295,53.3
10.317747742789004,53.3
10.371678750856479,53.3
10.425891657038118,53.3
10.480387934819216,53.3
10.535169065386981,53.3
10.590236537670812,53.3
10.64559184838276,53.3
10.701236502058206,53.3
10.757172011096776,53.3
10.813399895803409,53.3
10.869921684429707,53.3
10.926738913215466,53.3
10.98385312643042,53.3
11.041265876416237,53.3
11.098978723628681,53.3
11.156993236680048,53.3
11.215310992381788,53.3
11.27393357578736,53.3
11.332862580235341,53.3
11.392099607392687,53.3
11.451646267298301,53.3
11.511504178406776,53.3
11.571674967632385,53.3
11.632160270393321,53.3
11.692961730656117,53.3
11.75408100098034,53.3
11.815519742563518,53.3
11.87727962528627,53.3
11.939362327757706,53.3
12.001769537361062,53.3
12.064502950299536,53.3
12.127564271642404,53.3
12.190955215371359,53.3
12.254677504427118,53.3
12.318732870756214,53.3
12.383123055358094,53.3
12.447849808332432,53.3
12.5129148889267,53.3
12.578320065583968,53.3
12.644067115991009,53.3
12.710157827126565,53.3
12.776593995309947,53.3
12.843377426249843,53.3
12.910509935093431,53.2
12.977993346475664,53.1
13.045829494568892,53.1
13.11402022313271,53.1
13.182567385564074,53.1
13.251472844947658,53.1
13.320738474106527,53.1
13.390366155653,53.1
13.460357782039841,53.1
13.530715255611682,53.1
13.601440488656761,53.1
13.672535403458848,53.1
13.744001932349526,53.1
13.815842017760701,53.1
13.888057612277397,53.1
13.960650678690818,53.1
14.033623190051728,53.1
14.10697712972403,53.1
14.180714491438705,53.1
14.25483727934799,53.1
14.32934750807987,53.1
14.404247202792797,53.1
14.479538399230764,53.1
14.55522314377862,53.1
14.631303493517702,53.1
14.707781516281727,53.1
14.784659290713032,53.1
14.861938906319022,53.1
14.939622463528993,53.1
15.017712073751214,53.1
15.096209859430308,53.1
15.175117954104964,53.1
15.254438502465888,53.1
15.334173660414118,53.1
15.414325595119617,53.1
15.494896485080169,53.1
15.575888520180618,53.1
15.65730390175234,53.1
15.73914484263311,53.1
15.821413567227237,53.1
15.904112311566013,53.1
15.98724332336852,53.1
16.070808862102673,53.1
16.154811199046666,53.1
16.239252617350697,53.1
16.324135412099007,53.1
16.409461890372306,53.1
16.495234371310413,53.0
16.58145518617534,52.9
16.668126678414627,52.8
16.755251203725052,52.8
16.84283113011666,52.8
16.930868837977105,52.8
17.01936672013636,52.8
17.108327181931763,52.8
17.197752641273365,52.8
17.28764552870969,52.8
17.378008287493753,52.8
17.4688433736495,52.8
17.560153256038525,52.8
17.651940416427212,52.8
17.744207349554188,52.8
17.836956563198083,52.8
17.93019057824573,52.8
18.023911928760675,52.8
18.118123162052047,52.8
18.21282683874379,52.8
18.30802553284428,52.8
18.403721831816252,52.8
18.499918336647156,52.8
18.59661766191982,52.8
18.69382243588356,52.8
18.791535300525574,52.8
18.889758911642755,52.8
18.98849593891389,52.8
19.08774906597221,52.8
19.187520990478333,52.8
19.287814424193606,52.8
19.388632093053765,52.8
19.48997673724305,52.8
19.591851111268685,52.8
19.69425798403576,52.8
19.79720013892245,52.8
19.90068037385568,52.8
20.004701501387192,52.8
20.109266348769967,52.8
20.214377758035074,52.7
20.320038586068932,52.6
20.426251704690927,52.6
20.533020000731486,52.6
20.64034637611054,52.6
20.748233747916412,52.6
20.856685048485062,52.6
20.965703225479817,52.6
21.075291241971485,52.6
21.185452076518878,52.6
21.296188723249774,52.6
21.407504191942323,52.6
21.519401508106792,52.6
21.631883713067854,52.6
21.744953864047204,52.6
21.858615034246718,52.6
21.972870312931903,52.6
22.087722805515906,52.6
22.203175633643916,52.6
22.319231935278008,52.6
22.435894864782412,52.6
22.553167593009288,52.6
22.671053307384867,52.6
22.789555211996095,52.6
22.908676527677724,52.6
23.028420492099883,52.6
23.148790359856015,52.6
23.26978940255137,52.6
23.391420908891938,52.5
23.51368818477381,52.4
23.63659455337303,52.4
23.760143355235964,52.4
23.884337948370025,52.4
24.009181708334992,52.4
24.134678028334722,52.4
24.260830319309434,52.4
24.387642010028344,52.4
24.515116547182902,52.4
24.64325739548046,52.4
24.772068037738443,52.4
24.901551974979007,52.4
25.031712726524198,52.4
25.162553830091625,52.4
25.294078841890578,52.4
25.426291336718684,52.4
25.559194908059133,52.4
25.692793168178262,52.4
25.827089748223784,52.3
25.96208829832347,52.2
26.097792487684362,52.2
26.234206004692496,52.2
26.371332557013133,52.2
26.5091758716916,52.2
26.647739695254497,52.2
26.787027793811582,52.2
26.9270439531581,52.2
27.06779197887776,52.2
27.209275696446046,52.2
27.351498951334275,52.2
27.494465609114105,52.2
27.638179555562576,52.1
27.782644696767733,52.1
27.92786495923483,52.1
28.07384428999299,52.1
28.220586656702505,52.1
28.368096047762684,52.0
28.516376472420284,52.0
28.66543196087842,52.0
28.815266564406134,52.0
28.965884355448516,52.0
29.11728942773738,52.0
29.26948589640251,52.0
29.42247789808359,52.0
29.57626959104251,51.9
29.730865155276486,51.9
29.88626879263161,51.9
30.04248472691713,51.9
30.19951720402016,51.9
30.357370492021133,51.9
30.516048881309793,51.9
30.675556684701824,51.9
30.835898237556027,51.9
30.99707789789224,51.9
31.15910004650967,51.9
31.321969087106055,51.9
31.485689446397288,51.9
31.650265574237824,51.8
31.815701943741516,51.7
31.98200305140326,51.7
32.14917341722119,51.7
32.31721758481955,51.7
32.486140121572134,51.7
32.655945618726484,51.7
32.82663869152868,51.7
32.99822397934869,51.7
33.170706145806605,51.7
33.34408987889928,51.7
33.51837989112781,51.7
33.69358091962557,51.6
33.86969772628702,51.5
34.04673509789711,51.5
34.224697846261364,51.5
34.40359080833668,51.5
34.58341884636283,51.5
34.764186847994516,51.5
34.94589972643436,51.5
35.12856242056629,51.5
35.312179895089876,51.4
35.496757140655234,51.4
35.68229917399868,51.4
35.86881103807908,51.3
36.05629780221492,51.3
36.24476456222205,51.3
36.434216440552284,51.2
36.6246585864325,51.2
36.81609617600466,51.2
37.00853441246656,51.2
37.2019785262131,51.2
37.39643377497855,51.2
37.591905443979435,51.2
37.788398846058186,51.2
37.985919321827524,51.2
38.184472239815605,51.2
38.384062996612016,51.2
38.584697017014335,51.2
38.786379754175634,51.1
38.98911668975273,51.1
39.1929133340551,51.1
39.39777522619469,51.1
39.60370793423646,51.1
39.810717055349734,51.1
40.0188082159603,51.1
40.227987071903335,51.1
40.43825930857721,51.1
40.64963064109788,51.1
40.8621068144543,51.1
41.075693603664625,51.1
41.29039681393302,51.1
41.506222280807584,51.1
41.72317587033889,51.0
41.94126347923944,51.0
42.16049103504393,51.0
42.38086449627034,51.0
42.60238985258197,51.0
42.825073124950116,51.0
43.04892036581776,51.0
43.27393765926414,51.0
43.500131121170035,51.0
43.727506899384,51.0
43.956071173889484,51.0
44.18583015697281,51.0
44.416790093392,51.0
44.648957260546474,51.0
44.88233796864779,50.9
45.116938560890986,50.9
45.35276541362708,50.9
45.58982493653644,50.9
45.82812357280281,50.9
46.067667799288614,50.9
46.308464126710895,50.9
46.55051909981832,50.9
46.793839297569036,50.9
47.03843133330949,50.8
47.28430185495417,50.8
47.531457545166376,50.8
47.77990512153967,50.7
48.02965133678067,50.7
48.28070297889241,50.7
48.53306687135893,50.7
48.78674987333074,50.7
49.041758879811184,50.7
49.298100821843896,50.7
49.55578266670119,50.6
49.81481141807335,50.5
50.07519411625915,50.4
50.336937838356974,50.4
50.60004969845742,50.4
50.86453684783644,50.4
51.13040647514984,50.4
51.39766580662862,50.4
51.66632210627541,50.4
51.93638267606184,50.3
52.20785485612707,50.3
52.48074602497726,50.2
52.75506359968615,50.2
53.030815036096584,50.2
53.308007829023246,50.2
53.58664951245627,50.2
53.866747659766084,50.2
54.148309883909214,50.1
54.431343837635225,50.1
54.7158572136947,50.1
55.00185774504835,50.1
55.28935320507712,50.0
55.57835140779364,50.0
55.86886020805435,50.0
56.160887501773274,50.0
56.45444122613637,50.0
56.74952935981742,50.0
57.04615992319485,50.0
57.34434097856969,49.9
57.64408063038476,49.9
57.94538702544487,49.9
58.24826835313831,49.9
58.552732845659456,49.9
58.85878877823242,49.9
59.166444469336014,49.9
59.475708280929936,49.9
59.786588618681876,49.8
60.0990939321961,49.7
60.41323271524305,49.7
60.72901350599024,49.7
61.046444887234294,49.7
61.365535486634215,49.7
61.686293976945976,49.7
62.008729076258064,49.7
62.332849548228545,49.6
62.658664202323344,49.5
62.98618189405547,49.5
63.315411525225876,49.5
63.64636204416533,49.5
63.979042445977655,49.5
64.31346177278421,49.5
64.64962911396958,49.5
64.98755360642885,49.5
65.32724443481563,49.4
65.66871083179183,49.3
66.01196207827876,49.2
66.35700750370908,49.2
66.7038564862806,49.2
67.05251845321108,49.2
67.40300288099445,49.2
67.75531929565844,49.1
68.1094772730234,49.0
68.46548643896274,49.0
68.82335646966433,49.0
69.18309709189363,49.0
69.54471808325809,49.0
69.90822927247277,49.0
70.27364053962762,48.9
70.6409618164559,48.9
71.01020308660422,48.8
71.38137438590384,48.8
71.75448580264342,48.8
72.12954747784322,48.8
72.50656960553087,48.8
72.88556243301818,48.7
73.26653626117992,48.6
73.64950144473359,48.6
74.03446839252094,48.6
74.42144756779092,48.6
74.810449488484,48.6
75.20148472751808,48.6
75.59456391307583,48.6
75.98969772889355,48.5
76.38689691455168,48.5
76.78617226576647,48.5
77.18753463468363,48.5
77.59099493017311,48.5
77.99656411812569,48.5
78.404253221751,48.4
78.8140733218772,48.3
79.226035557252,48.3
79.64015112484554,48.3
80.05643128015467,48.3
80.47488733750892,48.3
80.89553067037787,48.3
81.31837271168051,48.3
81.74342495409579,48.3
82.170698950375,48.3
82.60020631365589,48.2
83.03195871777821,48.1
83.46596789760103,48.1
83.90224564932171,48.1
84.34080383079642,48.0
84.78165436186265,47.9
85.22480922466286,47.8
85.67028046397054,47.8
86.11808018751721,47.8
86.56822056632171,47.8
87.020713835021,47.7
87.47557229220259,47.6
87.93280830073893,47.6
88.39243428812335,47.6
88.85446274680783,47.6
89.31890623454267,47.6
89.78577737471758,47.5
90.25508885670492,47.4
90.72685343620469,47.4
91.20108393559097,47.4
91.67779324426061,47.4
92.15699431898352,47.4
92.63870018425483,47.4
93.12292393264887,47.4
93.60967872517497,47.4
94.09897779163542,47.4
94.5908344309847,47.3
95.0852620116911,47.3
95.58227397210023,47.3
96.08188382079996,47.3
96.5841051369878,47.3
97.08895157083991,47.3
97.59643684388209,47.2
98.10657474936274,47.1
98.61937915262773,47.1
99.13486399149741,47.0
99.65304327664518,47.0
100.17393109197839,46.9
100.69754159502135,46.9
101.22388901729977,46.9
101.75298766472777,46.9
102.28485191799675,46.8
102.81949623296607,46.7
103.35693514105618,46.6
103.89718324964329,46.6
104.44025524245698,46.6
104.98616587997819,46.6
105.53492999984189,46.5
106.08656251723878,46.5
106.64107842532215,46.4
107.19849279561431,46.4
107.75882077841675,46.4
108.32207760322176,46.4
108.88827857912626,46.4
109.45743909524856,46.3
110.02957462114523,46.2
110.60470070723336,46.2
111.18283298521138,46.2
111.76398716848561,46.2
112.3481790525961,46.2
112.93542451564652,46.1
113.5257395187356,46.1
114.11914010639099,46.1
114.71564240700522,46.1
115.3152626332741,46.1
115.91801708263789,46.1
116.52392213772293,46.1
117.13299426678874,46.1
117.74525002417371,46.0
118.36070605074681,45.9
118.97937907435858,45.9
119.60128591029638,45.9
120.22644346174131,45.8
120.85486872022751,45.7
121.4865787661046,45.7
122.12159076900052,45.7
122.75992198829012,45.7
123.40158977356222,45.7
124.04661156509306,45.6
124.69500489431896,45.5
125.34678738431336,45.4
126.00197675026583,45.4
126.6605907999634,45.4
127.3226474342747,45.4
127.98816464763628,45.3
128.6571605285424,45.2
129.32965326003517,45.2
130.00566112020084,45.2
130.68520248266435,45.2
131.36829581709074,45.2
132.05495968968575,45.1
132.74521276370103,45.0
133.43907379994133,45.0
134.1365616572744,45.0
134.83769529314347,45.0
135.54249376408254,45.0
136.25097622623485,44.9
136.96316193587217,44.9
137.67907024992007,44.9
138.39872062648203,44.9
139.1221326253702,44.9
139.84932590863562,44.8
140.58032024110324,44.8
141.31513549090906,44.7
142.05379163003997,44.7
142.7963087348772,44.7
143.5427069867405,44.6
144.29300667243896,44.5
145.04722818481977,44.5
145.80539202332486,44.5
146.56751879454652,44.5
147.333629212788,44.5
148.1037441006266,44.4
148.87788438947953,44.3
149.65607112017267,44.2
150.43832544351253,44.2
151.2246686208618,44.2
152.01512202471548,44.2
152.80970713928414,44.1
153.6084455610754,44.0
154.41135899948313,44.0
155.218469277376,44.0
156.02979833169113,44.0
156.8453682140304,43.9
157.66520109125955,43.8
158.48931924611142,43.8
159.3177450777899,43.8
160.15050110258113,43.8
160.9876099544629,43.8
161.82909438572216,43.7
162.67497726757185,43.7
163.52528159077312,43.6
164.38003046626017,43.6
165.23924712576837,43.6
166.1029549224657,43.6
166.97117733158728,43.6
167.8439379510743,43.6
168.72126050221348,43.6
169.60316883028446,43.5
170.48968690520502,43.5
171.38083882218535,43.5
172.27664880238083,43.4
173.17714119355136,43.4
174.08234047072295,43.3
174.99227123685273,43.3
175.9069582234984,43.3
176.82642629148881,43.2
177.75070043160196,43.2
178.67980576524164,43.1
179.61376754512278,43.1
180.55261115595593,43.0
181.49636211513797,42.9
182.44504607344558,42.8
183.39868881573247,42.8
184.35731626163007,42.8
185.3209544662519,42.8
186.28962962090262,42.7
187.26336805378796,42.6
188.24219623073301,42.6
189.2261407558986,42.6
190.21522837250714,42.6
191.20948596356752,42.6
192.20894055260666,42.5
193.21361930440384,42.4
194.22354952572874,42.4
195.2387586660848,42.4
196.25927431845295,42.4
197.28512422004457,42.4
198.31633625305224,42.4
199.35293844541056,42.3
200.39495897155572,42.3
201.4424261531923,42.3
202.4953684600627,42.3
203.55381451072122,42.2
204.6177930733116,42.1
205.6873330663489,42.1
206.76246355950653,42.1
207.84321377440395,42.1
208.92961308540407,42.1
210.02169102040844,42.0
211.11947726166272,42.0
212.22300164656127,41.9
213.33229416845913,41.9
214.447384977487,41.9
215.5683043813707,41.8
216.69508284625502,41.8
217.8277509975314,41.7
218.9663396206716,41.6
220.1108796620618,41.5
221.26140222984722,41.4
222.41793859477394,41.4
223.5805201910423,41.4
224.74917861715863,41.4
225.9239456367954,41.4
227.10485317965416,41.3
228.29193334233327,41.2
229.48521838920135,41.2
230.68474075327168,41.2
231.89053303708724,41.2
233.102628013603,41.2
234.32105862708036,41.2
235.5458579939798,41.1
236.77705940386227,41.1
238.0146963202937,41.1
239.25880238175446,41.1
240.50941140255387,41.1
241.76655737374873,41.0
243.03027446406858,40.9
244.30059702084168,40.9
245.57755957093218,40.9
246.86119682167464,40.9
248.1515436618211,40.9
249.44863516248657,40.8
250.75250657810346,40.7
252.0631933473797,40.7
253.3807310942614,40.7
254.7051556289027,40.7
256.03650294863604,40.7
257.3748092389545,40.6
258.72011087449107,40.5
260.0724444200114,40.4
261.4318466314045,40.4
262.79835445668317,40.4
264.17200503698814,40.3
265.5528357075972,40.2
266.94088399894025,40.2
268.336187637619,40.2
269.7387845474336,40.2
271.1487128504106,40.2
272.56601086784315,40.1
273.9907171213279,40.1
275.4228703338166,40.0
276.86250943066517,40.0
278.30967354069315,40.0
279.764401997247,40.0
281.2267343392687,40.0
282.6967103123723,39.9
284.1743698699204,39.9
285.65975317411466,39.9
287.152900597083,39.9
288.6538527219809,39.8
290.16265034409145,39.7
291.67933447193553,39.7
293.203946328386,39.7
294.7365273517884,39.7
296.27711919708696,39.7
297.8257637369567,39.6
299.38250306294265,39.5
300.947379486601,39.5
302.52043554065347,39.5
304.1017139801383,39.5
305.69125778357716,39.4
307.2891101541398,39.3
308.8953145208197,39.2
310.5099145396145,39.2
312.1329540947119,39.2
313.76447729968413,39.2
315.40452849868336,39.1
317.0531522676519,39.1
318.71039341552853,39.0
320.3762969854716,39.0
322.05090825607795,39.0
323.7342727426186,39.0
325.4264361982722,38.9
327.1274446153702,38.9
328.83734422664674,38.8
330.55618150649445,38.8
332.28400317222986,38.8
334.02085618535915,38.8
335.76678775285944,38.8
337.52184532845695,38.8
339.28607661392135,38.8
341.0595295603587,38.7
342.84225236951676,38.6
344.63429349509414,38.6
346.4357016440579,38.6
348.24652577796684,38.6
350.06681511430224,38.6
351.8966191278073,38.5
353.7359875518278,38.5
355.5849703796693,38.5
357.44361786595016,38.5
359.3119805279728,38.5
361.1901091470929,38.5
363.0780547701014,38.4
364.9758687106112,38.3
366.8836025504522,38.3
368.80130814107446,38.3
370.72903760495365,38.3
372.66684333701346,38.3
374.6147780060434,38.2
376.57289455613636,38.1
378.54124620812286,38.1
380.5198864610201,38.1
382.50886909348526,38.1
384.5082481652772,38.1
386.51807801872604,38.0
388.53841328020957,37.9
390.56930886163985,37.8
392.6108199619517,37.8
394.6630020686084,37.8
396.7259109591041,37.7
398.7996027024853,37.6
400.8841336608706,37.6
402.9795604909844,37.6
405.0859401456969,37.6
407.20332987557106,37.6
409.331787230421,37.6
411.4713700608718,37.6
413.6221365199375,37.6
415.78414506459575,37.5
417.95745445738237,37.4
420.1421237679842,37.4
422.33821237484636,37.4
424.5457799667861,37.4
426.76488654461485,37.4
428.9955924227691,37.3
431.23795823094935,37.3
433.49204491576995,37.3
435.7579137424112,37.3
438.0356262962907,37.3
440.3252444847303,37.3
442.62683053864555,37.3
444.9404470142319,37.3
447.2661567946673,37.3
449.60402309182115,37.2
451.9541094479714,37.2
454.3164797375345,37.1
456.6911981687959,37.1
459.0783292856624,37.1
461.4779379694089,37.1
463.89008944044906,37.1
466.31484926010245,37.0
468.7522833323791,36.9
471.20245790577025,36.9
473.6654395750488,36.9
476.14129528307956,36.9
478.630092322638,36.9
481.1318983382419,36.9
483.6467813279844,36.9
486.1748096453894,36.9
488.7160520012619,36.8
491.27057746556244,36.7
493.8384554692794,36.6
496.4197558063182,36.6
499.01454863539806,36.6
501.6229044819588,36.5
504.24489424007766,36.4
506.88058917439554,36.4
509.53006092205686,36.4
512.1933814946506,36.4
514.8706232801756,36.4
517.5618590449992,36.4
520.2671619358439,36.3
522.9866054817683,36.3
525.7202635961694,36.2
528.4682105787901,36.2
531.230521117739,36.2
534.0072702915224,36.2
536.7985335710792,36.2
539.6043868218401,36.2
542.4249063057814,36.2
545.2601686835053,36.2
548.1102510163182,36.2
550.9752307683272,36.1
553.8551858085453,36.1
556.7501944130083,36.1
559.6603352669016,36.1
562.5856874666987,36.1
565.5263305223134,36.0
568.4823443592555,36.0
571.4538093208106,35.9
574.4408061702153,35.9
577.4434160928608,35.8
580.4617206984933,35.7
583.4958020234345,35.7
586.5457425328113,35.7
589.6116251227962,35.7
592.6935331228639,35.7
595.7915502980484,35.7
598.9057608512304,35.7
602.0362494254149,35.7
605.1831011060411,35.7
608.3464014232891,35.7
611.5262363544065,35.7
614.7226923260454,35.6
617.9358562166111,35.5
621.1658153586235,35.4
624.4126575410903,35.4
627.6764710118958,35.4
630.957344480193,35.4
634.2553671188238,35.4
637.5706285667327,35.4
640.9032189314127,35.4
644.2532287913472,35.4
647.6207491984753,35.4
651.0058716806659,35.4
654.4086882442045,35.3
657.8292913762976,35.3
661.2677740475787,35.2
664.7242297146454,35.2
668.1987523225889,35.2
671.6914363075575,35.2
675.2023765993158,35.2
678.7316686238282,35.2
682.2794083058518,35.2
685.8456920715438,35.2
689.4306168510824,35.2
693.0342800813003,35.2
696.6567797083366,35.2
700.2982141902914,35.2
703.9586824999124,35.2
707.6382841272731,35.2
711.3371190824884,35.2
715.0552878984242,35.2
718.7928916334344,35.2
722.5500318741055,35.2
726.3268107380181,35.2
730.123330876526,35.2
733.9396954775374,35.2
737.7760082683312,35.2
741.6323735183645,35.2
745.508896042117,35.1
749.4056812019327,35.0
753.3228349108862,35.0
757.2604636356614,35.0
761.2186743994453,35.0
765.1975747848361,35.0
769.1972729367671,35.0
773.2178775654501,35.0
777.2594979493206,35.0
781.3222439380205,35.0
785.406225955371,35.0
789.5115550023859,35.0
793.6383426602791,35.0
797.7867010935024,35.0
801.9567430527921,35.0
806.1485818782347,35.0
810.3623315023465,35.0
814.59810645317,35.0
818.8560218573906,35.0
823.1361934434566,35.0
827.4387375447371,35.0
831.7637711026708,35.0
836.1114116699566,35.0
840.4817774137397,35.0
844.8749871188272,35.0
849.2911601909162,35.0
853.7304166598383,35.0
858.1928771828257,35.0
862.6786630477819,35.0
867.1878961765907,35.1
871.7206991284164,35.2
876.2771951030477,35.2
880.8575079442367,35.2
885.4617621430697,35.2
890.0900828413493,35.2
894.742595834996,35.2
899.4194275774676,35.2
904.1207051831946,35.2
908.8465564310401,35.2
913.5971097677627,35.2
918.3724943115215,35.2
923.1728398553701,35.2
927.998276870799,35.2
932.8489365112713,35.2
937.7249506157918,35.3
942.6264517124897,35.4
947.5535730222193,35.4
952.5064484621864,35.4
957.4852126495767,35.4
962.4900009052299,35.4
967.5209492573013,35.4
972.5781944449744,35.6
977.6618739221665,35.7
982.772125861269,35.7
987.9090891569025,35.7
993.0729034296917,35.7
998.26370903006,35.7
1003.4816470420445,35.7
1008.7268592871307,35.7
1013.9994883281055,35.7
1019.2996774729368,35.7
1024.627570778662,35.7
1029.9833130553077,35.7
1035.3670498698243,35.7
1040.778927550043,35.7
1046.219093188652,35.7
1051.687694647196,35.7
1057.1848805600926,35.8
1062.7108003386745,35.9
1068.2656041752484,35.9
1073.849443047181,35.9
1079.4624687209969,35.9
1085.104833756507,35.9
1090.7766915109553,35.9
1096.4781961431852,35.9
1102.2095026178308,35.9
1107.9707667095288,35.9
1113.7621450071517,35.9
1119.5837949180645,35.9
1125.4358746724013,35.9
1131.3185433273702,35.9
1137.231960771571,35.9
1143.1762877293438,35.9
1149.1516857651375,35.9
1155.1583172879002,35.9
1161.1963455554942,35.9
1167.2659346791324,35.9
1173.3672496278396,35.9
1179.5004562329357,35.9
1185.6657211925422,35.9
1191.8632120761172,35.8
1198.0930973290035,35.7
1204.355546277011,35.7
1210.650729131018,35.7
1216.9788169915967,35.7
1223.3399818536654,35.7
1229.7343966111616,35.7
1236.162235061742,35.6
1242.6236719115057,35.5
1249.1188827797416,35.4
1255.6480442037073,35.4
1262.2113336434193,35.4
1268.8089294864806,35.4
1275.4410110529293,35.3
1282.1077586001115,35.3
1288.8093533275808,35.2
1295.5459773820237,35.2
1302.3178138622095,35.2
1309.1250468239675,35.2
1315.967861285188,35.1
1322.8464432308563,35.1
1329.7609796180998,35.0
1336.7116583812742,35.0
1343.6986684370715,35.0
1350.7221996896535,35.0
1357.782443035813,35.0
1364.879590370164,34.9
1372.0138345903551,34.9
1379.1853696023147,34.9
1386.3943903255179,34.9
1393.6410926982915,34.9
1400.9256736831292,34.9
1408.248331272053,34.9
1415.6092644919916,34.9
1423.0086734101894,34.8
1430.4467591396458,34.7
1437.9237238445805,34.7
1445.439770745928,34.7
1452.9951041268616,34.7
1460.589929338344,34.7
1468.224452804715,34.7
1475.898882029292,34.7
1483.6134256000173,34.7
1491.3682931951248,34.7
1499.1636955888393,34.7
1506.999844657106,34.7
1514.8769533833477,34.7
1522.7952358642551,34.7
1530.754907315605,34.7
1538.7561840781082,34.7
1546.799283623296,34.7
1554.8844245594228,34.7
1563.0118266374113,34.7
1571.181710756826,34.7
1579.3942989718767,34.7
1587.649814497453,34.8
1595.9484817151922,34.9
1604.2905261795772,34.9
1612.6761746240677,34.9
1621.1056549672617,34.9
1629.5791963190893,34.9
1638.097028987047,34.9
1646.6593844824454,34.9
1655.266495526711,34.9
1663.9185960577072,34.9
1672.6159212360947,34.9
1681.3587074517213,34.9
1690.1471923300487,35.0
1698.9816147386093,35.0
1707.8622147934998,35.0
1716.789233865905,35.0
1725.7629145886658,35.0
1734.7835008628629,35.0
1743.8512378644525,35.0
1752.9663720509295,35.0
1762.1291511680254,35.0
1771.3398242564415,35.0
1780.598641658619,35.0
1789.9058550255418,35.0
1799.2617173235774,35.0
1808.6664828413498,35.0
1818.1204071966588,35.0
1827.6237473434162,35.0
1837.1767615786375,35.0
1846.7797095494598,35.0
1856.4328522602,35.0
1866.1364520794475,35.0
1875.8907727471963,35.0
1885.6960793820124,35.0
1895.552638488241,35.0
1905.4607179632462,35.0
1915.4205871047022,35.0
1925.4325166178992,35.0
1935.4967786231095,35.0
1945.6136466629825,35.0
1955.783395709978,35.1
1966.006302173841,35.2
1976.282643909114,35.2
1986.6127002226892,35.2
1996.996751881399,35.2
2007.4350811196462,35.2
2017.927971647083,35.2
2028.4757086563097,35.2
2039.078578830634,35.2
2049.736870351861,35.2
2060.4508729081267,35.2
2071.22087770177,35.2
2082.0471774572497,35.2
2092.9300664290977,35.3
2103.8698404099196,35.4
2114.8667967384304,35.4
2125.9212343075446,35.4
2137.0334535724887,35.4
2148.2037565589744,35.4
2159.4324468714053,35.4
2170.71982970113,35.4
2182.0662118347364,35.4
2193.4719016623894,35.4
2204.937209186215,35.4
2216.4624460287228,35.4
2228.0479254412767,35.4
2239.6939623126154,35.4
2251.4008731773993,35.4
2263.168976224821,35.4
2274.9985913072546,35.4
2286.890039948944,35.4
2298.843645354747,35.4
2310.8597324189163,35.4
2322.9386277339318,35.4
2335.0806595993763,35.4
2347.2861580308577,35.4
2359.5554547689862,35.4
2371.8888832883777,35.4
2384.2867788067265,35.4
2396.7494782939148,35.4
2409.2773204811715,35.4
2421.8706458702773,35.4
2434.5297967428205,35.4
2447.2551171695004,35.4
2460.0469530194778,35.4
2472.905651969775,35.4
2485.8315635147337,35.4
2498.825038975499,35.4
2511.88643150958,35.6
2525.0160961204438,35.7
2538.2143896671673,35.7
2551.481670874133,35.7
2564.8183003407817,35.7
2578.224640551411,35.7
2591.7010558850307,35.7
2605.247912625263,35.7
2618.8655789702975,35.7
2632.5544250429093,35.8
2646.314822900502,35.9
2660.14714654523,35.9
2674.051771934164,35.9
2688.029076989506,35.9
2702.079441608862,35.8
2716.20324767557,35.8
2730.400879069075,35.7
2744.6727216753675,35.7
2759.0191633974646,35.6
2773.440594165967,35.6
2787.9374059496395,35.5
2802.509992766076,35.5
2817.1587506924047,35.4
2831.8840778760564,35.3
2846.686374545581,35.2
2861.5660430215316,35.1
2876.5234877273942,35.0
2891.5591152005823,34.9
2906.6733341034837,34.9
2921.8665552345788,34.9
2937.139191539587,34.9
2952.4916581227058,34.9
2967.9243722578863,34.9
2983.4377534001765,34.9
2999.0322231971227,34.9
3014.7082055002275,34.9
3030.466126376471,34.8
3046.306414119893,34.8
3062.229499263226,34.7
3078.2358145896155,34.7
3094.325795144359,34.7
3110.4998782467446,34.7
3126.7585035019356,34.6
3143.1021128129173,34.6
3159.5311503925072,34.5
3176.0460627754296,34.4
3192.6472988304513,34.3
3209.335309772584,34.2
3226.1105491753406,34.1
3242.973472983081,34.0
3259.924539523382,33.9
3276.9642095195077,33.8
3294.0929461029286,33.6
3311.311214825911,33.4
3328.6194836741684,33.3
3346.018223079582,33.1
3363.507905932988,33.0
3381.089007597027,32.8
3398.762005919066,32.6
3416.527381244194,32.4
3434.385616428264,32.2
3452.337196851022,32.0
3470.382610429304,31.8
3488.5223476302926,31.7
3506.7569014848486,31.7
3525.0867676009134,31.6
3543.512444176976,31.5
3562.034432015617,31.5
3580.6532345371147,31.5
3599.369357793143,31.4
3618.1833104805046,31.4
3637.095603954969,31.4
3656.1067522451726,31.4
3675.2172720665826,31.4
3694.4276828355482,31.4
3713.738506683413,31.4
3733.1502684707093,31.4
3752.6634958014215,31.4
3772.2787190373247,31.4
3791.9964713124127,31.5
3811.817288547367,31.6
3831.7417094641373,31.7
3851.7702756005806,31.8
3871.9035313251793,31.9
3892.1420238518376,32.0
3912.4863032547537,32.1
3932.936922483372,32.2
3953.4944373774106,32.4
3974.1594066819653,32.5
3994.9323920627126,32.6
4015.8139581211503,32.8
4036.8046724099613,32.9
4057.9051054484326,33.0
4079.115830737964,33.1
4100.437424777656,33.3
4121.870467079975,33.4
4143.41554018651,33.5
4165.0732296838005,33.7
4186.844124219257,33.8
4208.728815517151,33.9
4230.72789839472,34.1
4252.841970778305,34.2
4275.071633719623,34.3
4297.417491412092,34.3
4319.880151207261,34.4
4342.460223631314,34.3
4365.158322401661,34.3
4387.975064443623,34.2
4410.911069907196,34.2
4433.9669621839075,34.1
4457.1433679237725,34.1
4480.4409170523,34.1
4503.860242787635,34.1
4527.40198165776,34.0
4551.0667735177985,33.9
4574.855261567406,33.9
4598.768092368251,33.8
4622.80591586159,33.6
4646.969385385929,33.4
4671.25915769478,33.2
4695.675892974527,32.8
4720.220254862348,32.5
4744.892910464259,32.3
4769.694530373255,32.1
4794.625788687525,31.9
4819.68736302878,31.7
4844.87993456067,31.5
4870.204188007296,31.3
4895.660811671819,31.3
4921.250497455168,31.4
4946.973940874864,31.3
4972.8318410838865,31.2
4998.824900889706,31.0
5024.953826773381,30.8
5051.219328908747,30.6
5077.622121181736,30.4
5104.162921209768,30.1
5130.842450361258,29.8
5157.661433775227,29.5
5184.620600380999,29.3
5211.720682918039,29.1
5238.962417955835,28.9
5266.346545913939,28.6
5293.873811082085,28.3
5321.544961640422,28.1
5349.360749679845,27.9
5377.321931222439,27.8
5405.429266242027,27.5
5433.683518684824,27.3
5462.085456490198,26.8
5490.635851611563,26.5
5519.335480037329,26.4
5548.185121812011,26.3
5577.185561057427,26.1
5606.337585994012,25.8
5635.641988962242,25.5
5665.0995664441625,25.2
5694.7111190850455,25.0
5724.477451715144,24.8
5754.399373371566,24.8
5784.477697320285,24.8
5814.713241078208,24.8
5845.10682643542,24.9
5875.659279477514,24.9
5906.371430608045,24.9
5937.244114571097,24.9
5968.278170473975,24.9
5999.4744418100045,24.9
6030.833776481469,24.8
6062.357026822636,24.7
6094.045049622959,24.7
6125.898706150321,24.7
6157.918862174471,24.7
6190.106387990547,24.7
6222.462158442733,24.6
6254.987052948034,24.6
6287.681955520183,24.5
6320.547754793659,24.5
6353.585344047851,24.4
6386.795621231329,24.4
6420.179488986247,24.3
6453.7378546729,24.3
6487.471630394349,24.3
6521.381733021235,24.3
6555.469084216698,24.3
6589.734610461422,24.3
6624.179243078815,24.4
6658.80391826033,24.5
6693.609577090902,24.5
6728.597165574533,24.5
6763.767634659991,24.5
6799.1219402666875,24.6
6834.661043310619,24.7
6870.385909730507,24.8
6906.297510514049,24.9
6942.39682172431,25.0
6978.684824526248,25.1
7015.162505213385,25.2
7051.830855234612,25.3
7088.690871221135,25.3
7125.7435550135615,25.4
7162.989913689153,25.4
7200.430959589155,25.4
7238.067710346342,25.4
7275.901188912673,25.4
7313.932423587085,25.4
7352.162448043451,25.4
7390.59230135867,25.3
7429.22302804091,25.2
7468.055678057999,25.2
7507.091306865953,25.3
7546.330975437692,25.4
7585.775750291836,25.6
7625.426703521717,25.8
7665.284912824515,25.9
7705.351461530549,26.0
7745.627438632719,26.1
7786.113938816104,26.1
7826.81206248772,26.2
7867.722915806424,26.3
7908.847610712972,26.4
7950.187264960275,26.8
7991.743002143727,27.2
8033.515951731782,27.3
8075.507249096639,27.4
8117.718035545101,27.5
8160.149458349601,27.8
8202.80267077938,28.2
8245.67883213183,28.4
8288.77910776401,28.5
8332.104669124305,28.6
8375.656693784302,28.6
8419.436365470749,28.8
8463.444874097753,29.0
8507.683415799123,29.1
8552.153192960874,29.2
8596.855414253905,29.2
8641.791294666864,29.2
8686.962055539152,29.2
8732.36892459413,29.2
8778.01313597248,29.2
8823.895930265779,29.1
8870.018554550163,29.0
8916.382262420266,28.8
8962.988314023276,28.7
9009.83797609319,28.6
9056.932521985234,28.5
9104.273231710486,28.4
9151.861391970657,28.3
9199.698296193066,28.3
9247.785244565785,28.2
9296.12354407301,28.2
9344.714508530542,28.1
9393.559458621517,28.1
9442.659721932305,28.2
9492.016632988581,28.3
9541.631533291613,28.5
9591.505771354708,29.0
9641.64070273987,29.5
9692.037690094652,29.6
9742.698103189163,30.0
9793.623318953358,30.6
9844.814721514387,30.9
9896.27370223427,31.2
9948.001659747684,31.6
10000.0,32.8
10052.270136285486,33.9
10104.813489285681,34.2
10157.6314871081,34.4
10210.725565324987,34.6
10264.09716701231,34.7
10317.747742788988,34.8
10371.678750856474,34.9
10425.891657038128,34.9
10480.387934819217,34.8
10535.16906538697,34.7
10590.236537670813,34.5
10645.591848382772,34.3
10701.236502058211,34.0
10757.172011096769,33.7
10813.399895803414,32.9
10869.921684429703,31.9
10926.73891321545,31.4
10983.85312643042,31.0
11041.265876416248,30.7
11098.978723628681,30.3
11156.993236680037,29.6
11215.310992381786,28.5
11273.933575787378,27.7
11332.862580235347,27.0
11392.099607392682,26.5
11451.646267298307,26.3
11511.504178406769,25.7
11571.674967632372,24.3
11632.16027039332,23.0
11692.961730656129,22.5
11754.08100098034,21.8
11815.519742563505,21.1
11877.27962528627,20.6
11939.362327757724,20.1
12001.76953736107,19.7
12064.50295029953,19.6
12127.56427164241,19.4
12190.95521537136,19.1
12254.677504427105,18.9
12318.732870756214,18.9
12383.123055358106,18.9
12447.849808332432,18.9
12512.914888926687,18.9
12578.320065583976,18.9
12644.067115991029,18.9
12710.157827126544,19.0
12776.593995309939,19.5
12843.377426249857,20.1
12910.50993509343,20.5
12977.99334647565,21.0
13045.829494568892,21.4
13114.020223132724,21.9
13182.567385564074,22.9
13251.472844947652,23.9
13320.738474106534,24.5
13390.366155652993,25.0
13460.35778203982,25.5
13530.715255611682,26.1
13601.440488656775,27.4
13672.535403458849,28.8
13744.001932349513,29.4
13815.842017760702,29.7
13888.057612277411,29.9
13960.650678690825,30.1
14033.62319005172,30.2
14106.977129724035,30.2
14180.714491438697,30.2
14254.837279347976,30.1
14329.347508079869,30.0
14404.247202792812,29.9
14479.538399230763,29.6
14555.223143778607,29.2
14631.303493517702,28.4
14707.78151628175,27.6
14784.65929071304,26.9
14861.938906319014,26.4
14939.622463529,25.8
15017.712073751207,24.9
15096.209859430292,23.9
15175.117954104964,23.0
15254.438502465904,22.2
15334.173660414117,21.4
15414.325595119602,20.9
15494.896485080177,20.5
15575.88852018064,20.0
15657.303901752315,19.4
15739.1448426331,18.9
15821.413567227246,18.5
15904.112311566014,18.3
15987.243323368504,18.1
16070.808862102673,17.8
16154.811199046684,17.6
16239.252617350698,17.6
16324.135412099,17.6
16409.461890372313,17.6
16495.23437131044,17.8
16581.455186175313,17.9
16668.12667841462,18.0
16755.251203725067,18.1
