10.0,50.3
10.052270136285475,50.3
10.104813489285682,50.3
10.157631487108103,50.3
10.210725565324982,50.3
10.264097167012295,50.3
10.317747742789004,50.3
10.371678750856479,50.3
10.425891657038118,50.3
10.480387934819216,50.3
10.535169065386981,50.3
10.590236537670812,50.3
10.64559184838276,50.3
10.701236502058206,50.3
10.757172011096776,50.3
10.813399895803409,50.3
10.869921684429707,50.3
10.926738913215466,50.3
10.98385312643042,50.3
11.041265876416237,50.2
11.098978723628681,50.2
11.156993236680048,50.2
11.215310992381788,50.2
11.27393357578736,50.2
11.332862580235341,50.2
11.392099607392687,50.2
11.451646267298301,50.2
11.511504178406776,50.2
11.571674967632385,50.2
11.632160270393321,50.2
11.692961730656117,50.2
11.75408100098034,50.2
11.815519742563518,50.2
11.87727962528627,50.2
11.939362327757706,50.2
12.001769537361062,50.2
12.064502950299536,50.2
12.127564271642404,50.2
12.190955215371359,50.2
12.254677504427118,50.2
12.318732870756214,50.2
12.383123055358094,50.2
12.447849808332432,50.2
12.5129148889267,50.2
12.578320065583968,50.2
12.644067115991009,50.2
12.710157827126565,50.2
12.776593995309947,50.2
12.843377426249843,50.2
12.910509935093431,50.2
12.977993346475664,50.2
13.045829494568892,50.2
13.11402022313271,50.2
13.182567385564074,50.2
13.251472844947658,50.2
13.320738474106527,50.1
13.390366155653,50.0
13.460357782039841,50.0
13.530715255611682,50.0
13.601440488656761,50.0
13.672535403458848,50.0
13.744001932349526,50.0
13.815842017760701,50.0
13.888057612277397,50.0
13.960650678690818,50.0
14.033623190051728,50.0
14.10697712972403,50.0
14.180714491438705,50.0
14.25483727934799,50.0
14.32934750807987,50.0
14.404247202792797,50.0
14.479538399230764,50.0
14.55522314377862,50.0
14.631303493517702,50.0
14.707781516281727,50.0
14.784659290713032,50.0
14.861938906319022,50.0
14.939622463528993,49.9
15.017712073751214,49.8
15.096209859430308,49.8
15.175117954104964,49.8
15.254438502465888,49.8
15.334173660414118,49.8
15.414325595119617,49.8
15.494896485080169,49.8
15.575888520180618,49.8
15.65730390175234,49.8
15.73914484263311,49.8
15.821413567227237,49.8
15.904112311566013,49.8
15.98724332336852,49.8
16.070808862102673,49.8
16.154811199046666,49.8
16.239252617350697,49.8
16.324135412099007,49.8
16.409461890372306,49.8
16.495234371310413,49.7
16.58145518617534,49.6
16.668126678414627,49.5
16.755251203725052,49.5
16.84283113011666,49.5
16.930868837977105,49.5
17.01936672013636,49.5
17.108327181931763,49.5
17.197752641273365,49.5
17.28764552870969,49.5
17.378008287493753,49.5
17.4688433736495,49.5
17.560153256038525,49.5
17.651940416427212,49.5
17.744207349554188,49.5
17.836956563198083,49.5
17.93019057824573,49.5
18.023911928760675,49.5
18.118123162052047,49.5
18.21282683874379,49.4
18.30802553284428,49.3
18.403721831816252,49.3
18.499918336647156,49.3
18.59661766191982,49.3
18.69382243588356,49.3
18.791535300525574,49.3
18.889758911642755,49.3
18.98849593891389,49.3
19.08774906597221,49.3
19.187520990478333,49.3
19.287814424193606,49.3
19.388632093053765,49.3
19.48997673724305,49.3
19.591851111268685,49.3
19.69425798403576,49.2
19.79720013892245,49.2
19.90068037385568,49.1
20.004701501387192,49.1
20.109266348769967,49.1
20.214377758035074,49.1
20.320038586068932,49.1
20.426251704690927,49.1
20.533020000731486,49.1
20.64034637611054,49.1
20.748233747916412,49.1
20.856685048485062,49.1
20.965703225479817,49.1
21.075291241971485,49.1
21.185452076518878,49.0
21.296188723249774,49.0
21.407504191942323,49.0
21.519401508106792,49.0
21.631883713067854,49.0
21.744953864047204,49.0
21.858615034246718,49.0
21.972870312931903,49.0
22.087722805515906,49.0
22.203175633643916,49.0
22.319231935278008,49.0
22.435894864782412,49.0
22.553167593009288,49.0
22.671053307384867,48.9
22.789555211996095,48.8
22.908676527677724,48.8
23.028420492099883,48.8
23.148790359856015,48.8
23.26978940255137,48.8
23.391420908891938,48.8
23.51368818477381,48.8
23.63659455337303,48.8
23.760143355235964,48.8
23.884337948370025,48.8
24.009181708334992,48.8
24.134678028334722,48.8
24.260830319309434,48.8
24.387642010028344,48.8
24.515116547182902,48.7
24.64325739548046,48.6
24.772068037738443,48.6
24.901551974979007,48.6
25.031712726524198,48.6
25.162553830091625,48.6
25.294078841890578,48.6
25.426291336718684,48.5
25.559194908059133,48.4
25.692793168178262,48.3
25.827089748223784,48.3
25.96208829832347,48.3
26.097792487684362,48.3
26.234206004692496,48.3
26.371332557013133,48.3
26.5091758716916,48.3
26.647739695254497,48.3
26.787027793811582,48.3
26.9270439531581,48.3
27.06779197887776,48.2
27.209275696446046,48.1
27.351498951334275,48.1
27.494465609114105,48.1
27.638179555562576,48.1
27.782644696767733,48.1
27.92786495923483,48.1
28.07384428999299,48.1
28.220586656702505,48.1
28.368096047762684,48.0
28.516376472420284,47.9
28.66543196087842,47.9
28.815266564406134,47.9
28.965884355448516,47.9
29.11728942773738,47.9
29.26948589640251,47.9
29.42247789808359,47.9
29.57626959104251,47.9
29.730865155276486,47.9
29.88626879263161,47.9
30.04248472691713,47.8
30.19951720402016,47.8
30.357370492021133,47.8
30.516048881309793,47.8
30.675556684701824,47.8
30.835898237556027,47.8
30.99707789789224,47.8
31.15910004650967,47.8
31.321969087106055,47.8
31.485689446397288,47.8
31.650265574237824,47.7
31.815701943741516,47.6
31.98200305140326,47.6
32.14917341722119,47.6
32.31721758481955,47.6
32.486140121572134,47.6
32.655945618726484,47.6
32.82663869152868,47.5
32.99822397934869,47.4
33.170706145806605,47.4
33.34408987889928,47.4
33.51837989112781,47.4
33.69358091962557,47.4
33.86969772628702,47.4
34.04673509789711,47.4
34.224697846261364,47.3
34.40359080833668,47.2
34.58341884636283,47.1
34.764186847994516,47.1
34.94589972643436,47.1
35.12856242056629,47.1
35.312179895089876,47.1
35.496757140655234,47.0
35.68229917399868,46.9
35.86881103807908,46.9
36.05629780221492,46.9
36.24476456222205,46.9
36.434216440552284,46.9
36.6246585864325,46.9
36.81609617600466,46.9
37.00853441246656,46.9
37.2019785262131,46.8
37.39643377497855,46.8
37.591905443979435,46.7
37.788398846058186,46.7
37.985919321827524,46.7
38.184472239815605,46.7
38.384062996612016,46.7
38.584697017014335,46.7
38.786379754175634,46.6
38.98911668975273,46.6
39.1929133340551,46.5
39.39777522619469,46.5
39.60370793423646,46.5
39.810717055349734,46.5
40.0188082159603,46.5
40.227987071903335,46.5
40.43825930857721,46.5
40.64963064109788,46.4
40.8621068144543,46.4
41.075693603664625,46.4
41.29039681393302,46.4
41.506222280807584,46.4
41.72317587033889,46.3
41.94126347923944,46.3
42.16049103504393,46.2
42.38086449627034,46.2
42.60238985258197,46.2
42.825073124950116,46.2
43.04892036581776,46.1
43.27393765926414,46.1
43.500131121170035,46.0
43.727506899384,46.0
43.956071173889484,46.0
44.18583015697281,46.0
44.416790093392,45.9
44.648957260546474,45.8
44.88233796864779,45.7
45.116938560890986,45.7
45.35276541362708,45.7
45.58982493653644,45.7
45.82812357280281,45.7
46.067667799288614,45.7
46.308464126710895,45.7
46.55051909981832,45.7
46.793839297569036,45.6
47.03843133330949,45.6
47.28430185495417,45.5
47.531457545166376,45.5
47.77990512153967,45.5
48.02965133678067,45.5
48.28070297889241,45.4
48.53306687135893,45.4
48.78674987333074,45.3
49.041758879811184,45.3
49.298100821843896,45.3
49.55578266670119,45.2
49.81481141807335,45.2
50.07519411625915,45.2
50.336937838356974,45.2
50.60004969845742,45.2
50.86453684783644,45.2
51.13040647514984,45.2
51.39766580662862,45.2
51.66632210627541,45.2
51.93638267606184,45.1
52.20785485612707,45.1
52.48074602497726,45.0
52.75506359968615,45.0
53.030815036096584,45.0
53.308007829023246,45.0
53.58664951245627,44.9
53.866747659766084,44.8
54.148309883909214,44.8
54.431343837635225,44.8
54.7158572136947,44.8
55.00185774504835,44.8
55.28935320507712,44.7
55.57835140779364,44.6
55.86886020805435,44.5
56.160887501773274,44.5
56.45444122613637,44.5
56.74952935981742,44.5
57.04615992319485,44.5
57.34434097856969,44.4
57.64408063038476,44.3
57.94538702544487,44.3
58.24826835313831,44.2
58.552732845659456,44.2
58.85878877823242,44.1
59.166444469336014,44.1
59.475708280929936,44.1
59.786588618681876,44.1
60.0990939321961,44.1
60.41323271524305,44.0
60.72901350599024,44.0
61.046444887234294,44.0
61.365535486634215,44.0
61.686293976945976,44.0
62.008729076258064,44.0
62.332849548228545,43.9
62.658664202323344,43.8
62.98618189405547,43.8
63.315411525225876,43.8
63.64636204416533,43.8
63.979042445977655,43.8
64.31346177278421,43.8
64.64962911396958,43.8
64.98755360642885,43.8
65.32724443481563,43.7
65.66871083179183,43.7
66.01196207827876,43.6
66.35700750370908,43.6
66.7038564862806,43.6
67.05251845321108,43.6
67.40300288099445,43.6
67.75531929565844,43.5
68.1094772730234,43.4
68.46548643896274,43.3
68.82335646966433,43.3
69.18309709189363,43.2
69.54471808325809,43.1
69.90822927247277,43.1
70.27364053962762,43.1
70.6409618164559,43.1
71.01020308660422,43.1
71.38137438590384,43.0
71.75448580264342,42.9
72.12954747784322,42.9
72.50656960553087,42.9
72.88556243301818,42.9
73.26653626117992,42.9
73.64950144473359,42.8
74.03446839252094,42.8
74.42144756779092,42.8
74.810449488484,42.8
75.20148472751808,42.8
75.59456391307583,42.8
75.98969772889355,42.7
76.38689691455168,42.6
76.78617226576647,42.6
77.18753463468363,42.6
77.59099493017311,42.6
77.99656411812569,42.6
78.404253221751,42.5
78.8140733218772,42.4
79.226035557252,42.4
79.64015112484554,42.4
80.05643128015467,42.4
80.47488733750892,42.4
80.89553067037787,42.3
81.31837271168051,42.2
81.74342495409579,42.1
82.170698950375,42.1
82.60020631365589,42.1
83.03195871777821,42.1
83.46596789760103,42.1
83.90224564932171,42.1
84.34080383079642,42.0
84.78165436186265,41.9
85.22480922466286,41.9
85.67028046397054,41.8
86.11808018751721,41.8
86.56822056632171,41.7
87.020713835021,41.7
87.47557229220259,41.7
87.93280830073893,41.7
88.39243428812335,41.6
88.85446274680783,41.6
89.31890623454267,41.5
89.78577737471758,41.5
90.25508885670492,41.5
90.72685343620469,41.5
91.20108393559097,41.5
91.67779324426061,41.4
92.15699431898352,41.4
92.63870018425483,41.4
93.12292393264887,41.4
93.60967872517497,41.4
94.09897779163542,41.4
94.5908344309847,41.3
95.0852620116911,41.2
95.58227397210023,41.2
96.08188382079996,41.2
96.5841051369878,41.2
97.08895157083991,41.2
97.59643684388209,41.1
98.10657474936274,41.0
98.61937915262773,41.0
99.13486399149741,40.9
99.65304327664518,40.8
100.17393109197839,40.7
100.69754159502135,40.7
101.22388901729977,40.7
101.75298766472777,40.7
102.28485191799675,40.6
102.81949623296607,40.6
103.35693514105618,40.5
103.89718324964329,40.5
104.44025524245698,40.5
104.98616587997819,40.5
105.53492999984189,40.4
106.08656251723878,40.4
106.64107842532215,40.3
107.19849279561431,40.3
107.75882077841675,40.3
108.32207760322176,40.3
108.88827857912626,40.3
109.45743909524856,40.2
110.02957462114523,40.2
110.60470070723336,40.2
111.18283298521138,40.2
111.76398716848561,40.2
112.3481790525961,40.2
112.93542451564652,40.1
113.5257395187356,40.0
114.11914010639099,40.0
114.71564240700522,40.0
115.3152626332741,40.0
115.91801708263789,40.0
116.52392213772293,40.0
117.13299426678874,40.0
117.74525002417371,39.9
118.36070605074681,39.8
118.97937907435858,39.8
119.60128591029638,39.8
120.22644346174131,39.7
120.85486872022751,39.6
121.4865787661046,39.5
122.12159076900052,39.5
122.75992198829012,39.5
123.40158977356222,39.5
124.04661156509306,39.4
124.69500489431896,39.3
125.34678738431336,39.3
126.00197675026583,39.3
126.6605907999634,39.3
127.3226474342747,39.3
127.98816464763628,39.2
128.6571605285424,39.1
129.32965326003517,39.1
130.00566112020084,39.1
130.68520248266435,39.1
131.36829581709074,39.1
132.05495968968575,39.0
132.74521276370103,39.0
133.43907379994133,39.0
134.1365616572744,39.0
134.83769529314347,39.0
135.54249376408254,39.0
136.25097622623485,38.9
136.96316193587217,38.8
137.67907024992007,38.8
138.39872062648203,38.8
139.1221326253702,38.8
139.84932590863562,38.7
140.58032024110324,38.7
141.31513549090906,38.6
142.05379163003997,38.6
142.7963087348772,38.6
143.5427069867405,38.5
144.29300667243896,38.4
145.04722818481977,38.3
145.80539202332486,38.3
146.56751879454652,38.3
147.333629212788,38.3
148.1037441006266,38.2
148.87788438947953,38.1
149.65607112017267,38.1
150.43832544351253,38.1
151.2246686208618,38.1
152.01512202471548,38.1
152.80970713928414,38.1
153.6084455610754,38.1
154.41135899948313,38.1
155.218469277376,38.1
156.02979833169113,38.0
156.8453682140304,37.9
157.66520109125955,37.9
158.48931924611142,37.9
159.3177450777899,37.9
160.15050110258113,37.9
160.9876099544629,37.8
161.82909438572216,37.8
162.67497726757185,37.8
163.52528159077312,37.8
164.38003046626017,37.8
165.23924712576837,37.8
166.1029549224657,37.7
166.97117733158728,37.6
167.8439379510743,37.6
168.72126050221348,37.6
169.60316883028446,37.5
170.48968690520502,37.4
171.38083882218535,37.4
172.27664880238083,37.4
173.17714119355136,37.4
174.08234047072295,37.4
174.99227123685273,37.3
175.9069582234984,37.2
176.82642629148881,37.1
177.75070043160196,37.1
178.67980576524164,37.1
179.61376754512278,37.1
180.55261115595593,37.0
181.49636211513797,36.9
182.44504607344558,36.9
183.39868881573247,36.9
184.35731626163007,36.9
185.3209544662519,36.9
186.28962962090262,36.9
187.26336805378796,36.9
188.24219623073301,36.9
189.2261407558986,36.9
190.21522837250714,36.8
191.20948596356752,36.7
192.20894055260666,36.7
193.21361930440384,36.7
194.22354952572874,36.7
195.2387586660848,36.7
196.25927431845295,36.6
197.28512422004457,36.5
198.31633625305224,36.5
199.35293844541056,36.5
200.39495897155572,36.4
201.4424261531923,36.4
202.4953684600627,36.4
203.55381451072122,36.4
204.6177930733116,36.4
205.6873330663489,36.3
206.76246355950653,36.3
207.84321377440395,36.2
208.92961308540407,36.2
210.02169102040844,36.2
211.11947726166272,36.2
212.22300164656127,36.2
213.33229416845913,36.2
214.447384977487,36.2
215.5683043813707,36.2
216.69508284625502,36.1
217.8277509975314,36.1
218.9663396206716,36.0
220.1108796620618,36.0
221.26140222984722,36.0
222.41793859477394,36.0
223.5805201910423,35.9
224.74917861715863,35.8
225.9239456367954,35.7
227.10485317965416,35.7
228.29193334233327,35.7
229.48521838920135,35.7
230.68474075327168,35.6
231.89053303708724,35.6
233.102628013603,35.5
234.32105862708036,35.5
235.5458579939798,35.5
236.77705940386227,35.5
238.0146963202937,35.5
239.25880238175446,35.5
240.50941140255387,35.5
241.76655737374873,35.4
243.03027446406858,35.3
244.30059702084168,35.3
245.57755957093218,35.3
246.86119682167464,35.3
248.1515436618211,35.3
249.44863516248657,35.2
250.75250657810346,35.2
252.0631933473797,35.2
253.3807310942614,35.2
254.7051556289027,35.2
256.03650294863604,35.2
257.3748092389545,35.1
258.72011087449107,35.0
260.0724444200114,35.0
261.4318466314045,35.0
262.79835445668317,35.0
264.17200503698814,35.0
265.5528357075972,35.0
266.94088399894025,34.9
268.336187637619,34.9
269.7387845474336,34.8
271.1487128504106,34.8
272.56601086784315,34.8
273.9907171213279,34.8
275.4228703338166,34.8
276.86250943066517,34.7
278.30967354069315,34.6
279.764401997247,34.5
281.2267343392687,34.5
282.6967103123723,34.5
284.1743698699204,34.5
285.65975317411466,34.5
287.152900597083,34.5
288.6538527219809,34.4
290.16265034409145,34.3
291.67933447193553,34.3
293.203946328386,34.3
294.7365273517884,34.3
296.27711919708696,34.3
297.8257637369567,34.2
299.38250306294265,34.1
300.947379486601,34.1
302.52043554065347,34.1
304.1017139801383,34.1
305.69125778357716,34.1
307.2891101541398,34.1
308.8953145208197,34.1
310.5099145396145,34.1
312.1329540947119,34.1
313.76447729968413,34.0
315.40452849868336,34.0
317.0531522676519,34.0
318.71039341552853,34.0
320.3762969854716,34.0
322.05090825607795,34.0
323.7342727426186,33.9
325.4264361982722,33.8
327.1274446153702,33.8
328.83734422664674,33.8
330.55618150649445,33.8
332.28400317222986,33.8
334.02085618535915,33.8
335.76678775285944,33.8
337.52184532845695,33.8
339.28607661392135,33.8
341.0595295603587,33.7
342.84225236951676,33.6
344.63429349509414,33.6
346.4357016440579,33.5
348.24652577796684,33.4
350.06681511430224,33.3
351.8966191278073,33.3
353.7359875518278,33.3
355.5849703796693,33.3
357.44361786595016,33.3
359.3119805279728,33.3
361.1901091470929,33.3
363.0780547701014,33.2
364.9758687106112,33.1
366.8836025504522,33.1
368.80130814107446,33.1
370.72903760495365,33.1
372.66684333701346,33.1
374.6147780060434,33.1
376.57289455613636,33.1
378.54124620812286,33.1
380.5198864610201,33.1
382.50886909348526,33.0
384.5082481652772,32.9
386.51807801872604,32.9
388.53841328020957,32.9
390.56930886163985,32.9
392.6108199619517,32.9
394.6630020686084,32.8
396.7259109591041,32.8
398.7996027024853,32.8
400.8841336608706,32.8
402.9795604909844,32.8
405.0859401456969,32.8
407.20332987557106,32.8
409.331787230421,32.8
411.4713700608718,32.8
413.6221365199375,32.8
415.78414506459575,32.7
417.95745445738237,32.6
420.1421237679842,32.6
422.33821237484636,32.6
424.5457799667861,32.6
426.76488654461485,32.6
428.9955924227691,32.5
431.23795823094935,32.4
433.49204491576995,32.4
435.7579137424112,32.4
438.0356262962907,32.4
440.3252444847303,32.4
442.62683053864555,32.4
444.9404470142319,32.4
447.2661567946673,32.4
449.60402309182115,32.3
451.9541094479714,32.2
454.3164797375345,32.1
456.6911981687959,32.1
459.0783292856624,32.1
461.4779379694089,32.1
463.89008944044906,32.1
466.31484926010245,32.0
468.7522833323791,31.9
471.20245790577025,31.9
473.6654395750488,31.9
476.14129528307956,31.9
478.630092322638,31.9
481.1318983382419,31.9
483.6467813279844,31.9
486.1748096453894,31.9
488.7160520012619,31.8
491.27057746556244,31.7
493.8384554692794,31.7
496.4197558063182,31.7
499.01454863539806,31.7
501.6229044819588,31.7
504.24489424007766,31.7
506.88058917439554,31.7
509.53006092205686,31.7
512.1933814946506,31.7
514.8706232801756,31.6
517.5618590449992,31.5
520.2671619358439,31.5
522.9866054817683,31.5
525.7202635961694,31.5
528.4682105787901,31.5
531.230521117739,31.5
534.0072702915224,31.5
536.7985335710792,31.5
539.6043868218401,31.4
542.4249063057814,31.4
545.2601686835053,31.4
548.1102510163182,31.4
550.9752307683272,31.4
553.8551858085453,31.4
556.7501944130083,31.4
559.6603352669016,31.4
562.5856874666987,31.4
565.5263305223134,31.4
568.4823443592555,31.4
571.4538093208106,31.4
574.4408061702153,31.4
577.4434160928608,31.3
580.4617206984933,31.2
583.4958020234345,31.2
586.5457425328113,31.2
589.6116251227962,31.2
592.6935331228639,31.2
595.7915502980484,31.2
598.9057608512304,31.2
602.0362494254149,31.2
605.1831011060411,31.2
608.3464014232891,31.2
611.5262363544065,31.2
614.7226923260454,31.2
617.9358562166111,31.2
621.1658153586235,31.2
624.4126575410903,31.2
627.6764710118958,31.2
630.957344480193,31.2
634.2553671188238,31.2
637.5706285667327,31.2
640.9032189314127,31.2
644.2532287913472,31.2
647.6207491984753,31.2
651.0058716806659,31.2
654.4086882442045,31.2
657.8292913762976,31.2
661.2677740475787,31.2
664.7242297146454,31.2
668.1987523225889,31.2
671.6914363075575,31.2
675.2023765993158,31.2
678.7316686238282,31.2
682.2794083058518,31.2
685.8456920715438,31.2
689.4306168510824,31.2
693.0342800813003,31.2
696.6567797083366,31.2
700.2982141902914,31.2
703.9586824999124,31.2
707.6382841272731,31.2
711.3371190824884,31.2
715.0552878984242,31.2
718.7928916334344,31.2
722.5500318741055,31.2
726.3268107380181,31.2
730.123330876526,31.2
733.9396954775374,31.3
737.7760082683312,31.3
741.6323735183645,31.4
745.508896042117,31.4
749.4056812019327,31.4
753.3228349108862,31.4
757.2604636356614,31.4
761.2186743994453,31.4
765.1975747848361,31.4
769.1972729367671,31.4
773.2178775654501,31.4
777.2594979493206,31.4
781.3222439380205,31.4
785.406225955371,31.5
789.5115550023859,31.5
793.6383426602791,31.5
797.7867010935024,31.5
801.9567430527921,31.5
806.1485818782347,31.5
810.3623315023465,31.6
814.59810645317,31.7
818.8560218573906,31.7
823.1361934434566,31.7
827.4387375447371,31.8
831.7637711026708,31.9
836.1114116699566,31.9
840.4817774137397,31.9
844.8749871188272,31.9
849.2911601909162,31.9
853.7304166598383,31.9
858.1928771828257,31.9
862.6786630477819,31.9
867.1878961765907,32.0
871.7206991284164,32.1
876.2771951030477,32.1
880.8575079442367,32.1
885.4617621430697,32.1
890.0900828413493,32.1
894.742595834996,32.2
899.4194275774676,32.2
904.1207051831946,32.3
908.8465564310401,32.4
913.5971097677627,32.5
918.3724943115215,32.6
923.1728398553701,32.6
927.998276870799,32.6
932.8489365112713,32.6
937.7249506157918,32.6
942.6264517124897,32.6
947.5535730222193,32.6
952.5064484621864,32.7
957.4852126495767,32.7
962.4900009052299,32.8
967.5209492573013,32.8
972.5781944449744,32.9
977.6618739221665,32.9
982.772125861269,32.9
987.9090891569025,32.9
993.0729034296917,33.0
998.26370903006,33.1
1003.4816470420445,33.1
1008.7268592871307,33.1
1013.9994883281055,33.1
1019.2996774729368,33.1
1024.627570778662,33.1
1029.9833130553077,33.1
1035.3670498698243,33.1
1040.778927550043,33.2
1046.219093188652,33.3
1051.687694647196,33.3
1057.1848805600926,33.3
1062.7108003386745,33.3
1068.2656041752484,33.3
1073.849443047181,33.3
1079.4624687209969,33.3
1085.104833756507,33.3
1090.7766915109553,33.3
1096.4781961431852,33.3
1102.2095026178308,33.3
1107.9707667095288,33.3
1113.7621450071517,33.3
1119.5837949180645,33.3
1125.4358746724013,33.3
1131.3185433273702,33.3
1137.231960771571,33.3
1143.1762877293438,33.3
1149.1516857651375,33.3
1155.1583172879002,33.3
1161.1963455554942,33.3
1167.2659346791324,33.3
1173.3672496278396,33.3
1179.5004562329357,33.3
1185.6657211925422,33.3
1191.8632120761172,33.3
1198.0930973290035,33.2
1204.355546277011,33.2
1210.650729131018,33.1
1216.9788169915967,33.1
1223.3399818536654,33.1
1229.7343966111616,33.1
1236.162235061742,33.1
1242.6236719115057,33.1
1249.1188827797416,33.1
1255.6480442037073,33.1
1262.2113336434193,33.0
1268.8089294864806,32.9
1275.4410110529293,32.9
1282.1077586001115,32.9
1288.8093533275808,32.9
1295.5459773820237,32.9
1302.3178138622095,32.8
1309.1250468239675,32.8
1315.967861285188,32.8
1322.8464432308563,32.8
1329.7609796180998,32.8
1336.7116583812742,32.8
1343.6986684370715,32.7
1350.7221996896535,32.7
1357.782443035813,32.6
1364.879590370164,32.6
1372.0138345903551,32.6
1379.1853696023147,32.6
1386.3943903255179,32.6
1393.6410926982915,32.6
1400.9256736831292,32.6
1408.248331272053,32.6
1415.6092644919916,32.6
1423.0086734101894,32.5
1430.4467591396458,32.4
1437.9237238445805,32.4
1445.439770745928,32.4
1452.9951041268616,32.4
1460.589929338344,32.4
1468.224452804715,32.4
1475.898882029292,32.4
1483.6134256000173,32.4
1491.3682931951248,32.4
1499.1636955888393,32.4
1506.999844657106,32.4
1514.8769533833477,32.4
1522.7952358642551,32.5
1530.754907315605,32.5
1538.7561840781082,32.6
1546.799283623296,32.6
1554.8844245594228,32.6
1563.0118266374113,32.6
1571.181710756826,32.6
1579.3942989718767,32.6
1587.649814497453,32.6
1595.9484817151922,32.6
1604.2905261795772,32.7
1612.6761746240677,32.7
1621.1056549672617,32.8
1629.5791963190893,32.8
1638.097028987047,32.9
1646.6593844824454,32.9
1655.266495526711,32.9
1663.9185960577072,33.0
1672.6159212360947,33.1
1681.3587074517213,33.1
1690.1471923300487,33.1
1698.9816147386093,33.1
1707.8622147934998,33.1
1716.789233865905,33.1
1725.7629145886658,33.1
1734.7835008628629,33.1
1743.8512378644525,33.2
1752.9663720509295,33.2
1762.1291511680254,33.3
1771.3398242564415,33.3
1780.598641658619,33.3
1789.9058550255418,33.3
1799.2617173235774,33.3
1808.6664828413498,33.3
1818.1204071966588,33.3
1827.6237473434162,33.3
1837.1767615786375,33.3
1846.7797095494598,33.3
1856.4328522602,33.4
1866.1364520794475,33.5
1875.8907727471963,33.6
1885.6960793820124,33.6
1895.552638488241,33.6
1905.4607179632462,33.6
1915.4205871047022,33.6
1925.4325166178992,33.6
1935.4967786231095,33.6
1945.6136466629825,33.6
1955.783395709978,33.6
1966.006302173841,33.6
1976.282643909114,33.7
1986.6127002226892,33.7
1996.996751881399,33.8
2007.4350811196462,33.9
2017.927971647083,33.9
2028.4757086563097,34.0
2039.078578830634,34.0
2049.736870351861,34.1
2060.4508729081267,34.1
2071.22087770177,34.2
2082.0471774572497,34.2
2092.9300664290977,34.3
2103.8698404099196,34.4
2114.8667967384304,34.5
2125.9212343075446,34.6
2137.0334535724887,34.6
2148.2037565589744,34.7
2159.4324468714053,34.8
2170.71982970113,34.9
2182.0662118347364,35.0
2193.4719016623894,35.0
2204.937209186215,35.0
2216.4624460287228,35.0
2228.0479254412767,35.1
2239.6939623126154,35.2
2251.4008731773993,35.2
2263.168976224821,35.2
2274.9985913072546,35.2
2286.890039948944,35.2
2298.843645354747,35.2
2310.8597324189163,35.2
2322.9386277339318,35.2
2335.0806595993763,35.2
2347.2861580308577,35.2
2359.5554547689862,35.2
2371.8888832883777,35.2
2384.2867788067265,35.2
2396.7494782939148,35.2
2409.2773204811715,35.2
2421.8706458702773,35.2
2434.5297967428205,35.2
2447.2551171695004,35.3
2460.0469530194778,35.3
2472.905651969775,35.3
2485.8315635147337,35.3
2498.825038975499,35.3
2511.88643150958,35.3
2525.0160961204438,35.3
2538.2143896671673,35.3
2551.481670874133,35.3
2564.8183003407817,35.4
2578.224640551411,35.4
2591.7010558850307,35.5
2605.247912625263,35.6
2618.8655789702975,35.6
2632.5544250429093,35.7
2646.314822900502,35.8
2660.14714654523,35.9
2674.051771934164,36.0
2688.029076989506,36.0
2702.079441608862,36.0
2716.20324767557,36.0
2730.400879069075,36.0
2744.6727216753675,35.9
2759.0191633974646,35.8
2773.440594165967,35.6
2787.9374059496395,35.6
2802.509992766076,35.5
2817.1587506924047,35.5
2831.8840778760564,35.4
2846.686374545581,35.3
2861.5660430215316,35.0
2876.5234877273942,34.7
2891.5591152005823,34.4
2906.6733341034837,34.2
2921.8665552345788,34.1
2937.139191539587,34.0
2952.4916581227058,33.8
2967.9243722578863,33.6
2983.4377534001765,33.4
2999.0322231971227,33.3
3014.7082055002275,33.1
3030.466126376471,32.9
3046.306414119893,32.8
3062.229499263226,32.8
3078.2358145896155,32.7
3094.325795144359,32.6
3110.4998782467446,32.5
3126.7585035019356,32.4
3143.1021128129173,32.2
3159.5311503925072,32.1
3176.0460627754296,31.9
3192.6472988304513,31.7
3209.335309772584,31.6
3226.1105491753406,31.5
3242.973472983081,31.4
3259.924539523382,31.4
3276.9642095195077,31.3
3294.0929461029286,31.2
3311.311214825911,31.1
3328.6194836741684,31.0
3346.018223079582,30.8
3363.507905932988,30.7
3381.089007597027,30.6
3398.762005919066,30.5
3416.527381244194,30.4
3434.385616428264,30.4
3452.337196851022,30.3
3470.382610429304,30.3
3488.5223476302926,30.2
3506.7569014848486,30.1
3525.0867676009134,30.1
3543.512444176976,30.0
3562.034432015617,30.0
3580.6532345371147,29.9
3599.369357793143,29.8
3618.1833104805046,29.7
3637.095603954969,29.6
3656.1067522451726,29.5
3675.2172720665826,29.4
3694.4276828355482,29.3
3713.738506683413,29.1
3733.1502684707093,29.1
3752.6634958014215,29.0
3772.2787190373247,29.0
3791.9964713124127,29.0
3811.817288547367,29.0
3831.7417094641373,29.0
3851.7702756005806,29.0
3871.9035313251793,29.0
3892.1420238518376,29.1
3912.4863032547537,29.2
3932.936922483372,29.3
3953.4944373774106,29.5
3974.1594066819653,29.7
3994.9323920627126,29.9
4015.8139581211503,30.0
4036.8046724099613,30.1
4057.9051054484326,30.2
4079.115830737964,30.3
4100.437424777656,30.4
4121.870467079975,30.5
4143.41554018651,30.5
4165.0732296838005,30.5
4186.844124219257,30.5
4208.728815517151,30.5
4230.72789839472,30.6
4252.841970778305,30.7
4275.071633719623,30.8
4297.417491412092,30.8
4319.880151207261,30.9
4342.460223631314,31.0
4365.158322401661,31.0
4387.975064443623,31.0
4410.911069907196,31.0
4433.9669621839075,31.1
4457.1433679237725,31.1
4480.4409170523,31.2
4503.860242787635,31.3
4527.40198165776,31.4
4551.0667735177985,31.4
4574.855261567406,31.4
4598.768092368251,31.4
4622.80591586159,31.4
4646.969385385929,31.3
4671.25915769478,31.2
4695.675892974527,31.2
4720.220254862348,31.2
4744.892910464259,31.2
4769.694530373255,31.2
4794.625788687525,31.1
4819.68736302878,31.0
4844.87993456067,30.9
4870.204188007296,30.8
4895.660811671819,30.7
4921.250497455168,30.6
4946.973940874864,30.5
4972.8318410838865,30.4
4998.824900889706,30.3
5024.953826773381,30.1
5051.219328908747,30.0
5077.622121181736,29.9
5104.162921209768,29.8
5130.842450361258,29.7
5157.661433775227,29.5
5184.620600380999,29.3
5211.720682918039,29.1
5238.962417955835,28.9
5266.346545913939,28.7
5293.873811082085,28.5
5321.544961640422,28.4
5349.360749679845,28.3
5377.321931222439,28.0
5405.429266242027,27.7
5433.683518684824,27.5
5462.085456490198,27.4
5490.635851611563,27.2
5519.335480037329,27.1
5548.185121812011,26.8
5577.185561057427,26.4
5606.337585994012,26.2
5635.641988962242,26.0
5665.0995664441625,25.9
5694.7111190850455,25.7
5724.477451715144,25.4
5754.399373371566,25.0
5784.477697320285,24.6
5814.713241078208,24.4
5845.10682643542,24.4
5875.659279477514,24.4
5906.371430608045,24.3
5937.244114571097,24.1
5968.278170473975,24.0
5999.4744418100045,23.9
6030.833776481469,23.9
6062.357026822636,23.8
6094.045049622959,23.7
6125.898706150321,23.7
6157.918862174471,23.6
6190.106387990547,23.6
6222.462158442733,23.7
6254.987052948034,23.8
6287.681955520183,23.8
6320.547754793659,23.8
6353.585344047851,23.8
6386.795621231329,23.8
6420.179488986247,23.8
6453.7378546729,23.8
6487.471630394349,23.8
6521.381733021235,23.8
6555.469084216698,23.8
6589.734610461422,23.8
6624.179243078815,23.8
6658.80391826033,23.8
6693.609577090902,23.8
6728.597165574533,23.8
6763.767634659991,23.8
6799.1219402666875,23.7
6834.661043310619,23.6
6870.385909730507,23.5
6906.297510514049,23.4
6942.39682172431,23.3
6978.684824526248,23.2
7015.162505213385,23.1
7051.830855234612,23.0
7088.690871221135,23.0
7125.7435550135615,22.9
7162.989913689153,22.9
7200.430959589155,22.8
7238.067710346342,22.8
7275.901188912673,22.7
7313.932423587085,22.6
7352.162448043451,22.5
7390.59230135867,22.4
7429.22302804091,22.3
7468.055678057999,22.1
7507.091306865953,21.9
7546.330975437692,21.9
7585.775750291836,21.9
7625.426703521717,21.9
7665.284912824515,22.0
7705.351461530549,22.0
7745.627438632719,22.1
7786.113938816104,22.2
7826.81206248772,22.3
7867.722915806424,22.4
7908.847610712972,22.4
7950.187264960275,22.6
7991.743002143727,22.7
8033.515951731782,22.8
8075.507249096639,22.9
8117.718035545101,22.9
8160.149458349601,23.0
8202.80267077938,23.0
8245.67883213183,23.1
8288.77910776401,23.1
8332.104669124305,23.0
8375.656693784302,22.9
8419.436365470749,22.9
8463.444874097753,22.8
8507.683415799123,22.8
8552.153192960874,22.7
8596.855414253905,22.5
8641.791294666864,22.3
8686.962055539152,22.2
8732.36892459413,22.2
8778.01313597248,22.1
8823.895930265779,22.0
8870.018554550163,21.9
8916.382262420266,21.9
8962.988314023276,22.1
9009.83797609319,22.2
9056.932521985234,22.3
9104.273231710486,22.5
9151.861391970657,22.6
9199.698296193066,22.8
9247.785244565785,23.1
9296.12354407301,23.4
9344.714508530542,23.6
9393.559458621517,23.7
9442.659721932305,24.1
9492.016632988581,24.6
9541.631533291613,25.2
9591.505771354708,25.7
9641.64070273987,26.3
9692.037690094652,26.8
9742.698103189163,27.4
9793.623318953358,27.8
9844.814721514387,28.1
9896.27370223427,28.5
9948.001659747684,29.6
10000.0,30.7
10052.270136285486,31.0
10104.813489285681,31.2
10157.6314871081,31.3
10210.725565324987,31.4
10264.09716701231,31.6
10317.747742788988,31.8
10371.678750856474,31.9
10425.891657038128,31.9
10480.387934819217,31.8
10535.16906538697,31.7
10590.236537670813,31.5
10645.591848382772,31.3
10701.236502058211,31.2
10757.172011096769,31.1
10813.399895803414,30.6
10869.921684429703,29.8
10926.73891321545,29.3
10983.85312643042,28.8
11041.265876416248,28.4
11098.978723628681,28.1
11156.993236680037,27.3
11215.310992381786,26.1
11273.933575787378,24.9
11332.862580235347,24.4
11392.099607392682,24.2
11451.646267298307,23.8
11511.504178406769,23.2
11571.674967632372,21.7
11632.16027039332,20.4
11692.961730656129,20.2
11754.08100098034,19.8
11815.519742563505,19.3
11877.27962528627,18.9
11939.362327757724,18.4
12001.76953736107,18.0
12064.50295029953,17.9
12127.56427164241,17.7
12190.95521537136,17.5
12254.677504427105,17.4
12318.732870756214,17.4
12383.123055358106,17.4
12447.849808332432,17.5
12512.914888926687,17.8
12578.320065583976,18.1
12644.067115991029,18.4
12710.157827126544,18.6
12776.593995309939,18.9
12843.377426249857,19.4
12910.50993509343,20.2
12977.99334647565,21.1
13045.829494568892,21.5
13114.020223132724,21.9
13182.567385564074,22.3
13251.472844947652,22.8
13320.738474106534,23.5
13390.366155652993,25.4
13460.35778203982,27.2
13530.715255611682,27.6
13601.440488656775,28.2
13672.535403458849,29.0
13744.001932349513,29.8
13815.842017760702,30.5
13888.057612277411,31.5
13960.650678690825,32.7
14033.62319005172,34.2
14106.977129724035,35.2
14180.714491438697,35.5
14254.837279347976,35.9
14329.347508079869,36.7
14404.247202792812,37.3
14479.538399230763,37.4
14555.223143778607,37.4
14631.303493517702,37.4
14707.78151628175,37.3
14784.65929071304,36.8
14861.938906319014,36.2
14939.622463529,35.7
15017.712073751207,35.2
15096.209859430292,32.8
15175.117954104964,30.1
15254.438502465904,28.7
15334.173660414117,27.2
15414.325595119602,26.3
15494.896485080177,25.6
15575.88852018064,24.1
15657.303901752315,22.6
15739.1448426331,21.8
15821.413567227246,21.0
15904.112311566014,20.5
15987.243323368504,20.3
16070.808862102673,19.9
16154.811199046684,19.5
16239.252617350698,19.3
16324.135412099,19.2
16409.461890372313,19.1
16495.23437131044,19.0
16581.455186175313,18.9
16668.12667841462,18.8
16755.251203725067,18.6
