10.0,37.0
10.052270136285475,37.0
10.104813489285682,37.1
10.157631487108103,37.1
10.210725565324982,37.2
10.264097167012295,37.2
10.317747742789004,37.2
10.371678750856479,37.2
10.425891657038118,37.3
10.480387934819216,37.3
10.535169065386981,37.4
10.590236537670812,37.5
10.64559184838276,37.5
10.701236502058206,37.6
10.757172011096776,37.7
10.813399895803409,37.7
10.869921684429707,37.7
10.926738913215466,37.7
10.98385312643042,37.7
11.041265876416237,37.8
11.098978723628681,37.9
11.156993236680048,37.9
11.215310992381788,38.0
11.27393357578736,38.0
11.332862580235341,38.0
11.392099607392687,38.0
11.451646267298301,38.0
11.511504178406776,38.1
11.571674967632385,38.2
11.632160270393321,38.2
11.692961730656117,38.2
11.75408100098034,38.2
11.815519742563518,38.2
11.87727962528627,38.3
11.939362327757706,38.4
12.001769537361062,38.5
12.064502950299536,38.6
12.127564271642404,38.7
12.190955215371359,38.7
12.254677504427118,38.7
12.318732870756214,38.7
12.383123055358094,38.8
12.447849808332432,38.9
12.5129148889267,38.9
12.578320065583968,38.9
12.644067115991009,38.9
12.710157827126565,39.0
12.776593995309947,39.0
12.843377426249843,39.1
12.910509935093431,39.1
12.977993346475664,39.2
13.045829494568892,39.2
13.11402022313271,39.2
13.182567385564074,39.2
13.251472844947658,39.2
13.320738474106527,39.3
13.390366155653,39.4
13.460357782039841,39.4
13.530715255611682,39.4
13.601440488656761,39.4
13.672535403458848,39.4
13.744001932349526,39.4
13.815842017760701,39.4
13.888057612277397,39.5
13.960650678690818,39.6
14.033623190051728,39.7
14.10697712972403,39.8
14.180714491438705,39.8
14.25483727934799,39.9
14.32934750807987,40.0
14.404247202792797,40.0
14.479538399230764,40.0
14.55522314377862,40.1
14.631303493517702,40.1
14.707781516281727,40.1
14.784659290713032,40.2
14.861938906319022,40.3
14.939622463528993,40.3
15.017712073751214,40.3
15.096209859430308,40.3
15.175117954104964,40.3
15.254438502465888,40.3
15.334173660414118,40.3
15.414325595119617,40.4
15.494896485080169,40.4
15.575888520180618,40.5
15.65730390175234,40.5
15.73914484263311,40.6
15.821413567227237,40.6
15.904112311566013,40.6
15.98724332336852,40.6
16.070808862102673,40.7
16.154811199046666,40.8
16.239252617350697,40.8
16.324135412099007,40.9
16.409461890372306,41.0
16.495234371310413,41.0
16.58145518617534,41.0
16.668126678414627,41.0
16.755251203725052,41.0
16.84283113011666,41.0
16.930868837977105,41.0
17.01936672013636,41.1
17.108327181931763,41.2
17.197752641273365,41.3
17.28764552870969,41.4
17.378008287493753,41.4
17.4688433736495,41.5
17.560153256038525,41.5
17.651940416427212,41.5
17.744207349554188,41.6
17.836956563198083,41.6
17.93019057824573,41.7
18.023911928760675,41.7
18.118123162052047,41.7
18.21282683874379,41.7
18.30802553284428,41.7
18.403721831816252,41.8
18.499918336647156,41.8
18.59661766191982,41.8
18.69382243588356,41.8
18.791535300525574,41.8
18.889758911642755,41.9
18.98849593891389,42.0
19.08774906597221,42.0
19.187520990478333,42.0
19.287814424193606,42.0
19.388632093053765,42.0
19.48997673724305,42.1
19.591851111268685,42.2
19.69425798403576,42.2
19.79720013892245,42.2
19.90068037385568,42.2
20.004701501387192,42.4
20.109266348769967,42.5
20.214377758035074,42.5
20.320038586068932,42.5
20.426251704690927,42.5
20.533020000731486,42.5
20.64034637611054,42.6
20.748233747916412,42.7
20.856685048485062,42.7
20.965703225479817,42.7
21.075291241971485,42.7
21.185452076518878,42.8
21.296188723249774,42.9
21.407504191942323,42.9
21.519401508106792,42.9
21.631883713067854,42.9
21.744953864047204,42.9
21.858615034246718,42.9
21.972870312931903,42.9
22.087722805515906,42.9
22.203175633643916,43.0
22.319231935278008,43.0
22.435894864782412,43.1
22.553167593009288,43.1
22.671053307384867,43.2
22.789555211996095,43.2
22.908676527677724,43.2
23.028420492099883,43.2
23.148790359856015,43.2
23.26978940255137,43.2
23.391420908891938,43.2
23.51368818477381,43.3
23.63659455337303,43.4
23.760143355235964,43.5
23.884337948370025,43.5
24.009181708334992,43.6
24.134678028334722,43.7
24.260830319309434,43.7
24.387642010028344,43.7
24.515116547182902,43.7
24.64325739548046,43.7
24.772068037738443,43.8
24.901551974979007,43.8
25.031712726524198,43.9
25.162553830091625,43.9
25.294078841890578,43.9
25.426291336718684,43.9
25.559194908059133,44.0
25.692793168178262,44.0
25.827089748223784,44.1
25.96208829832347,44.1
26.097792487684362,44.1
26.234206004692496,44.1
26.371332557013133,44.2
26.5091758716916,44.2
26.647739695254497,44.2
26.787027793811582,44.2
26.9270439531581,44.2
27.06779197887776,44.2
27.209275696446046,44.3
27.351498951334275,44.4
27.494465609114105,44.4
27.638179555562576,44.4
27.782644696767733,44.4
27.92786495923483,44.4
28.07384428999299,44.5
28.220586656702505,44.6
28.368096047762684,44.6
28.516376472420284,44.6
28.66543196087842,44.6
28.815266564406134,44.6
28.965884355448516,44.6
29.11728942773738,44.6
29.26948589640251,44.8
29.42247789808359,44.9
29.57626959104251,44.9
29.730865155276486,44.9
29.88626879263161,44.9
30.04248472691713,44.9
30.19951720402016,45.0
30.357370492021133,45.1
30.516048881309793,45.1
30.675556684701824,45.1
30.835898237556027,45.1
30.99707789789224,45.1
31.15910004650967,45.1
31.321969087106055,45.1
31.485689446397288,45.2
31.650265574237824,45.3
31.815701943741516,45.3
31.98200305140326,45.3
32.14917341722119,45.3
32.31721758481955,45.3
32.486140121572134,45.3
32.655945618726484,45.4
32.82663869152868,45.4
32.99822397934869,45.4
33.170706145806605,45.4
33.34408987889928,45.4
33.51837989112781,45.4
33.69358091962557,45.4
33.86969772628702,45.5
34.04673509789711,45.6
34.224697846261364,45.6
34.40359080833668,45.6
34.58341884636283,45.6
34.764186847994516,45.6
34.94589972643436,45.6
35.12856242056629,45.7
35.312179895089876,45.8
35.496757140655234,45.8
35.68229917399868,45.8
35.86881103807908,45.8
36.05629780221492,45.8
36.24476456222205,45.8
36.434216440552284,45.8
36.6246585864325,45.8
36.81609617600466,45.9
37.00853441246656,46.0
37.2019785262131,46.0
37.39643377497855,46.0
37.591905443979435,46.0
37.788398846058186,46.0
37.985919321827524,46.0
38.184472239815605,46.0
38.384062996612016,46.2
38.584697017014335,46.3
38.786379754175634,46.3
38.98911668975273,46.3
39.1929133340551,46.3
39.39777522619469,46.3
39.60370793423646,46.3
39.810717055349734,46.3
40.0188082159603,46.3
40.227987071903335,46.4
40.43825930857721,46.5
40.64963064109788,46.5
40.8621068144543,46.5
41.075693603664625,46.5
41.29039681393302,46.5
41.506222280807584,46.5
41.72317587033889,46.5
41.94126347923944,46.5
42.16049103504393,46.6
42.38086449627034,46.7
42.60238985258197,46.7
42.825073124950116,46.7
43.04892036581776,46.7
43.27393765926414,46.7
43.500131121170035,46.7
43.727506899384,46.7
43.956071173889484,46.7
44.18583015697281,46.8
44.416790093392,46.8
44.648957260546474,46.8
44.88233796864779,46.8
45.116938560890986,46.8
45.35276541362708,46.8
45.58982493653644,46.8
45.82812357280281,46.8
46.067667799288614,46.8
46.308464126710895,46.9
46.55051909981832,47.0
46.793839297569036,47.0
47.03843133330949,47.0
47.28430185495417,47.0
47.531457545166376,47.0
47.77990512153967,47.0
48.02965133678067,47.0
48.28070297889241,47.0
48.53306687135893,47.0
48.78674987333074,47.0
49.041758879811184,47.1
49.298100821843896,47.2
49.55578266670119,47.2
49.81481141807335,47.2
50.07519411625915,47.2
50.336937838356974,47.2
50.60004969845742,47.2
50.86453684783644,47.2
51.13040647514984,47.2
51.39766580662862,47.2
51.66632210627541,47.2
51.93638267606184,47.2
52.20785485612707,47.4
52.48074602497726,47.5
52.75506359968615,47.5
53.030815036096584,47.5
53.308007829023246,47.5
53.58664951245627,47.5
53.866747659766084,47.5
54.148309883909214,47.5
54.431343837635225,47.5
54.7158572136947,47.5
55.00185774504835,47.5
55.28935320507712,47.5
55.57835140779364,47.5
55.86886020805435,47.5
56.160887501773274,47.5
56.45444122613637,47.5
56.74952935981742,47.6
57.04615992319485,47.7
57.34434097856969,47.7
57.64408063038476,47.7
57.94538702544487,47.7
58.24826835313831,47.7
58.552732845659456,47.7
58.85878877823242,47.7
59.166444469336014,47.7
59.475708280929936,47.7
59.786588618681876,47.7
60.0990939321961,47.7
60.41323271524305,47.7
60.72901350599024,47.8
61.046444887234294,47.8
61.365535486634215,47.9
61.686293976945976,47.9
62.008729076258064,47.9
62.332849548228545,47.9
62.658664202323344,47.9
62.98618189405547,47.9
63.315411525225876,47.9
63.64636204416533,47.9
63.979042445977655,47.9
64.31346177278421,47.9
64.64962911396958,47.9
64.98755360642885,47.9
65.32724443481563,47.9
65.66871083179183,47.9
66.01196207827876,47.9
66.35700750370908,47.9
66.7038564862806,47.9
67.05251845321108,48.0
67.40300288099445,48.0
67.75531929565844,48.0
68.1094772730234,48.0
68.46548643896274,48.0
68.82335646966433,48.0
69.18309709189363,48.0
69.54471808325809,48.0
69.90822927247277,48.0
70.27364053962762,48.0
70.6409618164559,48.0
71.01020308660422,48.0
71.38137438590384,48.0
71.75448580264342,48.0
72.12954747784322,48.0
72.50656960553087,48.0
72.88556243301818,48.0
73.26653626117992,48.0
73.64950144473359,48.0
74.03446839252094,48.1
74.42144756779092,48.1
74.810449488484,48.2
75.20148472751808,48.2
75.59456391307583,48.2
75.98969772889355,48.2
76.38689691455168,48.2
76.78617226576647,48.2
77.18753463468363,48.2
77.59099493017311,48.2
77.99656411812569,48.2
78.404253221751,48.2
78.8140733218772,48.2
79.226035557252,48.2
79.64015112484554,48.2
80.05643128015467,48.2
80.47488733750892,48.2
80.89553067037787,48.2
81.31837271168051,48.2
81.74342495409579,48.2
82.170698950375,48.2
82.60020631365589,48.2
83.03195871777821,48.2
83.46596789760103,48.2
83.90224564932171,48.2
84.34080383079642,48.2
84.78165436186265,48.2
85.22480922466286,48.2
85.67028046397054,48.2
86.11808018751721,48.2
86.56822056632171,48.2
87.020713835021,48.2
87.47557229220259,48.2
87.93280830073893,48.2
88.39243428812335,48.2
88.85446274680783,48.2
89.31890623454267,48.2
89.78577737471758,48.2
90.25508885670492,48.3
90.72685343620469,48.4
91.20108393559097,48.4
91.67779324426061,48.4
92.15699431898352,48.4
92.63870018425483,48.4
93.12292393264887,48.4
93.60967872517497,48.4
94.09897779163542,48.4
94.5908344309847,48.4
95.0852620116911,48.4
95.58227397210023,48.4
96.08188382079996,48.4
96.5841051369878,48.4
97.08895157083991,48.4
97.59643684388209,48.4
98.10657474936274,48.4
98.61937915262773,48.4
99.13486399149741,48.4
99.65304327664518,48.4
100.17393109197839,48.4
100.69754159502135,48.4
101.22388901729977,48.4
101.75298766472777,48.4
102.28485191799675,48.4
102.81949623296607,48.4
103.35693514105618,48.4
103.89718324964329,48.4
104.44025524245698,48.4
104.98616587997819,48.4
105.53492999984189,48.4
106.08656251723878,48.4
106.64107842532215,48.4
107.19849279561431,48.4
107.75882077841675,48.4
108.32207760322176,48.4
108.88827857912626,48.4
109.45743909524856,48.4
110.02957462114523,48.4
110.60470070723336,48.4
111.18283298521138,48.4
111.76398716848561,48.4
112.3481790525961,48.4
112.93542451564652,48.4
113.5257395187356,48.4
114.11914010639099,48.4
114.71564240700522,48.4
115.3152626332741,48.4
115.91801708263789,48.4
116.52392213772293,48.4
117.13299426678874,48.4
117.74525002417371,48.4
118.36070605074681,48.3
118.97937907435858,48.3
119.60128591029638,48.3
120.22644346174131,48.4
120.85486872022751,48.4
121.4865787661046,48.4
122.12159076900052,48.4
122.75992198829012,48.4
123.40158977356222,48.4
124.04661156509306,48.3
124.69500489431896,48.2
125.34678738431336,48.2
126.00197675026583,48.2
126.6605907999634,48.2
127.3226474342747,48.2
127.98816464763628,48.2
128.6571605285424,48.2
129.32965326003517,48.2
130.00566112020084,48.2
130.68520248266435,48.2
131.36829581709074,48.2
132.05495968968575,48.2
132.74521276370103,48.2
133.43907379994133,48.2
134.1365616572744,48.2
134.83769529314347,48.2
135.54249376408254,48.2
136.25097622623485,48.2
136.96316193587217,48.2
137.67907024992007,48.2
138.39872062648203,48.2
139.1221326253702,48.2
139.84932590863562,48.2
140.58032024110324,48.2
141.31513549090906,48.2
142.05379163003997,48.2
142.7963087348772,48.2
143.5427069867405,48.2
144.29300667243896,48.2
145.04722818481977,48.2
145.80539202332486,48.2
146.56751879454652,48.2
147.333629212788,48.2
148.1037441006266,48.1
148.87788438947953,48.0
149.65607112017267,48.0
150.43832544351253,48.0
151.2246686208618,48.0
152.01512202471548,48.0
152.80970713928414,48.0
153.6084455610754,48.0
154.41135899948313,48.0
155.218469277376,48.0
156.02979833169113,48.0
156.8453682140304,48.0
157.66520109125955,48.0
158.48931924611142,48.0
159.3177450777899,48.0
160.15050110258113,48.0
160.9876099544629,48.0
161.82909438572216,48.0
162.67497726757185,48.0
163.52528159077312,48.0
164.38003046626017,48.0
165.23924712576837,48.0
166.1029549224657,48.0
166.97117733158728,48.0
167.8439379510743,48.0
168.72126050221348,48.0
169.60316883028446,47.9
170.48968690520502,47.9
171.38083882218535,47.9
172.27664880238083,47.9
173.17714119355136,47.9
174.08234047072295,47.9
174.99227123685273,47.9
175.9069582234984,47.9
176.82642629148881,47.9
177.75070043160196,47.9
178.67980576524164,47.9
179.61376754512278,47.9
180.55261115595593,47.9
181.49636211513797,47.9
182.44504607344558,47.9
183.39868881573247,47.9
184.35731626163007,47.9
185.3209544662519,47.9
186.28962962090262,47.8
187.26336805378796,47.7
188.24219623073301,47.7
189.2261407558986,47.7
190.21522837250714,47.7
191.20948596356752,47.7
192.20894055260666,47.7
193.21361930440384,47.7
194.22354952572874,47.7
195.2387586660848,47.7
196.25927431845295,47.7
197.28512422004457,47.7
198.31633625305224,47.7
199.35293844541056,47.6
200.39495897155572,47.6
201.4424261531923,47.5
202.4953684600627,47.5
203.55381451072122,47.5
204.6177930733116,47.5
205.6873330663489,47.5
206.76246355950653,47.5
207.84321377440395,47.5
208.92961308540407,47.5
210.02169102040844,47.5
211.11947726166272,47.5
212.22300164656127,47.5
213.33229416845913,47.5
214.447384977487,47.5
215.5683043813707,47.5
216.69508284625502,47.4
217.8277509975314,47.3
218.9663396206716,47.2
220.1108796620618,47.2
221.26140222984722,47.2
222.41793859477394,47.2
223.5805201910423,47.2
224.74917861715863,47.2
225.9239456367954,47.2
227.10485317965416,47.2
228.29193334233327,47.2
229.48521838920135,47.2
230.68474075327168,47.1
231.89053303708724,47.1
233.102628013603,47.0
234.32105862708036,47.0
235.5458579939798,47.0
236.77705940386227,47.0
238.0146963202937,47.0
239.25880238175446,47.0
240.50941140255387,47.0
241.76655737374873,47.0
243.03027446406858,46.9
244.30059702084168,46.9
245.57755957093218,46.8
246.86119682167464,46.8
248.1515436618211,46.8
249.44863516248657,46.8
250.75250657810346,46.8
252.0631933473797,46.8
253.3807310942614,46.8
254.7051556289027,46.8
256.03650294863604,46.8
257.3748092389545,46.8
258.72011087449107,46.8
260.0724444200114,46.7
261.4318466314045,46.7
262.79835445668317,46.7
264.17200503698814,46.7
265.5528357075972,46.7
266.94088399894025,46.7
268.336187637619,46.7
269.7387845474336,46.7
271.1487128504106,46.7
272.56601086784315,46.7
273.9907171213279,46.7
275.4228703338166,46.7
276.86250943066517,46.6
278.30967354069315,46.5
279.764401997247,46.5
281.2267343392687,46.5
282.6967103123723,46.5
284.1743698699204,46.5
285.65975317411466,46.5
287.152900597083,46.5
288.6538527219809,46.4
290.16265034409145,46.3
291.67933447193553,46.3
293.203946328386,46.3
294.7365273517884,46.3
296.27711919708696,46.3
297.8257637369567,46.3
299.38250306294265,46.3
300.947379486601,46.3
302.52043554065347,46.3
304.1017139801383,46.2
305.69125778357716,46.1
307.2891101541398,46.0
308.8953145208197,46.0
310.5099145396145,46.0
312.1329540947119,46.0
313.76447729968413,46.0
315.40452849868336,45.9
317.0531522676519,45.9
318.71039341552853,45.8
320.3762969854716,45.8
322.05090825607795,45.8
323.7342727426186,45.8
325.4264361982722,45.7
327.1274446153702,45.7
328.83734422664674,45.6
330.55618150649445,45.6
332.28400317222986,45.6
334.02085618535915,45.6
335.76678775285944,45.6
337.52184532845695,45.6
339.28607661392135,45.6
341.0595295603587,45.5
342.84225236951676,45.4
344.63429349509414,45.4
346.4357016440579,45.4
348.24652577796684,45.4
350.06681511430224,45.4
351.8966191278073,45.3
353.7359875518278,45.3
355.5849703796693,45.3
357.44361786595016,45.3
359.3119805279728,45.3
361.1901091470929,45.3
363.0780547701014,45.3
364.9758687106112,45.3
366.8836025504522,45.3
368.80130814107446,45.3
370.72903760495365,45.2
372.66684333701346,45.1
374.6147780060434,45.1
376.57289455613636,45.1
378.54124620812286,45.1
380.5198864610201,45.1
382.50886909348526,45.0
384.5082481652772,44.9
386.51807801872604,44.9
388.53841328020957,44.8
390.56930886163985,44.8
392.6108199619517,44.7
394.6630020686084,44.6
396.7259109591041,44.5
398.7996027024853,44.4
400.8841336608706,44.3
402.9795604909844,44.3
405.0859401456969,44.2
407.20332987557106,44.2
409.331787230421,44.2
411.4713700608718,44.1
413.6221365199375,44.1
415.78414506459575,44.1
417.95745445738237,44.1
420.1421237679842,44.2
422.33821237484636,44.2
424.5457799667861,44.2
426.76488654461485,44.2
428.9955924227691,44.1
431.23795823094935,44.1
433.49204491576995,44.0
435.7579137424112,44.0
438.0356262962907,43.9
440.3252444847303,43.9
442.62683053864555,43.8
444.9404470142319,43.7
447.2661567946673,43.7
449.60402309182115,43.7
451.9541094479714,43.7
454.3164797375345,43.7
456.6911981687959,43.6
459.0783292856624,43.5
461.4779379694089,43.4
463.89008944044906,43.5
466.31484926010245,43.6
468.7522833323791,43.7
471.20245790577025,43.7
473.6654395750488,43.7
476.14129528307956,43.7
478.630092322638,43.7
481.1318983382419,43.7
483.6467813279844,43.8
486.1748096453894,43.9
488.7160520012619,43.9
491.27057746556244,43.9
493.8384554692794,43.9
496.4197558063182,43.9
499.01454863539806,43.9
501.6229044819588,43.9
504.24489424007766,43.8
506.88058917439554,43.8
509.53006092205686,43.7
512.1933814946506,43.7
514.8706232801756,43.7
517.5618590449992,43.7
520.2671619358439,43.6
522.9866054817683,43.5
525.7202635961694,43.4
528.4682105787901,43.4
531.230521117739,43.4
534.0072702915224,43.4
536.7985335710792,43.4
539.6043868218401,43.3
542.4249063057814,43.2
545.2601686835053,43.2
548.1102510163182,43.2
550.9752307683272,43.2
553.8551858085453,43.2
556.7501944130083,43.1
559.6603352669016,43.0
562.5856874666987,43.0
565.5263305223134,43.0
568.4823443592555,43.0
571.4538093208106,43.0
574.4408061702153,42.9
577.4434160928608,42.8
580.4617206984933,42.7
583.4958020234345,42.7
586.5457425328113,42.7
589.6116251227962,42.7
592.6935331228639,42.7
595.7915502980484,42.6
598.9057608512304,42.5
602.0362494254149,42.4
605.1831011060411,42.4
608.3464014232891,42.3
611.5262363544065,42.2
614.7226923260454,42.2
617.9358562166111,42.2
621.1658153586235,42.2
624.4126575410903,42.1
627.6764710118958,42.1
630.957344480193,42.0
634.2553671188238,41.9
637.5706285667327,41.9
640.9032189314127,41.8
644.2532287913472,41.8
647.6207491984753,41.8
651.0058716806659,41.8
654.4086882442045,41.8
657.8292913762976,41.7
661.2677740475787,41.7
664.7242297146454,41.7
668.1987523225889,41.7
671.6914363075575,41.7
675.2023765993158,41.6
678.7316686238282,41.6
682.2794083058518,41.5
685.8456920715438,41.4
689.4306168510824,41.3
693.0342800813003,41.3
696.6567797083366,41.3
700.2982141902914,41.3
703.9586824999124,41.3
707.6382841272731,41.2
711.3371190824884,41.1
715.0552878984242,40.9
718.7928916334344,40.9
722.5500318741055,40.8
726.3268107380181,40.8
730.123330876526,40.8
733.9396954775374,40.8
737.7760082683312,40.8
741.6323735183645,40.8
745.508896042117,40.7
749.4056812019327,40.6
753.3228349108862,40.6
757.2604636356614,40.6
761.2186743994453,40.6
765.1975747848361,40.6
769.1972729367671,40.5
773.2178775654501,40.4
777.2594979493206,40.4
781.3222439380205,40.4
785.406225955371,40.4
789.5115550023859,40.4
793.6383426602791,40.3
797.7867010935024,40.3
801.9567430527921,40.3
806.1485818782347,40.3
810.3623315023465,40.3
814.59810645317,40.3
818.8560218573906,40.2
823.1361934434566,40.1
827.4387375447371,40.1
831.7637711026708,40.1
836.1114116699566,40.1
840.4817774137397,40.1
844.8749871188272,40.1
849.2911601909162,40.0
853.7304166598383,40.0
858.1928771828257,39.9
862.6786630477819,39.9
867.1878961765907,39.9
871.7206991284164,39.9
876.2771951030477,39.9
880.8575079442367,39.9
885.4617621430697,39.9
890.0900828413493,39.9
894.742595834996,39.8
899.4194275774676,39.8
904.1207051831946,39.7
908.8465564310401,39.7
913.5971097677627,39.7
918.3724943115215,39.7
923.1728398553701,39.7
927.998276870799,39.8
932.8489365112713,39.8
937.7249506157918,39.9
942.6264517124897,39.9
947.5535730222193,40.0
952.5064484621864,40.0
957.4852126495767,40.0
962.4900009052299,40.1
967.5209492573013,40.1
972.5781944449744,40.1
977.6618739221665,40.1
982.772125861269,40.1
987.9090891569025,40.1
993.0729034296917,40.1
998.26370903006,40.1
1003.4816470420445,40.1
1008.7268592871307,40.1
1013.9994883281055,40.1
1019.2996774729368,40.1
1024.627570778662,40.2
1029.9833130553077,40.3
1035.3670498698243,40.3
1040.778927550043,40.3
1046.219093188652,40.3
1051.687694647196,40.3
1057.1848805600926,40.3
1062.7108003386745,40.3
1068.2656041752484,40.3
1073.849443047181,40.3
1079.4624687209969,40.3
1085.104833756507,40.3
1090.7766915109553,40.3
1096.4781961431852,40.4
1102.2095026178308,40.4
1107.9707667095288,40.4
1113.7621450071517,40.4
1119.5837949180645,40.4
1125.4358746724013,40.4
1131.3185433273702,40.4
1137.231960771571,40.4
1143.1762877293438,40.4
1149.1516857651375,40.4
1155.1583172879002,40.4
1161.1963455554942,40.4
1167.2659346791324,40.4
1173.3672496278396,40.4
1179.5004562329357,40.5
1185.6657211925422,40.6
1191.8632120761172,40.6
1198.0930973290035,40.6
1204.355546277011,40.6
1210.650729131018,40.6
1216.9788169915967,40.6
1223.3399818536654,40.6
1229.7343966111616,40.6
1236.162235061742,40.5
1242.6236719115057,40.5
1249.1188827797416,40.4
1255.6480442037073,40.4
1262.2113336434193,40.4
1268.8089294864806,40.4
1275.4410110529293,40.4
1282.1077586001115,40.4
1288.8093533275808,40.4
1295.5459773820237,40.4
1302.3178138622095,40.4
1309.1250468239675,40.4
1315.967861285188,40.4
1322.8464432308563,40.4
1329.7609796180998,40.4
1336.7116583812742,40.4
1343.6986684370715,40.4
1350.7221996896535,40.4
1357.782443035813,40.4
1364.879590370164,40.4
1372.0138345903551,40.4
1379.1853696023147,40.4
1386.3943903255179,40.4
1393.6410926982915,40.4
1400.9256736831292,40.4
1408.248331272053,40.4
1415.6092644919916,40.4
1423.0086734101894,40.3
1430.4467591396458,40.3
1437.9237238445805,40.3
1445.439770745928,40.3
1452.9951041268616,40.4
1460.589929338344,40.4
1468.224452804715,40.4
1475.898882029292,40.4
1483.6134256000173,40.4
1491.3682931951248,40.4
1499.1636955888393,40.4
1506.999844657106,40.4
1514.8769533833477,40.4
1522.7952358642551,40.4
1530.754907315605,40.4
1538.7561840781082,40.5
1546.799283623296,40.6
1554.8844245594228,40.6
1563.0118266374113,40.6
1571.181710756826,40.6
1579.3942989718767,40.6
1587.649814497453,40.7
1595.9484817151922,40.8
1604.2905261795772,40.8
1612.6761746240677,40.8
1621.1056549672617,40.8
1629.5791963190893,40.8
1638.097028987047,40.8
1646.6593844824454,40.8
1655.266495526711,40.8
1663.9185960577072,40.8
1672.6159212360947,40.8
1681.3587074517213,40.8
1690.1471923300487,40.8
1698.9816147386093,40.8
1707.8622147934998,40.8
1716.789233865905,40.9
1725.7629145886658,41.0
1734.7835008628629,41.0
1743.8512378644525,41.0
1752.9663720509295,41.0
1762.1291511680254,41.0
1771.3398242564415,40.9
1780.598641658619,40.8
1789.9058550255418,40.8
1799.2617173235774,40.8
1808.6664828413498,40.8
1818.1204071966588,40.8
1827.6237473434162,40.8
1837.1767615786375,40.8
1846.7797095494598,40.8
1856.4328522602,40.8
1866.1364520794475,40.8
1875.8907727471963,40.8
1885.6960793820124,40.7
1895.552638488241,40.6
1905.4607179632462,40.6
1915.4205871047022,40.6
1925.4325166178992,40.6
1935.4967786231095,40.6
1945.6136466629825,40.5
1955.783395709978,40.4
1966.006302173841,40.4
1976.282643909114,40.4
1986.6127002226892,40.3
1996.996751881399,40.3
2007.4350811196462,40.3
2017.927971647083,40.3
2028.4757086563097,40.3
2039.078578830634,40.3
2049.736870351861,40.2
2060.4508729081267,40.1
2071.22087770177,40.0
2082.0471774572497,40.0
2092.9300664290977,39.9
2103.8698404099196,39.9
2114.8667967384304,39.8
2125.9212343075446,39.7
2137.0334535724887,39.5
2148.2037565589744,39.5
2159.4324468714053,39.4
2170.71982970113,39.4
2182.0662118347364,39.3
2193.4719016623894,39.2
2204.937209186215,39.1
2216.4624460287228,39.0
2228.0479254412767,39.0
2239.6939623126154,38.9
2251.4008731773993,38.8
2263.168976224821,38.6
2274.9985913072546,38.4
2286.890039948944,38.3
2298.843645354747,38.2
2310.8597324189163,38.2
2322.9386277339318,38.1
2335.0806595993763,38.0
2347.2861580308577,37.8
2359.5554547689862,37.7
2371.8888832883777,37.6
2384.2867788067265,37.5
2396.7494782939148,37.4
2409.2773204811715,37.2
2421.8706458702773,37.0
2434.5297967428205,36.8
2447.2551171695004,36.6
2460.0469530194778,36.5
2472.905651969775,36.4
2485.8315635147337,36.3
2498.825038975499,36.1
2511.88643150958,36.0
2525.0160961204438,35.9
2538.2143896671673,35.8
2551.481670874133,35.7
2564.8183003407817,35.6
2578.224640551411,35.5
2591.7010558850307,35.4
2605.247912625263,35.3
2618.8655789702975,35.3
2632.5544250429093,35.2
2646.314822900502,35.1
2660.14714654523,35.0
2674.051771934164,34.9
2688.029076989506,34.7
2702.079441608862,34.4
2716.20324767557,34.2
2730.400879069075,34.1
2744.6727216753675,34.0
2759.0191633974646,33.8
2773.440594165967,33.6
2787.9374059496395,33.4
2802.509992766076,33.3
2817.1587506924047,33.2
2831.8840778760564,33.1
2846.686374545581,33.0
2861.5660430215316,32.8
2876.5234877273942,32.6
2891.5591152005823,32.4
2906.6733341034837,32.2
2921.8665552345788,32.1
2937.139191539587,32.0
2952.4916581227058,31.8
2967.9243722578863,31.7
2983.4377534001765,31.7
2999.0322231971227,31.6
3014.7082055002275,31.5
3030.466126376471,31.4
3046.306414119893,31.4
3062.229499263226,31.3
3078.2358145896155,31.2
3094.325795144359,31.1
3110.4998782467446,31.0
3126.7585035019356,30.9
3143.1021128129173,30.9
3159.5311503925072,30.8
3176.0460627754296,30.7
3192.6472988304513,30.7
3209.335309772584,30.6
3226.1105491753406,30.5
3242.973472983081,30.4
3259.924539523382,30.3
3276.9642095195077,30.2
3294.0929461029286,30.2
3311.311214825911,30.1
3328.6194836741684,30.0
3346.018223079582,29.9
3363.507905932988,29.8
3381.089007597027,29.6
3398.762005919066,29.4
3416.527381244194,29.3
3434.385616428264,29.3
3452.337196851022,29.2
3470.382610429304,29.2
3488.5223476302926,29.1
3506.7569014848486,29.1
3525.0867676009134,29.1
3543.512444176976,29.1
3562.034432015617,29.1
3580.6532345371147,29.0
3599.369357793143,28.9
3618.1833104805046,28.8
3637.095603954969,28.8
3656.1067522451726,28.7
3675.2172720665826,28.7
3694.4276828355482,28.6
3713.738506683413,28.5
3733.1502684707093,28.4
3752.6634958014215,28.4
3772.2787190373247,28.4
3791.9964713124127,28.4
3811.817288547367,28.4
3831.7417094641373,28.4
3851.7702756005806,28.5
3871.9035313251793,28.6
3892.1420238518376,28.6
3912.4863032547537,28.7
3932.936922483372,28.8
3953.4944373774106,28.8
3974.1594066819653,28.9
3994.9323920627126,29.0
4015.8139581211503,29.1
4036.8046724099613,29.1
4057.9051054484326,29.1
4079.115830737964,29.2
4100.437424777656,29.3
4121.870467079975,29.4
4143.41554018651,29.4
4165.0732296838005,29.5
4186.844124219257,29.5
4208.728815517151,29.6
4230.72789839472,29.6
4252.841970778305,29.6
4275.071633719623,29.6
4297.417491412092,29.5
4319.880151207261,29.5
4342.460223631314,29.4
4365.158322401661,29.4
4387.975064443623,29.4
4410.911069907196,29.3
4433.9669621839075,29.3
4457.1433679237725,29.2
4480.4409170523,29.2
4503.860242787635,29.3
4527.40198165776,29.4
4551.0667735177985,29.3
4574.855261567406,29.1
4598.768092368251,29.1
4622.80591586159,29.1
4646.969385385929,29.1
4671.25915769478,29.1
4695.675892974527,29.0
4720.220254862348,29.0
4744.892910464259,28.9
4769.694530373255,28.8
4794.625788687525,28.8
4819.68736302878,28.9
4844.87993456067,28.8
4870.204188007296,28.6
4895.660811671819,28.4
4921.250497455168,28.2
4946.973940874864,28.1
4972.8318410838865,28.0
4998.824900889706,28.0
5024.953826773381,28.0
5051.219328908747,28.0
5077.622121181736,28.0
5104.162921209768,27.9
5130.842450361258,27.9
5157.661433775227,27.9
5184.620600380999,27.8
5211.720682918039,27.7
5238.962417955835,27.6
5266.346545913939,27.6
5293.873811082085,27.8
5321.544961640422,27.9
5349.360749679845,28.0
5377.321931222439,27.9
5405.429266242027,27.9
5433.683518684824,27.8
5462.085456490198,27.8
5490.635851611563,27.8
5519.335480037329,27.9
5548.185121812011,27.9
5577.185561057427,27.9
5606.337585994012,27.9
5635.641988962242,28.1
5665.0995664441625,28.5
5694.7111190850455,28.8
5724.477451715144,29.0
5754.399373371566,29.1
5784.477697320285,29.3
5814.713241078208,29.7
5845.10682643542,30.0
5875.659279477514,30.1
5906.371430608045,30.2
5937.244114571097,30.5
5968.278170473975,30.8
5999.4744418100045,31.1
6030.833776481469,31.4
6062.357026822636,31.5
6094.045049622959,31.5
6125.898706150321,31.5
6157.918862174471,31.7
6190.106387990547,32.0
6222.462158442733,32.4
6254.987052948034,32.6
6287.681955520183,32.7
6320.547754793659,32.9
6353.585344047851,33.0
6386.795621231329,33.2
6420.179488986247,33.4
6453.7378546729,33.7
6487.471630394349,33.9
6521.381733021235,34.0
6555.469084216698,34.2
6589.734610461422,34.3
6624.179243078815,34.4
6658.80391826033,34.7
6693.609577090902,35.1
6728.597165574533,35.5
6763.767634659991,35.8
6799.1219402666875,36.0
6834.661043310619,36.3
6870.385909730507,36.7
6906.297510514049,37.0
6942.39682172431,36.9
6978.684824526248,36.9
7015.162505213385,37.3
7051.830855234612,37.6
7088.690871221135,37.6
7125.7435550135615,37.7
7162.989913689153,37.7
7200.430959589155,37.7
7238.067710346342,37.7
7275.901188912673,37.6
7313.932423587085,37.6
7352.162448043451,37.5
7390.59230135867,37.5
7429.22302804091,37.6
7468.055678057999,37.7
7507.091306865953,37.7
7546.330975437692,37.7
7585.775750291836,37.7
7625.426703521717,37.7
7665.284912824515,37.8
7705.351461530549,37.8
7745.627438632719,37.9
7786.113938816104,37.9
7826.81206248772,38.0
7867.722915806424,38.1
7908.847610712972,38.3
7950.187264960275,38.6
7991.743002143727,38.9
8033.515951731782,39.0
8075.507249096639,39.1
8117.718035545101,39.2
8160.149458349601,39.3
8202.80267077938,39.4
8245.67883213183,39.5
8288.77910776401,39.6
8332.104669124305,39.6
8375.656693784302,39.6
8419.436365470749,39.6
8463.444874097753,39.6
8507.683415799123,39.6
8552.153192960874,39.6
8596.855414253905,39.5
8641.791294666864,39.5
8686.962055539152,39.4
8732.36892459413,39.3
8778.01313597248,39.2
8823.895930265779,39.1
8870.018554550163,38.9
8916.382262420266,38.6
8962.988314023276,38.3
9009.83797609319,38.1
9056.932521985234,37.9
9104.273231710486,37.6
9151.861391970657,37.2
9199.698296193066,36.9
9247.785244565785,36.7
9296.12354407301,36.6
9344.714508530542,36.5
9393.559458621517,36.3
9442.659721932305,36.1
9492.016632988581,35.9
9541.631533291613,35.8
9591.505771354708,35.8
9641.64070273987,36.0
9692.037690094652,36.1
9742.698103189163,36.3
9793.623318953358,36.5
9844.814721514387,36.7
9896.27370223427,36.9
9948.001659747684,37.3
10000.0,37.7
10052.270136285486,37.9
10104.813489285681,38.0
10157.6314871081,38.1
10210.725565324987,38.2
10264.09716701231,38.2
10317.747742788988,38.2
10371.678750856474,38.2
10425.891657038128,38.2
10480.387934819217,38.1
10535.16906538697,38.0
10590.236537670813,37.9
10645.591848382772,37.8
10701.236502058211,37.7
10757.172011096769,37.6
10813.399895803414,37.1
10869.921684429703,36.4
10926.73891321545,36.0
10983.85312643042,35.7
11041.265876416248,35.5
11098.978723628681,35.2
11156.993236680037,34.3
11215.310992381786,33.1
11273.933575787378,32.4
11332.862580235347,31.8
11392.099607392682,31.4
11451.646267298307,31.0
11511.504178406769,29.7
11571.674967632372,28.4
11632.16027039332,28.0
11692.961730656129,27.3
11754.08100098034,26.5
11815.519742563505,25.8
11877.27962528627,25.3
11939.362327757724,24.6
12001.76953736107,24.1
12064.50295029953,24.0
12127.56427164241,23.6
12190.95521537136,23.2
12254.677504427105,23.1
12318.732870756214,23.0
12383.123055358106,22.7
12447.849808332432,22.5
12512.914888926687,22.5
12578.320065583976,22.5
12644.067115991029,22.5
12710.157827126544,22.7
12776.593995309939,22.8
12843.377426249857,23.1
12910.50993509343,23.3
12977.99334647565,23.9
13045.829494568892,24.6
13114.020223132724,24.7
13182.567385564074,24.9
13251.472844947652,25.2
13320.738474106534,25.7
13390.366155652993,26.7
13460.35778203982,27.5
13530.715255611682,27.6
13601.440488656775,27.8
13672.535403458849,28.0
13744.001932349513,28.2
13815.842017760702,28.4
13888.057612277411,28.5
13960.650678690825,28.6
14033.62319005172,28.7
14106.977129724035,28.6
14180.714491438697,28.3
14254.837279347976,28.0
14329.347508079869,27.7
14404.247202792812,27.4
14479.538399230763,27.0
14555.223143778607,26.5
14631.303493517702,24.5
14707.78151628175,22.6
14784.65929071304,21.7
14861.938906319014,20.7
14939.622463529,20.0
15017.712073751207,19.2
15096.209859430292,18.4
15175.117954104964,17.5
15254.438502465904,16.4
15334.173660414117,15.2
15414.325595119602,14.3
15494.896485080177,13.6
15575.88852018064,12.2
15657.303901752315,10.8
15739.1448426331,10.0
15821.413567227246,9.1
15904.112311566014,8.7
15987.243323368504,8.5
16070.808862102673,8.3
16154.811199046684,8.5
16239.252617350698,8.9
16324.135412099,9.1
16409.461890372313,9.9
16495.23437131044,10.7
16581.455186175313,10.8
16668.12667841462,10.9
16755.251203725067,11.0
