10.0,33.2
10.052270136285475,33.2
10.104813489285682,33.2
10.157631487108103,33.2
10.210725565324982,33.2
10.264097167012295,33.2
10.317747742789004,33.2
10.371678750856479,33.2
10.425891657038118,33.2
10.480387934819216,33.2
10.535169065386981,33.2
10.590236537670812,33.2
10.64559184838276,33.2
10.701236502058206,33.2
10.757172011096776,33.2
10.813399895803409,33.2
10.869921684429707,33.2
10.926738913215466,33.2
10.98385312643042,33.2
11.041265876416237,33.2
11.098978723628681,33.2
11.156993236680048,33.2
11.215310992381788,33.2
11.27393357578736,33.2
11.332862580235341,33.2
11.392099607392687,33.2
11.451646267298301,33.2
11.511504178406776,33.2
11.571674967632385,33.2
11.632160270393321,33.2
11.692961730656117,33.3
11.75408100098034,33.3
11.815519742563518,33.4
11.87727962528627,33.3
11.939362327757706,33.2
12.001769537361062,33.2
12.064502950299536,33.4
12.127564271642404,33.5
12.190955215371359,33.5
12.254677504427118,33.5
12.318732870756214,33.5
12.383123055358094,33.5
12.447849808332432,33.5
12.5129148889267,33.4
12.578320065583968,33.4
12.644067115991009,33.4
12.710157827126565,33.4
12.776593995309947,33.4
12.843377426249843,33.4
12.910509935093431,33.4
12.977993346475664,33.4
13.045829494568892,33.4
13.11402022313271,33.4
13.182567385564074,33.4
13.251472844947658,33.4
13.320738474106527,33.4
13.390366155653,33.4
13.460357782039841,33.4
13.530715255611682,33.4
13.601440488656761,33.4
13.672535403458848,33.4
13.744001932349526,33.4
13.815842017760701,33.4
13.888057612277397,33.4
13.960650678690818,33.4
14.033623190051728,33.4
14.10697712972403,33.4
14.180714491438705,33.4
14.25483727934799,33.4
14.32934750807987,33.4
14.404247202792797,33.4
14.479538399230764,33.4
14.55522314377862,33.4
14.631303493517702,33.4
14.707781516281727,33.4
14.784659290713032,33.4
14.861938906319022,33.4
14.939622463528993,33.4
15.017712073751214,33.4
15.096209859430308,33.4
15.175117954104964,33.4
15.254438502465888,33.4
15.334173660414118,33.4
15.414325595119617,33.4
15.494896485080169,33.4
15.575888520180618,33.4
15.65730390175234,33.4
15.73914484263311,33.4
15.821413567227237,33.4
15.904112311566013,33.4
15.98724332336852,33.4
16.070808862102673,33.4
16.154811199046666,33.4
16.239252617350697,33.4
16.324135412099007,33.4
16.409461890372306,33.4
16.495234371310413,33.4
16.58145518617534,33.4
16.668126678414627,33.4
16.755251203725052,33.4
16.84283113011666,33.4
16.930868837977105,33.4
17.01936672013636,33.4
17.108327181931763,33.4
17.197752641273365,33.4
17.28764552870969,33.4
17.378008287493753,33.4
17.4688433736495,33.4
17.560153256038525,33.4
17.651940416427212,33.4
17.744207349554188,33.4
17.836956563198083,33.4
17.93019057824573,33.4
18.023911928760675,33.4
18.118123162052047,33.4
18.21282683874379,33.4
18.30802553284428,33.4
18.403721831816252,33.4
18.499918336647156,33.4
18.59661766191982,33.4
18.69382243588356,33.4
18.791535300525574,33.4
18.889758911642755,33.4
18.98849593891389,33.4
19.08774906597221,33.4
19.187520990478333,33.4
19.287814424193606,33.4
19.388632093053765,33.4
19.48997673724305,33.4
19.591851111268685,33.4
19.69425798403576,33.4
19.79720013892245,33.4
19.90068037385568,33.4
20.004701501387192,33.4
20.109266348769967,33.4
20.214377758035074,33.4
20.320038586068932,33.4
20.426251704690927,33.4
20.533020000731486,33.4
20.64034637611054,33.4
20.748233747916412,33.4
20.856685048485062,33.4
20.965703225479817,33.4
21.075291241971485,33.4
21.185452076518878,33.4
21.296188723249774,33.4
21.407504191942323,33.4
21.519401508106792,33.4
21.631883713067854,33.4
21.744953864047204,33.4
21.858615034246718,33.4
21.972870312931903,33.4
22.087722805515906,33.4
22.203175633643916,33.4
22.319231935278008,33.4
22.435894864782412,33.4
22.553167593009288,33.4
22.671053307384867,33.4
22.789555211996095,33.4
22.908676527677724,33.4
23.028420492099883,33.4
23.148790359856015,33.4
23.26978940255137,33.4
23.391420908891938,33.4
23.51368818477381,33.4
23.63659455337303,33.4
23.760143355235964,33.4
23.884337948370025,33.4
24.009181708334992,33.4
24.134678028334722,33.4
24.260830319309434,33.4
24.387642010028344,33.4
24.515116547182902,33.4
24.64325739548046,33.4
24.772068037738443,33.4
24.901551974979007,33.4
25.031712726524198,33.4
25.162553830091625,33.4
25.294078841890578,33.4
25.426291336718684,33.4
25.559194908059133,33.4
25.692793168178262,33.4
25.827089748223784,33.4
25.96208829832347,33.4
26.097792487684362,33.4
26.234206004692496,33.3
26.371332557013133,33.2
26.5091758716916,33.2
26.647739695254497,33.2
26.787027793811582,33.2
26.9270439531581,33.2
27.06779197887776,33.2
27.209275696446046,33.2
27.351498951334275,33.2
27.494465609114105,33.2
27.638179555562576,33.2
27.782644696767733,33.2
27.92786495923483,33.2
28.07384428999299,33.2
28.220586656702505,33.2
28.368096047762684,33.2
28.516376472420284,33.2
28.66543196087842,33.2
28.815266564406134,33.2
28.965884355448516,33.2
29.11728942773738,33.2
29.26948589640251,33.2
29.42247789808359,33.2
29.57626959104251,33.2
29.730865155276486,33.2
29.88626879263161,33.2
30.04248472691713,33.2
30.19951720402016,33.2
30.357370492021133,33.2
30.516048881309793,33.2
30.675556684701824,33.2
30.835898237556027,33.2
30.99707789789224,33.2
31.15910004650967,33.2
31.321969087106055,33.2
31.485689446397288,33.2
31.650265574237824,33.2
31.815701943741516,33.2
31.98200305140326,33.2
32.14917341722119,33.2
32.31721758481955,33.2
32.486140121572134,33.2
32.655945618726484,33.2
32.82663869152868,33.2
32.99822397934869,33.2
33.170706145806605,33.2
33.34408987889928,33.2
33.51837989112781,33.2
33.69358091962557,33.2
33.86969772628702,33.2
34.04673509789711,33.2
34.224697846261364,33.2
34.40359080833668,33.2
34.58341884636283,33.2
34.764186847994516,33.2
34.94589972643436,33.2
35.12856242056629,33.2
35.312179895089876,33.2
35.496757140655234,33.2
35.68229917399868,33.2
35.86881103807908,33.2
36.05629780221492,33.2
36.24476456222205,33.2
36.434216440552284,33.2
36.6246585864325,33.2
36.81609617600466,33.2
37.00853441246656,33.2
37.2019785262131,33.2
37.39643377497855,33.2
37.591905443979435,33.2
37.788398846058186,33.1
37.985919321827524,33.0
38.184472239815605,33.0
38.384062996612016,33.0
38.584697017014335,33.0
38.786379754175634,33.0
38.98911668975273,33.0
39.1929133340551,33.0
39.39777522619469,33.0
39.60370793423646,33.0
39.810717055349734,33.0
40.0188082159603,33.0
40.227987071903335,33.0
40.43825930857721,33.0
40.64963064109788,33.0
40.8621068144543,33.0
41.075693603664625,33.0
41.29039681393302,33.0
41.506222280807584,33.0
41.72317587033889,33.0
41.94126347923944,33.0
42.16049103504393,33.0
42.38086449627034,33.0
42.60238985258197,33.0
42.825073124950116,33.0
43.04892036581776,33.0
43.27393765926414,33.0
43.500131121170035,33.0
43.727506899384,33.0
43.956071173889484,33.0
44.18583015697281,33.0
44.416790093392,33.0
44.648957260546474,33.0
44.88233796864779,33.0
45.116938560890986,33.0
45.35276541362708,33.0
45.58982493653644,33.0
45.82812357280281,33.0
46.067667799288614,33.0
46.308464126710895,33.0
46.55051909981832,33.0
46.793839297569036,32.9
47.03843133330949,32.8
47.28430185495417,32.7
47.531457545166376,32.7
47.77990512153967,32.7
48.02965133678067,32.7
48.28070297889241,32.7
48.53306687135893,32.7
48.78674987333074,32.7
49.041758879811184,32.7
49.298100821843896,32.7
49.55578266670119,32.7
49.81481141807335,32.7
50.07519411625915,32.7
50.336937838356974,32.7
50.60004969845742,32.7
50.86453684783644,32.7
51.13040647514984,32.7
51.39766580662862,32.7
51.66632210627541,32.7
51.93638267606184,32.7
52.20785485612707,32.7
52.48074602497726,32.7
52.75506359968615,32.7
53.030815036096584,32.7
53.308007829023246,32.7
53.58664951245627,32.7
53.866747659766084,32.7
54.148309883909214,32.7
54.431343837635225,32.7
54.7158572136947,32.7
55.00185774504835,32.7
55.28935320507712,32.6
55.57835140779364,32.5
55.86886020805435,32.5
56.160887501773274,32.5
56.45444122613637,32.5
56.74952935981742,32.5
57.04615992319485,32.5
57.34434097856969,32.5
57.64408063038476,32.5
57.94538702544487,32.5
58.24826835313831,32.5
58.552732845659456,32.5
58.85878877823242,32.5
59.166444469336014,32.5
59.475708280929936,32.5
59.786588618681876,32.5
60.0990939321961,32.5
60.41323271524305,32.5
60.72901350599024,32.5
61.046444887234294,32.5
61.365535486634215,32.5
61.686293976945976,32.5
62.008729076258064,32.5
62.332849548228545,32.4
62.658664202323344,32.3
62.98618189405547,32.3
63.315411525225876,32.3
63.64636204416533,32.3
63.979042445977655,32.3
64.31346177278421,32.3
64.64962911396958,32.3
64.98755360642885,32.3
65.32724443481563,32.3
65.66871083179183,32.3
66.01196207827876,32.3
66.35700750370908,32.3
66.7038564862806,32.3
67.05251845321108,32.3
67.40300288099445,32.3
67.75531929565844,32.3
68.1094772730234,32.3
68.46548643896274,32.3
68.82335646966433,32.3
69.18309709189363,32.3
69.54471808325809,32.3
69.90822927247277,32.3
70.27364053962762,32.3
70.6409618164559,32.2
71.01020308660422,32.2
71.38137438590384,32.2
71.75448580264342,32.2
72.12954747784322,32.2
72.50656960553087,32.2
72.88556243301818,32.2
73.26653626117992,32.2
73.64950144473359,32.2
74.03446839252094,32.2
74.42144756779092,32.2
74.810449488484,32.2
75.20148472751808,32.2
75.59456391307583,32.2
75.98969772889355,32.2
76.38689691455168,32.2
76.78617226576647,32.2
77.18753463468363,32.2
77.59099493017311,32.1
77.99656411812569,32.0
78.404253221751,32.0
78.8140733218772,32.0
79.226035557252,32.0
79.64015112484554,32.0
80.05643128015467,32.0
80.47488733750892,32.0
80.89553067037787,32.0
81.31837271168051,32.0
81.74342495409579,32.0
82.170698950375,32.0
82.60020631365589,32.0
83.03195871777821,32.0
83.46596789760103,32.0
83.90224564932171,32.0
84.34080383079642,31.9
84.78165436186265,31.8
85.22480922466286,31.8
85.67028046397054,31.8
86.11808018751721,31.8
86.56822056632171,31.8
87.020713835021,31.8
87.47557229220259,31.8
87.93280830073893,31.8
88.39243428812335,31.8
88.85446274680783,31.8
89.31890623454267,31.8
89.78577737471758,31.8
90.25508885670492,31.8
90.72685343620469,31.8
91.20108393559097,31.7
91.67779324426061,31.6
92.15699431898352,31.5
92.63870018425483,31.5
93.12292393264887,31.5
93.60967872517497,31.5
94.09897779163542,31.5
94.5908344309847,31.5
95.0852620116911,31.5
95.58227397210023,31.5
96.08188382079996,31.5
96.5841051369878,31.5
97.08895157083991,31.5
97.59643684388209,31.5
98.10657474936274,31.5
98.61937915262773,31.5
99.13486399149741,31.4
99.65304327664518,31.3
100.17393109197839,31.3
100.69754159502135,31.3
101.22388901729977,31.3
101.75298766472777,31.3
102.28485191799675,31.3
102.81949623296607,31.3
103.35693514105618,31.3
103.89718324964329,31.3
104.44025524245698,31.3
104.98616587997819,31.3
105.53492999984189,31.2
106.08656251723878,31.2
106.64107842532215,31.1
107.19849279561431,31.1
107.75882077841675,31.1
108.32207760322176,31.1
108.88827857912626,31.1
109.45743909524856,31.1
110.02957462114523,31.1
110.60470070723336,31.1
111.18283298521138,31.1
111.76398716848561,31.1
112.3481790525961,31.1
112.93542451564652,31.0
113.5257395187356,30.9
114.11914010639099,30.9
114.71564240700522,30.9
115.3152626332741,30.9
115.91801708263789,30.9
116.52392213772293,30.9
117.13299426678874,30.9
117.74525002417371,30.9
118.36070605074681,30.9
118.97937907435858,30.9
119.60128591029638,30.9
120.22644346174131,30.9
120.85486872022751,30.9
121.4865787661046,30.8
122.12159076900052,30.8
122.75992198829012,30.8
123.40158977356222,30.8
124.04661156509306,30.8
124.69500489431896,30.8
125.34678738431336,30.8
126.00197675026583,30.8
126.6605907999634,30.8
127.3226474342747,30.8
127.98816464763628,30.7
128.6571605285424,30.6
129.32965326003517,30.6
130.00566112020084,30.6
130.68520248266435,30.6
131.36829581709074,30.6
132.05495968968575,30.6
132.74521276370103,30.6
133.43907379994133,30.6
134.1365616572744,30.6
134.83769529314347,30.6
135.54249376408254,30.6
136.25097622623485,30.6
136.96316193587217,30.5
137.67907024992007,30.5
138.39872062648203,30.4
139.1221326253702,30.4
139.84932590863562,30.4
140.58032024110324,30.4
141.31513549090906,30.4
142.05379163003997,30.4
142.7963087348772,30.4
143.5427069867405,30.3
144.29300667243896,30.2
145.04722818481977,30.1
145.80539202332486,30.1
146.56751879454652,30.1
147.333629212788,30.1
148.1037441006266,30.1
148.87788438947953,30.1
149.65607112017267,30.1
150.43832544351253,30.1
151.2246686208618,30.1
152.01512202471548,30.1
152.80970713928414,30.0
153.6084455610754,29.9
154.41135899948313,29.9
155.218469277376,29.9
156.02979833169113,29.9
156.8453682140304,29.9
157.66520109125955,29.9
158.48931924611142,29.9
159.3177450777899,29.9
160.15050110258113,29.9
160.9876099544629,29.8
161.82909438572216,29.7
162.67497726757185,29.7
163.52528159077312,29.7
164.38003046626017,29.7
165.23924712576837,29.7
166.1029549224657,29.7
166.97117733158728,29.7
167.8439379510743,29.7
168.72126050221348,29.7
169.60316883028446,29.6
170.48968690520502,29.6
171.38083882218535,29.6
172.27664880238083,29.6
173.17714119355136,29.6
174.08234047072295,29.6
174.99227123685273,29.6
175.9069582234984,29.6
176.82642629148881,29.6
177.75070043160196,29.6
178.67980576524164,29.6
179.61376754512278,29.6
180.55261115595593,29.5
181.49636211513797,29.4
182.44504607344558,29.4
183.39868881573247,29.4
184.35731626163007,29.4
185.3209544662519,29.4
186.28962962090262,29.4
187.26336805378796,29.4
188.24219623073301,29.4
189.2261407558986,29.4
190.21522837250714,29.3
191.20948596356752,29.2
192.20894055260666,29.2
193.21361930440384,29.2
194.22354952572874,29.2
195.2387586660848,29.2
196.25927431845295,29.2
197.28512422004457,29.2
198.31633625305224,29.2
199.35293844541056,29.1
200.39495897155572,29.0
201.4424261531923,28.9
202.4953684600627,28.9
203.55381451072122,28.9
204.6177930733116,28.9
205.6873330663489,28.9
206.76246355950653,28.9
207.84321377440395,28.9
208.92961308540407,28.9
210.02169102040844,28.8
211.11947726166272,28.8
212.22300164656127,28.7
213.33229416845913,28.7
214.447384977487,28.7
215.5683043813707,28.7
216.69508284625502,28.7
217.8277509975314,28.7
218.9663396206716,28.7
220.1108796620618,28.6
221.26140222984722,28.5
222.41793859477394,28.5
223.5805201910423,28.5
224.74917861715863,28.5
225.9239456367954,28.5
227.10485317965416,28.5
228.29193334233327,28.5
229.48521838920135,28.5
230.68474075327168,28.5
231.89053303708724,28.5
233.102628013603,28.5
234.32105862708036,28.5
235.5458579939798,28.4
236.77705940386227,28.4
238.0146963202937,28.4
239.25880238175446,28.4
240.50941140255387,28.4
241.76655737374873,28.4
243.03027446406858,28.3
244.30059702084168,28.3
245.57755957093218,28.2
246.86119682167464,28.2
248.1515436618211,28.2
249.44863516248657,28.2
250.75250657810346,28.2
252.0631933473797,28.2
253.3807310942614,28.2
254.7051556289027,28.2
256.03650294863604,28.2
257.3748092389545,28.2
258.72011087449107,28.1
260.0724444200114,28.1
261.4318466314045,28.0
262.79835445668317,28.0
264.17200503698814,28.0
265.5528357075972,28.0
266.94088399894025,28.0
268.336187637619,28.0
269.7387845474336,28.0
271.1487128504106,28.0
272.56601086784315,27.9
273.9907171213279,27.8
275.4228703338166,27.7
276.86250943066517,27.7
278.30967354069315,27.7
279.764401997247,27.7
281.2267343392687,27.7
282.6967103123723,27.7
284.1743698699204,27.7
285.65975317411466,27.7
287.152900597083,27.7
288.6538527219809,27.6
290.16265034409145,27.5
291.67933447193553,27.5
293.203946328386,27.5
294.7365273517884,27.5
296.27711919708696,27.5
297.8257637369567,27.5
299.38250306294265,27.5
300.947379486601,27.5
302.52043554065347,27.5
304.1017139801383,27.4
305.69125778357716,27.3
307.2891101541398,27.3
308.8953145208197,27.3
310.5099145396145,27.3
312.1329540947119,27.3
313.76447729968413,27.3
315.40452849868336,27.3
317.0531522676519,27.3
318.71039341552853,27.3
320.3762969854716,27.3
322.05090825607795,27.3
323.7342727426186,27.2
325.4264361982722,27.2
327.1274446153702,27.2
328.83734422664674,27.2
330.55618150649445,27.2
332.28400317222986,27.2
334.02085618535915,27.2
335.76678775285944,27.2
337.52184532845695,27.2
339.28607661392135,27.2
341.0595295603587,27.1
342.84225236951676,27.0
344.63429349509414,27.0
346.4357016440579,27.0
348.24652577796684,27.0
350.06681511430224,27.0
351.8966191278073,27.0
353.7359875518278,27.0
355.5849703796693,27.0
357.44361786595016,27.0
359.3119805279728,26.9
361.1901091470929,26.8
363.0780547701014,26.8
364.9758687106112,26.8
366.8836025504522,26.8
368.80130814107446,26.8
370.72903760495365,26.8
372.66684333701346,26.8
374.6147780060434,26.8
376.57289455613636,26.8
378.54124620812286,26.8
380.5198864610201,26.8
382.50886909348526,26.7
384.5082481652772,26.6
386.51807801872604,26.5
388.53841328020957,26.5
390.56930886163985,26.5
392.6108199619517,26.5
394.6630020686084,26.5
396.7259109591041,26.5
398.7996027024853,26.5
400.8841336608706,26.5
402.9795604909844,26.5
405.0859401456969,26.5
407.20332987557106,26.4
409.331787230421,26.3
411.4713700608718,26.3
413.6221365199375,26.3
415.78414506459575,26.3
417.95745445738237,26.3
420.1421237679842,26.3
422.33821237484636,26.2
424.5457799667861,26.2
426.76488654461485,26.1
428.9955924227691,26.1
431.23795823094935,26.1
433.49204491576995,26.1
435.7579137424112,26.1
438.0356262962907,26.1
440.3252444847303,26.1
442.62683053864555,26.1
444.9404470142319,26.1
447.2661567946673,26.1
449.60402309182115,26.0
451.9541094479714,26.0
454.3164797375345,25.9
456.6911981687959,25.9
459.0783292856624,25.9
461.4779379694089,25.9
463.89008944044906,25.9
466.31484926010245,25.9
468.7522833323791,25.9
471.20245790577025,25.8
473.6654395750488,25.8
476.14129528307956,25.8
478.630092322638,25.8
481.1318983382419,25.8
483.6467813279844,25.8
486.1748096453894,25.8
488.7160520012619,25.7
491.27057746556244,25.6
493.8384554692794,25.6
496.4197558063182,25.6
499.01454863539806,25.6
501.6229044819588,25.6
504.24489424007766,25.6
506.88058917439554,25.6
509.53006092205686,25.6
512.1933814946506,25.6
514.8706232801756,25.6
517.5618590449992,25.6
520.2671619358439,25.6
522.9866054817683,25.6
525.7202635961694,25.6
528.4682105787901,25.6
531.230521117739,25.6
534.0072702915224,25.6
536.7985335710792,25.6
539.6043868218401,25.6
542.4249063057814,25.6
545.2601686835053,25.6
548.1102510163182,25.6
550.9752307683272,25.6
553.8551858085453,25.6
556.7501944130083,25.6
559.6603352669016,25.6
562.5856874666987,25.6
565.5263305223134,25.5
568.4823443592555,25.5
571.4538093208106,25.4
574.4408061702153,25.4
577.4434160928608,25.4
580.4617206984933,25.4
583.4958020234345,25.4
586.5457425328113,25.4
589.6116251227962,25.4
592.6935331228639,25.3
595.7915502980484,25.2
598.9057608512304,25.1
602.0362494254149,25.1
605.1831011060411,25.1
608.3464014232891,25.1
611.5262363544065,25.1
614.7226923260454,25.1
617.9358562166111,25.1
621.1658153586235,25.1
624.4126575410903,25.1
627.6764710118958,25.1
630.957344480193,25.1
634.2553671188238,25.1
637.5706285667327,25.1
640.9032189314127,25.1
644.2532287913472,25.1
647.6207491984753,25.1
651.0058716806659,25.1
654.4086882442045,25.1
657.8292913762976,25.1
661.2677740475787,25.1
664.7242297146454,25.1
668.1987523225889,25.1
671.6914363075575,25.1
675.2023765993158,25.1
678.7316686238282,25.1
682.2794083058518,25.1
685.8456920715438,25.1
689.4306168510824,25.1
693.0342800813003,25.1
696.6567797083366,25.1
700.2982141902914,25.1
703.9586824999124,25.1
707.6382841272731,25.1
711.3371190824884,25.2
715.0552878984242,25.3
718.7928916334344,25.4
722.5500318741055,25.4
726.3268107380181,25.4
730.123330876526,25.4
733.9396954775374,25.4
737.7760082683312,25.4
741.6323735183645,25.4
745.508896042117,25.4
749.4056812019327,25.4
753.3228349108862,25.4
757.2604636356614,25.5
761.2186743994453,25.5
765.1975747848361,25.6
769.1972729367671,25.6
773.2178775654501,25.6
777.2594979493206,25.6
781.3222439380205,25.6
785.406225955371,25.6
789.5115550023859,25.7
793.6383426602791,25.8
797.7867010935024,25.8
801.9567430527921,25.8
806.1485818782347,25.8
810.3623315023465,25.8
814.59810645317,25.8
818.8560218573906,25.8
823.1361934434566,25.8
827.4387375447371,25.9
831.7637711026708,25.9
836.1114116699566,25.9
840.4817774137397,26.0
844.8749871188272,26.1
849.2911601909162,26.1
853.7304166598383,26.1
858.1928771828257,26.1
862.6786630477819,26.1
867.1878961765907,26.2
871.7206991284164,26.3
876.2771951030477,26.3
880.8575079442367,26.3
885.4617621430697,26.3
890.0900828413493,26.3
894.742595834996,26.4
899.4194275774676,26.4
904.1207051831946,26.5
908.8465564310401,26.5
913.5971097677627,26.5
918.3724943115215,26.5
923.1728398553701,26.6
927.998276870799,26.7
932.8489365112713,26.8
937.7249506157918,26.8
942.6264517124897,26.8
947.5535730222193,26.8
952.5064484621864,26.9
957.4852126495767,26.9
962.4900009052299,27.0
967.5209492573013,27.0
972.5781944449744,27.1
977.6618739221665,27.2
982.772125861269,27.2
987.9090891569025,27.2
993.0729034296917,27.2
998.26370903006,27.2
1003.4816470420445,27.2
1008.7268592871307,27.2
1013.9994883281055,27.2
1019.2996774729368,27.2
1024.627570778662,27.2
1029.9833130553077,27.3
1035.3670498698243,27.3
1040.778927550043,27.3
1046.219093188652,27.3
1051.687694647196,27.3
1057.1848805600926,27.3
1062.7108003386745,27.3
1068.2656041752484,27.3
1073.849443047181,27.3
1079.4624687209969,27.3
1085.104833756507,27.3
1090.7766915109553,27.3
1096.4781961431852,27.3
1102.2095026178308,27.3
1107.9707667095288,27.3
1113.7621450071517,27.3
1119.5837949180645,27.3
1125.4358746724013,27.3
1131.3185433273702,27.3
1137.231960771571,27.3
1143.1762877293438,27.3
1149.1516857651375,27.3
1155.1583172879002,27.3
1161.1963455554942,27.3
1167.2659346791324,27.3
1173.3672496278396,27.3
1179.5004562329357,27.3
1185.6657211925422,27.3
1191.8632120761172,27.3
1198.0930973290035,27.3
1204.355546277011,27.2
1210.650729131018,27.2
1216.9788169915967,27.2
1223.3399818536654,27.2
1229.7343966111616,27.2
1236.162235061742,27.2
1242.6236719115057,27.2
1249.1188827797416,27.2
1255.6480442037073,27.1
1262.2113336434193,27.1
1268.8089294864806,27.0
1275.4410110529293,26.9
1282.1077586001115,26.9
1288.8093533275808,26.8
1295.5459773820237,26.8
1302.3178138622095,26.8
1309.1250468239675,26.8
1315.967861285188,26.7
1322.8464432308563,26.6
1329.7609796180998,26.5
1336.7116583812742,26.4
1343.6986684370715,26.4
1350.7221996896535,26.3
1357.782443035813,26.3
1364.879590370164,26.3
1372.0138345903551,26.3
1379.1853696023147,26.3
1386.3943903255179,26.2
1393.6410926982915,26.2
1400.9256736831292,26.1
1408.248331272053,26.1
1415.6092644919916,26.1
1423.0086734101894,26.0
1430.4467591396458,25.9
1437.9237238445805,25.9
1445.439770745928,25.9
1452.9951041268616,25.9
1460.589929338344,25.9
1468.224452804715,25.9
1475.898882029292,25.9
1483.6134256000173,25.9
1491.3682931951248,25.9
1499.1636955888393,25.9
1506.999844657106,25.9
1514.8769533833477,25.9
1522.7952358642551,25.9
1530.754907315605,25.9
1538.7561840781082,25.9
1546.799283623296,25.9
1554.8844245594228,25.9
1563.0118266374113,25.9
1571.181710756826,25.9
1579.3942989718767,25.9
1587.649814497453,26.0
1595.9484817151922,26.1
1604.2905261795772,26.1
1612.6761746240677,26.1
1621.1056549672617,26.1
1629.5791963190893,26.1
1638.097028987047,26.1
1646.6593844824454,26.1
1655.266495526711,26.1
1663.9185960577072,26.1
1672.6159212360947,26.1
1681.3587074517213,26.1
1690.1471923300487,26.1
1698.9816147386093,26.1
1707.8622147934998,26.1
1716.789233865905,26.1
1725.7629145886658,26.1
1734.7835008628629,26.1
1743.8512378644525,26.1
1752.9663720509295,26.1
1762.1291511680254,26.1
1771.3398242564415,26.1
1780.598641658619,26.1
1789.9058550255418,26.1
1799.2617173235774,26.1
1808.6664828413498,26.1
1818.1204071966588,26.1
1827.6237473434162,26.1
1837.1767615786375,26.1
1846.7797095494598,26.0
1856.4328522602,25.9
1866.1364520794475,25.9
1875.8907727471963,25.9
1885.6960793820124,25.9
1895.552638488241,25.8
1905.4607179632462,25.8
1915.4205871047022,25.8
1925.4325166178992,25.8
1935.4967786231095,25.8
1945.6136466629825,25.8
1955.783395709978,25.8
1966.006302173841,25.8
1976.282643909114,25.7
1986.6127002226892,25.6
1996.996751881399,25.6
2007.4350811196462,25.6
2017.927971647083,25.6
2028.4757086563097,25.6
2039.078578830634,25.6
2049.736870351861,25.6
2060.4508729081267,25.6
2071.22087770177,25.6
2082.0471774572497,25.6
2092.9300664290977,25.6
2103.8698404099196,25.6
2114.8667967384304,25.6
2125.9212343075446,25.6
2137.0334535724887,25.6
2148.2037565589744,25.5
2159.4324468714053,25.5
2170.71982970113,25.4
2182.0662118347364,25.4
2193.4719016623894,25.3
2204.937209186215,25.3
2216.4624460287228,25.2
2228.0479254412767,25.2
2239.6939623126154,25.1
2251.4008731773993,25.0
2263.168976224821,24.9
2274.9985913072546,24.8
2286.890039948944,24.8
2298.843645354747,24.7
2310.8597324189163,24.7
2322.9386277339318,24.6
2335.0806595993763,24.5
2347.2861580308577,24.3
2359.5554547689862,24.3
2371.8888832883777,24.2
2384.2867788067265,24.2
2396.7494782939148,24.1
2409.2773204811715,23.9
2421.8706458702773,23.6
2434.5297967428205,23.4
2447.2551171695004,23.3
2460.0469530194778,23.2
2472.905651969775,23.1
2485.8315635147337,23.0
2498.825038975499,22.8
2511.88643150958,22.7
2525.0160961204438,22.6
2538.2143896671673,22.5
2551.481670874133,22.4
2564.8183003407817,22.3
2578.224640551411,22.2
2591.7010558850307,22.2
2605.247912625263,22.1
2618.8655789702975,22.1
2632.5544250429093,22.0
2646.314822900502,22.0
2660.14714654523,21.9
2674.051771934164,21.8
2688.029076989506,21.7
2702.079441608862,21.7
2716.20324767557,21.6
2730.400879069075,21.5
2744.6727216753675,21.4
2759.0191633974646,21.3
2773.440594165967,21.2
2787.9374059496395,21.2
2802.509992766076,21.1
2817.1587506924047,21.1
2831.8840778760564,21.0
2846.686374545581,20.9
2861.5660430215316,20.7
2876.5234877273942,20.5
2891.5591152005823,20.4
2906.6733341034837,20.3
2921.8665552345788,20.2
2937.139191539587,20.1
2952.4916581227058,19.9
2967.9243722578863,19.9
2983.4377534001765,19.9
2999.0322231971227,19.9
3014.7082055002275,19.9
3030.466126376471,19.8
3046.306414119893,19.8
3062.229499263226,19.7
3078.2358145896155,19.7
3094.325795144359,19.8
3110.4998782467446,19.9
3126.7585035019356,19.9
3143.1021128129173,19.9
3159.5311503925072,19.9
3176.0460627754296,19.9
3192.6472988304513,19.9
3209.335309772584,19.9
3226.1105491753406,19.9
3242.973472983081,19.9
3259.924539523382,19.9
3276.9642095195077,19.9
3294.0929461029286,19.9
3311.311214825911,19.9
3328.6194836741684,19.9
3346.018223079582,20.0
3363.507905932988,20.1
3381.089007597027,20.1
3398.762005919066,20.1
3416.527381244194,20.1
3434.385616428264,20.1
3452.337196851022,20.3
3470.382610429304,20.4
3488.5223476302926,20.4
3506.7569014848486,20.4
3525.0867676009134,20.4
3543.512444176976,20.4
3562.034432015617,20.4
3580.6532345371147,20.4
3599.369357793143,20.4
3618.1833104805046,20.4
3637.095603954969,20.4
3656.1067522451726,20.4
3675.2172720665826,20.3
3694.4276828355482,20.2
3713.738506683413,20.1
3733.1502684707093,20.1
3752.6634958014215,20.1
3772.2787190373247,20.1
3791.9964713124127,20.2
3811.817288547367,20.3
3831.7417094641373,20.4
3851.7702756005806,20.5
3871.9035313251793,20.6
3892.1420238518376,20.7
3912.4863032547537,20.8
3932.936922483372,21.1
3953.4944373774106,21.5
3974.1594066819653,21.6
3994.9323920627126,21.7
4015.8139581211503,21.8
4036.8046724099613,21.9
4057.9051054484326,22.0
4079.115830737964,22.2
4100.437424777656,22.4
4121.870467079975,22.5
4143.41554018651,22.5
4165.0732296838005,22.6
4186.844124219257,22.6
4208.728815517151,22.7
4230.72789839472,22.9
4252.841970778305,23.0
4275.071633719623,23.0
4297.417491412092,23.1
4319.880151207261,23.1
4342.460223631314,23.2
4365.158322401661,23.3
4387.975064443623,23.4
4410.911069907196,23.4
4433.9669621839075,23.4
4457.1433679237725,23.5
4480.4409170523,23.5
4503.860242787635,23.6
4527.40198165776,23.7
4551.0667735177985,23.7
4574.855261567406,23.7
4598.768092368251,23.7
4622.80591586159,23.7
4646.969385385929,23.6
4671.25915769478,23.5
4695.675892974527,23.5
4720.220254862348,23.4
4744.892910464259,23.4
4769.694530373255,23.4
4794.625788687525,23.3
4819.68736302878,23.2
4844.87993456067,23.1
4870.204188007296,23.0
4895.660811671819,22.9
4921.250497455168,22.7
4946.973940874864,22.5
4972.8318410838865,22.4
4998.824900889706,22.3
5024.953826773381,22.1
5051.219328908747,22.0
5077.622121181736,21.8
5104.162921209768,21.5
5130.842450361258,21.2
5157.661433775227,21.0
5184.620600380999,20.9
5211.720682918039,20.7
5238.962417955835,20.5
5266.346545913939,20.4
5293.873811082085,20.2
5321.544961640422,20.1
5349.360749679845,19.9
5377.321931222439,19.7
5405.429266242027,19.5
5433.683518684824,19.3
5462.085456490198,19.2
5490.635851611563,19.0
5519.335480037329,18.9
5548.185121812011,18.6
5577.185561057427,18.3
5606.337585994012,18.1
5635.641988962242,17.9
5665.0995664441625,17.7
5694.7111190850455,17.5
5724.477451715144,17.3
5754.399373371566,17.0
5784.477697320285,16.7
5814.713241078208,16.7
5845.10682643542,16.6
5875.659279477514,16.5
5906.371430608045,16.4
5937.244114571097,16.4
5968.278170473975,16.3
5999.4744418100045,16.2
6030.833776481469,16.2
6062.357026822636,16.1
6094.045049622959,16.0
6125.898706150321,16.0
6157.918862174471,15.9
6190.106387990547,15.9
6222.462158442733,16.0
6254.987052948034,16.1
6287.681955520183,16.1
6320.547754793659,16.1
6353.585344047851,16.1
6386.795621231329,16.1
6420.179488986247,16.0
6453.7378546729,15.9
6487.471630394349,15.9
6521.381733021235,15.9
6555.469084216698,15.9
6589.734610461422,15.9
6624.179243078815,15.9
6658.80391826033,15.9
6693.609577090902,15.9
6728.597165574533,15.9
6763.767634659991,15.9
6799.1219402666875,15.8
6834.661043310619,15.7
6870.385909730507,15.7
6906.297510514049,15.6
6942.39682172431,15.6
6978.684824526248,15.5
7015.162505213385,15.4
7051.830855234612,15.3
7088.690871221135,15.3
7125.7435550135615,15.2
7162.989913689153,15.1
7200.430959589155,15.0
7238.067710346342,14.9
7275.901188912673,14.8
7313.932423587085,14.8
7352.162448043451,14.7
7390.59230135867,14.6
7429.22302804091,14.5
7468.055678057999,14.3
7507.091306865953,14.2
7546.330975437692,14.2
7585.775750291836,14.2
7625.426703521717,14.2
7665.284912824515,14.3
7705.351461530549,14.3
7745.627438632719,14.4
7786.113938816104,14.5
7826.81206248772,14.5
7867.722915806424,14.6
7908.847610712972,14.6
7950.187264960275,14.8
7991.743002143727,15.0
8033.515951731782,15.1
8075.507249096639,15.2
8117.718035545101,15.2
8160.149458349601,15.3
8202.80267077938,15.5
8245.67883213183,15.6
8288.77910776401,15.6
8332.104669124305,15.5
8375.656693784302,15.4
8419.436365470749,15.3
8463.444874097753,15.2
8507.683415799123,15.1
8552.153192960874,15.0
8596.855414253905,14.8
8641.791294666864,14.7
8686.962055539152,14.6
8732.36892459413,14.6
8778.01313597248,14.6
8823.895930265779,14.5
8870.018554550163,14.5
8916.382262420266,14.5
8962.988314023276,14.6
9009.83797609319,14.7
9056.932521985234,14.8
9104.273231710486,15.0
9151.861391970657,15.1
9199.698296193066,15.2
9247.785244565785,15.4
9296.12354407301,15.7
9344.714508530542,15.9
9393.559458621517,16.1
9442.659721932305,16.4
9492.016632988581,16.6
9541.631533291613,16.8
9591.505771354708,17.2
9641.64070273987,17.6
9692.037690094652,17.7
9742.698103189163,17.8
9793.623318953358,17.9
9844.814721514387,18.1
9896.27370223427,18.2
9948.001659747684,18.7
10000.0,19.4
10052.270136285486,19.6
10104.813489285681,19.7
10157.6314871081,19.8
10210.725565324987,19.9
10264.09716701231,20.0
10317.747742788988,20.0
10371.678750856474,20.1
10425.891657038128,20.0
10480.387934819217,19.9
10535.16906538697,19.7
10590.236537670813,19.6
10645.591848382772,19.5
10701.236502058211,19.4
10757.172011096769,19.3
10813.399895803414,18.7
10869.921684429703,17.9
10926.73891321545,17.5
10983.85312643042,17.1
11041.265876416248,16.8
11098.978723628681,16.6
11156.993236680037,15.9
11215.310992381786,14.8
11273.933575787378,14.0
11332.862580235347,13.5
11392.099607392682,13.1
11451.646267298307,12.7
11511.504178406769,12.1
11571.674967632372,10.8
11632.16027039332,9.8
11692.961730656129,9.6
11754.08100098034,9.1
11815.519742563505,8.6
11877.27962528627,8.3
11939.362327757724,7.8
12001.76953736107,7.4
12064.50295029953,7.3
12127.56427164241,7.1
12190.95521537136,6.9
12254.677504427105,6.7
12318.732870756214,6.5
12383.123055358106,6.3
12447.849808332432,6.3
12512.914888926687,6.3
12578.320065583976,6.5
12644.067115991029,6.6
12710.157827126544,6.8
12776.593995309939,7.1
12843.377426249857,7.4
12910.50993509343,8.0
12977.99334647565,8.6
13045.829494568892,8.8
13114.020223132724,9.0
13182.567385564074,9.5
13251.472844947652,10.0
13320.738474106534,10.8
13390.366155652993,11.8
13460.35778203982,12.6
13530.715255611682,13.1
13601.440488656775,13.7
13672.535403458849,14.2
13744.001932349513,14.7
13815.842017760702,15.2
13888.057612277411,15.9
13960.650678690825,16.6
14033.62319005172,17.0
14106.977129724035,17.2
14180.714491438697,17.5
14254.837279347976,17.7
14329.347508079869,18.0
14404.247202792812,18.3
14479.538399230763,18.4
14555.223143778607,18.4
14631.303493517702,18.4
14707.78151628175,18.3
14784.65929071304,18.2
14861.938906319014,18.1
14939.622463529,18.0
15017.712073751207,17.8
15096.209859430292,17.1
15175.117954104964,16.3
15254.438502465904,15.7
15334.173660414117,15.1
15414.325595119602,14.6
15494.896485080177,14.3
15575.88852018064,13.5
15657.303901752315,12.5
15739.1448426331,12.0
15821.413567227246,11.4
15904.112311566014,11.1
15987.243323368504,10.9
16070.808862102673,10.7
16154.811199046684,10.5
16239.252617350698,10.4
16324.135412099,10.3
16409.461890372313,10.1
16495.23437131044,9.9
16581.455186175313,9.7
16668.12667841462,9.6
16755.251203725067,8.4
