10.0,38.0
10.052270136285475,38.0
10.104813489285682,38.0
10.157631487108103,38.1
10.210725565324982,38.1
10.264097167012295,38.2
10.317747742789004,38.2
10.371678750856479,38.3
10.425891657038118,38.4
10.480387934819216,38.4
10.535169065386981,38.6
10.590236537670812,38.7
10.64559184838276,38.7
10.701236502058206,38.7
10.757172011096776,38.7
10.813399895803409,38.7
10.869921684429707,38.8
10.926738913215466,38.9
10.98385312643042,38.9
11.041265876416237,38.9
11.098978723628681,38.9
11.156993236680048,38.9
11.215310992381788,39.0
11.27393357578736,39.1
11.332862580235341,39.1
11.392099607392687,39.1
11.451646267298301,39.1
11.511504178406776,39.1
11.571674967632385,39.1
11.632160270393321,39.1
11.692961730656117,39.1
11.75408100098034,39.2
11.815519742563518,39.2
11.87727962528627,39.2
11.939362327757706,39.2
12.001769537361062,39.3
12.064502950299536,39.4
12.127564271642404,39.4
12.190955215371359,39.4
12.254677504427118,39.4
12.318732870756214,39.5
12.383123055358094,39.5
12.447849808332432,39.6
12.5129148889267,39.6
12.578320065583968,39.6
12.644067115991009,39.6
12.710157827126565,39.6
12.776593995309947,39.6
12.843377426249843,39.6
12.910509935093431,39.8
12.977993346475664,39.9
13.045829494568892,39.9
13.11402022313271,39.9
13.182567385564074,39.9
13.251472844947658,39.9
13.320738474106527,40.0
13.390366155653,40.1
13.460357782039841,40.1
13.530715255611682,40.1
13.601440488656761,40.1
13.672535403458848,40.1
13.744001932349526,40.1
13.815842017760701,40.1
13.888057612277397,40.1
13.960650678690818,40.1
14.033623190051728,40.2
14.10697712972403,40.3
14.180714491438705,40.3
14.25483727934799,40.3
14.32934750807987,40.3
14.404247202792797,40.4
14.479538399230764,40.4
14.55522314377862,40.4
14.631303493517702,40.4
14.707781516281727,40.4
14.784659290713032,40.4
14.861938906319022,40.4
14.939622463528993,40.4
15.017712073751214,40.4
15.096209859430308,40.5
15.175117954104964,40.6
15.254438502465888,40.6
15.334173660414118,40.6
15.414325595119617,40.6
15.494896485080169,40.6
15.575888520180618,40.6
15.65730390175234,40.7
15.73914484263311,40.8
15.821413567227237,40.8
15.904112311566013,40.8
15.98724332336852,40.8
16.070808862102673,40.8
16.154811199046666,40.8
16.239252617350697,40.8
16.324135412099007,40.8
16.409461890372306,40.9
16.495234371310413,41.0
16.58145518617534,41.1
16.668126678414627,41.1
16.755251203725052,41.1
16.84283113011666,41.1
16.930868837977105,41.1
17.01936672013636,41.1
17.108327181931763,41.1
17.197752641273365,41.1
17.28764552870969,41.1
17.378008287493753,41.1
17.4688433736495,41.2
17.560153256038525,41.3
17.651940416427212,41.3
17.744207349554188,41.3
17.836956563198083,41.3
17.93019057824573,41.3
18.023911928760675,41.3
18.118123162052047,41.3
18.21282683874379,41.3
18.30802553284428,41.3
18.403721831816252,41.3
18.499918336647156,41.3
18.59661766191982,41.4
18.69382243588356,41.5
18.791535300525574,41.5
18.889758911642755,41.5
18.98849593891389,41.5
19.08774906597221,41.5
19.187520990478333,41.5
19.287814424193606,41.5
19.388632093053765,41.5
19.48997673724305,41.5
19.591851111268685,41.5
19.69425798403576,41.5
19.79720013892245,41.5
19.90068037385568,41.5
20.004701501387192,41.5
20.109266348769967,41.5
20.214377758035074,41.6
20.320038586068932,41.6
20.426251704690927,41.6
20.533020000731486,41.6
20.64034637611054,41.6
20.748233747916412,41.6
20.856685048485062,41.6
20.965703225479817,41.6
21.075291241971485,41.6
21.185452076518878,41.6
21.296188723249774,41.6
21.407504191942323,41.6
21.519401508106792,41.6
21.631883713067854,41.6
21.744953864047204,41.6
21.858615034246718,41.7
21.972870312931903,41.8
22.087722805515906,41.8
22.203175633643916,41.8
22.319231935278008,41.8
22.435894864782412,41.8
22.553167593009288,41.8
22.671053307384867,41.8
22.789555211996095,41.8
22.908676527677724,41.8
23.028420492099883,41.8
23.148790359856015,41.8
23.26978940255137,41.8
23.391420908891938,41.8
23.51368818477381,41.8
23.63659455337303,41.8
23.760143355235964,41.8
23.884337948370025,41.8
24.009181708334992,41.8
24.134678028334722,41.8
24.260830319309434,41.8
24.387642010028344,41.8
24.515116547182902,41.8
24.64325739548046,41.8
24.772068037738443,41.8
24.901551974979007,41.8
25.031712726524198,41.8
25.162553830091625,41.8
25.294078841890578,41.8
25.426291336718684,41.8
25.559194908059133,41.9
25.692793168178262,42.0
25.827089748223784,42.0
25.96208829832347,42.0
26.097792487684362,42.0
26.234206004692496,42.0
26.371332557013133,42.0
26.5091758716916,42.0
26.647739695254497,42.0
26.787027793811582,42.0
26.9270439531581,42.0
27.06779197887776,42.0
27.209275696446046,42.0
27.351498951334275,42.0
27.494465609114105,42.0
27.638179555562576,42.0
27.782644696767733,42.0
27.92786495923483,42.0
28.07384428999299,42.0
28.220586656702505,42.0
28.368096047762684,42.0
28.516376472420284,42.0
28.66543196087842,42.0
28.815266564406134,42.0
28.965884355448516,42.0
29.11728942773738,42.0
29.26948589640251,42.0
29.42247789808359,42.0
29.57626959104251,42.0
29.730865155276486,42.0
29.88626879263161,42.0
30.04248472691713,42.0
30.19951720402016,42.0
30.357370492021133,42.0
30.516048881309793,42.0
30.675556684701824,42.0
30.835898237556027,42.0
30.99707789789224,42.0
31.15910004650967,42.0
31.321969087106055,42.0
31.485689446397288,42.0
31.650265574237824,42.0
31.815701943741516,42.0
31.98200305140326,42.0
32.14917341722119,42.0
32.31721758481955,42.0
32.486140121572134,42.0
32.655945618726484,42.0
32.82663869152868,42.0
32.99822397934869,42.0
33.170706145806605,42.0
33.34408987889928,42.0
33.51837989112781,42.0
33.69358091962557,42.0
33.86969772628702,42.0
34.04673509789711,42.0
34.224697846261364,42.0
34.40359080833668,42.0
34.58341884636283,42.0
34.764186847994516,42.0
34.94589972643436,42.0
35.12856242056629,42.0
35.312179895089876,42.0
35.496757140655234,42.0
35.68229917399868,42.0
35.86881103807908,42.0
36.05629780221492,42.0
36.24476456222205,42.0
36.434216440552284,41.9
36.6246585864325,41.8
36.81609617600466,41.8
37.00853441246656,41.8
37.2019785262131,41.8
37.39643377497855,41.8
37.591905443979435,41.8
37.788398846058186,41.8
37.985919321827524,41.8
38.184472239815605,41.8
38.384062996612016,41.8
38.584697017014335,41.8
38.786379754175634,41.8
38.98911668975273,41.8
39.1929133340551,41.8
39.39777522619469,41.8
39.60370793423646,41.8
39.810717055349734,41.8
40.0188082159603,41.7
40.227987071903335,41.7
40.43825930857721,41.7
40.64963064109788,41.7
40.8621068144543,41.7
41.075693603664625,41.7
41.29039681393302,41.7
41.506222280807584,41.7
41.72317587033889,41.6
41.94126347923944,41.6
42.16049103504393,41.6
42.38086449627034,41.6
42.60238985258197,41.6
42.825073124950116,41.6
43.04892036581776,41.6
43.27393765926414,41.6
43.500131121170035,41.5
43.727506899384,41.5
43.956071173889484,41.5
44.18583015697281,41.5
44.416790093392,41.5
44.648957260546474,41.5
44.88233796864779,41.5
45.116938560890986,41.4
45.35276541362708,41.4
45.58982493653644,41.4
45.82812357280281,41.4
46.067667799288614,41.4
46.308464126710895,41.4
46.55051909981832,41.4
46.793839297569036,41.4
47.03843133330949,41.3
47.28430185495417,41.3
47.531457545166376,41.3
47.77990512153967,41.3
48.02965133678067,41.3
48.28070297889241,41.3
48.53306687135893,41.3
48.78674987333074,41.3
49.041758879811184,41.2
49.298100821843896,41.2
49.55578266670119,41.2
49.81481141807335,41.2
50.07519411625915,41.2
50.336937838356974,41.2
50.60004969845742,41.2
50.86453684783644,41.2
51.13040647514984,41.2
51.39766580662862,41.2
51.66632210627541,41.2
51.93638267606184,41.2
52.20785485612707,41.2
52.48074602497726,41.2
52.75506359968615,41.2
53.030815036096584,41.2
53.308007829023246,41.2
53.58664951245627,41.1
53.866747659766084,41.1
54.148309883909214,41.1
54.431343837635225,41.1
54.7158572136947,41.1
55.00185774504835,41.1
55.28935320507712,41.1
55.57835140779364,41.1
55.86886020805435,41.1
56.160887501773274,41.1
56.45444122613637,41.1
56.74952935981742,41.1
57.04615992319485,41.1
57.34434097856969,41.0
57.64408063038476,40.9
57.94538702544487,40.8
58.24826835313831,40.8
58.552732845659456,40.8
58.85878877823242,40.8
59.166444469336014,40.8
59.475708280929936,40.8
59.786588618681876,40.8
60.0990939321961,40.8
60.41323271524305,40.8
60.72901350599024,40.8
61.046444887234294,40.7
61.365535486634215,40.6
61.686293976945976,40.6
62.008729076258064,40.6
62.332849548228545,40.6
62.658664202323344,40.6
62.98618189405547,40.6
63.315411525225876,40.6
63.64636204416533,40.5
63.979042445977655,40.4
64.31346177278421,40.4
64.64962911396958,40.4
64.98755360642885,40.4
65.32724443481563,40.4
65.66871083179183,40.4
66.01196207827876,40.4
66.35700750370908,40.4
66.7038564862806,40.4
67.05251845321108,40.4
67.40300288099445,40.4
67.75531929565844,40.3
68.1094772730234,40.3
68.46548643896274,40.3
68.82335646966433,40.3
69.18309709189363,40.3
69.54471808325809,40.3
69.90822927247277,40.3
70.27364053962762,40.3
70.6409618164559,40.2
71.01020308660422,40.1
71.38137438590384,40.1
71.75448580264342,40.1
72.12954747784322,40.1
72.50656960553087,40.1
72.88556243301818,40.1
73.26653626117992,40.1
73.64950144473359,40.1
74.03446839252094,40.1
74.42144756779092,40.0
74.810449488484,39.9
75.20148472751808,39.9
75.59456391307583,39.9
75.98969772889355,39.9
76.38689691455168,39.9
76.78617226576647,39.9
77.18753463468363,39.8
77.59099493017311,39.7
77.99656411812569,39.6
78.404253221751,39.6
78.8140733218772,39.6
79.226035557252,39.6
79.64015112484554,39.6
80.05643128015467,39.6
80.47488733750892,39.6
80.89553067037787,39.5
81.31837271168051,39.4
81.74342495409579,39.4
82.170698950375,39.4
82.60020631365589,39.4
83.03195871777821,39.4
83.46596789760103,39.4
83.90224564932171,39.4
84.34080383079642,39.4
84.78165436186265,39.4
85.22480922466286,39.3
85.67028046397054,39.2
86.11808018751721,39.2
86.56822056632171,39.2
87.020713835021,39.2
87.47557229220259,39.2
87.93280830073893,39.1
88.39243428812335,39.1
88.85446274680783,39.1
89.31890623454267,39.1
89.78577737471758,39.1
90.25508885670492,39.1
90.72685343620469,39.1
91.20108393559097,39.1
91.67779324426061,39.0
92.15699431898352,38.9
92.63870018425483,38.9
93.12292393264887,38.9
93.60967872517497,38.9
94.09897779163542,38.9
94.5908344309847,38.9
95.0852620116911,38.9
95.58227397210023,38.8
96.08188382079996,38.7
96.5841051369878,38.7
97.08895157083991,38.7
97.59643684388209,38.7
98.10657474936274,38.7
98.61937915262773,38.6
99.13486399149741,38.5
99.65304327664518,38.4
100.17393109197839,38.4
100.69754159502135,38.4
101.22388901729977,38.4
101.75298766472777,38.4
102.28485191799675,38.4
102.81949623296607,38.4
103.35693514105618,38.3
103.89718324964329,38.3
104.44025524245698,38.2
104.98616587997819,38.2
105.53492999984189,38.2
106.08656251723878,38.2
106.64107842532215,38.1
107.19849279561431,38.1
107.75882077841675,38.0
108.32207760322176,38.0
108.88827857912626,38.0
109.45743909524856,38.0
110.02957462114523,38.0
110.60470070723336,38.0
111.18283298521138,38.0
111.76398716848561,37.9
112.3481790525961,37.8
112.93542451564652,37.8
113.5257395187356,37.8
114.11914010639099,37.8
114.71564240700522,37.8
115.3152626332741,37.7
115.91801708263789,37.7
116.52392213772293,37.7
117.13299426678874,37.7
117.74525002417371,37.7
118.36070605074681,37.7
118.97937907435858,37.6
119.60128591029638,37.5
120.22644346174131,37.5
120.85486872022751,37.5
121.4865787661046,37.5
122.12159076900052,37.5
122.75992198829012,37.5
123.40158977356222,37.5
124.04661156509306,37.4
124.69500489431896,37.3
125.34678738431336,37.3
126.00197675026583,37.3
126.6605907999634,37.3
127.3226474342747,37.3
127.98816464763628,37.2
128.6571605285424,37.1
129.32965326003517,37.0
130.00566112020084,37.0
130.68520248266435,37.0
131.36829581709074,37.0
132.05495968968575,37.0
132.74521276370103,37.0
133.43907379994133,36.9
134.1365616572744,36.8
134.83769529314347,36.8
135.54249376408254,36.8
136.25097622623485,36.8
136.96316193587217,36.8
137.67907024992007,36.7
138.39872062648203,36.6
139.1221326253702,36.6
139.84932590863562,36.6
140.58032024110324,36.6
141.31513549090906,36.6
142.05379163003997,36.5
142.7963087348772,36.5
143.5427069867405,36.5
144.29300667243896,36.5
145.04722818481977,36.5
145.80539202332486,36.4
146.56751879454652,36.4
147.333629212788,36.3
148.1037441006266,36.3
148.87788438947953,36.3
149.65607112017267,36.3
150.43832544351253,36.3
151.2246686208618,36.3
152.01512202471548,36.3
152.80970713928414,36.3
153.6084455610754,36.3
154.41135899948313,36.2
155.218469277376,36.1
156.02979833169113,36.1
156.8453682140304,36.1
157.66520109125955,36.0
158.48931924611142,35.9
159.3177450777899,35.8
160.15050110258113,35.8
160.9876099544629,35.8
161.82909438572216,35.8
162.67497726757185,35.7
163.52528159077312,35.6
164.38003046626017,35.6
165.23924712576837,35.6
166.1029549224657,35.6
166.97117733158728,35.6
167.8439379510743,35.5
168.72126050221348,35.4
169.60316883028446,35.4
170.48968690520502,35.4
171.38083882218535,35.4
172.27664880238083,35.4
173.17714119355136,35.4
174.08234047072295,35.4
174.99227123685273,35.4
175.9069582234984,35.4
176.82642629148881,35.3
177.75070043160196,35.3
178.67980576524164,35.3
179.61376754512278,35.3
180.55261115595593,35.3
181.49636211513797,35.3
182.44504607344558,35.2
183.39868881573247,35.1
184.35731626163007,35.1
185.3209544662519,35.1
186.28962962090262,35.1
187.26336805378796,35.1
188.24219623073301,35.0
189.2261407558986,34.9
190.21522837250714,34.9
191.20948596356752,34.9
192.20894055260666,34.9
193.21361930440384,34.9
194.22354952572874,34.9
195.2387586660848,34.8
196.25927431845295,34.7
197.28512422004457,34.6
198.31633625305224,34.6
199.35293844541056,34.6
200.39495897155572,34.6
201.4424261531923,34.5
202.4953684600627,34.5
203.55381451072122,34.4
204.6177930733116,34.4
205.6873330663489,34.4
206.76246355950653,34.4
207.84321377440395,34.4
208.92961308540407,34.4
210.02169102040844,34.4
211.11947726166272,34.3
212.22300164656127,34.2
213.33229416845913,34.2
214.447384977487,34.2
215.5683043813707,34.2
216.69508284625502,34.2
217.8277509975314,34.1
218.9663396206716,34.1
220.1108796620618,34.1
221.26140222984722,34.1
222.41793859477394,34.1
223.5805201910423,34.1
224.74917861715863,34.1
225.9239456367954,34.0
227.10485317965416,33.9
228.29193334233327,33.9
229.48521838920135,33.9
230.68474075327168,33.9
231.89053303708724,33.9
233.102628013603,33.8
234.32105862708036,33.8
235.5458579939798,33.7
236.77705940386227,33.7
238.0146963202937,33.7
239.25880238175446,33.7
240.50941140255387,33.7
241.76655737374873,33.6
243.03027446406858,33.5
244.30059702084168,33.4
245.57755957093218,33.4
246.86119682167464,33.4
248.1515436618211,33.4
249.44863516248657,33.4
250.75250657810346,33.4
252.0631933473797,33.4
253.3807310942614,33.3
254.7051556289027,33.3
256.03650294863604,33.2
257.3748092389545,33.2
258.72011087449107,33.2
260.0724444200114,33.2
261.4318466314045,33.1
262.79835445668317,33.1
264.17200503698814,33.0
265.5528357075972,33.0
266.94088399894025,33.0
268.336187637619,33.0
269.7387845474336,33.0
271.1487128504106,33.0
272.56601086784315,33.0
273.9907171213279,32.9
275.4228703338166,32.8
276.86250943066517,32.8
278.30967354069315,32.8
279.764401997247,32.8
281.2267343392687,32.8
282.6967103123723,32.8
284.1743698699204,32.8
285.65975317411466,32.7
287.152900597083,32.7
288.6538527219809,32.7
290.16265034409145,32.7
291.67933447193553,32.7
293.203946328386,32.6
294.7365273517884,32.6
296.27711919708696,32.5
297.8257637369567,32.5
299.38250306294265,32.5
300.947379486601,32.5
302.52043554065347,32.5
304.1017139801383,32.5
305.69125778357716,32.5
307.2891101541398,32.5
308.8953145208197,32.4
310.5099145396145,32.3
312.1329540947119,32.3
313.76447729968413,32.3
315.40452849868336,32.3
317.0531522676519,32.3
318.71039341552853,32.3
320.3762969854716,32.3
322.05090825607795,32.3
323.7342727426186,32.3
325.4264361982722,32.3
327.1274446153702,32.2
328.83734422664674,32.1
330.55618150649445,32.0
332.28400317222986,32.0
334.02085618535915,32.0
335.76678775285944,32.0
337.52184532845695,31.9
339.28607661392135,31.8
341.0595295603587,31.8
342.84225236951676,31.8
344.63429349509414,31.8
346.4357016440579,31.8
348.24652577796684,31.8
350.06681511430224,31.8
351.8966191278073,31.8
353.7359875518278,31.8
355.5849703796693,31.7
357.44361786595016,31.6
359.3119805279728,31.6
361.1901091470929,31.6
363.0780547701014,31.6
364.9758687106112,31.6
366.8836025504522,31.6
368.80130814107446,31.6
370.72903760495365,31.5
372.66684333701346,31.5
374.6147780060434,31.5
376.57289455613636,31.5
378.54124620812286,31.5
380.5198864610201,31.5
382.50886909348526,31.5
384.5082481652772,31.5
386.51807801872604,31.5
388.53841328020957,31.5
390.56930886163985,31.5
392.6108199619517,31.5
394.6630020686084,31.5
396.7259109591041,31.5
398.7996027024853,31.4
400.8841336608706,31.3
402.9795604909844,31.3
405.0859401456969,31.3
407.20332987557106,31.3
409.331787230421,31.3
411.4713700608718,31.3
413.6221365199375,31.3
415.78414506459575,31.3
417.95745445738237,31.3
420.1421237679842,31.2
422.33821237484636,31.2
424.5457799667861,31.2
426.76488654461485,31.1
428.9955924227691,31.1
431.23795823094935,31.1
433.49204491576995,31.1
435.7579137424112,31.1
438.0356262962907,31.1
440.3252444847303,31.1
442.62683053864555,31.1
444.9404470142319,31.1
447.2661567946673,31.0
449.60402309182115,30.9
451.9541094479714,30.9
454.3164797375345,30.8
456.6911981687959,30.8
459.0783292856624,30.8
461.4779379694089,30.8
463.89008944044906,30.8
466.31484926010245,30.8
468.7522833323791,30.8
471.20245790577025,30.7
473.6654395750488,30.7
476.14129528307956,30.7
478.630092322638,30.7
481.1318983382419,30.7
483.6467813279844,30.7
486.1748096453894,30.7
488.7160520012619,30.6
491.27057746556244,30.6
493.8384554692794,30.5
496.4197558063182,30.4
499.01454863539806,30.4
501.6229044819588,30.4
504.24489424007766,30.4
506.88058917439554,30.4
509.53006092205686,30.3
512.1933814946506,30.3
514.8706232801756,30.2
517.5618590449992,30.2
520.2671619358439,30.2
522.9866054817683,30.2
525.7202635961694,30.2
528.4682105787901,30.2
531.230521117739,30.2
534.0072702915224,30.2
536.7985335710792,30.2
539.6043868218401,30.2
542.4249063057814,30.2
545.2601686835053,30.2
548.1102510163182,30.2
550.9752307683272,30.2
553.8551858085453,30.2
556.7501944130083,30.2
559.6603352669016,30.2
562.5856874666987,30.3
565.5263305223134,30.3
568.4823443592555,30.3
571.4538093208106,30.3
574.4408061702153,30.3
577.4434160928608,30.3
580.4617206984933,30.3
583.4958020234345,30.3
586.5457425328113,30.3
589.6116251227962,30.3
592.6935331228639,30.3
595.7915502980484,30.3
598.9057608512304,30.3
602.0362494254149,30.3
605.1831011060411,30.3
608.3464014232891,30.3
611.5262363544065,30.3
614.7226923260454,30.2
617.9358562166111,30.2
621.1658153586235,30.2
624.4126575410903,30.2
627.6764710118958,30.2
630.957344480193,30.2
634.2553671188238,30.2
637.5706285667327,30.2
640.9032189314127,30.2
644.2532287913472,30.1
647.6207491984753,30.1
651.0058716806659,30.1
654.4086882442045,30.1
657.8292913762976,30.1
661.2677740475787,30.1
664.7242297146454,30.1
668.1987523225889,30.1
671.6914363075575,30.1
675.2023765993158,30.1
678.7316686238282,30.1
682.2794083058518,30.1
685.8456920715438,30.1
689.4306168510824,30.1
693.0342800813003,30.1
696.6567797083366,30.0
700.2982141902914,30.0
703.9586824999124,29.9
707.6382841272731,29.8
711.3371190824884,29.8
715.0552878984242,29.7
718.7928916334344,29.7
722.5500318741055,29.7
726.3268107380181,29.7
730.123330876526,29.7
733.9396954775374,29.7
737.7760082683312,29.7
741.6323735183645,29.7
745.508896042117,29.7
749.4056812019327,29.8
753.3228349108862,29.8
757.2604636356614,29.8
761.2186743994453,29.8
765.1975747848361,29.9
769.1972729367671,29.9
773.2178775654501,29.9
777.2594979493206,29.9
781.3222439380205,29.9
785.406225955371,29.9
789.5115550023859,29.9
793.6383426602791,29.9
797.7867010935024,29.9
801.9567430527921,29.9
806.1485818782347,30.0
810.3623315023465,30.0
814.59810645317,30.0
818.8560218573906,30.0
823.1361934434566,30.0
827.4387375447371,30.0
831.7637711026708,30.1
836.1114116699566,30.1
840.4817774137397,30.1
844.8749871188272,30.2
849.2911601909162,30.2
853.7304166598383,30.2
858.1928771828257,30.2
862.6786630477819,30.3
867.1878961765907,30.3
871.7206991284164,30.4
876.2771951030477,30.4
880.8575079442367,30.4
885.4617621430697,30.4
890.0900828413493,30.4
894.742595834996,30.5
899.4194275774676,30.6
904.1207051831946,30.6
908.8465564310401,30.6
913.5971097677627,30.6
918.3724943115215,30.6
923.1728398553701,30.7
927.998276870799,30.8
932.8489365112713,30.8
937.7249506157918,30.8
942.6264517124897,30.8
947.5535730222193,30.8
952.5064484621864,30.8
957.4852126495767,30.8
962.4900009052299,30.9
967.5209492573013,31.0
972.5781944449744,31.1
977.6618739221665,31.1
982.772125861269,31.2
987.9090891569025,31.3
993.0729034296917,31.3
998.26370903006,31.3
1003.4816470420445,31.3
1008.7268592871307,31.3
1013.9994883281055,31.4
1019.2996774729368,31.5
1024.627570778662,31.5
1029.9833130553077,31.5
1035.3670498698243,31.5
1040.778927550043,31.5
1046.219093188652,31.5
1051.687694647196,31.6
1057.1848805600926,31.6
1062.7108003386745,31.6
1068.2656041752484,31.6
1073.849443047181,31.6
1079.4624687209969,31.7
1085.104833756507,31.7
1090.7766915109553,31.8
1096.4781961431852,31.8
1102.2095026178308,31.8
1107.9707667095288,31.8
1113.7621450071517,31.8
1119.5837949180645,31.8
1125.4358746724013,31.9
1131.3185433273702,31.9
1137.231960771571,31.9
1143.1762877293438,31.9
1149.1516857651375,31.9
1155.1583172879002,32.0
1161.1963455554942,32.0
1167.2659346791324,32.0
1173.3672496278396,32.0
1179.5004562329357,32.0
1185.6657211925422,32.0
1191.8632120761172,32.0
1198.0930973290035,32.0
1204.355546277011,32.0
1210.650729131018,32.0
1216.9788169915967,31.9
1223.3399818536654,31.9
1229.7343966111616,31.9
1236.162235061742,31.9
1242.6236719115057,31.9
1249.1188827797416,31.9
1255.6480442037073,31.9
1262.2113336434193,31.9
1268.8089294864806,31.9
1275.4410110529293,31.9
1282.1077586001115,31.9
1288.8093533275808,31.9
1295.5459773820237,31.9
1302.3178138622095,32.1
1309.1250468239675,32.5
1315.967861285188,32.5
1322.8464432308563,32.5
1329.7609796180998,32.5
1336.7116583812742,32.5
1343.6986684370715,32.5
1350.7221996896535,32.5
1357.782443035813,32.5
1364.879590370164,32.5
1372.0138345903551,32.5
1379.1853696023147,32.5
1386.3943903255179,32.5
1393.6410926982915,32.5
1400.9256736831292,32.5
1408.248331272053,32.4
1415.6092644919916,32.2
1423.0086734101894,32.1
1430.4467591396458,31.9
1437.9237238445805,31.9
1445.439770745928,31.9
1452.9951041268616,32.1
1460.589929338344,32.3
1468.224452804715,32.5
1475.898882029292,32.6
1483.6134256000173,32.7
1491.3682931951248,32.7
1499.1636955888393,32.8
1506.999844657106,32.8
1514.8769533833477,32.9
1522.7952358642551,32.9
1530.754907315605,33.0
1538.7561840781082,33.1
1546.799283623296,33.1
1554.8844245594228,33.2
1563.0118266374113,33.2
1571.181710756826,33.2
1579.3942989718767,33.2
1587.649814497453,33.2
1595.9484817151922,33.1
1604.2905261795772,32.8
1612.6761746240677,32.2
1621.1056549672617,32.2
1629.5791963190893,32.1
1638.097028987047,31.8
1646.6593844824454,31.6
1655.266495526711,30.6
1663.9185960577072,29.3
1672.6159212360947,28.7
1681.3587074517213,28.3
1690.1471923300487,28.1
1698.9816147386093,28.0
1707.8622147934998,27.7
1716.789233865905,27.5
1725.7629145886658,27.6
1734.7835008628629,27.8
1743.8512378644525,28.1
1752.9663720509295,28.0
1762.1291511680254,28.2
1771.3398242564415,28.4
1780.598641658619,28.6
1789.9058550255418,28.7
1799.2617173235774,28.8
1808.6664828413498,28.9
1818.1204071966588,29.0
1827.6237473434162,29.1
1837.1767615786375,29.3
1846.7797095494598,29.4
1856.4328522602,29.6
1866.1364520794475,29.7
1875.8907727471963,29.9
1885.6960793820124,30.0
1895.552638488241,30.1
1905.4607179632462,30.2
1915.4205871047022,30.2
1925.4325166178992,30.3
1935.4967786231095,30.4
1945.6136466629825,30.5
1955.783395709978,30.6
1966.006302173841,30.8
1976.282643909114,31.0
1986.6127002226892,31.1
1996.996751881399,31.2
2007.4350811196462,31.2
2017.927971647083,31.3
2028.4757086563097,31.3
2039.078578830634,31.3
2049.736870351861,31.3
2060.4508729081267,31.3
2071.22087770177,31.2
2082.0471774572497,31.0
2092.9300664290977,30.8
2103.8698404099196,30.7
2114.8667967384304,30.7
2125.9212343075446,30.8
2137.0334535724887,30.8
2148.2037565589744,30.8
2159.4324468714053,30.8
2170.71982970113,30.9
2182.0662118347364,31.0
2193.4719016623894,31.0
2204.937209186215,31.1
2216.4624460287228,31.1
2228.0479254412767,31.1
2239.6939623126154,31.0
2251.4008731773993,30.9
2263.168976224821,30.8
2274.9985913072546,30.8
2286.890039948944,30.9
2298.843645354747,31.0
2310.8597324189163,31.1
2322.9386277339318,31.2
2335.0806595993763,31.2
2347.2861580308577,31.3
2359.5554547689862,31.3
2371.8888832883777,31.3
2384.2867788067265,31.3
2396.7494782939148,31.3
2409.2773204811715,31.3
2421.8706458702773,31.3
2434.5297967428205,31.4
2447.2551171695004,31.4
2460.0469530194778,31.5
2472.905651969775,31.5
2485.8315635147337,31.6
2498.825038975499,31.6
2511.88643150958,31.6
2525.0160961204438,31.7
2538.2143896671673,31.8
2551.481670874133,31.8
2564.8183003407817,31.8
2578.224640551411,31.8
2591.7010558850307,31.8
2605.247912625263,31.9
2618.8655789702975,32.0
2632.5544250429093,32.0
2646.314822900502,32.0
2660.14714654523,32.0
2674.051771934164,32.0
2688.029076989506,32.0
2702.079441608862,32.0
2716.20324767557,32.0
2730.400879069075,31.9
2744.6727216753675,31.9
2759.0191633974646,31.8
2773.440594165967,31.8
2787.9374059496395,31.7
2802.509992766076,31.6
2817.1587506924047,31.5
2831.8840778760564,31.5
2846.686374545581,31.4
2861.5660430215316,31.3
2876.5234877273942,31.2
2891.5591152005823,31.1
2906.6733341034837,31.0
2921.8665552345788,30.9
2937.139191539587,30.8
2952.4916581227058,30.6
2967.9243722578863,30.5
2983.4377534001765,30.4
2999.0322231971227,30.4
3014.7082055002275,30.3
3030.466126376471,30.3
3046.306414119893,30.2
3062.229499263226,30.2
3078.2358145896155,30.1
3094.325795144359,30.1
3110.4998782467446,30.0
3126.7585035019356,29.9
3143.1021128129173,29.8
3159.5311503925072,29.8
3176.0460627754296,29.7
3192.6472988304513,29.6
3209.335309772584,29.5
3226.1105491753406,29.4
3242.973472983081,29.3
3259.924539523382,29.3
3276.9642095195077,29.2
3294.0929461029286,29.2
3311.311214825911,29.1
3328.6194836741684,29.0
3346.018223079582,28.8
3363.507905932988,28.8
3381.089007597027,28.7
3398.762005919066,28.7
3416.527381244194,28.6
3434.385616428264,28.5
3452.337196851022,28.4
3470.382610429304,28.4
3488.5223476302926,28.3
3506.7569014848486,28.3
3525.0867676009134,28.3
3543.512444176976,28.4
3562.034432015617,28.4
3580.6532345371147,28.4
3599.369357793143,28.4
3618.1833104805046,28.4
3637.095603954969,28.4
3656.1067522451726,28.4
3675.2172720665826,28.3
3694.4276828355482,28.3
3713.738506683413,28.3
3733.1502684707093,28.3
3752.6634958014215,28.3
3772.2787190373247,28.3
3791.9964713124127,28.3
3811.817288547367,28.3
3831.7417094641373,28.3
3851.7702756005806,28.4
3871.9035313251793,28.5
3892.1420238518376,28.7
3912.4863032547537,28.8
3932.936922483372,28.9
3953.4944373774106,29.1
3974.1594066819653,29.2
3994.9323920627126,29.3
4015.8139581211503,29.4
4036.8046724099613,29.6
4057.9051054484326,29.9
4079.115830737964,30.1
4100.437424777656,30.3
4121.870467079975,30.5
4143.41554018651,30.6
4165.0732296838005,30.9
4186.844124219257,31.1
4208.728815517151,31.4
4230.72789839472,31.6
4252.841970778305,31.7
4275.071633719623,31.8
4297.417491412092,32.1
4319.880151207261,32.7
4342.460223631314,33.0
4365.158322401661,33.1
4387.975064443623,33.2
4410.911069907196,33.3
4433.9669621839075,33.4
4457.1433679237725,33.5
4480.4409170523,33.7
4503.860242787635,33.7
4527.40198165776,33.7
4551.0667735177985,33.7
4574.855261567406,33.7
4598.768092368251,33.6
4622.80591586159,33.5
4646.969385385929,33.4
4671.25915769478,33.3
4695.675892974527,33.2
4720.220254862348,33.1
4744.892910464259,33.0
4769.694530373255,32.6
4794.625788687525,32.3
4819.68736302878,32.1
4844.87993456067,31.9
4870.204188007296,31.7
4895.660811671819,31.5
4921.250497455168,31.2
4946.973940874864,30.9
4972.8318410838865,30.6
4998.824900889706,30.2
5024.953826773381,29.8
5051.219328908747,29.4
5077.622121181736,29.0
5104.162921209768,28.6
5130.842450361258,28.2
5157.661433775227,27.6
5184.620600380999,26.8
5211.720682918039,26.4
5238.962417955835,26.2
5266.346545913939,26.0
5293.873811082085,25.8
5321.544961640422,25.4
5349.360749679845,24.9
5377.321931222439,24.5
5405.429266242027,24.3
5433.683518684824,24.1
5462.085456490198,23.8
5490.635851611563,23.5
5519.335480037329,23.1
5548.185121812011,22.9
5577.185561057427,22.7
5606.337585994012,22.5
5635.641988962242,22.3
5665.0995664441625,22.0
5694.7111190850455,21.7
5724.477451715144,21.5
5754.399373371566,21.4
5784.477697320285,21.3
5814.713241078208,21.1
5845.10682643542,21.0
5875.659279477514,21.0
5906.371430608045,20.9
5937.244114571097,20.8
5968.278170473975,20.7
5999.4744418100045,20.7
6030.833776481469,20.6
6062.357026822636,20.5
6094.045049622959,20.5
6125.898706150321,20.4
6157.918862174471,20.4
6190.106387990547,20.4
6222.462158442733,20.4
6254.987052948034,20.3
6287.681955520183,20.3
6320.547754793659,20.2
6353.585344047851,20.2
6386.795621231329,20.1
6420.179488986247,20.1
6453.7378546729,20.1
6487.471630394349,20.1
6521.381733021235,20.1
6555.469084216698,20.1
6589.734610461422,20.1
6624.179243078815,20.1
6658.80391826033,20.1
6693.609577090902,20.1
6728.597165574533,20.2
6763.767634659991,20.2
6799.1219402666875,20.3
6834.661043310619,20.3
6870.385909730507,20.4
6906.297510514049,20.5
6942.39682172431,20.5
6978.684824526248,20.6
7015.162505213385,20.6
7051.830855234612,20.6
7088.690871221135,20.6
7125.7435550135615,20.7
7162.989913689153,20.7
7200.430959589155,20.8
7238.067710346342,20.8
7275.901188912673,20.8
7313.932423587085,20.8
7352.162448043451,20.7
7390.59230135867,20.6
7429.22302804091,20.6
7468.055678057999,20.6
7507.091306865953,20.6
7546.330975437692,20.6
7585.775750291836,20.7
7625.426703521717,20.7
7665.284912824515,20.8
7705.351461530549,20.9
7745.627438632719,21.0
7786.113938816104,21.2
7826.81206248772,21.4
7867.722915806424,21.5
7908.847610712972,21.6
7950.187264960275,21.6
7991.743002143727,21.7
8033.515951731782,22.0
8075.507249096639,22.3
8117.718035545101,22.5
8160.149458349601,22.6
8202.80267077938,22.7
8245.67883213183,22.7
8288.77910776401,22.9
8332.104669124305,23.1
8375.656693784302,23.2
8419.436365470749,23.3
8463.444874097753,23.4
8507.683415799123,23.5
8552.153192960874,23.7
8596.855414253905,23.8
8641.791294666864,23.9
8686.962055539152,23.9
8732.36892459413,23.8
8778.01313597248,23.8
8823.895930265779,23.7
8870.018554550163,23.7
8916.382262420266,23.6
8962.988314023276,23.4
9009.83797609319,23.1
9056.932521985234,22.9
9104.273231710486,22.7
9151.861391970657,22.5
9199.698296193066,22.3
9247.785244565785,22.1
9296.12354407301,21.9
9344.714508530542,21.7
9393.559458621517,21.6
9442.659721932305,21.4
9492.016632988581,21.3
9541.631533291613,21.3
9591.505771354708,21.2
9641.64070273987,21.2
9692.037690094652,21.2
9742.698103189163,21.1
9793.623318953358,21.2
9844.814721514387,21.5
9896.27370223427,21.8
9948.001659747684,22.0
10000.0,22.3
10052.270136285486,22.9
10104.813489285681,23.7
10157.6314871081,24.2
10210.725565324987,24.5
10264.09716701231,24.8
10317.747742788988,25.1
10371.678750856474,25.8
10425.891657038128,26.9
10480.387934819217,27.5
10535.16906538697,27.6
10590.236537670813,27.9
10645.591848382772,28.5
10701.236502058211,28.8
10757.172011096769,28.8
10813.399895803414,28.9
10869.921684429703,28.9
10926.73891321545,28.8
10983.85312643042,28.6
11041.265876416248,28.2
11098.978723628681,27.8
11156.993236680037,27.4
11215.310992381786,27.1
11273.933575787378,26.7
11332.862580235347,25.6
11392.099607392682,24.5
11451.646267298307,23.9
11511.504178406769,23.5
11571.674967632372,23.0
11632.16027039332,22.4
11692.961730656129,21.4
11754.08100098034,20.4
11815.519742563505,19.7
11877.27962528627,19.3
11939.362327757724,17.9
12001.76953736107,16.7
12064.50295029953,16.5
12127.56427164241,16.3
12190.95521537136,16.2
12254.677504427105,16.1
12318.732870756214,16.1
12383.123055358106,16.0
12447.849808332432,15.8
12512.914888926687,15.6
12578.320065583976,15.4
12644.067115991029,15.4
12710.157827126544,15.4
12776.593995309939,16.0
12843.377426249857,16.8
12910.50993509343,17.0
12977.99334647565,17.2
13045.829494568892,17.8
13114.020223132724,18.9
13182.567385564074,19.6
13251.472844947652,19.9
13320.738474106534,20.4
13390.366155652993,21.4
13460.35778203982,22.4
13530.715255611682,22.8
13601.440488656775,23.2
13672.535403458849,23.7
13744.001932349513,24.5
13815.842017760702,25.6
13888.057612277411,26.2
13960.650678690825,26.5
14033.62319005172,26.8
14106.977129724035,27.1
14180.714491438697,27.3
14254.837279347976,27.0
14329.347508079869,26.4
14404.247202792812,25.8
14479.538399230763,25.2
14555.223143778607,24.6
14631.303493517702,24.0
14707.78151628175,23.3
14784.65929071304,22.6
14861.938906319014,22.0
14939.622463529,21.4
15017.712073751207,20.7
15096.209859430292,19.7
15175.117954104964,18.3
15254.438502465904,16.9
15334.173660414117,15.5
15414.325595119602,14.6
15494.896485080177,14.2
15575.88852018064,13.9
15657.303901752315,13.5
15739.1448426331,13.2
15821.413567227246,12.8
15904.112311566014,12.4
15987.243323368504,12.1
16070.808862102673,11.7
16154.811199046684,11.6
16239.252617350698,11.6
16324.135412099,11.5
16409.461890372313,11.2
16495.23437131044,10.8
16581.455186175313,10.7
16668.12667841462,10.7
16755.251203725067,10.7
