10.0,36.5
10.052270136285475,36.5
10.104813489285682,36.6
10.157631487108103,36.7
10.210725565324982,36.7
10.264097167012295,36.7
10.317747742789004,36.7
10.371678750856479,36.7
10.425891657038118,36.7
10.480387934819216,36.8
10.535169065386981,36.8
10.590236537670812,36.8
10.64559184838276,36.8
10.701236502058206,36.8
10.757172011096776,36.8
10.813399895803409,36.9
10.869921684429707,37.0
10.926738913215466,37.0
10.98385312643042,37.0
11.041265876416237,37.0
11.098978723628681,37.0
11.156993236680048,37.1
11.215310992381788,37.2
11.27393357578736,37.2
11.332862580235341,37.2
11.392099607392687,37.2
11.451646267298301,37.3
11.511504178406776,37.4
11.571674967632385,37.5
11.632160270393321,37.5
11.692961730656117,37.6
11.75408100098034,37.7
11.815519742563518,37.7
11.87727962528627,37.7
11.939362327757706,37.7
12.001769537361062,37.7
12.064502950299536,37.8
12.127564271642404,37.9
12.190955215371359,37.9
12.254677504427118,37.9
12.318732870756214,37.9
12.383123055358094,37.9
12.447849808332432,37.9
12.5129148889267,37.9
12.578320065583968,38.0
12.644067115991009,38.0
12.710157827126565,38.0
12.776593995309947,38.0
12.843377426249843,38.0
12.910509935093431,38.1
12.977993346475664,38.2
13.045829494568892,38.2
13.11402022313271,38.2
13.182567385564074,38.2
13.251472844947658,38.2
13.320738474106527,38.2
13.390366155653,38.2
13.460357782039841,38.2
13.530715255611682,38.3
13.601440488656761,38.4
13.672535403458848,38.4
13.744001932349526,38.4
13.815842017760701,38.4
13.888057612277397,38.4
13.960650678690818,38.4
14.033623190051728,38.5
14.10697712972403,38.6
14.180714491438705,38.6
14.25483727934799,38.6
14.32934750807987,38.6
14.404247202792797,38.6
14.479538399230764,38.6
14.55522314377862,38.8
14.631303493517702,38.9
14.707781516281727,38.9
14.784659290713032,38.9
14.861938906319022,38.9
14.939622463528993,38.9
15.017712073751214,38.9
15.096209859430308,38.9
15.175117954104964,39.0
15.254438502465888,39.1
15.334173660414118,39.1
15.414325595119617,39.1
15.494896485080169,39.1
15.575888520180618,39.1
15.65730390175234,39.1
15.73914484263311,39.1
15.821413567227237,39.1
15.904112311566013,39.1
15.98724332336852,39.2
16.070808862102673,39.2
16.154811199046666,39.3
16.239252617350697,39.3
16.324135412099007,39.3
16.409461890372306,39.3
16.495234371310413,39.3
16.58145518617534,39.3
16.668126678414627,39.3
16.755251203725052,39.3
16.84283113011666,39.3
16.930868837977105,39.4
17.01936672013636,39.4
17.108327181931763,39.4
17.197752641273365,39.4
17.28764552870969,39.4
17.378008287493753,39.4
17.4688433736495,39.4
17.560153256038525,39.4
17.651940416427212,39.4
17.744207349554188,39.5
17.836956563198083,39.6
17.93019057824573,39.6
18.023911928760675,39.6
18.118123162052047,39.6
18.21282683874379,39.6
18.30802553284428,39.6
18.403721831816252,39.6
18.499918336647156,39.6
18.59661766191982,39.6
18.69382243588356,39.6
18.791535300525574,39.6
18.889758911642755,39.7
18.98849593891389,39.8
19.08774906597221,39.8
19.187520990478333,39.8
19.287814424193606,39.8
19.388632093053765,39.8
19.48997673724305,39.8
19.591851111268685,39.8
19.69425798403576,39.8
19.79720013892245,39.8
19.90068037385568,39.8
20.004701501387192,39.8
20.109266348769967,39.8
20.214377758035074,39.8
20.320038586068932,40.0
20.426251704690927,40.1
20.533020000731486,40.1
20.64034637611054,40.1
20.748233747916412,40.1
20.856685048485062,40.1
20.965703225479817,40.1
21.075291241971485,40.1
21.185452076518878,40.1
21.296188723249774,40.1
21.407504191942323,40.1
21.519401508106792,40.1
21.631883713067854,40.1
21.744953864047204,40.1
21.858615034246718,40.1
21.972870312931903,40.1
22.087722805515906,40.1
22.203175633643916,40.1
22.319231935278008,40.2
22.435894864782412,40.2
22.553167593009288,40.3
22.671053307384867,40.3
22.789555211996095,40.3
22.908676527677724,40.3
23.028420492099883,40.3
23.148790359856015,40.3
23.26978940255137,40.3
23.391420908891938,40.3
23.51368818477381,40.3
23.63659455337303,40.3
23.760143355235964,40.3
23.884337948370025,40.3
24.009181708334992,40.3
24.134678028334722,40.3
24.260830319309434,40.3
24.387642010028344,40.3
24.515116547182902,40.3
24.64325739548046,40.3
24.772068037738443,40.3
24.901551974979007,40.3
25.031712726524198,40.3
25.162553830091625,40.3
25.294078841890578,40.3
25.426291336718684,40.3
25.559194908059133,40.4
25.692793168178262,40.5
25.827089748223784,40.5
25.96208829832347,40.5
26.097792487684362,40.5
26.234206004692496,40.5
26.371332557013133,40.5
26.5091758716916,40.5
26.647739695254497,40.5
26.787027793811582,40.5
26.9270439531581,40.5
27.06779197887776,40.5
27.209275696446046,40.5
27.351498951334275,40.5
27.494465609114105,40.5
27.638179555562576,40.5
27.782644696767733,40.5
27.92786495923483,40.5
28.07384428999299,40.5
28.220586656702505,40.5
28.368096047762684,40.5
28.516376472420284,40.5
28.66543196087842,40.5
28.815266564406134,40.5
28.965884355448516,40.5
29.11728942773738,40.5
29.26948589640251,40.5
29.42247789808359,40.5
29.57626959104251,40.5
29.730865155276486,40.5
29.88626879263161,40.5
30.04248472691713,40.5
30.19951720402016,40.5
30.357370492021133,40.5
30.516048881309793,40.5
30.675556684701824,40.5
30.835898237556027,40.5
30.99707789789224,40.5
31.15910004650967,40.5
31.321969087106055,40.5
31.485689446397288,40.5
31.650265574237824,40.5
31.815701943741516,40.5
31.98200305140326,40.5
32.14917341722119,40.5
32.31721758481955,40.5
32.486140121572134,40.5
32.655945618726484,40.5
32.82663869152868,40.5
32.99822397934869,40.5
33.170706145806605,40.5
33.34408987889928,40.5
33.51837989112781,40.5
33.69358091962557,40.5
33.86969772628702,40.5
34.04673509789711,40.5
34.224697846261364,40.5
34.40359080833668,40.5
34.58341884636283,40.5
34.764186847994516,40.5
34.94589972643436,40.5
35.12856242056629,40.5
35.312179895089876,40.5
35.496757140655234,40.5
35.68229917399868,40.5
35.86881103807908,40.5
36.05629780221492,40.5
36.24476456222205,40.5
36.434216440552284,40.4
36.6246585864325,40.4
36.81609617600466,40.3
37.00853441246656,40.3
37.2019785262131,40.3
37.39643377497855,40.3
37.591905443979435,40.3
37.788398846058186,40.3
37.985919321827524,40.3
38.184472239815605,40.3
38.384062996612016,40.3
38.584697017014335,40.3
38.786379754175634,40.3
38.98911668975273,40.3
39.1929133340551,40.3
39.39777522619469,40.3
39.60370793423646,40.3
39.810717055349734,40.3
40.0188082159603,40.3
40.227987071903335,40.3
40.43825930857721,40.3
40.64963064109788,40.3
40.8621068144543,40.3
41.075693603664625,40.3
41.29039681393302,40.3
41.506222280807584,40.3
41.72317587033889,40.3
41.94126347923944,40.3
42.16049103504393,40.3
42.38086449627034,40.3
42.60238985258197,40.3
42.825073124950116,40.3
43.04892036581776,40.3
43.27393765926414,40.2
43.500131121170035,40.2
43.727506899384,40.2
43.956071173889484,40.1
44.18583015697281,40.1
44.416790093392,40.1
44.648957260546474,40.0
44.88233796864779,40.0
45.116938560890986,39.9
45.35276541362708,39.9
45.58982493653644,39.9
45.82812357280281,39.8
46.067667799288614,39.8
46.308464126710895,39.8
46.55051909981832,39.7
46.793839297569036,39.7
47.03843133330949,39.7
47.28430185495417,39.7
47.531457545166376,39.7
47.77990512153967,39.7
48.02965133678067,39.7
48.28070297889241,39.7
48.53306687135893,39.7
48.78674987333074,39.7
49.041758879811184,39.7
49.298100821843896,39.7
49.55578266670119,39.7
49.81481141807335,39.7
50.07519411625915,39.7
50.336937838356974,39.7
50.60004969845742,39.6
50.86453684783644,39.6
51.13040647514984,39.5
51.39766580662862,39.4
51.66632210627541,39.4
51.93638267606184,39.4
52.20785485612707,39.4
52.48074602497726,39.4
52.75506359968615,39.4
53.030815036096584,39.4
53.308007829023246,39.4
53.58664951245627,39.4
53.866747659766084,39.4
54.148309883909214,39.4
54.431343837635225,39.4
54.7158572136947,39.4
55.00185774504835,39.4
55.28935320507712,39.4
55.57835140779364,39.4
55.86886020805435,39.4
56.160887501773274,39.4
56.45444122613637,39.4
56.74952935981742,39.4
57.04615992319485,39.4
57.34434097856969,39.3
57.64408063038476,39.2
57.94538702544487,39.2
58.24826835313831,39.2
58.552732845659456,39.2
58.85878877823242,39.2
59.166444469336014,39.2
59.475708280929936,39.2
59.786588618681876,39.2
60.0990939321961,39.2
60.41323271524305,39.2
60.72901350599024,39.2
61.046444887234294,39.2
61.365535486634215,39.2
61.686293976945976,39.2
62.008729076258064,39.2
62.332849548228545,39.2
62.658664202323344,39.1
62.98618189405547,39.1
63.315411525225876,39.1
63.64636204416533,39.1
63.979042445977655,39.1
64.31346177278421,39.0
64.64962911396958,38.9
64.98755360642885,38.9
65.32724443481563,38.9
65.66871083179183,38.9
66.01196207827876,38.9
66.35700750370908,38.9
66.7038564862806,38.9
67.05251845321108,38.9
67.40300288099445,38.9
67.75531929565844,38.9
68.1094772730234,38.9
68.46548643896274,38.8
68.82335646966433,38.7
69.18309709189363,38.6
69.54471808325809,38.6
69.90822927247277,38.6
70.27364053962762,38.6
70.6409618164559,38.6
71.01020308660422,38.6
71.38137438590384,38.6
71.75448580264342,38.6
72.12954747784322,38.5
72.50656960553087,38.4
72.88556243301818,38.4
73.26653626117992,38.4
73.64950144473359,38.4
74.03446839252094,38.4
74.42144756779092,38.4
74.810449488484,38.4
75.20148472751808,38.4
75.59456391307583,38.4
75.98969772889355,38.3
76.38689691455168,38.2
76.78617226576647,38.2
77.18753463468363,38.2
77.59099493017311,38.2
77.99656411812569,38.2
78.404253221751,38.1
78.8140733218772,38.0
79.226035557252,38.0
79.64015112484554,38.0
80.05643128015467,38.0
80.47488733750892,38.0
80.89553067037787,38.0
81.31837271168051,38.0
81.74342495409579,38.0
82.170698950375,38.0
82.60020631365589,37.9
83.03195871777821,37.9
83.46596789760103,37.9
83.90224564932171,37.9
84.34080383079642,37.9
84.78165436186265,37.9
85.22480922466286,37.9
85.67028046397054,37.9
86.11808018751721,37.8
86.56822056632171,37.7
87.020713835021,37.7
87.47557229220259,37.7
87.93280830073893,37.7
88.39243428812335,37.7
88.85446274680783,37.7
89.31890623454267,37.6
89.78577737471758,37.5
90.25508885670492,37.5
90.72685343620469,37.5
91.20108393559097,37.5
91.67779324426061,37.5
92.15699431898352,37.4
92.63870018425483,37.3
93.12292393264887,37.2
93.60967872517497,37.2
94.09897779163542,37.2
94.5908344309847,37.2
95.0852620116911,37.2
95.58227397210023,37.2
96.08188382079996,37.2
96.5841051369878,37.2
97.08895157083991,37.1
97.59643684388209,37.1
98.10657474936274,37.0
98.61937915262773,37.0
99.13486399149741,37.0
99.65304327664518,37.0
100.17393109197839,36.9
100.69754159502135,36.9
101.22388901729977,36.8
101.75298766472777,36.8
102.28485191799675,36.8
102.81949623296607,36.8
103.35693514105618,36.8
103.89718324964329,36.8
104.44025524245698,36.8
104.98616587997819,36.7
105.53492999984189,36.7
106.08656251723878,36.7
106.64107842532215,36.7
107.19849279561431,36.7
107.75882077841675,36.7
108.32207760322176,36.7
108.88827857912626,36.6
109.45743909524856,36.5
110.02957462114523,36.5
110.60470070723336,36.5
111.18283298521138,36.5
111.76398716848561,36.5
112.3481790525961,36.4
112.93542451564652,36.4
113.5257395187356,36.3
114.11914010639099,36.3
114.71564240700522,36.3
115.3152626332741,36.3
115.91801708263789,36.2
116.52392213772293,36.1
117.13299426678874,36.0
117.74525002417371,36.0
118.36070605074681,36.0
118.97937907435858,36.0
119.60128591029638,36.0
120.22644346174131,36.0
120.85486872022751,36.0
121.4865787661046,36.0
122.12159076900052,35.9
122.75992198829012,35.9
123.40158977356222,35.8
124.04661156509306,35.8
124.69500489431896,35.8
125.34678738431336,35.8
126.00197675026583,35.7
126.6605907999634,35.7
127.3226474342747,35.6
127.98816464763628,35.6
128.6571605285424,35.6
129.32965326003517,35.6
130.00566112020084,35.6
130.68520248266435,35.5
131.36829581709074,35.5
132.05495968968575,35.5
132.74521276370103,35.5
133.43907379994133,35.4
134.1365616572744,35.3
134.83769529314347,35.3
135.54249376408254,35.3
136.25097622623485,35.3
136.96316193587217,35.3
137.67907024992007,35.3
138.39872062648203,35.3
139.1221326253702,35.3
139.84932590863562,35.3
140.58032024110324,35.2
141.31513549090906,35.1
142.05379163003997,35.1
142.7963087348772,35.1
143.5427069867405,35.1
144.29300667243896,35.1
145.04722818481977,35.0
145.80539202332486,34.9
146.56751879454652,34.8
147.333629212788,34.8
148.1037441006266,34.8
148.87788438947953,34.8
149.65607112017267,34.7
150.43832544351253,34.6
151.2246686208618,34.6
152.01512202471548,34.6
152.80970713928414,34.6
153.6084455610754,34.6
154.41135899948313,34.6
155.218469277376,34.6
156.02979833169113,34.6
156.8453682140304,34.6
157.66520109125955,34.5
158.48931924611142,34.4
159.3177450777899,34.4
160.15050110258113,34.4
160.9876099544629,34.3
161.82909438572216,34.3
162.67497726757185,34.3
163.52528159077312,34.3
164.38003046626017,34.3
165.23924712576837,34.3
166.1029549224657,34.2
166.97117733158728,34.1
167.8439379510743,34.1
168.72126050221348,34.1
169.60316883028446,34.1
170.48968690520502,34.1
171.38083882218535,34.1
172.27664880238083,34.1
173.17714119355136,34.0
174.08234047072295,33.9
174.99227123685273,33.9
175.9069582234984,33.9
176.82642629148881,33.9
177.75070043160196,33.9
178.67980576524164,33.8
179.61376754512278,33.7
180.55261115595593,33.6
181.49636211513797,33.6
182.44504607344558,33.6
183.39868881573247,33.5
184.35731626163007,33.5
185.3209544662519,33.4
186.28962962090262,33.4
187.26336805378796,33.4
188.24219623073301,33.4
189.2261407558986,33.4
190.21522837250714,33.4
191.20948596356752,33.4
192.20894055260666,33.3
193.21361930440384,33.2
194.22354952572874,33.2
195.2387586660848,33.2
196.25927431845295,33.2
197.28512422004457,33.2
198.31633625305224,33.1
199.35293844541056,33.0
200.39495897155572,33.0
201.4424261531923,33.0
202.4953684600627,33.0
203.55381451072122,33.0
204.6177930733116,32.9
205.6873330663489,32.9
206.76246355950653,32.9
207.84321377440395,32.9
208.92961308540407,32.9
210.02169102040844,32.9
211.11947726166272,32.9
212.22300164656127,32.9
213.33229416845913,32.9
214.447384977487,32.9
215.5683043813707,32.8
216.69508284625502,32.7
217.8277509975314,32.7
218.9663396206716,32.7
220.1108796620618,32.7
221.26140222984722,32.7
222.41793859477394,32.6
223.5805201910423,32.5
224.74917861715863,32.5
225.9239456367954,32.5
227.10485317965416,32.5
228.29193334233327,32.5
229.48521838920135,32.5
230.68474075327168,32.5
231.89053303708724,32.4
233.102628013603,32.3
234.32105862708036,32.2
235.5458579939798,32.2
236.77705940386227,32.2
238.0146963202937,32.1
239.25880238175446,32.1
240.50941140255387,32.0
241.76655737374873,32.0
243.03027446406858,32.0
244.30059702084168,32.0
245.57755957093218,31.9
246.86119682167464,31.9
248.1515436618211,31.8
249.44863516248657,31.8
250.75250657810346,31.8
252.0631933473797,31.8
253.3807310942614,31.8
254.7051556289027,31.8
256.03650294863604,31.8
257.3748092389545,31.7
258.72011087449107,31.7
260.0724444200114,31.7
261.4318466314045,31.7
262.79835445668317,31.7
264.17200503698814,31.7
265.5528357075972,31.7
266.94088399894025,31.6
268.336187637619,31.5
269.7387845474336,31.5
271.1487128504106,31.5
272.56601086784315,31.5
273.9907171213279,31.5
275.4228703338166,31.4
276.86250943066517,31.4
278.30967354069315,31.3
279.764401997247,31.3
281.2267343392687,31.3
282.6967103123723,31.3
284.1743698699204,31.3
285.65975317411466,31.3
287.152900597083,31.3
288.6538527219809,31.3
290.16265034409145,31.3
291.67933447193553,31.2
293.203946328386,31.1
294.7365273517884,31.0
296.27711919708696,31.0
297.8257637369567,31.0
299.38250306294265,31.0
300.947379486601,31.0
302.52043554065347,30.9
304.1017139801383,30.9
305.69125778357716,30.8
307.2891101541398,30.8
308.8953145208197,30.8
310.5099145396145,30.8
312.1329540947119,30.8
313.76447729968413,30.8
315.40452849868336,30.8
317.0531522676519,30.8
318.71039341552853,30.7
320.3762969854716,30.7
322.05090825607795,30.6
323.7342727426186,30.6
325.4264361982722,30.6
327.1274446153702,30.6
328.83734422664674,30.6
330.55618150649445,30.6
332.28400317222986,30.6
334.02085618535915,30.5
335.76678775285944,30.5
337.52184532845695,30.5
339.28607661392135,30.5
341.0595295603587,30.5
342.84225236951676,30.5
344.63429349509414,30.5
346.4357016440579,30.4
348.24652577796684,30.3
350.06681511430224,30.3
351.8966191278073,30.3
353.7359875518278,30.3
355.5849703796693,30.3
357.44361786595016,30.3
359.3119805279728,30.3
361.1901091470929,30.3
363.0780547701014,30.3
364.9758687106112,30.3
366.8836025504522,30.2
368.80130814107446,30.1
370.72903760495365,30.1
372.66684333701346,30.1
374.6147780060434,30.1
376.57289455613636,30.1
378.54124620812286,30.1
380.5198864610201,30.0
382.50886909348526,29.9
384.5082481652772,29.8
386.51807801872604,29.8
388.53841328020957,29.8
390.56930886163985,29.8
392.6108199619517,29.8
394.6630020686084,29.8
396.7259109591041,29.8
398.7996027024853,29.8
400.8841336608706,29.8
402.9795604909844,29.8
405.0859401456969,29.7
407.20332987557106,29.7
409.331787230421,29.6
411.4713700608718,29.6
413.6221365199375,29.6
415.78414506459575,29.6
417.95745445738237,29.6
420.1421237679842,29.6
422.33821237484636,29.6
424.5457799667861,29.6
426.76488654461485,29.6
428.9955924227691,29.6
431.23795823094935,29.5
433.49204491576995,29.4
435.7579137424112,29.4
438.0356262962907,29.4
440.3252444847303,29.4
442.62683053864555,29.4
444.9404470142319,29.4
447.2661567946673,29.3
449.60402309182115,29.2
451.9541094479714,29.2
454.3164797375345,29.2
456.6911981687959,29.2
459.0783292856624,29.2
461.4779379694089,29.2
463.89008944044906,29.2
466.31484926010245,29.2
468.7522833323791,29.1
471.20245790577025,29.1
473.6654395750488,29.1
476.14129528307956,29.0
478.630092322638,29.0
481.1318983382419,29.0
483.6467813279844,29.0
486.1748096453894,29.0
488.7160520012619,29.0
491.27057746556244,28.9
493.8384554692794,28.9
496.4197558063182,28.9
499.01454863539806,28.9
501.6229044819588,28.9
504.24489424007766,28.9
506.88058917439554,28.9
509.53006092205686,28.9
512.1933814946506,28.9
514.8706232801756,28.9
517.5618590449992,28.9
520.2671619358439,28.9
522.9866054817683,28.9
525.7202635961694,28.9
528.4682105787901,28.9
531.230521117739,28.9
534.0072702915224,28.9
536.7985335710792,28.9
539.6043868218401,28.9
542.4249063057814,28.9
545.2601686835053,28.9
548.1102510163182,28.9
550.9752307683272,28.9
553.8551858085453,28.9
556.7501944130083,28.9
559.6603352669016,28.9
562.5856874666987,28.9
565.5263305223134,28.9
568.4823443592555,28.9
571.4538093208106,28.8
574.4408061702153,28.8
577.4434160928608,28.8
580.4617206984933,28.7
583.4958020234345,28.7
586.5457425328113,28.7
589.6116251227962,28.7
592.6935331228639,28.6
595.7915502980484,28.6
598.9057608512304,28.6
602.0362494254149,28.6
605.1831011060411,28.6
608.3464014232891,28.6
611.5262363544065,28.6
614.7226923260454,28.6
617.9358562166111,28.6
621.1658153586235,28.6
624.4126575410903,28.6
627.6764710118958,28.6
630.957344480193,28.6
634.2553671188238,28.5
637.5706285667327,28.5
640.9032189314127,28.5
644.2532287913472,28.5
647.6207491984753,28.4
651.0058716806659,28.4
654.4086882442045,28.4
657.8292913762976,28.4
661.2677740475787,28.4
664.7242297146454,28.4
668.1987523225889,28.4
671.6914363075575,28.4
675.2023765993158,28.4
678.7316686238282,28.4
682.2794083058518,28.4
685.8456920715438,28.4
689.4306168510824,28.4
693.0342800813003,28.4
696.6567797083366,28.4
700.2982141902914,28.4
703.9586824999124,28.4
707.6382841272731,28.4
711.3371190824884,28.4
715.0552878984242,28.4
718.7928916334344,28.4
722.5500318741055,28.3
726.3268107380181,28.3
730.123330876526,28.3
733.9396954775374,28.3
737.7760082683312,28.3
741.6323735183645,28.3
745.508896042117,28.3
749.4056812019327,28.3
753.3228349108862,28.3
757.2604636356614,28.3
761.2186743994453,28.3
765.1975747848361,28.2
769.1972729367671,28.2
773.2178775654501,28.2
777.2594979493206,28.2
781.3222439380205,28.2
785.406225955371,28.2
789.5115550023859,28.2
793.6383426602791,28.2
797.7867010935024,28.2
801.9567430527921,28.2
806.1485818782347,28.2
810.3623315023465,28.2
814.59810645317,28.2
818.8560218573906,28.3
823.1361934434566,28.3
827.4387375447371,28.4
831.7637711026708,28.5
836.1114116699566,28.6
840.4817774137397,28.6
844.8749871188272,28.6
849.2911601909162,28.6
853.7304166598383,28.6
858.1928771828257,28.7
862.6786630477819,28.8
867.1878961765907,28.8
871.7206991284164,28.9
876.2771951030477,28.9
880.8575079442367,28.9
885.4617621430697,28.9
890.0900828413493,28.9
894.742595834996,29.0
899.4194275774676,29.0
904.1207051831946,29.0
908.8465564310401,29.0
913.5971097677627,29.0
918.3724943115215,29.0
923.1728398553701,29.1
927.998276870799,29.2
932.8489365112713,29.2
937.7249506157918,29.2
942.6264517124897,29.2
947.5535730222193,29.2
952.5064484621864,29.3
957.4852126495767,29.3
962.4900009052299,29.3
967.5209492573013,29.4
972.5781944449744,29.4
977.6618739221665,29.4
982.772125861269,29.5
987.9090891569025,29.6
993.0729034296917,29.6
998.26370903006,29.6
1003.4816470420445,29.6
1008.7268592871307,29.6
1013.9994883281055,29.7
1019.2996774729368,29.8
1024.627570778662,29.8
1029.9833130553077,29.8
1035.3670498698243,29.8
1040.778927550043,29.8
1046.219093188652,29.9
1051.687694647196,30.0
1057.1848805600926,30.1
1062.7108003386745,30.1
1068.2656041752484,30.1
1073.849443047181,30.1
1079.4624687209969,30.1
1085.104833756507,30.1
1090.7766915109553,30.2
1096.4781961431852,30.2
1102.2095026178308,30.2
1107.9707667095288,30.2
1113.7621450071517,30.2
1119.5837949180645,30.2
1125.4358746724013,30.2
1131.3185433273702,30.2
1137.231960771571,30.2
1143.1762877293438,30.2
1149.1516857651375,30.2
1155.1583172879002,30.3
1161.1963455554942,30.3
1167.2659346791324,30.3
1173.3672496278396,30.3
1179.5004562329357,30.4
1185.6657211925422,30.4
1191.8632120761172,30.4
1198.0930973290035,30.4
1204.355546277011,30.4
1210.650729131018,30.5
1216.9788169915967,30.5
1223.3399818536654,30.5
1229.7343966111616,30.5
1236.162235061742,30.6
1242.6236719115057,30.6
1249.1188827797416,30.6
1255.6480442037073,30.6
1262.2113336434193,30.6
1268.8089294864806,30.7
1275.4410110529293,30.7
1282.1077586001115,30.7
1288.8093533275808,30.7
1295.5459773820237,30.8
1302.3178138622095,30.8
1309.1250468239675,30.8
1315.967861285188,30.8
1322.8464432308563,30.8
1329.7609796180998,30.8
1336.7116583812742,30.8
1343.6986684370715,30.8
1350.7221996896535,30.8
1357.782443035813,30.8
1364.879590370164,30.8
1372.0138345903551,30.8
1379.1853696023147,30.8
1386.3943903255179,30.8
1393.6410926982915,30.8
1400.9256736831292,30.8
1408.248331272053,30.8
1415.6092644919916,30.8
1423.0086734101894,30.8
1430.4467591396458,30.8
1437.9237238445805,30.8
1445.439770745928,30.8
1452.9951041268616,30.8
1460.589929338344,30.8
1468.224452804715,30.8
1475.898882029292,30.8
1483.6134256000173,30.9
1491.3682931951248,31.1
1499.1636955888393,31.2
1506.999844657106,31.3
1514.8769533833477,31.4
1522.7952358642551,31.4
1530.754907315605,31.5
1538.7561840781082,31.6
1546.799283623296,31.6
1554.8844245594228,31.7
1563.0118266374113,31.8
1571.181710756826,31.8
1579.3942989718767,31.8
1587.649814497453,31.8
1595.9484817151922,31.7
1604.2905261795772,31.6
1612.6761746240677,31.2
1621.1056549672617,30.7
1629.5791963190893,30.6
1638.097028987047,30.5
1646.6593844824454,30.3
1655.266495526711,29.4
1663.9185960577072,28.2
1672.6159212360947,27.5
1681.3587074517213,27.1
1690.1471923300487,26.8
1698.9816147386093,26.6
1707.8622147934998,26.2
1716.789233865905,25.8
1725.7629145886658,25.7
1734.7835008628629,26.0
1743.8512378644525,26.2
1752.9663720509295,26.4
1762.1291511680254,26.2
1771.3398242564415,26.4
1780.598641658619,26.7
1789.9058550255418,27.0
1799.2617173235774,27.2
1808.6664828413498,27.3
1818.1204071966588,27.5
1827.6237473434162,27.6
1837.1767615786375,27.7
1846.7797095494598,27.8
1856.4328522602,27.9
1866.1364520794475,28.0
1875.8907727471963,28.1
1885.6960793820124,28.1
1895.552638488241,28.3
1905.4607179632462,28.4
1915.4205871047022,28.5
1925.4325166178992,28.6
1935.4967786231095,28.7
1945.6136466629825,28.8
1955.783395709978,29.0
1966.006302173841,29.1
1976.282643909114,29.2
1986.6127002226892,29.3
1996.996751881399,29.3
2007.4350811196462,29.4
2017.927971647083,29.5
2028.4757086563097,29.6
2039.078578830634,29.6
2049.736870351861,29.6
2060.4508729081267,29.6
2071.22087770177,29.5
2082.0471774572497,29.4
2092.9300664290977,29.3
2103.8698404099196,29.0
2114.8667967384304,28.6
2125.9212343075446,28.5
2137.0334535724887,28.7
2148.2037565589744,28.7
2159.4324468714053,28.9
2170.71982970113,29.0
2182.0662118347364,29.2
2193.4719016623894,29.3
2204.937209186215,29.4
2216.4624460287228,29.5
2228.0479254412767,29.6
2239.6939623126154,29.6
2251.4008731773993,29.6
2263.168976224821,29.6
2274.9985913072546,29.5
2286.890039948944,29.4
2298.843645354747,29.4
2310.8597324189163,29.3
2322.9386277339318,29.2
2335.0806595993763,29.3
2347.2861580308577,29.4
2359.5554547689862,29.4
2371.8888832883777,29.6
2384.2867788067265,29.7
2396.7494782939148,29.9
2409.2773204811715,30.0
2421.8706458702773,30.1
2434.5297967428205,30.2
2447.2551171695004,30.2
2460.0469530194778,30.3
2472.905651969775,30.4
2485.8315635147337,30.4
2498.825038975499,30.5
2511.88643150958,30.5
2525.0160961204438,30.6
2538.2143896671673,30.7
2551.481670874133,30.8
2564.8183003407817,30.9
2578.224640551411,31.0
2591.7010558850307,31.1
2605.247912625263,31.3
2618.8655789702975,31.4
2632.5544250429093,31.5
2646.314822900502,31.5
2660.14714654523,31.6
2674.051771934164,31.6
2688.029076989506,31.7
2702.079441608862,31.7
2716.20324767557,31.8
2730.400879069075,31.8
2744.6727216753675,31.8
2759.0191633974646,31.8
2773.440594165967,31.8
2787.9374059496395,31.8
2802.509992766076,31.8
2817.1587506924047,31.8
2831.8840778760564,31.7
2846.686374545581,31.7
2861.5660430215316,31.7
2876.5234877273942,31.6
2891.5591152005823,31.5
2906.6733341034837,31.4
2921.8665552345788,31.4
2937.139191539587,31.3
2952.4916581227058,31.3
2967.9243722578863,31.3
2983.4377534001765,31.3
2999.0322231971227,31.2
3014.7082055002275,31.1
3030.466126376471,31.0
3046.306414119893,30.9
3062.229499263226,30.9
3078.2358145896155,30.8
3094.325795144359,30.8
3110.4998782467446,30.7
3126.7585035019356,30.6
3143.1021128129173,30.5
3159.5311503925072,30.5
3176.0460627754296,30.4
3192.6472988304513,30.3
3209.335309772584,30.2
3226.1105491753406,30.1
3242.973472983081,29.9
3259.924539523382,29.8
3276.9642095195077,29.7
3294.0929461029286,29.6
3311.311214825911,29.5
3328.6194836741684,29.4
3346.018223079582,29.2
3363.507905932988,29.1
3381.089007597027,29.0
3398.762005919066,28.9
3416.527381244194,28.8
3434.385616428264,28.7
3452.337196851022,28.5
3470.382610429304,28.4
3488.5223476302926,28.3
3506.7569014848486,28.1
3525.0867676009134,28.0
3543.512444176976,28.0
3562.034432015617,28.0
3580.6532345371147,27.9
3599.369357793143,27.9
3618.1833104805046,27.8
3637.095603954969,27.9
3656.1067522451726,28.0
3675.2172720665826,28.0
3694.4276828355482,28.1
3713.738506683413,28.2
3733.1502684707093,28.3
3752.6634958014215,28.3
3772.2787190373247,28.4
3791.9964713124127,28.5
3811.817288547367,28.6
3831.7417094641373,28.6
3851.7702756005806,28.7
3871.9035313251793,28.8
3892.1420238518376,28.9
3912.4863032547537,28.9
3932.936922483372,29.0
3953.4944373774106,29.1
3974.1594066819653,29.2
3994.9323920627126,29.2
4015.8139581211503,29.3
4036.8046724099613,29.4
4057.9051054484326,29.5
4079.115830737964,29.5
4100.437424777656,29.6
4121.870467079975,29.7
4143.41554018651,29.8
4165.0732296838005,30.1
4186.844124219257,30.4
4208.728815517151,30.6
4230.72789839472,30.8
4252.841970778305,30.9
4275.071633719623,31.1
4297.417491412092,31.3
4319.880151207261,31.6
4342.460223631314,31.8
4365.158322401661,32.0
4387.975064443623,32.2
4410.911069907196,32.4
4433.9669621839075,32.5
4457.1433679237725,32.7
4480.4409170523,32.8
4503.860242787635,33.0
4527.40198165776,33.1
4551.0667735177985,33.3
4574.855261567406,33.4
4598.768092368251,33.4
4622.80591586159,33.4
4646.969385385929,33.4
4671.25915769478,33.3
4695.675892974527,33.3
4720.220254862348,33.2
4744.892910464259,33.1
4769.694530373255,33.0
4794.625788687525,32.9
4819.68736302878,32.8
4844.87993456067,32.7
4870.204188007296,32.5
4895.660811671819,32.3
4921.250497455168,31.9
4946.973940874864,31.5
4972.8318410838865,31.3
4998.824900889706,31.0
5024.953826773381,30.7
5051.219328908747,30.3
5077.622121181736,29.9
5104.162921209768,29.5
5130.842450361258,29.1
5157.661433775227,28.4
5184.620600380999,27.6
5211.720682918039,27.1
5238.962417955835,26.8
5266.346545913939,26.6
5293.873811082085,26.4
5321.544961640422,25.9
5349.360749679845,25.3
5377.321931222439,24.9
5405.429266242027,24.6
5433.683518684824,24.4
5462.085456490198,24.0
5490.635851611563,23.5
5519.335480037329,23.1
5548.185121812011,22.9
5577.185561057427,22.7
5606.337585994012,22.4
5635.641988962242,22.1
5665.0995664441625,21.7
5694.7111190850455,21.5
5724.477451715144,21.4
5754.399373371566,21.2
5784.477697320285,21.0
5814.713241078208,20.8
5845.10682643542,20.6
5875.659279477514,20.5
5906.371430608045,20.5
5937.244114571097,20.5
5968.278170473975,20.4
5999.4744418100045,20.3
6030.833776481469,20.2
6062.357026822636,20.1
6094.045049622959,19.9
6125.898706150321,19.8
6157.918862174471,19.7
6190.106387990547,19.7
6222.462158442733,19.6
6254.987052948034,19.5
6287.681955520183,19.4
6320.547754793659,19.4
6353.585344047851,19.4
6386.795621231329,19.4
6420.179488986247,19.4
6453.7378546729,19.3
6487.471630394349,19.3
6521.381733021235,19.2
6555.469084216698,19.2
6589.734610461422,19.1
6624.179243078815,19.1
6658.80391826033,19.1
6693.609577090902,19.2
6728.597165574533,19.2
6763.767634659991,19.3
6799.1219402666875,19.3
6834.661043310619,19.3
6870.385909730507,19.3
6906.297510514049,19.3
6942.39682172431,19.4
6978.684824526248,19.4
7015.162505213385,19.4
7051.830855234612,19.4
7088.690871221135,19.4
7125.7435550135615,19.4
7162.989913689153,19.4
7200.430959589155,19.4
7238.067710346342,19.4
7275.901188912673,19.3
7313.932423587085,19.3
7352.162448043451,19.2
7390.59230135867,19.2
7429.22302804091,19.1
7468.055678057999,19.1
7507.091306865953,19.1
7546.330975437692,19.1
7585.775750291836,19.2
7625.426703521717,19.2
7665.284912824515,19.3
7705.351461530549,19.3
7745.627438632719,19.3
7786.113938816104,19.4
7826.81206248772,19.5
7867.722915806424,19.6
7908.847610712972,19.6
7950.187264960275,19.7
7991.743002143727,19.7
8033.515951731782,20.0
8075.507249096639,20.2
8117.718035545101,20.3
8160.149458349601,20.4
8202.80267077938,20.4
8245.67883213183,20.5
8288.77910776401,20.7
8332.104669124305,20.9
8375.656693784302,21.0
8419.436365470749,21.1
8463.444874097753,21.1
8507.683415799123,21.2
8552.153192960874,21.3
8596.855414253905,21.3
8641.791294666864,21.3
8686.962055539152,21.2
8732.36892459413,21.2
8778.01313597248,21.1
8823.895930265779,21.1
8870.018554550163,21.0
8916.382262420266,20.9
8962.988314023276,20.8
9009.83797609319,20.4
9056.932521985234,20.0
9104.273231710486,19.7
9151.861391970657,19.4
9199.698296193066,19.2
9247.785244565785,19.0
9296.12354407301,18.7
9344.714508530542,18.5
9393.559458621517,18.1
9442.659721932305,17.6
9492.016632988581,17.6
9541.631533291613,17.6
9591.505771354708,17.4
9641.64070273987,17.2
9692.037690094652,17.2
9742.698103189163,17.2
9793.623318953358,17.2
9844.814721514387,17.3
9896.27370223427,17.5
9948.001659747684,17.6
10000.0,17.7
10052.270136285486,18.3
10104.813489285681,19.0
10157.6314871081,19.3
10210.725565324987,19.6
10264.09716701231,19.8
10317.747742788988,20.1
10371.678750856474,20.5
10425.891657038128,21.5
10480.387934819217,22.6
10535.16906538697,23.3
10590.236537670813,23.8
10645.591848382772,24.2
10701.236502058211,24.7
10757.172011096769,25.0
10813.399895803414,25.1
10869.921684429703,25.0
10926.73891321545,25.9
10983.85312643042,26.8
11041.265876416248,27.3
11098.978723628681,27.5
11156.993236680037,27.6
11215.310992381786,27.7
11273.933575787378,27.6
11332.862580235347,27.2
11392.099607392682,26.8
11451.646267298307,26.5
11511.504178406769,26.1
11571.674967632372,25.8
11632.16027039332,25.2
11692.961730656129,23.9
11754.08100098034,22.7
11815.519742563505,22.3
11877.27962528627,21.6
11939.362327757724,20.6
12001.76953736107,19.8
12064.50295029953,18.8
12127.56427164241,18.0
12190.95521537136,17.8
12254.677504427105,17.4
12318.732870756214,16.8
12383.123055358106,16.3
12447.849808332432,16.1
12512.914888926687,15.8
12578.320065583976,15.4
12644.067115991029,15.0
12710.157827126544,14.8
12776.593995309939,14.7
12843.377426249857,14.9
12910.50993509343,15.2
12977.99334647565,15.3
13045.829494568892,15.5
13114.020223132724,16.2
13182.567385564074,17.0
13251.472844947652,17.3
13320.738474106534,17.7
13390.366155652993,18.0
13460.35778203982,18.6
13530.715255611682,19.8
13601.440488656775,20.8
13672.535403458849,21.2
13744.001932349513,21.7
13815.842017760702,22.3
13888.057612277411,23.0
13960.650678690825,23.5
14033.62319005172,24.7
14106.977129724035,25.8
14180.714491438697,26.1
14254.837279347976,26.3
14329.347508079869,26.6
14404.247202792812,27.2
14479.538399230763,27.5
14555.223143778607,27.8
14631.303493517702,27.9
14707.78151628175,27.8
14784.65929071304,27.6
14861.938906319014,27.2
14939.622463529,26.8
15017.712073751207,26.3
15096.209859430292,25.8
15175.117954104964,25.2
15254.438502465904,24.5
15334.173660414117,23.8
15414.325595119602,22.0
15494.896485080177,19.3
15575.88852018064,17.7
15657.303901752315,17.3
15739.1448426331,16.8
15821.413567227246,16.2
15904.112311566014,15.1
15987.243323368504,14.0
16070.808862102673,13.6
16154.811199046684,13.3
16239.252617350698,13.1
16324.135412099,12.8
16409.461890372313,12.5
16495.23437131044,12.0
16581.455186175313,11.3
16668.12667841462,10.9
16755.251203725067,10.9
