10.0,30.9
10.052270136285475,30.9
10.104813489285682,30.9
10.157631487108103,30.9
10.210725565324982,30.9
10.264097167012295,30.9
10.317747742789004,31.0
10.371678750856479,31.0
10.425891657038118,31.0
10.480387934819216,31.0
10.535169065386981,31.0
10.590236537670812,31.0
10.64559184838276,31.0
10.701236502058206,31.0
10.757172011096776,31.0
10.813399895803409,31.0
10.869921684429707,31.0
10.926738913215466,31.0
10.98385312643042,31.0
11.041265876416237,31.0
11.098978723628681,31.0
11.156993236680048,31.0
11.215310992381788,31.1
11.27393357578736,31.2
11.332862580235341,31.2
11.392099607392687,31.2
11.451646267298301,31.2
11.511504178406776,31.2
11.571674967632385,31.2
11.632160270393321,31.2
11.692961730656117,31.2
11.75408100098034,31.2
11.815519742563518,31.2
11.87727962528627,31.2
11.939362327757706,31.2
12.001769537361062,31.2
12.064502950299536,31.2
12.127564271642404,31.2
12.190955215371359,31.2
12.254677504427118,31.2
12.318732870756214,31.2
12.383123055358094,31.2
12.447849808332432,31.3
12.5129148889267,31.4
12.578320065583968,31.4
12.644067115991009,31.4
12.710157827126565,31.4
12.776593995309947,31.4
12.843377426249843,31.4
12.910509935093431,31.4
12.977993346475664,31.4
13.045829494568892,31.4
13.11402022313271,31.4
13.182567385564074,31.4
13.251472844947658,31.4
13.320738474106527,31.4
13.390366155653,31.4
13.460357782039841,31.4
13.530715255611682,31.4
13.601440488656761,31.4
13.672535403458848,31.4
13.744001932349526,31.4
13.815842017760701,31.4
13.888057612277397,31.4
13.960650678690818,31.6
14.033623190051728,31.7
14.10697712972403,31.7
14.180714491438705,31.7
14.25483727934799,31.7
14.32934750807987,31.7
14.404247202792797,31.7
14.479538399230764,31.7
14.55522314377862,31.7
14.631303493517702,31.7
14.707781516281727,31.7
14.784659290713032,31.7
14.861938906319022,31.7
14.939622463528993,31.7
15.017712073751214,31.7
15.096209859430308,31.7
15.175117954104964,31.7
15.254438502465888,31.7
15.334173660414118,31.7
15.414325595119617,31.7
15.494896485080169,31.8
15.575888520180618,31.9
15.65730390175234,31.9
15.73914484263311,31.9
15.821413567227237,31.9
15.904112311566013,31.9
15.98724332336852,31.9
16.070808862102673,31.9
16.154811199046666,31.9
16.239252617350697,31.9
16.324135412099007,31.9
16.409461890372306,31.9
16.495234371310413,31.9
16.58145518617534,31.9
16.668126678414627,31.9
16.755251203725052,31.9
16.84283113011666,31.9
16.930868837977105,31.9
17.01936672013636,31.9
17.108327181931763,31.9
17.197752641273365,31.9
17.28764552870969,31.9
17.378008287493753,31.9
17.4688433736495,31.9
17.560153256038525,31.9
17.651940416427212,31.9
17.744207349554188,32.0
17.836956563198083,32.0
17.93019057824573,32.1
18.023911928760675,32.1
18.118123162052047,32.1
18.21282683874379,32.1
18.30802553284428,32.1
18.403721831816252,32.1
18.499918336647156,32.1
18.59661766191982,32.1
18.69382243588356,32.1
18.791535300525574,32.1
18.889758911642755,32.1
18.98849593891389,32.1
19.08774906597221,32.1
19.187520990478333,32.1
19.287814424193606,32.1
19.388632093053765,32.1
19.48997673724305,32.1
19.591851111268685,32.1
19.69425798403576,32.1
19.79720013892245,32.1
19.90068037385568,32.1
20.004701501387192,32.1
20.109266348769967,32.1
20.214377758035074,32.1
20.320038586068932,32.2
20.426251704690927,32.2
20.533020000731486,32.2
20.64034637611054,32.2
20.748233747916412,32.2
20.856685048485062,32.2
20.965703225479817,32.2
21.075291241971485,32.2
21.185452076518878,32.2
21.296188723249774,32.2
21.407504191942323,32.2
21.519401508106792,32.2
21.631883713067854,32.2
21.744953864047204,32.2
21.858615034246718,32.2
21.972870312931903,32.2
22.087722805515906,32.2
22.203175633643916,32.2
22.319231935278008,32.2
22.435894864782412,32.2
22.553167593009288,32.2
22.671053307384867,32.2
22.789555211996095,32.2
22.908676527677724,32.2
23.028420492099883,32.2
23.148790359856015,32.2
23.26978940255137,32.2
23.391420908891938,32.2
23.51368818477381,32.2
23.63659455337303,32.2
23.760143355235964,32.2
23.884337948370025,32.2
24.009181708334992,32.2
24.134678028334722,32.2
24.260830319309434,32.3
24.387642010028344,32.4
24.515116547182902,32.4
24.64325739548046,32.4
24.772068037738443,32.4
24.901551974979007,32.4
25.031712726524198,32.4
25.162553830091625,32.4
25.294078841890578,32.4
25.426291336718684,32.4
25.559194908059133,32.4
25.692793168178262,32.4
25.827089748223784,32.4
25.96208829832347,32.4
26.097792487684362,32.4
26.234206004692496,32.4
26.371332557013133,32.4
26.5091758716916,32.4
26.647739695254497,32.4
26.787027793811582,32.4
26.9270439531581,32.4
27.06779197887776,32.4
27.209275696446046,32.4
27.351498951334275,32.4
27.494465609114105,32.4
27.638179555562576,32.4
27.782644696767733,32.4
27.92786495923483,32.4
28.07384428999299,32.4
28.220586656702505,32.4
28.368096047762684,32.4
28.516376472420284,32.4
28.66543196087842,32.4
28.815266564406134,32.5
28.965884355448516,32.6
29.11728942773738,32.6
29.26948589640251,32.6
29.42247789808359,32.6
29.57626959104251,32.6
29.730865155276486,32.6
29.88626879263161,32.6
30.04248472691713,32.6
30.19951720402016,32.6
30.357370492021133,32.6
30.516048881309793,32.6
30.675556684701824,32.6
30.835898237556027,32.6
30.99707789789224,32.6
31.15910004650967,32.6
31.321969087106055,32.6
31.485689446397288,32.6
31.650265574237824,32.6
31.815701943741516,32.6
31.98200305140326,32.6
32.14917341722119,32.6
32.31721758481955,32.6
32.486140121572134,32.6
32.655945618726484,32.6
32.82663869152868,32.6
32.99822397934869,32.6
33.170706145806605,32.6
33.34408987889928,32.6
33.51837989112781,32.6
33.69358091962557,32.6
33.86969772628702,32.6
34.04673509789711,32.6
34.224697846261364,32.6
34.40359080833668,32.6
34.58341884636283,32.6
34.764186847994516,32.6
34.94589972643436,32.6
35.12856242056629,32.6
35.312179895089876,32.6
35.496757140655234,32.6
35.68229917399868,32.7
35.86881103807908,32.8
36.05629780221492,32.8
36.24476456222205,32.8
36.434216440552284,32.8
36.6246585864325,32.8
36.81609617600466,32.8
37.00853441246656,32.8
37.2019785262131,32.8
37.39643377497855,32.8
37.591905443979435,32.8
37.788398846058186,32.8
37.985919321827524,32.8
38.184472239815605,32.8
38.384062996612016,32.8
38.584697017014335,32.8
38.786379754175634,32.8
38.98911668975273,32.8
39.1929133340551,32.8
39.39777522619469,32.8
39.60370793423646,32.8
39.810717055349734,32.8
40.0188082159603,32.8
40.227987071903335,32.8
40.43825930857721,32.8
40.64963064109788,32.8
40.8621068144543,32.8
41.075693603664625,32.8
41.29039681393302,32.8
41.506222280807584,32.8
41.72317587033889,32.8
41.94126347923944,32.8
42.16049103504393,32.8
42.38086449627034,32.8
42.60238985258197,32.8
42.825073124950116,32.8
43.04892036581776,32.8
43.27393765926414,32.8
43.500131121170035,32.8
43.727506899384,32.8
43.956071173889484,32.8
44.18583015697281,32.8
44.416790093392,32.8
44.648957260546474,32.8
44.88233796864779,32.8
45.116938560890986,32.8
45.35276541362708,32.8
45.58982493653644,32.8
45.82812357280281,32.8
46.067667799288614,32.8
46.308464126710895,32.8
46.55051909981832,32.8
46.793839297569036,32.8
47.03843133330949,33.0
47.28430185495417,33.1
47.531457545166376,33.1
47.77990512153967,33.1
48.02965133678067,33.1
48.28070297889241,33.1
48.53306687135893,33.1
48.78674987333074,33.1
49.041758879811184,33.1
49.298100821843896,33.1
49.55578266670119,33.1
49.81481141807335,33.1
50.07519411625915,33.1
50.336937838356974,33.1
50.60004969845742,33.1
50.86453684783644,33.1
51.13040647514984,33.1
51.39766580662862,33.1
51.66632210627541,33.1
51.93638267606184,33.1
52.20785485612707,33.1
52.48074602497726,33.1
52.75506359968615,33.1
53.030815036096584,33.1
53.308007829023246,33.1
53.58664951245627,33.1
53.866747659766084,33.1
54.148309883909214,33.1
54.431343837635225,33.1
54.7158572136947,33.1
55.00185774504835,33.1
55.28935320507712,33.1
55.57835140779364,33.1
55.86886020805435,33.1
56.160887501773274,33.1
56.45444122613637,33.1
56.74952935981742,33.1
57.04615992319485,33.1
57.34434097856969,33.1
57.64408063038476,33.1
57.94538702544487,33.1
58.24826835313831,33.1
58.552732845659456,33.1
58.85878877823242,33.1
59.166444469336014,33.1
59.475708280929936,33.1
59.786588618681876,33.1
60.0990939321961,33.1
60.41323271524305,33.1
60.72901350599024,33.1
61.046444887234294,33.1
61.365535486634215,33.1
61.686293976945976,33.1
62.008729076258064,33.1
62.332849548228545,33.1
62.658664202323344,33.1
62.98618189405547,33.1
63.315411525225876,33.1
63.64636204416533,33.1
63.979042445977655,33.1
64.31346177278421,33.1
64.64962911396958,33.2
64.98755360642885,33.3
65.32724443481563,33.3
65.66871083179183,33.3
66.01196207827876,33.3
66.35700750370908,33.3
66.7038564862806,33.3
67.05251845321108,33.3
67.40300288099445,33.3
67.75531929565844,33.3
68.1094772730234,33.3
68.46548643896274,33.3
68.82335646966433,33.3
69.18309709189363,33.3
69.54471808325809,33.3
69.90822927247277,33.3
70.27364053962762,33.3
70.6409618164559,33.3
71.01020308660422,33.3
71.38137438590384,33.3
71.75448580264342,33.3
72.12954747784322,33.3
72.50656960553087,33.3
72.88556243301818,33.3
73.26653626117992,33.3
73.64950144473359,33.3
74.03446839252094,33.3
74.42144756779092,33.3
74.810449488484,33.3
75.20148472751808,33.3
75.59456391307583,33.3
75.98969772889355,33.3
76.38689691455168,33.3
76.78617226576647,33.3
77.18753463468363,33.3
77.59099493017311,33.3
77.99656411812569,33.3
78.404253221751,33.3
78.8140733218772,33.3
79.226035557252,33.3
79.64015112484554,33.3
80.05643128015467,33.3
80.47488733750892,33.3
80.89553067037787,33.3
81.31837271168051,33.3
81.74342495409579,33.3
82.170698950375,33.3
82.60020631365589,33.3
83.03195871777821,33.3
83.46596789760103,33.3
83.90224564932171,33.3
84.34080383079642,33.3
84.78165436186265,33.3
85.22480922466286,33.3
85.67028046397054,33.3
86.11808018751721,33.3
86.56822056632171,33.3
87.020713835021,33.3
87.47557229220259,33.3
87.93280830073893,33.3
88.39243428812335,33.3
88.85446274680783,33.3
89.31890623454267,33.3
89.78577737471758,33.3
90.25508885670492,33.3
90.72685343620469,33.3
91.20108393559097,33.3
91.67779324426061,33.3
92.15699431898352,33.3
92.63870018425483,33.3
93.12292393264887,33.3
93.60967872517497,33.3
94.09897779163542,33.3
94.5908344309847,33.3
95.0852620116911,33.3
95.58227397210023,33.3
96.08188382079996,33.3
96.5841051369878,33.3
97.08895157083991,33.3
97.59643684388209,33.3
98.10657474936274,33.3
98.61937915262773,33.3
99.13486399149741,33.3
99.65304327664518,33.3
100.17393109197839,33.3
100.69754159502135,33.3
101.22388901729977,33.3
101.75298766472777,33.3
102.28485191799675,33.3
102.81949623296607,33.3
103.35693514105618,33.3
103.89718324964329,33.3
104.44025524245698,33.3
104.98616587997819,33.3
105.53492999984189,33.3
106.08656251723878,33.3
106.64107842532215,33.3
107.19849279561431,33.3
107.75882077841675,33.3
108.32207760322176,33.3
108.88827857912626,33.3
109.45743909524856,33.3
110.02957462114523,33.3
110.60470070723336,33.3
111.18283298521138,33.3
111.76398716848561,33.3
112.3481790525961,33.3
112.93542451564652,33.3
113.5257395187356,33.3
114.11914010639099,33.3
114.71564240700522,33.3
115.3152626332741,33.3
115.91801708263789,33.3
116.52392213772293,33.3
117.13299426678874,33.3
117.74525002417371,33.3
118.36070605074681,33.3
118.97937907435858,33.3
119.60128591029638,33.3
120.22644346174131,33.3
120.85486872022751,33.3
121.4865787661046,33.3
122.12159076900052,33.3
122.75992198829012,33.3
123.40158977356222,33.3
124.04661156509306,33.3
124.69500489431896,33.3
125.34678738431336,33.3
126.00197675026583,33.3
126.6605907999634,33.3
127.3226474342747,33.3
127.98816464763628,33.3
128.6571605285424,33.3
129.32965326003517,33.3
130.00566112020084,33.3
130.68520248266435,33.3
131.36829581709074,33.3
132.05495968968575,33.3
132.74521276370103,33.3
133.43907379994133,33.3
134.1365616572744,33.3
134.83769529314347,33.3
135.54249376408254,33.3
136.25097622623485,33.3
136.96316193587217,33.3
137.67907024992007,33.3
138.39872062648203,33.3
139.1221326253702,33.3
139.84932590863562,33.3
140.58032024110324,33.3
141.31513549090906,33.3
142.05379163003997,33.3
142.7963087348772,33.3
143.5427069867405,33.3
144.29300667243896,33.3
145.04722818481977,33.3
145.80539202332486,33.3
146.56751879454652,33.3
147.333629212788,33.3
148.1037441006266,33.3
148.87788438947953,33.3
149.65607112017267,33.3
150.43832544351253,33.3
151.2246686208618,33.3
152.01512202471548,33.3
152.80970713928414,33.3
153.6084455610754,33.3
154.41135899948313,33.3
155.218469277376,33.3
156.02979833169113,33.3
156.8453682140304,33.3
157.66520109125955,33.3
158.48931924611142,33.3
159.3177450777899,33.3
160.15050110258113,33.3
160.9876099544629,33.3
161.82909438572216,33.3
162.67497726757185,33.3
163.52528159077312,33.3
164.38003046626017,33.3
165.23924712576837,33.3
166.1029549224657,33.3
166.97117733158728,33.3
167.8439379510743,33.3
168.72126050221348,33.3
169.60316883028446,33.3
170.48968690520502,33.3
171.38083882218535,33.3
172.27664880238083,33.3
173.17714119355136,33.3
174.08234047072295,33.3
174.99227123685273,33.3
175.9069582234984,33.3
176.82642629148881,33.3
177.75070043160196,33.3
178.67980576524164,33.3
179.61376754512278,33.3
180.55261115595593,33.3
181.49636211513797,33.3
182.44504607344558,33.3
183.39868881573247,33.3
184.35731626163007,33.3
185.3209544662519,33.3
186.28962962090262,33.3
187.26336805378796,33.3
188.24219623073301,33.3
189.2261407558986,33.3
190.21522837250714,33.3
191.20948596356752,33.3
192.20894055260666,33.3
193.21361930440384,33.3
194.22354952572874,33.3
195.2387586660848,33.3
196.25927431845295,33.3
197.28512422004457,33.3
198.31633625305224,33.3
199.35293844541056,33.3
200.39495897155572,33.3
201.4424261531923,33.3
202.4953684600627,33.3
203.55381451072122,33.3
204.6177930733116,33.3
205.6873330663489,33.3
206.76246355950653,33.3
207.84321377440395,33.3
208.92961308540407,33.3
210.02169102040844,33.3
211.11947726166272,33.3
212.22300164656127,33.3
213.33229416845913,33.3
214.447384977487,33.3
215.5683043813707,33.3
216.69508284625502,33.3
217.8277509975314,33.3
218.9663396206716,33.3
220.1108796620618,33.3
221.26140222984722,33.3
222.41793859477394,33.3
223.5805201910423,33.3
224.74917861715863,33.3
225.9239456367954,33.3
227.10485317965416,33.3
228.29193334233327,33.3
229.48521838920135,33.3
230.68474075327168,33.3
231.89053303708724,33.3
233.102628013603,33.3
234.32105862708036,33.3
235.5458579939798,33.3
236.77705940386227,33.3
238.0146963202937,33.3
239.25880238175446,33.3
240.50941140255387,33.3
241.76655737374873,33.2
243.03027446406858,33.1
244.30059702084168,33.1
245.57755957093218,33.1
246.86119682167464,33.1
248.1515436618211,33.1
249.44863516248657,33.1
250.75250657810346,33.1
252.0631933473797,33.1
253.3807310942614,33.1
254.7051556289027,33.1
256.03650294863604,33.1
257.3748092389545,33.1
258.72011087449107,33.1
260.0724444200114,33.1
261.4318466314045,33.1
262.79835445668317,33.1
264.17200503698814,33.1
265.5528357075972,33.1
266.94088399894025,33.1
268.336187637619,33.1
269.7387845474336,33.1
271.1487128504106,33.1
272.56601086784315,33.1
273.9907171213279,33.1
275.4228703338166,33.1
276.86250943066517,33.1
278.30967354069315,33.1
279.764401997247,33.1
281.2267343392687,33.1
282.6967103123723,33.1
284.1743698699204,33.1
285.65975317411466,33.1
287.152900597083,33.1
288.6538527219809,33.1
290.16265034409145,33.1
291.67933447193553,33.1
293.203946328386,33.1
294.7365273517884,33.0
296.27711919708696,32.9
297.8257637369567,32.8
299.38250306294265,32.8
300.947379486601,32.8
302.52043554065347,32.8
304.1017139801383,32.8
305.69125778357716,32.8
307.2891101541398,32.8
308.8953145208197,32.8
310.5099145396145,32.8
312.1329540947119,32.8
313.76447729968413,32.8
315.40452849868336,32.8
317.0531522676519,32.8
318.71039341552853,32.8
320.3762969854716,32.8
322.05090825607795,32.8
323.7342727426186,32.8
325.4264361982722,32.8
327.1274446153702,32.8
328.83734422664674,32.8
330.55618150649445,32.8
332.28400317222986,32.8
334.02085618535915,32.8
335.76678775285944,32.8
337.52184532845695,32.8
339.28607661392135,32.8
341.0595295603587,32.7
342.84225236951676,32.6
344.63429349509414,32.6
346.4357016440579,32.6
348.24652577796684,32.6
350.06681511430224,32.6
351.8966191278073,32.6
353.7359875518278,32.6
355.5849703796693,32.6
357.44361786595016,32.6
359.3119805279728,32.6
361.1901091470929,32.6
363.0780547701014,32.6
364.9758687106112,32.6
366.8836025504522,32.6
368.80130814107446,32.6
370.72903760495365,32.6
372.66684333701346,32.6
374.6147780060434,32.5
376.57289455613636,32.4
378.54124620812286,32.4
380.5198864610201,32.4
382.50886909348526,32.4
384.5082481652772,32.4
386.51807801872604,32.4
388.53841328020957,32.4
390.56930886163985,32.4
392.6108199619517,32.4
394.6630020686084,32.4
396.7259109591041,32.4
398.7996027024853,32.4
400.8841336608706,32.4
402.9795604909844,32.4
405.0859401456969,32.4
407.20332987557106,32.4
409.331787230421,32.4
411.4713700608718,32.4
413.6221365199375,32.4
415.78414506459575,32.3
417.95745445738237,32.2
420.1421237679842,32.2
422.33821237484636,32.2
424.5457799667861,32.2
426.76488654461485,32.2
428.9955924227691,32.2
431.23795823094935,32.2
433.49204491576995,32.2
435.7579137424112,32.2
438.0356262962907,32.2
440.3252444847303,32.2
442.62683053864555,32.2
444.9404470142319,32.2
447.2661567946673,32.2
449.60402309182115,32.2
451.9541094479714,32.1
454.3164797375345,32.1
456.6911981687959,32.1
459.0783292856624,32.1
461.4779379694089,32.1
463.89008944044906,32.1
466.31484926010245,32.1
468.7522833323791,32.1
471.20245790577025,32.1
473.6654395750488,32.1
476.14129528307956,32.1
478.630092322638,32.1
481.1318983382419,32.0
483.6467813279844,31.9
486.1748096453894,31.9
488.7160520012619,31.9
491.27057746556244,31.9
493.8384554692794,31.9
496.4197558063182,31.9
499.01454863539806,31.9
501.6229044819588,31.9
504.24489424007766,31.9
506.88058917439554,31.9
509.53006092205686,31.9
512.1933814946506,31.9
514.8706232801756,31.8
517.5618590449992,31.7
520.2671619358439,31.7
522.9866054817683,31.7
525.7202635961694,31.7
528.4682105787901,31.7
531.230521117739,31.7
534.0072702915224,31.7
536.7985335710792,31.7
539.6043868218401,31.7
542.4249063057814,31.7
545.2601686835053,31.7
548.1102510163182,31.7
550.9752307683272,31.7
553.8551858085453,31.7
556.7501944130083,31.6
559.6603352669016,31.5
562.5856874666987,31.4
565.5263305223134,31.4
568.4823443592555,31.4
571.4538093208106,31.4
574.4408061702153,31.4
577.4434160928608,31.4
580.4617206984933,31.4
583.4958020234345,31.4
586.5457425328113,31.4
589.6116251227962,31.4
592.6935331228639,31.4
595.7915502980484,31.4
598.9057608512304,31.4
602.0362494254149,31.4
605.1831011060411,31.4
608.3464014232891,31.4
611.5262363544065,31.4
614.7226923260454,31.4
617.9358562166111,31.4
621.1658153586235,31.4
624.4126575410903,31.4
627.6764710118958,31.4
630.957344480193,31.4
634.2553671188238,31.4
637.5706285667327,31.4
640.9032189314127,31.4
644.2532287913472,31.4
647.6207491984753,31.4
651.0058716806659,31.4
654.4086882442045,31.4
657.8292913762976,31.4
661.2677740475787,31.4
664.7242297146454,31.4
668.1987523225889,31.4
671.6914363075575,31.4
675.2023765993158,31.4
678.7316686238282,31.4
682.2794083058518,31.4
685.8456920715438,31.4
689.4306168510824,31.4
693.0342800813003,31.4
696.6567797083366,31.4
700.2982141902914,31.4
703.9586824999124,31.4
707.6382841272731,31.4
711.3371190824884,31.4
715.0552878984242,31.4
718.7928916334344,31.4
722.5500318741055,31.4
726.3268107380181,31.4
730.123330876526,31.4
733.9396954775374,31.4
737.7760082683312,31.4
741.6323735183645,31.4
745.508896042117,31.4
749.4056812019327,31.4
753.3228349108862,31.4
757.2604636356614,31.4
761.2186743994453,31.4
765.1975747848361,31.6
769.1972729367671,31.7
773.2178775654501,31.7
777.2594979493206,31.7
781.3222439380205,31.7
785.406225955371,31.7
789.5115550023859,31.7
793.6383426602791,31.7
797.7867010935024,31.7
801.9567430527921,31.7
806.1485818782347,31.7
810.3623315023465,31.7
814.59810645317,31.7
818.8560218573906,31.7
823.1361934434566,31.8
827.4387375447371,31.8
831.7637711026708,31.9
836.1114116699566,31.9
840.4817774137397,31.9
844.8749871188272,31.9
849.2911601909162,31.9
853.7304166598383,32.0
858.1928771828257,32.1
862.6786630477819,32.1
867.1878961765907,32.1
871.7206991284164,32.1
876.2771951030477,32.1
880.8575079442367,32.1
885.4617621430697,32.1
890.0900828413493,32.1
894.742595834996,32.1
899.4194275774676,32.2
904.1207051831946,32.2
908.8465564310401,32.2
913.5971097677627,32.2
918.3724943115215,32.2
923.1728398553701,32.2
927.998276870799,32.2
932.8489365112713,32.2
937.7249506157918,32.2
942.6264517124897,32.2
947.5535730222193,32.2
952.5064484621864,32.3
957.4852126495767,32.3
962.4900009052299,32.4
967.5209492573013,32.4
972.5781944449744,32.4
977.6618739221665,32.4
982.772125861269,32.4
987.9090891569025,32.4
993.0729034296917,32.4
998.26370903006,32.4
1003.4816470420445,32.4
1008.7268592871307,32.4
1013.9994883281055,32.4
1019.2996774729368,32.4
1024.627570778662,32.5
1029.9833130553077,32.6
1035.3670498698243,32.6
1040.778927550043,32.6
1046.219093188652,32.6
1051.687694647196,32.6
1057.1848805600926,32.6
1062.7108003386745,32.6
1068.2656041752484,32.6
1073.849443047181,32.6
1079.4624687209969,32.6
1085.104833756507,32.5
1090.7766915109553,32.4
1096.4781961431852,32.4
1102.2095026178308,32.4
1107.9707667095288,32.4
1113.7621450071517,32.4
1119.5837949180645,32.4
1125.4358746724013,32.4
1131.3185433273702,32.4
1137.231960771571,32.4
1143.1762877293438,32.4
1149.1516857651375,32.4
1155.1583172879002,32.4
1161.1963455554942,32.3
1167.2659346791324,32.2
1173.3672496278396,32.2
1179.5004562329357,32.2
1185.6657211925422,32.1
1191.8632120761172,32.1
1198.0930973290035,32.0
1204.355546277011,32.0
1210.650729131018,31.9
1216.9788169915967,31.9
1223.3399818536654,31.9
1229.7343966111616,31.9
1236.162235061742,31.8
1242.6236719115057,31.8
1249.1188827797416,31.7
1255.6480442037073,31.6
1262.2113336434193,31.5
1268.8089294864806,31.4
1275.4410110529293,31.3
1282.1077586001115,31.3
1288.8093533275808,31.2
1295.5459773820237,31.1
1302.3178138622095,31.1
1309.1250468239675,31.0
1315.967861285188,31.0
1322.8464432308563,30.9
1329.7609796180998,30.9
1336.7116583812742,30.8
1343.6986684370715,30.8
1350.7221996896535,30.7
1357.782443035813,30.7
1364.879590370164,30.6
1372.0138345903551,30.5
1379.1853696023147,30.4
1386.3943903255179,30.4
1393.6410926982915,30.3
1400.9256736831292,30.2
1408.248331272053,30.1
1415.6092644919916,30.0
1423.0086734101894,29.9
1430.4467591396458,29.8
1437.9237238445805,29.7
1445.439770745928,29.7
1452.9951041268616,29.7
1460.589929338344,29.7
1468.224452804715,29.7
1475.898882029292,29.7
1483.6134256000173,29.7
1491.3682931951248,29.7
1499.1636955888393,29.6
1506.999844657106,29.5
1514.8769533833477,29.5
1522.7952358642551,29.5
1530.754907315605,29.5
1538.7561840781082,29.5
1546.799283623296,29.4
1554.8844245594228,29.3
1563.0118266374113,29.3
1571.181710756826,29.3
1579.3942989718767,29.3
1587.649814497453,29.3
1595.9484817151922,29.3
1604.2905261795772,29.3
1612.6761746240677,29.3
1621.1056549672617,29.3
1629.5791963190893,29.3
1638.097028987047,29.3
1646.6593844824454,29.3
1655.266495526711,29.3
1663.9185960577072,29.3
1672.6159212360947,29.3
1681.3587074517213,29.3
1690.1471923300487,29.3
1698.9816147386093,29.3
1707.8622147934998,29.3
1716.789233865905,29.3
1725.7629145886658,29.3
1734.7835008628629,29.2
1743.8512378644525,29.1
1752.9663720509295,29.0
1762.1291511680254,29.0
1771.3398242564415,29.0
1780.598641658619,29.0
1789.9058550255418,29.0
1799.2617173235774,29.0
1808.6664828413498,29.0
1818.1204071966588,29.0
1827.6237473434162,28.9
1837.1767615786375,28.8
1846.7797095494598,28.8
1856.4328522602,28.8
1866.1364520794475,28.8
1875.8907727471963,28.8
1885.6960793820124,28.7
1895.552638488241,28.6
1905.4607179632462,28.6
1915.4205871047022,28.6
1925.4325166178992,28.6
1935.4967786231095,28.6
1945.6136466629825,28.5
1955.783395709978,28.5
1966.006302173841,28.5
1976.282643909114,28.5
1986.6127002226892,28.5
1996.996751881399,28.5
2007.4350811196462,28.5
2017.927971647083,28.4
2028.4757086563097,28.4
2039.078578830634,28.3
2049.736870351861,28.3
2060.4508729081267,28.3
2071.22087770177,28.3
2082.0471774572497,28.3
2092.9300664290977,28.3
2103.8698404099196,28.3
2114.8667967384304,28.2
2125.9212343075446,28.1
2137.0334535724887,28.1
2148.2037565589744,28.1
2159.4324468714053,28.1
2170.71982970113,28.1
2182.0662118347364,28.0
2193.4719016623894,27.9
2204.937209186215,27.7
2216.4624460287228,27.7
2228.0479254412767,27.6
2239.6939623126154,27.6
2251.4008731773993,27.5
2263.168976224821,27.3
2274.9985913072546,27.1
2286.890039948944,27.0
2298.843645354747,27.0
2310.8597324189163,26.9
2322.9386277339318,26.8
2335.0806595993763,26.6
2347.2861580308577,26.4
2359.5554547689862,26.2
2371.8888832883777,26.1
2384.2867788067265,26.0
2396.7494782939148,25.9
2409.2773204811715,25.8
2421.8706458702773,25.5
2434.5297967428205,25.2
2447.2551171695004,25.0
2460.0469530194778,24.8
2472.905651969775,24.7
2485.8315635147337,24.6
2498.825038975499,24.5
2511.88643150958,24.4
2525.0160961204438,24.3
2538.2143896671673,24.1
2551.481670874133,24.0
2564.8183003407817,23.8
2578.224640551411,23.7
2591.7010558850307,23.6
2605.247912625263,23.6
2618.8655789702975,23.5
2632.5544250429093,23.5
2646.314822900502,23.5
2660.14714654523,23.4
2674.051771934164,23.3
2688.029076989506,23.2
2702.079441608862,23.2
2716.20324767557,23.1
2730.400879069075,23.1
2744.6727216753675,23.0
2759.0191633974646,22.8
2773.440594165967,22.6
2787.9374059496395,22.4
2802.509992766076,22.3
2817.1587506924047,22.2
2831.8840778760564,22.1
2846.686374545581,22.0
2861.5660430215316,21.9
2876.5234877273942,21.7
2891.5591152005823,21.5
2906.6733341034837,21.4
2921.8665552345788,21.3
2937.139191539587,21.2
2952.4916581227058,21.0
2967.9243722578863,21.0
2983.4377534001765,20.9
2999.0322231971227,20.9
3014.7082055002275,20.9
3030.466126376471,20.9
3046.306414119893,20.9
3062.229499263226,20.9
3078.2358145896155,20.9
3094.325795144359,20.9
3110.4998782467446,20.9
3126.7585035019356,20.8
3143.1021128129173,20.8
3159.5311503925072,20.7
3176.0460627754296,20.7
3192.6472988304513,20.7
3209.335309772584,20.7
3226.1105491753406,20.7
3242.973472983081,20.7
3259.924539523382,20.7
3276.9642095195077,20.7
3294.0929461029286,20.6
3311.311214825911,20.5
3328.6194836741684,20.5
3346.018223079582,20.5
3363.507905932988,20.5
3381.089007597027,20.4
3398.762005919066,20.3
3416.527381244194,20.2
3434.385616428264,20.2
3452.337196851022,20.2
3470.382610429304,20.2
3488.5223476302926,20.2
3506.7569014848486,20.1
3525.0867676009134,20.1
3543.512444176976,20.0
3562.034432015617,20.0
3580.6532345371147,19.9
3599.369357793143,19.8
3618.1833104805046,19.7
3637.095603954969,19.5
3656.1067522451726,19.4
3675.2172720665826,19.3
3694.4276828355482,19.2
3713.738506683413,19.1
3733.1502684707093,18.9
3752.6634958014215,18.7
3772.2787190373247,18.6
3791.9964713124127,18.5
3811.817288547367,18.5
3831.7417094641373,18.5
3851.7702756005806,18.5
3871.9035313251793,18.5
3892.1420238518376,18.5
3912.4863032547537,18.5
3932.936922483372,18.5
3953.4944373774106,18.5
3974.1594066819653,18.6
3994.9323920627126,18.6
4015.8139581211503,18.6
4036.8046724099613,18.6
4057.9051054484326,18.6
4079.115830737964,18.6
4100.437424777656,18.6
4121.870467079975,18.6
4143.41554018651,18.6
4165.0732296838005,18.6
4186.844124219257,18.6
4208.728815517151,18.5
4230.72789839472,18.5
4252.841970778305,18.5
4275.071633719623,18.5
4297.417491412092,18.4
4319.880151207261,18.4
4342.460223631314,18.3
4365.158322401661,18.3
4387.975064443623,18.2
4410.911069907196,18.1
4433.9669621839075,18.1
4457.1433679237725,18.1
4480.4409170523,18.1
4503.860242787635,18.1
4527.40198165776,18.0
4551.0667735177985,17.9
4574.855261567406,17.7
4598.768092368251,17.6
4622.80591586159,17.6
4646.969385385929,17.5
4671.25915769478,17.4
4695.675892974527,17.3
4720.220254862348,17.3
4744.892910464259,17.2
4769.694530373255,17.2
4794.625788687525,17.2
4819.68736302878,17.2
4844.87993456067,17.2
4870.204188007296,17.1
4895.660811671819,17.1
4921.250497455168,17.0
4946.973940874864,17.0
4972.8318410838865,16.9
4998.824900889706,16.8
5024.953826773381,16.8
5051.219328908747,16.7
5077.622121181736,16.6
5104.162921209768,16.6
5130.842450361258,16.5
5157.661433775227,16.4
5184.620600380999,16.4
5211.720682918039,16.4
5238.962417955835,16.4
5266.346545913939,16.4
5293.873811082085,16.6
5321.544961640422,16.7
5349.360749679845,16.7
5377.321931222439,16.7
5405.429266242027,16.7
5433.683518684824,16.7
5462.085456490198,16.7
5490.635851611563,16.7
5519.335480037329,16.6
5548.185121812011,16.5
5577.185561057427,16.3
5606.337585994012,16.3
5635.641988962242,16.2
5665.0995664441625,16.2
5694.7111190850455,16.2
5724.477451715144,16.3
5754.399373371566,16.4
5784.477697320285,16.5
5814.713241078208,16.6
5845.10682643542,16.6
5875.659279477514,16.7
5906.371430608045,16.7
5937.244114571097,16.7
5968.278170473975,16.7
5999.4744418100045,16.8
6030.833776481469,16.8
6062.357026822636,16.9
6094.045049622959,17.0
6125.898706150321,17.0
6157.918862174471,17.1
6190.106387990547,17.2
6222.462158442733,17.3
6254.987052948034,17.5
6287.681955520183,17.6
6320.547754793659,17.8
6353.585344047851,17.9
6386.795621231329,18.2
6420.179488986247,18.5
6453.7378546729,18.6
6487.471630394349,18.7
6521.381733021235,18.7
6555.469084216698,18.9
6589.734610461422,19.0
6624.179243078815,19.1
6658.80391826033,19.3
6693.609577090902,19.6
6728.597165574533,19.9
6763.767634659991,20.1
6799.1219402666875,20.3
6834.661043310619,20.4
6870.385909730507,20.5
6906.297510514049,20.7
6942.39682172431,20.8
6978.684824526248,20.9
7015.162505213385,21.0
7051.830855234612,21.1
7088.690871221135,21.1
7125.7435550135615,21.2
7162.989913689153,21.2
7200.430959589155,21.2
7238.067710346342,21.2
7275.901188912673,21.1
7313.932423587085,21.1
7352.162448043451,21.0
7390.59230135867,21.0
7429.22302804091,20.9
7468.055678057999,20.9
7507.091306865953,20.8
7546.330975437692,20.8
7585.775750291836,20.7
7625.426703521717,20.7
7665.284912824515,20.7
7705.351461530549,20.7
7745.627438632719,20.7
7786.113938816104,20.7
7826.81206248772,20.6
7867.722915806424,20.5
7908.847610712972,20.5
7950.187264960275,20.5
7991.743002143727,20.5
8033.515951731782,20.5
8075.507249096639,20.4
8117.718035545101,20.4
8160.149458349601,20.3
8202.80267077938,20.3
8245.67883213183,20.2
8288.77910776401,20.1
8332.104669124305,19.9
8375.656693784302,19.7
8419.436365470749,19.5
8463.444874097753,19.3
8507.683415799123,19.1
8552.153192960874,18.9
8596.855414253905,18.4
8641.791294666864,17.8
8686.962055539152,17.5
8732.36892459413,17.4
8778.01313597248,17.2
8823.895930265779,17.1
8870.018554550163,16.8
8916.382262420266,16.4
8962.988314023276,16.1
9009.83797609319,16.0
9056.932521985234,15.8
9104.273231710486,15.7
9151.861391970657,15.7
9199.698296193066,15.7
9247.785244565785,15.7
9296.12354407301,15.7
9344.714508530542,15.7
9393.559458621517,15.7
9442.659721932305,15.9
9492.016632988581,16.2
9541.631533291613,16.4
9591.505771354708,17.1
9641.64070273987,17.8
9692.037690094652,18.1
9742.698103189163,18.3
9793.623318953358,18.6
9844.814721514387,18.9
9896.27370223427,19.2
9948.001659747684,19.9
10000.0,20.7
10052.270136285486,20.9
10104.813489285681,21.0
10157.6314871081,21.1
10210.725565324987,21.2
10264.09716701231,21.2
10317.747742788988,21.2
10371.678750856474,21.2
10425.891657038128,21.1
10480.387934819217,20.9
10535.16906538697,20.5
10590.236537670813,20.2
10645.591848382772,19.8
10701.236502058211,19.5
10757.172011096769,19.1
10813.399895803414,18.1
10869.921684429703,16.7
10926.73891321545,15.9
10983.85312643042,15.5
11041.265876416248,15.2
11098.978723628681,14.8
11156.993236680037,13.7
11215.310992381786,12.3
11273.933575787378,11.4
11332.862580235347,10.5
11392.099607392682,9.9
11451.646267298307,9.6
11511.504178406769,8.9
11571.674967632372,7.0
11632.16027039332,5.4
11692.961730656129,5.1
11754.08100098034,4.6
11815.519742563505,3.9
11877.27962528627,3.3
11939.362327757724,2.6
12001.76953736107,2.1
12064.50295029953,2.0
12127.56427164241,1.8
12190.95521537136,1.4
12254.677504427105,1.1
12318.732870756214,1.0
12383.123055358106,0.9
12447.849808332432,0.9
12512.914888926687,0.9
12578.320065583976,1.0
12644.067115991029,1.2
12710.157827126544,1.5
12776.593995309939,1.9
12843.377426249857,2.2
12910.50993509343,3.1
12977.99334647565,4.0
13045.829494568892,4.5
13114.020223132724,4.8
13182.567385564074,5.2
13251.472844947652,5.6
13320.738474106534,6.6
13390.366155652993,8.5
13460.35778203982,9.9
13530.715255611682,10.3
13601.440488656775,10.9
13672.535403458849,11.6
13744.001932349513,12.5
13815.842017760702,13.4
13888.057612277411,15.1
13960.650678690825,16.5
14033.62319005172,17.0
14106.977129724035,17.3
14180.714491438697,17.4
14254.837279347976,17.3
14329.347508079869,17.2
14404.247202792812,17.2
14479.538399230763,17.8
14555.223143778607,18.3
14631.303493517702,18.4
14707.78151628175,18.5
14784.65929071304,18.6
14861.938906319014,18.6
14939.622463529,18.6
15017.712073751207,18.5
15096.209859430292,17.9
15175.117954104964,16.9
15254.438502465904,16.0
15334.173660414117,15.0
15414.325595119602,14.3
15494.896485080177,13.8
15575.88852018064,12.6
15657.303901752315,11.4
15739.1448426331,10.6
15821.413567227246,9.9
15904.112311566014,9.5
15987.243323368504,9.1
16070.808862102673,8.6
16154.811199046684,8.0
16239.252617350698,7.6
16324.135412099,7.1
16409.461890372313,6.6
16495.23437131044,6.2
16581.455186175313,5.7
16668.12667841462,5.1
16755.251203725067,3.1
