10.0,39.4
10.052270136285475,39.4
10.104813489285682,39.5
10.157631487108103,39.6
10.210725565324982,39.6
10.264097167012295,39.6
10.317747742789004,39.6
10.371678750856479,39.6
10.425891657038118,39.6
10.480387934819216,39.6
10.535169065386981,39.6
10.590236537670812,39.6
10.64559184838276,39.6
10.701236502058206,39.7
10.757172011096776,39.7
10.813399895803409,39.8
10.869921684429707,39.8
10.926738913215466,39.9
10.98385312643042,39.9
11.041265876416237,39.9
11.098978723628681,39.9
11.156993236680048,40.0
11.215310992381788,40.1
11.27393357578736,40.1
11.332862580235341,40.1
11.392099607392687,40.1
11.451646267298301,40.2
11.511504178406776,40.3
11.571674967632385,40.4
11.632160270393321,40.4
11.692961730656117,40.4
11.75408100098034,40.4
11.815519742563518,40.4
11.87727962528627,40.4
11.939362327757706,40.4
12.001769537361062,40.5
12.064502950299536,40.6
12.127564271642404,40.6
12.190955215371359,40.6
12.254677504427118,40.6
12.318732870756214,40.7
12.383123055358094,40.7
12.447849808332432,40.8
12.5129148889267,40.8
12.578320065583968,40.8
12.644067115991009,40.8
12.710157827126565,40.8
12.776593995309947,40.8
12.843377426249843,40.8
12.910509935093431,40.8
12.977993346475664,40.8
13.045829494568892,40.9
13.11402022313271,40.9
13.182567385564074,41.0
13.251472844947658,41.0
13.320738474106527,41.1
13.390366155653,41.1
13.460357782039841,41.1
13.530715255611682,41.1
13.601440488656761,41.1
13.672535403458848,41.2
13.744001932349526,41.3
13.815842017760701,41.3
13.888057612277397,41.3
13.960650678690818,41.3
14.033623190051728,41.3
14.10697712972403,41.3
14.180714491438705,41.3
14.25483727934799,41.3
14.32934750807987,41.5
14.404247202792797,41.6
14.479538399230764,41.6
14.55522314377862,41.6
14.631303493517702,41.6
14.707781516281727,41.7
14.784659290713032,41.8
14.861938906319022,41.8
14.939622463528993,41.8
15.017712073751214,41.8
15.096209859430308,41.8
15.175117954104964,41.8
15.254438502465888,41.8
15.334173660414118,41.8
15.414325595119617,41.8
15.494896485080169,41.8
15.575888520180618,41.9
15.65730390175234,42.0
15.73914484263311,42.0
15.821413567227237,42.0
15.904112311566013,42.0
15.98724332336852,42.0
16.070808862102673,42.0
16.154811199046666,42.0
16.239252617350697,42.0
16.324135412099007,42.1
16.409461890372306,42.1
16.495234371310413,42.1
16.58145518617534,42.1
16.668126678414627,42.1
16.755251203725052,42.1
16.84283113011666,42.2
16.930868837977105,42.3
17.01936672013636,42.3
17.108327181931763,42.3
17.197752641273365,42.3
17.28764552870969,42.3
17.378008287493753,42.3
17.4688433736495,42.3
17.560153256038525,42.3
17.651940416427212,42.3
17.744207349554188,42.4
17.836956563198083,42.5
17.93019057824573,42.5
18.023911928760675,42.5
18.118123162052047,42.5
18.21282683874379,42.5
18.30802553284428,42.5
18.403721831816252,42.5
18.499918336647156,42.5
18.59661766191982,42.7
18.69382243588356,42.8
18.791535300525574,42.8
18.889758911642755,42.8
18.98849593891389,42.8
19.08774906597221,42.8
19.187520990478333,42.8
19.287814424193606,42.8
19.388632093053765,42.8
19.48997673724305,42.8
19.591851111268685,42.9
19.69425798403576,43.0
19.79720013892245,43.0
19.90068037385568,43.0
20.004701501387192,43.0
20.109266348769967,43.0
20.214377758035074,43.0
20.320038586068932,43.0
20.426251704690927,43.0
20.533020000731486,43.0
20.64034637611054,43.0
20.748233747916412,43.1
20.856685048485062,43.1
20.965703225479817,43.2
21.075291241971485,43.2
21.185452076518878,43.2
21.296188723249774,43.2
21.407504191942323,43.2
21.519401508106792,43.2
21.631883713067854,43.2
21.744953864047204,43.2
21.858615034246718,43.2
21.972870312931903,43.3
22.087722805515906,43.3
22.203175633643916,43.3
22.319231935278008,43.3
22.435894864782412,43.3
22.553167593009288,43.3
22.671053307384867,43.3
22.789555211996095,43.3
22.908676527677724,43.3
23.028420492099883,43.3
23.148790359856015,43.3
23.26978940255137,43.3
23.391420908891938,43.4
23.51368818477381,43.5
23.63659455337303,43.5
23.760143355235964,43.5
23.884337948370025,43.5
24.009181708334992,43.5
24.134678028334722,43.5
24.260830319309434,43.5
24.387642010028344,43.5
24.515116547182902,43.5
24.64325739548046,43.5
24.772068037738443,43.5
24.901551974979007,43.5
25.031712726524198,43.5
25.162553830091625,43.6
25.294078841890578,43.7
25.426291336718684,43.7
25.559194908059133,43.7
25.692793168178262,43.7
25.827089748223784,43.7
25.96208829832347,43.7
26.097792487684362,43.7
26.234206004692496,43.7
26.371332557013133,43.7
26.5091758716916,43.7
26.647739695254497,43.7
26.787027793811582,43.7
26.9270439531581,43.7
27.06779197887776,43.7
27.209275696446046,43.7
27.351498951334275,43.8
27.494465609114105,43.9
27.638179555562576,43.9
27.782644696767733,43.9
27.92786495923483,43.9
28.07384428999299,43.9
28.220586656702505,43.9
28.368096047762684,43.9
28.516376472420284,43.9
28.66543196087842,43.9
28.815266564406134,43.9
28.965884355448516,43.9
29.11728942773738,43.9
29.26948589640251,43.9
29.42247789808359,43.9
29.57626959104251,44.1
29.730865155276486,44.2
29.88626879263161,44.2
30.04248472691713,44.2
30.19951720402016,44.2
30.357370492021133,44.2
30.516048881309793,44.2
30.675556684701824,44.2
30.835898237556027,44.2
30.99707789789224,44.2
31.15910004650967,44.2
31.321969087106055,44.2
31.485689446397288,44.2
31.650265574237824,44.2
31.815701943741516,44.2
31.98200305140326,44.2
32.14917341722119,44.2
32.31721758481955,44.2
32.486140121572134,44.2
32.655945618726484,44.3
32.82663869152868,44.4
32.99822397934869,44.4
33.170706145806605,44.4
33.34408987889928,44.4
33.51837989112781,44.4
33.69358091962557,44.4
33.86969772628702,44.4
34.04673509789711,44.4
34.224697846261364,44.4
34.40359080833668,44.4
34.58341884636283,44.4
34.764186847994516,44.4
34.94589972643436,44.4
35.12856242056629,44.4
35.312179895089876,44.4
35.496757140655234,44.4
35.68229917399868,44.4
35.86881103807908,44.4
36.05629780221492,44.5
36.24476456222205,44.6
36.434216440552284,44.6
36.6246585864325,44.6
36.81609617600466,44.6
37.00853441246656,44.6
37.2019785262131,44.6
37.39643377497855,44.6
37.591905443979435,44.6
37.788398846058186,44.6
37.985919321827524,44.6
38.184472239815605,44.6
38.384062996612016,44.6
38.584697017014335,44.6
38.786379754175634,44.6
38.98911668975273,44.6
39.1929133340551,44.6
39.39777522619469,44.6
39.60370793423646,44.6
39.810717055349734,44.6
40.0188082159603,44.6
40.227987071903335,44.6
40.43825930857721,44.6
40.64963064109788,44.6
40.8621068144543,44.6
41.075693603664625,44.6
41.29039681393302,44.6
41.506222280807584,44.6
41.72317587033889,44.7
41.94126347923944,44.7
42.16049103504393,44.7
42.38086449627034,44.7
42.60238985258197,44.7
42.825073124950116,44.7
43.04892036581776,44.7
43.27393765926414,44.7
43.500131121170035,44.7
43.727506899384,44.7
43.956071173889484,44.7
44.18583015697281,44.7
44.416790093392,44.7
44.648957260546474,44.7
44.88233796864779,44.7
45.116938560890986,44.7
45.35276541362708,44.7
45.58982493653644,44.7
45.82812357280281,44.7
46.067667799288614,44.7
46.308464126710895,44.7
46.55051909981832,44.7
46.793839297569036,44.7
47.03843133330949,44.7
47.28430185495417,44.7
47.531457545166376,44.7
47.77990512153967,44.7
48.02965133678067,44.7
48.28070297889241,44.7
48.53306687135893,44.7
48.78674987333074,44.7
49.041758879811184,44.7
49.298100821843896,44.7
49.55578266670119,44.8
49.81481141807335,44.9
50.07519411625915,44.9
50.336937838356974,44.9
50.60004969845742,44.9
50.86453684783644,44.9
51.13040647514984,44.9
51.39766580662862,44.9
51.66632210627541,44.9
51.93638267606184,44.9
52.20785485612707,44.9
52.48074602497726,44.9
52.75506359968615,44.9
53.030815036096584,44.9
53.308007829023246,44.9
53.58664951245627,44.9
53.866747659766084,44.9
54.148309883909214,44.9
54.431343837635225,44.9
54.7158572136947,44.9
55.00185774504835,44.9
55.28935320507712,44.9
55.57835140779364,44.9
55.86886020805435,44.9
56.160887501773274,44.9
56.45444122613637,44.9
56.74952935981742,44.9
57.04615992319485,44.9
57.34434097856969,44.9
57.64408063038476,44.9
57.94538702544487,44.9
58.24826835313831,44.9
58.552732845659456,44.9
58.85878877823242,44.9
59.166444469336014,44.9
59.475708280929936,44.9
59.786588618681876,44.9
60.0990939321961,44.9
60.41323271524305,44.9
60.72901350599024,44.9
61.046444887234294,44.9
61.365535486634215,44.9
61.686293976945976,44.9
62.008729076258064,44.9
62.332849548228545,44.9
62.658664202323344,44.9
62.98618189405547,44.9
63.315411525225876,44.9
63.64636204416533,44.9
63.979042445977655,44.9
64.31346177278421,44.9
64.64962911396958,44.9
64.98755360642885,45.0
65.32724443481563,45.1
65.66871083179183,45.1
66.01196207827876,45.1
66.35700750370908,45.1
66.7038564862806,45.1
67.05251845321108,45.1
67.40300288099445,45.1
67.75531929565844,45.1
68.1094772730234,45.1
68.46548643896274,45.1
68.82335646966433,45.1
69.18309709189363,45.1
69.54471808325809,45.1
69.90822927247277,45.1
70.27364053962762,45.1
70.6409618164559,45.1
71.01020308660422,45.1
71.38137438590384,45.1
71.75448580264342,45.1
72.12954747784322,45.1
72.50656960553087,45.1
72.88556243301818,45.1
73.26653626117992,45.1
73.64950144473359,45.1
74.03446839252094,45.1
74.42144756779092,45.1
74.810449488484,45.1
75.20148472751808,45.1
75.59456391307583,45.1
75.98969772889355,45.1
76.38689691455168,45.1
76.78617226576647,45.1
77.18753463468363,45.1
77.59099493017311,45.1
77.99656411812569,45.1
78.404253221751,45.1
78.8140733218772,45.1
79.226035557252,45.1
79.64015112484554,45.1
80.05643128015467,45.1
80.47488733750892,45.1
80.89553067037787,45.1
81.31837271168051,45.1
81.74342495409579,45.1
82.170698950375,45.1
82.60020631365589,45.1
83.03195871777821,45.1
83.46596789760103,45.1
83.90224564932171,45.1
84.34080383079642,45.1
84.78165436186265,45.1
85.22480922466286,45.1
85.67028046397054,45.1
86.11808018751721,45.1
86.56822056632171,45.1
87.020713835021,45.1
87.47557229220259,45.1
87.93280830073893,45.1
88.39243428812335,45.1
88.85446274680783,45.1
89.31890623454267,45.1
89.78577737471758,45.1
90.25508885670492,45.1
90.72685343620469,45.1
91.20108393559097,45.1
91.67779324426061,45.1
92.15699431898352,45.1
92.63870018425483,45.1
93.12292393264887,45.1
93.60967872517497,45.1
94.09897779163542,45.1
94.5908344309847,45.1
95.0852620116911,45.1
95.58227397210023,45.1
96.08188382079996,45.1
96.5841051369878,45.1
97.08895157083991,45.1
97.59643684388209,45.1
98.10657474936274,45.1
98.61937915262773,45.1
99.13486399149741,45.1
99.65304327664518,45.1
100.17393109197839,45.1
100.69754159502135,45.1
101.22388901729977,45.1
101.75298766472777,45.1
102.28485191799675,45.1
102.81949623296607,45.1
103.35693514105618,45.1
103.89718324964329,45.1
104.44025524245698,45.1
104.98616587997819,45.1
105.53492999984189,45.1
106.08656251723878,45.1
106.64107842532215,45.1
107.19849279561431,45.1
107.75882077841675,45.1
108.32207760322176,45.1
108.88827857912626,45.1
109.45743909524856,45.1
110.02957462114523,45.1
110.60470070723336,45.1
111.18283298521138,45.1
111.76398716848561,45.1
112.3481790525961,45.1
112.93542451564652,45.1
113.5257395187356,45.1
114.11914010639099,45.1
114.71564240700522,45.1
115.3152626332741,45.1
115.91801708263789,45.1
116.52392213772293,45.1
117.13299426678874,45.1
117.74525002417371,45.1
118.36070605074681,45.1
118.97937907435858,45.1
119.60128591029638,45.1
120.22644346174131,45.1
120.85486872022751,45.1
121.4865787661046,45.1
122.12159076900052,45.1
122.75992198829012,45.1
123.40158977356222,45.1
124.04661156509306,45.1
124.69500489431896,45.1
125.34678738431336,45.1
126.00197675026583,45.1
126.6605907999634,45.1
127.3226474342747,45.1
127.98816464763628,45.1
128.6571605285424,45.1
129.32965326003517,45.1
130.00566112020084,45.1
130.68520248266435,45.1
131.36829581709074,45.1
132.05495968968575,45.1
132.74521276370103,45.1
133.43907379994133,45.1
134.1365616572744,45.1
134.83769529314347,45.1
135.54249376408254,45.1
136.25097622623485,45.1
136.96316193587217,45.1
137.67907024992007,45.1
138.39872062648203,45.1
139.1221326253702,45.1
139.84932590863562,45.1
140.58032024110324,45.1
141.31513549090906,45.1
142.05379163003997,45.1
142.7963087348772,45.1
143.5427069867405,45.1
144.29300667243896,45.1
145.04722818481977,45.1
145.80539202332486,45.1
146.56751879454652,45.1
147.333629212788,45.1
148.1037441006266,45.1
148.87788438947953,45.1
149.65607112017267,45.1
150.43832544351253,45.1
151.2246686208618,45.1
152.01512202471548,45.1
152.80970713928414,45.1
153.6084455610754,45.1
154.41135899948313,45.0
155.218469277376,44.9
156.02979833169113,44.9
156.8453682140304,44.9
157.66520109125955,44.9
158.48931924611142,44.9
159.3177450777899,44.9
160.15050110258113,44.9
160.9876099544629,44.9
161.82909438572216,44.9
162.67497726757185,44.9
163.52528159077312,44.9
164.38003046626017,44.9
165.23924712576837,44.9
166.1029549224657,44.9
166.97117733158728,44.9
167.8439379510743,44.9
168.72126050221348,44.9
169.60316883028446,44.9
170.48968690520502,44.9
171.38083882218535,44.9
172.27664880238083,44.9
173.17714119355136,44.9
174.08234047072295,44.9
174.99227123685273,44.9
175.9069582234984,44.9
176.82642629148881,44.9
177.75070043160196,44.9
178.67980576524164,44.9
179.61376754512278,44.9
180.55261115595593,44.9
181.49636211513797,44.9
182.44504607344558,44.9
183.39868881573247,44.9
184.35731626163007,44.9
185.3209544662519,44.9
186.28962962090262,44.9
187.26336805378796,44.9
188.24219623073301,44.9
189.2261407558986,44.9
190.21522837250714,44.9
191.20948596356752,44.9
192.20894055260666,44.9
193.21361930440384,44.9
194.22354952572874,44.9
195.2387586660848,44.9
196.25927431845295,44.9
197.28512422004457,44.9
198.31633625305224,44.9
199.35293844541056,44.9
200.39495897155572,44.9
201.4424261531923,44.8
202.4953684600627,44.8
203.55381451072122,44.7
204.6177930733116,44.7
205.6873330663489,44.7
206.76246355950653,44.7
207.84321377440395,44.7
208.92961308540407,44.7
210.02169102040844,44.7
211.11947726166272,44.7
212.22300164656127,44.7
213.33229416845913,44.7
214.447384977487,44.7
215.5683043813707,44.7
216.69508284625502,44.7
217.8277509975314,44.7
218.9663396206716,44.7
220.1108796620618,44.7
221.26140222984722,44.7
222.41793859477394,44.7
223.5805201910423,44.7
224.74917861715863,44.7
225.9239456367954,44.7
227.10485317965416,44.7
228.29193334233327,44.7
229.48521838920135,44.7
230.68474075327168,44.7
231.89053303708724,44.7
233.102628013603,44.7
234.32105862708036,44.6
235.5458579939798,44.6
236.77705940386227,44.6
238.0146963202937,44.6
239.25880238175446,44.6
240.50941140255387,44.6
241.76655737374873,44.6
243.03027446406858,44.6
244.30059702084168,44.6
245.57755957093218,44.6
246.86119682167464,44.6
248.1515436618211,44.6
249.44863516248657,44.6
250.75250657810346,44.6
252.0631933473797,44.6
253.3807310942614,44.6
254.7051556289027,44.6
256.03650294863604,44.6
257.3748092389545,44.6
258.72011087449107,44.6
260.0724444200114,44.6
261.4318466314045,44.6
262.79835445668317,44.6
264.17200503698814,44.6
265.5528357075972,44.6
266.94088399894025,44.5
268.336187637619,44.4
269.7387845474336,44.4
271.1487128504106,44.4
272.56601086784315,44.4
273.9907171213279,44.4
275.4228703338166,44.4
276.86250943066517,44.4
278.30967354069315,44.4
279.764401997247,44.4
281.2267343392687,44.4
282.6967103123723,44.4
284.1743698699204,44.4
285.65975317411466,44.4
287.152900597083,44.4
288.6538527219809,44.4
290.16265034409145,44.4
291.67933447193553,44.4
293.203946328386,44.3
294.7365273517884,44.3
296.27711919708696,44.2
297.8257637369567,44.2
299.38250306294265,44.2
300.947379486601,44.2
302.52043554065347,44.2
304.1017139801383,44.2
305.69125778357716,44.2
307.2891101541398,44.2
308.8953145208197,44.2
310.5099145396145,44.2
312.1329540947119,44.2
313.76447729968413,44.2
315.40452849868336,44.2
317.0531522676519,44.2
318.71039341552853,44.1
320.3762969854716,44.0
322.05090825607795,43.9
323.7342727426186,43.9
325.4264361982722,43.9
327.1274446153702,43.9
328.83734422664674,43.9
330.55618150649445,43.9
332.28400317222986,43.9
334.02085618535915,43.9
335.76678775285944,43.9
337.52184532845695,43.9
339.28607661392135,43.9
341.0595295603587,43.9
342.84225236951676,43.9
344.63429349509414,43.8
346.4357016440579,43.7
348.24652577796684,43.7
350.06681511430224,43.7
351.8966191278073,43.7
353.7359875518278,43.7
355.5849703796693,43.7
357.44361786595016,43.7
359.3119805279728,43.7
361.1901091470929,43.7
363.0780547701014,43.7
364.9758687106112,43.7
366.8836025504522,43.6
368.80130814107446,43.5
370.72903760495365,43.5
372.66684333701346,43.5
374.6147780060434,43.5
376.57289455613636,43.5
378.54124620812286,43.5
380.5198864610201,43.5
382.50886909348526,43.5
384.5082481652772,43.5
386.51807801872604,43.5
388.53841328020957,43.5
390.56930886163985,43.4
392.6108199619517,43.3
394.6630020686084,43.3
396.7259109591041,43.3
398.7996027024853,43.3
400.8841336608706,43.3
402.9795604909844,43.3
405.0859401456969,43.3
407.20332987557106,43.3
409.331787230421,43.3
411.4713700608718,43.2
413.6221365199375,43.2
415.78414506459575,43.2
417.95745445738237,43.2
420.1421237679842,43.2
422.33821237484636,43.2
424.5457799667861,43.2
426.76488654461485,43.2
428.9955924227691,43.2
431.23795823094935,43.2
433.49204491576995,43.2
435.7579137424112,43.2
438.0356262962907,43.2
440.3252444847303,43.2
442.62683053864555,43.2
444.9404470142319,43.2
447.2661567946673,43.1
449.60402309182115,43.0
451.9541094479714,43.0
454.3164797375345,43.0
456.6911981687959,43.0
459.0783292856624,43.0
461.4779379694089,43.0
463.89008944044906,43.0
466.31484926010245,43.0
468.7522833323791,43.0
471.20245790577025,42.9
473.6654395750488,42.8
476.14129528307956,42.8
478.630092322638,42.8
481.1318983382419,42.8
483.6467813279844,42.8
486.1748096453894,42.8
488.7160520012619,42.8
491.27057746556244,42.8
493.8384554692794,42.8
496.4197558063182,42.8
499.01454863539806,42.8
501.6229044819588,42.7
504.24489424007766,42.6
506.88058917439554,42.5
509.53006092205686,42.5
512.1933814946506,42.5
514.8706232801756,42.5
517.5618590449992,42.5
520.2671619358439,42.5
522.9866054817683,42.5
525.7202635961694,42.4
528.4682105787901,42.4
531.230521117739,42.3
534.0072702915224,42.3
536.7985335710792,42.3
539.6043868218401,42.3
542.4249063057814,42.3
545.2601686835053,42.3
548.1102510163182,42.3
550.9752307683272,42.3
553.8551858085453,42.3
556.7501944130083,42.3
559.6603352669016,42.3
562.5856874666987,42.2
565.5263305223134,42.1
568.4823443592555,42.1
571.4538093208106,42.1
574.4408061702153,42.1
577.4434160928608,42.1
580.4617206984933,42.1
583.4958020234345,42.1
586.5457425328113,42.1
589.6116251227962,42.1
592.6935331228639,42.0
595.7915502980484,42.0
598.9057608512304,42.0
602.0362494254149,42.0
605.1831011060411,42.0
608.3464014232891,42.0
611.5262363544065,42.0
614.7226923260454,42.0
617.9358562166111,42.0
621.1658153586235,42.0
624.4126575410903,42.0
627.6764710118958,42.0
630.957344480193,42.0
634.2553671188238,42.0
637.5706285667327,42.0
640.9032189314127,42.0
644.2532287913472,42.0
647.6207491984753,42.0
651.0058716806659,41.9
654.4086882442045,41.8
657.8292913762976,41.8
661.2677740475787,41.8
664.7242297146454,41.8
668.1987523225889,41.8
671.6914363075575,41.8
675.2023765993158,41.8
678.7316686238282,41.8
682.2794083058518,41.8
685.8456920715438,41.8
689.4306168510824,41.8
693.0342800813003,41.8
696.6567797083366,41.8
700.2982141902914,41.8
703.9586824999124,41.8
707.6382841272731,41.8
711.3371190824884,41.8
715.0552878984242,41.8
718.7928916334344,41.8
722.5500318741055,41.8
726.3268107380181,41.8
730.123330876526,41.9
733.9396954775374,42.0
737.7760082683312,42.0
741.6323735183645,42.0
745.508896042117,42.0
749.4056812019327,42.0
753.3228349108862,42.0
757.2604636356614,42.0
761.2186743994453,42.0
765.1975747848361,42.0
769.1972729367671,42.0
773.2178775654501,42.0
777.2594979493206,42.0
781.3222439380205,42.0
785.406225955371,42.1
789.5115550023859,42.1
793.6383426602791,42.1
797.7867010935024,42.1
801.9567430527921,42.1
806.1485818782347,42.1
810.3623315023465,42.1
814.59810645317,42.1
818.8560218573906,42.2
823.1361934434566,42.3
827.4387375447371,42.3
831.7637711026708,42.3
836.1114116699566,42.3
840.4817774137397,42.3
844.8749871188272,42.4
849.2911601909162,42.5
853.7304166598383,42.5
858.1928771828257,42.5
862.6786630477819,42.5
867.1878961765907,42.7
871.7206991284164,42.8
876.2771951030477,42.8
880.8575079442367,42.8
885.4617621430697,42.8
890.0900828413493,42.8
894.742595834996,42.8
899.4194275774676,42.8
904.1207051831946,42.8
908.8465564310401,42.8
913.5971097677627,42.8
918.3724943115215,42.9
923.1728398553701,43.0
927.998276870799,43.0
932.8489365112713,43.0
937.7249506157918,43.0
942.6264517124897,43.0
947.5535730222193,43.1
952.5064484621864,43.2
957.4852126495767,43.2
962.4900009052299,43.2
967.5209492573013,43.2
972.5781944449744,43.2
977.6618739221665,43.2
982.772125861269,43.3
987.9090891569025,43.3
993.0729034296917,43.3
998.26370903006,43.3
1003.4816470420445,43.3
1008.7268592871307,43.3
1013.9994883281055,43.3
1019.2996774729368,43.3
1024.627570778662,43.3
1029.9833130553077,43.4
1035.3670498698243,43.5
1040.778927550043,43.5
1046.219093188652,43.5
1051.687694647196,43.5
1057.1848805600926,43.5
1062.7108003386745,43.5
1068.2656041752484,43.5
1073.849443047181,43.5
1079.4624687209969,43.5
1085.104833756507,43.5
1090.7766915109553,43.5
1096.4781961431852,43.5
1102.2095026178308,43.5
1107.9707667095288,43.4
1113.7621450071517,43.3
1119.5837949180645,43.3
1125.4358746724013,43.3
1131.3185433273702,43.3
1137.231960771571,43.3
1143.1762877293438,43.3
1149.1516857651375,43.3
1155.1583172879002,43.3
1161.1963455554942,43.3
1167.2659346791324,43.2
1173.3672496278396,43.2
1179.5004562329357,43.2
1185.6657211925422,43.2
1191.8632120761172,43.2
1198.0930973290035,43.2
1204.355546277011,43.2
1210.650729131018,43.2
1216.9788169915967,43.2
1223.3399818536654,43.2
1229.7343966111616,43.2
1236.162235061742,43.2
1242.6236719115057,43.2
1249.1188827797416,43.2
1255.6480442037073,43.2
1262.2113336434193,43.2
1268.8089294864806,43.2
1275.4410110529293,43.2
1282.1077586001115,43.2
1288.8093533275808,43.1
1295.5459773820237,43.1
1302.3178138622095,43.0
1309.1250468239675,43.0
1315.967861285188,43.0
1322.8464432308563,43.0
1329.7609796180998,42.9
1336.7116583812742,42.9
1343.6986684370715,42.8
1350.7221996896535,42.8
1357.782443035813,42.8
1364.879590370164,42.8
1372.0138345903551,42.8
1379.1853696023147,42.8
1386.3943903255179,42.8
1393.6410926982915,42.7
1400.9256736831292,42.6
1408.248331272053,42.5
1415.6092644919916,42.5
1423.0086734101894,42.5
1430.4467591396458,42.5
1437.9237238445805,42.5
1445.439770745928,42.5
1452.9951041268616,42.5
1460.589929338344,42.5
1468.224452804715,42.5
1475.898882029292,42.5
1483.6134256000173,42.5
1491.3682931951248,42.5
1499.1636955888393,42.5
1506.999844657106,42.5
1514.8769533833477,42.5
1522.7952358642551,42.5
1530.754907315605,42.5
1538.7561840781082,42.5
1546.799283623296,42.5
1554.8844245594228,42.5
1563.0118266374113,42.5
1571.181710756826,42.5
1579.3942989718767,42.5
1587.649814497453,42.5
1595.9484817151922,42.5
1604.2905261795772,42.7
1612.6761746240677,42.8
1621.1056549672617,42.8
1629.5791963190893,42.8
1638.097028987047,42.8
1646.6593844824454,42.8
1655.266495526711,42.8
1663.9185960577072,42.8
1672.6159212360947,42.8
1681.3587074517213,42.8
1690.1471923300487,42.8
1698.9816147386093,42.8
1707.8622147934998,42.8
1716.789233865905,42.8
1725.7629145886658,42.8
1734.7835008628629,42.8
1743.8512378644525,42.8
1752.9663720509295,42.8
1762.1291511680254,42.7
1771.3398242564415,42.6
1780.598641658619,42.5
1789.9058550255418,42.5
1799.2617173235774,42.5
1808.6664828413498,42.5
1818.1204071966588,42.4
1827.6237473434162,42.4
1837.1767615786375,42.3
1846.7797095494598,42.2
1856.4328522602,42.2
1866.1364520794475,42.1
1875.8907727471963,42.1
1885.6960793820124,42.0
1895.552638488241,42.0
1905.4607179632462,41.9
1915.4205871047022,41.9
1925.4325166178992,41.8
1935.4967786231095,41.7
1945.6136466629825,41.7
1955.783395709978,41.6
1966.006302173841,41.5
1976.282643909114,41.4
1986.6127002226892,41.3
1996.996751881399,41.2
2007.4350811196462,41.2
2017.927971647083,41.1
2028.4757086563097,41.0
2039.078578830634,41.0
2049.736870351861,40.9
2060.4508729081267,40.9
2071.22087770177,40.8
2082.0471774572497,40.8
2092.9300664290977,40.7
2103.8698404099196,40.6
2114.8667967384304,40.5
2125.9212343075446,40.4
2137.0334535724887,40.4
2148.2037565589744,40.3
2159.4324468714053,40.2
2170.71982970113,40.1
2182.0662118347364,39.9
2193.4719016623894,39.8
2204.937209186215,39.7
2216.4624460287228,39.6
2228.0479254412767,39.6
2239.6939623126154,39.5
2251.4008731773993,39.5
2263.168976224821,39.4
2274.9985913072546,39.3
2286.890039948944,39.1
2298.843645354747,38.8
2310.8597324189163,38.6
2322.9386277339318,38.5
2335.0806595993763,38.3
2347.2861580308577,38.2
2359.5554547689862,38.1
2371.8888832883777,38.0
2384.2867788067265,37.8
2396.7494782939148,37.6
2409.2773204811715,37.4
2421.8706458702773,37.2
2434.5297967428205,37.0
2447.2551171695004,36.8
2460.0469530194778,36.6
2472.905651969775,36.4
2485.8315635147337,36.2
2498.825038975499,36.0
2511.88643150958,35.8
2525.0160961204438,35.6
2538.2143896671673,35.5
2551.481670874133,35.4
2564.8183003407817,35.0
2578.224640551411,34.6
2591.7010558850307,34.5
2605.247912625263,34.5
2618.8655789702975,34.4
2632.5544250429093,34.3
2646.314822900502,34.1
2660.14714654523,33.9
2674.051771934164,33.8
2688.029076989506,33.7
2702.079441608862,33.7
2716.20324767557,33.6
2730.400879069075,33.4
2744.6727216753675,33.2
2759.0191633974646,33.1
2773.440594165967,33.0
2787.9374059496395,32.9
2802.509992766076,32.7
2817.1587506924047,32.4
2831.8840778760564,32.2
2846.686374545581,32.1
2861.5660430215316,32.0
2876.5234877273942,31.9
2891.5591152005823,31.8
2906.6733341034837,31.6
2921.8665552345788,31.3
2937.139191539587,31.0
2952.4916581227058,30.9
2967.9243722578863,30.7
2983.4377534001765,30.6
2999.0322231971227,30.5
3014.7082055002275,30.5
3030.466126376471,30.4
3046.306414119893,30.3
3062.229499263226,30.3
3078.2358145896155,30.2
3094.325795144359,30.1
3110.4998782467446,30.1
3126.7585035019356,30.1
3143.1021128129173,30.1
3159.5311503925072,30.0
3176.0460627754296,30.0
3192.6472988304513,29.9
3209.335309772584,29.9
3226.1105491753406,29.9
3242.973472983081,29.9
3259.924539523382,29.8
3276.9642095195077,29.8
3294.0929461029286,29.7
3311.311214825911,29.7
3328.6194836741684,29.7
3346.018223079582,29.7
3363.507905932988,29.7
3381.089007597027,29.7
3398.762005919066,29.7
3416.527381244194,29.7
3434.385616428264,29.7
3452.337196851022,29.7
3470.382610429304,29.7
3488.5223476302926,29.7
3506.7569014848486,29.7
3525.0867676009134,29.7
3543.512444176976,29.7
3562.034432015617,29.7
3580.6532345371147,29.7
3599.369357793143,29.7
3618.1833104805046,29.7
3637.095603954969,29.7
3656.1067522451726,29.7
3675.2172720665826,29.6
3694.4276828355482,29.6
3713.738506683413,29.6
3733.1502684707093,29.6
3752.6634958014215,29.6
3772.2787190373247,29.6
3791.9964713124127,29.6
3811.817288547367,29.6
3831.7417094641373,29.6
3851.7702756005806,29.7
3871.9035313251793,29.8
3892.1420238518376,29.9
3912.4863032547537,30.1
3932.936922483372,30.2
3953.4944373774106,30.4
3974.1594066819653,30.6
3994.9323920627126,30.8
4015.8139581211503,31.1
4036.8046724099613,31.3
4057.9051054484326,31.4
4079.115830737964,31.6
4100.437424777656,31.8
4121.870467079975,32.0
4143.41554018651,32.2
4165.0732296838005,32.3
4186.844124219257,32.4
4208.728815517151,32.5
4230.72789839472,32.7
4252.841970778305,33.1
4275.071633719623,33.4
4297.417491412092,33.5
4319.880151207261,33.6
4342.460223631314,33.7
4365.158322401661,33.8
4387.975064443623,34.1
4410.911069907196,34.5
4433.9669621839075,34.6
4457.1433679237725,34.7
4480.4409170523,34.9
4503.860242787635,35.2
4527.40198165776,35.4
4551.0667735177985,35.5
4574.855261567406,35.6
4598.768092368251,35.7
4622.80591586159,35.9
4646.969385385929,36.0
4671.25915769478,36.1
4695.675892974527,36.2
4720.220254862348,36.3
4744.892910464259,36.3
4769.694530373255,36.4
4794.625788687525,36.6
4819.68736302878,37.0
4844.87993456067,37.3
4870.204188007296,37.4
4895.660811671819,37.6
4921.250497455168,37.7
4946.973940874864,37.9
4972.8318410838865,38.0
4998.824900889706,38.1
5024.953826773381,38.2
5051.219328908747,38.2
5077.622121181736,38.2
5104.162921209768,38.2
5130.842450361258,38.1
5157.661433775227,38.0
5184.620600380999,37.9
5211.720682918039,37.8
5238.962417955835,37.7
5266.346545913939,37.6
5293.873811082085,37.4
5321.544961640422,37.0
5349.360749679845,36.5
5377.321931222439,36.2
5405.429266242027,36.0
5433.683518684824,35.8
5462.085456490198,35.5
5490.635851611563,35.1
5519.335480037329,34.7
5548.185121812011,34.5
5577.185561057427,34.2
5606.337585994012,34.0
5635.641988962242,33.7
5665.0995664441625,33.2
5694.7111190850455,32.8
5724.477451715144,32.6
5754.399373371566,32.4
5784.477697320285,32.1
5814.713241078208,31.8
5845.10682643542,31.5
5875.659279477514,31.2
5906.371430608045,31.0
5937.244114571097,30.9
5968.278170473975,30.8
5999.4744418100045,30.6
6030.833776481469,30.4
6062.357026822636,30.3
6094.045049622959,30.2
6125.898706150321,30.1
6157.918862174471,30.0
6190.106387990547,30.0
6222.462158442733,29.9
6254.987052948034,29.9
6287.681955520183,29.9
6320.547754793659,30.0
6353.585344047851,30.0
6386.795621231329,30.1
6420.179488986247,30.3
6453.7378546729,30.4
6487.471630394349,30.4
6521.381733021235,30.4
6555.469084216698,30.4
6589.734610461422,30.4
6624.179243078815,30.4
6658.80391826033,30.4
6693.609577090902,30.5
6728.597165574533,30.5
6763.767634659991,30.6
6799.1219402666875,30.6
6834.661043310619,30.6
6870.385909730507,30.6
6906.297510514049,30.6
6942.39682172431,30.6
6978.684824526248,30.6
7015.162505213385,30.6
7051.830855234612,30.6
7088.690871221135,30.6
7125.7435550135615,30.6
7162.989913689153,30.6
7200.430959589155,30.6
7238.067710346342,30.6
7275.901188912673,30.6
7313.932423587085,30.6
7352.162448043451,30.5
7390.59230135867,30.5
7429.22302804091,30.4
7468.055678057999,30.4
7507.091306865953,30.5
7546.330975437692,30.6
7585.775750291836,30.7
7625.426703521717,30.7
7665.284912824515,30.8
7705.351461530549,30.9
7745.627438632719,31.1
7786.113938816104,31.5
7826.81206248772,31.7
7867.722915806424,31.8
7908.847610712972,31.9
7950.187264960275,32.0
7991.743002143727,32.3
8033.515951731782,32.9
8075.507249096639,33.2
8117.718035545101,33.5
8160.149458349601,33.7
8202.80267077938,33.8
8245.67883213183,34.1
8288.77910776401,34.4
8332.104669124305,34.6
8375.656693784302,34.7
8419.436365470749,34.8
8463.444874097753,34.9
8507.683415799123,35.0
8552.153192960874,35.3
8596.855414253905,35.5
8641.791294666864,35.6
8686.962055539152,35.7
8732.36892459413,35.8
8778.01313597248,36.1
8823.895930265779,36.5
8870.018554550163,36.7
8916.382262420266,36.8
8962.988314023276,36.9
9009.83797609319,37.1
9056.932521985234,37.2
9104.273231710486,37.3
9151.861391970657,37.4
9199.698296193066,37.5
9247.785244565785,37.4
9296.12354407301,37.3
9344.714508530542,37.1
9393.559458621517,37.0
9442.659721932305,36.9
9492.016632988581,36.6
9541.631533291613,36.4
9591.505771354708,36.2
9641.64070273987,36.0
9692.037690094652,35.8
9742.698103189163,35.6
9793.623318953358,35.4
9844.814721514387,35.2
9896.27370223427,35.0
9948.001659747684,34.8
10000.0,34.7
10052.270136285486,34.6
10104.813489285681,34.6
10157.6314871081,34.6
10210.725565324987,34.7
10264.09716701231,34.7
10317.747742788988,34.7
10371.678750856474,34.7
10425.891657038128,34.7
10480.387934819217,34.8
10535.16906538697,34.9
10590.236537670813,35.0
10645.591848382772,35.1
10701.236502058211,35.2
10757.172011096769,35.3
10813.399895803414,35.3
10869.921684429703,35.4
10926.73891321545,35.4
10983.85312643042,35.4
11041.265876416248,35.3
11098.978723628681,35.2
11156.993236680037,35.1
11215.310992381786,35.0
11273.933575787378,34.8
11332.862580235347,34.1
11392.099607392682,33.2
11451.646267298307,32.8
11511.504178406769,32.3
11571.674967632372,31.9
11632.16027039332,31.2
11692.961730656129,30.0
11754.08100098034,28.9
11815.519742563505,27.9
11877.27962528627,26.8
11939.362327757724,25.6
12001.76953736107,24.5
12064.50295029953,23.1
12127.56427164241,21.6
12190.95521537136,21.2
12254.677504427105,21.0
12318.732870756214,20.5
12383.123055358106,19.9
12447.849808332432,19.3
12512.914888926687,18.4
12578.320065583976,17.5
12644.067115991029,17.1
12710.157827126544,16.8
12776.593995309939,16.5
12843.377426249857,16.2
12910.50993509343,16.0
12977.99334647565,15.8
13045.829494568892,15.6
13114.020223132724,15.5
13182.567385564074,15.5
13251.472844947652,15.6
13320.738474106534,15.7
13390.366155652993,15.7
13460.35778203982,15.8
13530.715255611682,15.8
13601.440488656775,15.9
13672.535403458849,16.0
13744.001932349513,16.1
13815.842017760702,16.3
13888.057612277411,16.4
13960.650678690825,16.5
14033.62319005172,16.6
14106.977129724035,16.7
14180.714491438697,16.8
14254.837279347976,16.7
14329.347508079869,16.6
14404.247202792812,16.5
14479.538399230763,16.4
14555.223143778607,16.3
14631.303493517702,16.1
14707.78151628175,15.9
14784.65929071304,15.0
14861.938906319014,14.0
14939.622463529,13.5
15017.712073751207,13.0
15096.209859430292,12.4
15175.117954104964,11.9
15254.438502465904,11.4
15334.173660414117,10.9
15414.325595119602,9.0
15494.896485080177,6.6
15575.88852018064,5.6
15657.303901752315,5.2
15739.1448426331,4.7
15821.413567227246,4.1
15904.112311566014,2.8
15987.243323368504,1.8
16070.808862102673,2.8
16154.811199046684,4.2
16239.252617350698,5.2
16324.135412099,6.2
16409.461890372313,6.8
16495.23437131044,7.3
16581.455186175313,8.0
16668.12667841462,8.5
16755.251203725067,8.7
