10.0,28.1
10.052270136285475,28.1
10.104813489285682,28.1
10.157631487108103,28.1
10.210725565324982,28.1
10.264097167012295,28.2
10.317747742789004,28.3
10.371678750856479,28.3
10.425891657038118,28.3
10.480387934819216,28.3
10.535169065386981,28.3
10.590236537670812,28.5
10.64559184838276,28.6
10.701236502058206,28.6
10.757172011096776,28.6
10.813399895803409,28.6
10.869921684429707,28.6
10.926738913215466,28.7
10.98385312643042,28.8
11.041265876416237,28.8
11.098978723628681,28.8
11.156993236680048,28.8
11.215310992381788,28.9
11.27393357578736,29.0
11.332862580235341,29.0
11.392099607392687,29.0
11.451646267298301,29.0
11.511504178406776,29.0
11.571674967632385,29.0
11.632160270393321,29.0
11.692961730656117,29.0
11.75408100098034,29.1
11.815519742563518,29.1
11.87727962528627,29.1
11.939362327757706,29.2
12.001769537361062,29.3
12.064502950299536,29.3
12.127564271642404,29.3
12.190955215371359,29.3
12.254677504427118,29.3
12.318732870756214,29.3
12.383123055358094,29.4
12.447849808332432,29.5
12.5129148889267,29.5
12.578320065583968,29.5
12.644067115991009,29.5
12.710157827126565,29.5
12.776593995309947,29.5
12.843377426249843,29.7
12.910509935093431,29.8
12.977993346475664,29.8
13.045829494568892,29.8
13.11402022313271,29.8
13.182567385564074,29.8
13.251472844947658,29.8
13.320738474106527,29.9
13.390366155653,30.0
13.460357782039841,30.0
13.530715255611682,30.0
13.601440488656761,30.0
13.672535403458848,30.0
13.744001932349526,30.0
13.815842017760701,30.0
13.888057612277397,30.1
13.960650678690818,30.1
14.033623190051728,30.2
14.10697712972403,30.2
14.180714491438705,30.2
14.25483727934799,30.2
14.32934750807987,30.3
14.404247202792797,30.3
14.479538399230764,30.3
14.55522314377862,30.3
14.631303493517702,30.4
14.707781516281727,30.4
14.784659290713032,30.4
14.861938906319022,30.4
14.939622463528993,30.5
15.017712073751214,30.5
15.096209859430308,30.5
15.175117954104964,30.5
15.254438502465888,30.5
15.334173660414118,30.5
15.414325595119617,30.6
15.494896485080169,30.6
15.575888520180618,30.7
15.65730390175234,30.7
15.73914484263311,30.7
15.821413567227237,30.7
15.904112311566013,30.7
15.98724332336852,30.7
16.070808862102673,30.7
16.154811199046666,30.7
16.239252617350697,30.8
16.324135412099007,30.9
16.409461890372306,31.0
16.495234371310413,31.0
16.58145518617534,31.0
16.668126678414627,31.1
16.755251203725052,31.1
16.84283113011666,31.2
16.930868837977105,31.2
17.01936672013636,31.2
17.108327181931763,31.2
17.197752641273365,31.2
17.28764552870969,31.2
17.378008287493753,31.3
17.4688433736495,31.3
17.560153256038525,31.3
17.651940416427212,31.3
17.744207349554188,31.4
17.836956563198083,31.4
17.93019057824573,31.4
18.023911928760675,31.4
18.118123162052047,31.4
18.21282683874379,31.4
18.30802553284428,31.4
18.403721831816252,31.4
18.499918336647156,31.4
18.59661766191982,31.5
18.69382243588356,31.5
18.791535300525574,31.5
18.889758911642755,31.5
18.98849593891389,31.5
19.08774906597221,31.5
19.187520990478333,31.5
19.287814424193606,31.5
19.388632093053765,31.5
19.48997673724305,31.6
19.591851111268685,31.6
19.69425798403576,31.6
19.79720013892245,31.6
19.90068037385568,31.6
20.004701501387192,31.6
20.109266348769967,31.6
20.214377758035074,31.6
20.320038586068932,31.6
20.426251704690927,31.6
20.533020000731486,31.7
20.64034637611054,31.7
20.748233747916412,31.7
20.856685048485062,31.7
20.965703225479817,31.7
21.075291241971485,31.7
21.185452076518878,31.7
21.296188723249774,31.7
21.407504191942323,31.7
21.519401508106792,31.8
21.631883713067854,31.8
21.744953864047204,31.8
21.858615034246718,31.8
21.972870312931903,31.8
22.087722805515906,31.8
22.203175633643916,31.8
22.319231935278008,31.8
22.435894864782412,31.9
22.553167593009288,31.9
22.671053307384867,31.9
22.789555211996095,31.9
22.908676527677724,31.9
23.028420492099883,31.9
23.148790359856015,32.0
23.26978940255137,32.0
23.391420908891938,32.0
23.51368818477381,32.0
23.63659455337303,32.0
23.760143355235964,32.1
23.884337948370025,32.1
24.009181708334992,32.1
24.134678028334722,32.1
24.260830319309434,32.1
24.387642010028344,32.2
24.515116547182902,32.2
24.64325739548046,32.2
24.772068037738443,32.2
24.901551974979007,32.2
25.031712726524198,32.2
25.162553830091625,32.2
25.294078841890578,32.2
25.426291336718684,32.2
25.559194908059133,32.2
25.692793168178262,32.3
25.827089748223784,32.3
25.96208829832347,32.3
26.097792487684362,32.3
26.234206004692496,32.3
26.371332557013133,32.3
26.5091758716916,32.4
26.647739695254497,32.4
26.787027793811582,32.4
26.9270439531581,32.4
27.06779197887776,32.4
27.209275696446046,32.4
27.351498951334275,32.5
27.494465609114105,32.5
27.638179555562576,32.5
27.782644696767733,32.5
27.92786495923483,32.5
28.07384428999299,32.5
28.220586656702505,32.5
28.368096047762684,32.5
28.516376472420284,32.5
28.66543196087842,32.5
28.815266564406134,32.5
28.965884355448516,32.5
29.11728942773738,32.5
29.26948589640251,32.5
29.42247789808359,32.6
29.57626959104251,32.6
29.730865155276486,32.7
29.88626879263161,32.7
30.04248472691713,32.7
30.19951720402016,32.7
30.357370492021133,32.7
30.516048881309793,32.7
30.675556684701824,32.7
30.835898237556027,32.7
30.99707789789224,32.7
31.15910004650967,32.7
31.321969087106055,32.7
31.485689446397288,32.8
31.650265574237824,32.9
31.815701943741516,32.9
31.98200305140326,32.9
32.14917341722119,32.9
32.31721758481955,32.9
32.486140121572134,32.9
32.655945618726484,32.9
32.82663869152868,32.9
32.99822397934869,32.9
33.170706145806605,32.9
33.34408987889928,32.9
33.51837989112781,32.9
33.69358091962557,32.9
33.86969772628702,32.9
34.04673509789711,32.9
34.224697846261364,32.9
34.40359080833668,33.0
34.58341884636283,33.1
34.764186847994516,33.1
34.94589972643436,33.1
35.12856242056629,33.1
35.312179895089876,33.1
35.496757140655234,33.1
35.68229917399868,33.1
35.86881103807908,33.1
36.05629780221492,33.1
36.24476456222205,33.2
36.434216440552284,33.2
36.6246585864325,33.2
36.81609617600466,33.2
37.00853441246656,33.3
37.2019785262131,33.3
37.39643377497855,33.3
37.591905443979435,33.3
37.788398846058186,33.3
37.985919321827524,33.3
38.184472239815605,33.3
38.384062996612016,33.3
38.584697017014335,33.3
38.786379754175634,33.3
38.98911668975273,33.3
39.1929133340551,33.3
39.39777522619469,33.3
39.60370793423646,33.3
39.810717055349734,33.3
40.0188082159603,33.3
40.227987071903335,33.3
40.43825930857721,33.3
40.64963064109788,33.3
40.8621068144543,33.4
41.075693603664625,33.4
41.29039681393302,33.5
41.506222280807584,33.6
41.72317587033889,33.6
41.94126347923944,33.6
42.16049103504393,33.6
42.38086449627034,33.6
42.60238985258197,33.6
42.825073124950116,33.6
43.04892036581776,33.6
43.27393765926414,33.6
43.500131121170035,33.6
43.727506899384,33.6
43.956071173889484,33.6
44.18583015697281,33.6
44.416790093392,33.6
44.648957260546474,33.6
44.88233796864779,33.6
45.116938560890986,33.6
45.35276541362708,33.6
45.58982493653644,33.6
45.82812357280281,33.6
46.067667799288614,33.6
46.308464126710895,33.6
46.55051909981832,33.6
46.793839297569036,33.6
47.03843133330949,33.6
47.28430185495417,33.6
47.531457545166376,33.6
47.77990512153967,33.6
48.02965133678067,33.6
48.28070297889241,33.6
48.53306687135893,33.6
48.78674987333074,33.6
49.041758879811184,33.7
49.298100821843896,33.7
49.55578266670119,33.7
49.81481141807335,33.7
50.07519411625915,33.7
50.336937838356974,33.7
50.60004969845742,33.7
50.86453684783644,33.7
51.13040647514984,33.7
51.39766580662862,33.7
51.66632210627541,33.7
51.93638267606184,33.7
52.20785485612707,33.7
52.48074602497726,33.7
52.75506359968615,33.7
53.030815036096584,33.7
53.308007829023246,33.7
53.58664951245627,33.7
53.866747659766084,33.7
54.148309883909214,33.7
54.431343837635225,33.8
54.7158572136947,33.8
55.00185774504835,33.8
55.28935320507712,33.8
55.57835140779364,33.8
55.86886020805435,33.8
56.160887501773274,33.8
56.45444122613637,33.8
56.74952935981742,33.8
57.04615992319485,33.8
57.34434097856969,33.8
57.64408063038476,33.8
57.94538702544487,33.8
58.24826835313831,33.8
58.552732845659456,33.8
58.85878877823242,33.8
59.166444469336014,33.8
59.475708280929936,33.8
59.786588618681876,33.8
60.0990939321961,33.8
60.41323271524305,33.8
60.72901350599024,33.9
61.046444887234294,33.9
61.365535486634215,33.9
61.686293976945976,33.9
62.008729076258064,33.9
62.332849548228545,33.9
62.658664202323344,33.9
62.98618189405547,33.9
63.315411525225876,33.9
63.64636204416533,33.9
63.979042445977655,33.9
64.31346177278421,33.9
64.64962911396958,33.9
64.98755360642885,33.9
65.32724443481563,34.0
65.66871083179183,34.0
66.01196207827876,34.0
66.35700750370908,34.0
66.7038564862806,34.0
67.05251845321108,34.0
67.40300288099445,34.0
67.75531929565844,34.0
68.1094772730234,34.0
68.46548643896274,34.0
68.82335646966433,34.0
69.18309709189363,34.0
69.54471808325809,34.0
69.90822927247277,34.0
70.27364053962762,34.0
70.6409618164559,34.0
71.01020308660422,34.0
71.38137438590384,34.0
71.75448580264342,34.0
72.12954747784322,34.0
72.50656960553087,34.0
72.88556243301818,34.0
73.26653626117992,34.0
73.64950144473359,34.0
74.03446839252094,34.0
74.42144756779092,34.0
74.810449488484,34.0
75.20148472751808,34.0
75.59456391307583,34.0
75.98969772889355,34.0
76.38689691455168,34.0
76.78617226576647,34.0
77.18753463468363,34.0
77.59099493017311,34.0
77.99656411812569,34.0
78.404253221751,34.0
78.8140733218772,34.0
79.226035557252,34.0
79.64015112484554,34.0
80.05643128015467,34.0
80.47488733750892,34.0
80.89553067037787,34.0
81.31837271168051,34.0
81.74342495409579,34.0
82.170698950375,34.0
82.60020631365589,34.0
83.03195871777821,34.0
83.46596789760103,34.0
83.90224564932171,34.0
84.34080383079642,34.0
84.78165436186265,34.0
85.22480922466286,34.0
85.67028046397054,34.0
86.11808018751721,34.0
86.56822056632171,34.0
87.020713835021,34.0
87.47557229220259,34.0
87.93280830073893,34.0
88.39243428812335,34.0
88.85446274680783,34.0
89.31890623454267,34.0
89.78577737471758,34.0
90.25508885670492,34.0
90.72685343620469,34.1
91.20108393559097,34.1
91.67779324426061,34.1
92.15699431898352,34.1
92.63870018425483,34.1
93.12292393264887,34.1
93.60967872517497,34.1
94.09897779163542,34.1
94.5908344309847,34.1
95.0852620116911,34.1
95.58227397210023,34.1
96.08188382079996,34.1
96.5841051369878,34.1
97.08895157083991,34.1
97.59643684388209,34.1
98.10657474936274,34.1
98.61937915262773,34.1
99.13486399149741,34.1
99.65304327664518,34.1
100.17393109197839,34.1
100.69754159502135,34.1
101.22388901729977,34.1
101.75298766472777,34.1
102.28485191799675,34.1
102.81949623296607,34.1
103.35693514105618,34.1
103.89718324964329,34.1
104.44025524245698,34.1
104.98616587997819,34.1
105.53492999984189,34.1
106.08656251723878,34.1
106.64107842532215,34.1
107.19849279561431,34.1
107.75882077841675,34.1
108.32207760322176,34.1
108.88827857912626,34.1
109.45743909524856,34.1
110.02957462114523,34.1
110.60470070723336,34.1
111.18283298521138,34.1
111.76398716848561,34.1
112.3481790525961,34.1
112.93542451564652,34.1
113.5257395187356,34.1
114.11914010639099,34.1
114.71564240700522,34.1
115.3152626332741,34.1
115.91801708263789,34.1
116.52392213772293,34.1
117.13299426678874,34.1
117.74525002417371,34.1
118.36070605074681,34.1
118.97937907435858,34.1
119.60128591029638,34.1
120.22644346174131,34.1
120.85486872022751,34.1
121.4865787661046,34.1
122.12159076900052,34.1
122.75992198829012,34.1
123.40158977356222,34.1
124.04661156509306,34.1
124.69500489431896,34.1
125.34678738431336,34.1
126.00197675026583,34.1
126.6605907999634,34.1
127.3226474342747,34.1
127.98816464763628,34.1
128.6571605285424,34.1
129.32965326003517,34.1
130.00566112020084,34.1
130.68520248266435,34.1
131.36829581709074,34.1
132.05495968968575,34.1
132.74521276370103,34.1
133.43907379994133,34.1
134.1365616572744,34.1
134.83769529314347,34.1
135.54249376408254,34.1
136.25097622623485,34.1
136.96316193587217,34.1
137.67907024992007,34.1
138.39872062648203,34.1
139.1221326253702,34.1
139.84932590863562,34.1
140.58032024110324,34.1
141.31513549090906,34.1
142.05379163003997,34.1
142.7963087348772,34.1
143.5427069867405,34.1
144.29300667243896,34.1
145.04722818481977,34.1
145.80539202332486,34.1
146.56751879454652,34.1
147.333629212788,34.1
148.1037441006266,34.1
148.87788438947953,34.1
149.65607112017267,34.1
150.43832544351253,34.1
151.2246686208618,34.1
152.01512202471548,34.1
152.80970713928414,34.1
153.6084455610754,34.1
154.41135899948313,34.1
155.218469277376,34.1
156.02979833169113,34.1
156.8453682140304,34.1
157.66520109125955,34.1
158.48931924611142,34.1
159.3177450777899,34.1
160.15050110258113,34.1
160.9876099544629,34.1
161.82909438572216,34.1
162.67497726757185,34.1
163.52528159077312,34.1
164.38003046626017,34.1
165.23924712576837,34.1
166.1029549224657,34.1
166.97117733158728,34.1
167.8439379510743,34.1
168.72126050221348,34.1
169.60316883028446,34.1
170.48968690520502,34.1
171.38083882218535,34.1
172.27664880238083,34.1
173.17714119355136,34.1
174.08234047072295,34.1
174.99227123685273,34.1
175.9069582234984,34.1
176.82642629148881,34.1
177.75070043160196,34.1
178.67980576524164,34.1
179.61376754512278,34.1
180.55261115595593,34.1
181.49636211513797,34.1
182.44504607344558,34.1
183.39868881573247,34.1
184.35731626163007,34.1
185.3209544662519,34.1
186.28962962090262,34.1
187.26336805378796,34.1
188.24219623073301,34.1
189.2261407558986,34.1
190.21522837250714,34.1
191.20948596356752,34.1
192.20894055260666,34.1
193.21361930440384,34.1
194.22354952572874,34.1
195.2387586660848,34.1
196.25927431845295,34.1
197.28512422004457,34.1
198.31633625305224,34.1
199.35293844541056,34.1
200.39495897155572,34.1
201.4424261531923,34.1
202.4953684600627,34.1
203.55381451072122,34.1
204.6177930733116,34.1
205.6873330663489,34.1
206.76246355950653,34.1
207.84321377440395,34.1
208.92961308540407,34.1
210.02169102040844,34.1
211.11947726166272,34.1
212.22300164656127,34.1
213.33229416845913,34.1
214.447384977487,34.1
215.5683043813707,34.1
216.69508284625502,34.1
217.8277509975314,34.1
218.9663396206716,34.1
220.1108796620618,34.1
221.26140222984722,34.1
222.41793859477394,34.1
223.5805201910423,34.1
224.74917861715863,34.1
225.9239456367954,34.1
227.10485317965416,34.1
228.29193334233327,34.1
229.48521838920135,34.1
230.68474075327168,34.1
231.89053303708724,34.1
233.102628013603,34.1
234.32105862708036,34.1
235.5458579939798,34.1
236.77705940386227,34.1
238.0146963202937,34.1
239.25880238175446,34.1
240.50941140255387,34.1
241.76655737374873,34.1
243.03027446406858,34.1
244.30059702084168,34.1
245.57755957093218,34.1
246.86119682167464,34.1
248.1515436618211,34.1
249.44863516248657,34.1
250.75250657810346,34.1
252.0631933473797,34.1
253.3807310942614,34.1
254.7051556289027,34.1
256.03650294863604,34.1
257.3748092389545,34.0
258.72011087449107,34.0
260.0724444200114,34.0
261.4318466314045,34.0
262.79835445668317,34.0
264.17200503698814,34.0
265.5528357075972,34.0
266.94088399894025,34.0
268.336187637619,34.0
269.7387845474336,34.0
271.1487128504106,34.0
272.56601086784315,34.0
273.9907171213279,34.0
275.4228703338166,34.0
276.86250943066517,33.9
278.30967354069315,33.9
279.764401997247,33.9
281.2267343392687,33.9
282.6967103123723,33.9
284.1743698699204,33.9
285.65975317411466,33.9
287.152900597083,33.9
288.6538527219809,33.9
290.16265034409145,33.9
291.67933447193553,33.9
293.203946328386,33.9
294.7365273517884,33.9
296.27711919708696,33.9
297.8257637369567,33.9
299.38250306294265,33.9
300.947379486601,33.9
302.52043554065347,33.9
304.1017139801383,33.9
305.69125778357716,33.9
307.2891101541398,33.9
308.8953145208197,33.9
310.5099145396145,33.8
312.1329540947119,33.8
313.76447729968413,33.8
315.40452849868336,33.8
317.0531522676519,33.7
318.71039341552853,33.7
320.3762969854716,33.7
322.05090825607795,33.7
323.7342727426186,33.7
325.4264361982722,33.7
327.1274446153702,33.7
328.83734422664674,33.7
330.55618150649445,33.6
332.28400317222986,33.6
334.02085618535915,33.6
335.76678775285944,33.6
337.52184532845695,33.6
339.28607661392135,33.6
341.0595295603587,33.6
342.84225236951676,33.6
344.63429349509414,33.6
346.4357016440579,33.6
348.24652577796684,33.6
350.06681511430224,33.6
351.8966191278073,33.6
353.7359875518278,33.6
355.5849703796693,33.6
357.44361786595016,33.6
359.3119805279728,33.6
361.1901091470929,33.6
363.0780547701014,33.6
364.9758687106112,33.6
366.8836025504522,33.6
368.80130814107446,33.6
370.72903760495365,33.6
372.66684333701346,33.6
374.6147780060434,33.6
376.57289455613636,33.6
378.54124620812286,33.6
380.5198864610201,33.7
382.50886909348526,33.7
384.5082481652772,33.7
386.51807801872604,33.7
388.53841328020957,33.7
390.56930886163985,33.7
392.6108199619517,33.7
394.6630020686084,33.7
396.7259109591041,33.7
398.7996027024853,33.7
400.8841336608706,33.7
402.9795604909844,33.7
405.0859401456969,33.7
407.20332987557106,33.8
409.331787230421,33.8
411.4713700608718,33.8
413.6221365199375,33.8
415.78414506459575,33.8
417.95745445738237,33.8
420.1421237679842,33.8
422.33821237484636,33.8
424.5457799667861,33.8
426.76488654461485,33.8
428.9955924227691,33.8
431.23795823094935,33.8
433.49204491576995,33.8
435.7579137424112,33.8
438.0356262962907,33.8
440.3252444847303,33.8
442.62683053864555,33.7
444.9404470142319,33.7
447.2661567946673,33.6
449.60402309182115,33.6
451.9541094479714,33.6
454.3164797375345,33.6
456.6911981687959,33.6
459.0783292856624,33.6
461.4779379694089,33.6
463.89008944044906,33.6
466.31484926010245,33.6
468.7522833323791,33.6
471.20245790577025,33.6
473.6654395750488,33.6
476.14129528307956,33.6
478.630092322638,33.6
481.1318983382419,33.6
483.6467813279844,33.6
486.1748096453894,33.6
488.7160520012619,33.6
491.27057746556244,33.6
493.8384554692794,33.6
496.4197558063182,33.6
499.01454863539806,33.6
501.6229044819588,33.6
504.24489424007766,33.5
506.88058917439554,33.4
509.53006092205686,33.3
512.1933814946506,33.3
514.8706232801756,33.3
517.5618590449992,33.3
520.2671619358439,33.3
522.9866054817683,33.3
525.7202635961694,33.3
528.4682105787901,33.3
531.230521117739,33.3
534.0072702915224,33.3
536.7985335710792,33.3
539.6043868218401,33.3
542.4249063057814,33.3
545.2601686835053,33.3
548.1102510163182,33.3
550.9752307683272,33.3
553.8551858085453,33.3
556.7501944130083,33.2
559.6603352669016,33.1
562.5856874666987,33.1
565.5263305223134,33.1
568.4823443592555,33.1
571.4538093208106,33.1
574.4408061702153,33.1
577.4434160928608,33.1
580.4617206984933,33.1
583.4958020234345,33.1
586.5457425328113,33.1
589.6116251227962,33.1
592.6935331228639,33.1
595.7915502980484,33.1
598.9057608512304,33.1
602.0362494254149,33.1
605.1831011060411,33.1
608.3464014232891,33.1
611.5262363544065,33.1
614.7226923260454,33.0
617.9358562166111,33.0
621.1658153586235,32.9
624.4126575410903,32.9
627.6764710118958,32.9
630.957344480193,32.9
634.2553671188238,32.9
637.5706285667327,32.9
640.9032189314127,32.9
644.2532287913472,32.9
647.6207491984753,32.9
651.0058716806659,32.9
654.4086882442045,32.9
657.8292913762976,32.9
661.2677740475787,32.9
664.7242297146454,32.9
668.1987523225889,32.9
671.6914363075575,32.9
675.2023765993158,32.9
678.7316686238282,32.9
682.2794083058518,32.9
685.8456920715438,32.8
689.4306168510824,32.7
693.0342800813003,32.7
696.6567797083366,32.7
700.2982141902914,32.7
703.9586824999124,32.7
707.6382841272731,32.7
711.3371190824884,32.7
715.0552878984242,32.7
718.7928916334344,32.7
722.5500318741055,32.7
726.3268107380181,32.7
730.123330876526,32.7
733.9396954775374,32.7
737.7760082683312,32.7
741.6323735183645,32.7
745.508896042117,32.7
749.4056812019327,32.7
753.3228349108862,32.8
757.2604636356614,32.8
761.2186743994453,32.8
765.1975747848361,32.8
769.1972729367671,32.8
773.2178775654501,32.8
777.2594979493206,32.8
781.3222439380205,32.8
785.406225955371,32.8
789.5115550023859,32.8
793.6383426602791,32.9
797.7867010935024,32.9
801.9567430527921,32.9
806.1485818782347,32.9
810.3623315023465,32.9
814.59810645317,32.9
818.8560218573906,32.9
823.1361934434566,32.9
827.4387375447371,32.8
831.7637711026708,32.8
836.1114116699566,32.8
840.4817774137397,32.8
844.8749871188272,32.7
849.2911601909162,32.7
853.7304166598383,32.7
858.1928771828257,32.7
862.6786630477819,32.7
867.1878961765907,32.7
871.7206991284164,32.8
876.2771951030477,32.9
880.8575079442367,32.9
885.4617621430697,32.9
890.0900828413493,32.9
894.742595834996,32.9
899.4194275774676,32.9
904.1207051831946,32.9
908.8465564310401,33.0
913.5971097677627,33.1
918.3724943115215,33.1
923.1728398553701,33.1
927.998276870799,33.1
932.8489365112713,33.1
937.7249506157918,33.2
942.6264517124897,33.3
947.5535730222193,33.3
952.5064484621864,33.3
957.4852126495767,33.3
962.4900009052299,33.3
967.5209492573013,33.4
972.5781944449744,33.5
977.6618739221665,33.6
982.772125861269,33.6
987.9090891569025,33.6
993.0729034296917,33.6
998.26370903006,33.6
1003.4816470420445,33.6
1008.7268592871307,33.6
1013.9994883281055,33.6
1019.2996774729368,33.6
1024.627570778662,33.7
1029.9833130553077,33.8
1035.3670498698243,33.8
1040.778927550043,33.8
1046.219093188652,33.8
1051.687694647196,33.8
1057.1848805600926,33.9
1062.7108003386745,34.0
1068.2656041752484,34.0
1073.849443047181,34.0
1079.4624687209969,34.0
1085.104833756507,34.0
1090.7766915109553,34.0
1096.4781961431852,34.0
1102.2095026178308,34.0
1107.9707667095288,34.0
1113.7621450071517,34.1
1119.5837949180645,34.1
1125.4358746724013,34.1
1131.3185433273702,34.1
1137.231960771571,34.1
1143.1762877293438,34.1
1149.1516857651375,34.1
1155.1583172879002,34.1
1161.1963455554942,34.1
1167.2659346791324,34.1
1173.3672496278396,34.1
1179.5004562329357,34.0
1185.6657211925422,33.9
1191.8632120761172,33.9
1198.0930973290035,33.9
1204.355546277011,33.9
1210.650729131018,33.9
1216.9788169915967,33.9
1223.3399818536654,33.9
1229.7343966111616,33.9
1236.162235061742,33.9
1242.6236719115057,34.0
1249.1188827797416,34.0
1255.6480442037073,34.0
1262.2113336434193,34.0
1268.8089294864806,34.0
1275.4410110529293,34.0
1282.1077586001115,34.0
1288.8093533275808,34.0
1295.5459773820237,34.0
1302.3178138622095,33.9
1309.1250468239675,33.8
1315.967861285188,33.8
1322.8464432308563,33.8
1329.7609796180998,33.8
1336.7116583812742,33.8
1343.6986684370715,33.7
1350.7221996896535,33.7
1357.782443035813,33.6
1364.879590370164,33.6
1372.0138345903551,33.6
1379.1853696023147,33.6
1386.3943903255179,33.5
1393.6410926982915,33.4
1400.9256736831292,33.3
1408.248331272053,33.3
1415.6092644919916,33.3
1423.0086734101894,33.3
1430.4467591396458,33.3
1437.9237238445805,33.3
1445.439770745928,33.3
1452.9951041268616,33.2
1460.589929338344,33.1
1468.224452804715,33.1
1475.898882029292,33.1
1483.6134256000173,33.1
1491.3682931951248,33.1
1499.1636955888393,33.1
1506.999844657106,33.1
1514.8769533833477,33.1
1522.7952358642551,33.1
1530.754907315605,33.1
1538.7561840781082,33.1
1546.799283623296,33.1
1554.8844245594228,33.1
1563.0118266374113,33.1
1571.181710756826,33.1
1579.3942989718767,33.1
1587.649814497453,33.1
1595.9484817151922,33.1
1604.2905261795772,33.1
1612.6761746240677,33.1
1621.1056549672617,33.1
1629.5791963190893,33.1
1638.097028987047,33.1
1646.6593844824454,33.1
1655.266495526711,33.1
1663.9185960577072,33.1
1672.6159212360947,33.1
1681.3587074517213,33.1
1690.1471923300487,33.1
1698.9816147386093,33.1
1707.8622147934998,33.1
1716.789233865905,33.1
1725.7629145886658,33.1
1734.7835008628629,33.1
1743.8512378644525,33.1
1752.9663720509295,33.1
1762.1291511680254,33.1
1771.3398242564415,33.0
1780.598641658619,33.0
1789.9058550255418,32.9
1799.2617173235774,32.9
1808.6664828413498,32.8
1818.1204071966588,32.8
1827.6237473434162,32.8
1837.1767615786375,32.7
1846.7797095494598,32.7
1856.4328522602,32.6
1866.1364520794475,32.6
1875.8907727471963,32.6
1885.6960793820124,32.6
1895.552638488241,32.5
1905.4607179632462,32.4
1915.4205871047022,32.3
1925.4325166178992,32.3
1935.4967786231095,32.2
1945.6136466629825,32.2
1955.783395709978,32.1
1966.006302173841,32.0
1976.282643909114,31.9
1986.6127002226892,31.8
1996.996751881399,31.7
2007.4350811196462,31.6
2017.927971647083,31.6
2028.4757086563097,31.5
2039.078578830634,31.5
2049.736870351861,31.4
2060.4508729081267,31.4
2071.22087770177,31.3
2082.0471774572497,31.2
2092.9300664290977,31.1
2103.8698404099196,31.0
2114.8667967384304,30.9
2125.9212343075446,30.8
2137.0334535724887,30.6
2148.2037565589744,30.6
2159.4324468714053,30.5
2170.71982970113,30.5
2182.0662118347364,30.4
2193.4719016623894,30.3
2204.937209186215,30.1
2216.4624460287228,30.0
2228.0479254412767,29.9
2239.6939623126154,29.8
2251.4008731773993,29.7
2263.168976224821,29.5
2274.9985913072546,29.3
2286.890039948944,29.1
2298.843645354747,29.1
2310.8597324189163,29.0
2322.9386277339318,28.9
2335.0806595993763,28.7
2347.2861580308577,28.5
2359.5554547689862,28.3
2371.8888832883777,28.2
2384.2867788067265,28.1
2396.7494782939148,28.0
2409.2773204811715,27.8
2421.8706458702773,27.6
2434.5297967428205,27.4
2447.2551171695004,27.3
2460.0469530194778,27.2
2472.905651969775,27.1
2485.8315635147337,26.9
2498.825038975499,26.7
2511.88643150958,26.6
2525.0160961204438,26.5
2538.2143896671673,26.3
2551.481670874133,26.2
2564.8183003407817,26.1
2578.224640551411,26.1
2591.7010558850307,26.0
2605.247912625263,25.9
2618.8655789702975,25.8
2632.5544250429093,25.7
2646.314822900502,25.6
2660.14714654523,25.5
2674.051771934164,25.3
2688.029076989506,25.2
2702.079441608862,25.0
2716.20324767557,24.9
2730.400879069075,24.8
2744.6727216753675,24.7
2759.0191633974646,24.5
2773.440594165967,24.2
2787.9374059496395,24.0
2802.509992766076,23.9
2817.1587506924047,23.8
2831.8840778760564,23.7
2846.686374545581,23.5
2861.5660430215316,23.1
2876.5234877273942,22.7
2891.5591152005823,22.6
2906.6733341034837,22.5
2921.8665552345788,22.4
2937.139191539587,22.3
2952.4916581227058,22.2
2967.9243722578863,22.1
2983.4377534001765,22.1
2999.0322231971227,22.0
3014.7082055002275,21.9
3030.466126376471,21.8
3046.306414119893,21.8
3062.229499263226,21.7
3078.2358145896155,21.6
3094.325795144359,21.6
3110.4998782467446,21.5
3126.7585035019356,21.4
3143.1021128129173,21.3
3159.5311503925072,21.2
3176.0460627754296,21.1
3192.6472988304513,21.1
3209.335309772584,21.0
3226.1105491753406,20.9
3242.973472983081,20.8
3259.924539523382,20.7
3276.9642095195077,20.6
3294.0929461029286,20.5
3311.311214825911,20.4
3328.6194836741684,20.3
3346.018223079582,20.2
3363.507905932988,20.2
3381.089007597027,20.1
3398.762005919066,20.0
3416.527381244194,20.0
3434.385616428264,20.0
3452.337196851022,20.0
3470.382610429304,20.0
3488.5223476302926,19.9
3506.7569014848486,19.8
3525.0867676009134,19.8
3543.512444176976,19.8
3562.034432015617,19.8
3580.6532345371147,19.8
3599.369357793143,19.8
3618.1833104805046,19.8
3637.095603954969,19.8
3656.1067522451726,19.8
3675.2172720665826,19.8
3694.4276828355482,19.8
3713.738506683413,19.8
3733.1502684707093,19.8
3752.6634958014215,19.8
3772.2787190373247,19.8
3791.9964713124127,19.8
3811.817288547367,19.9
3831.7417094641373,20.0
3851.7702756005806,20.1
3871.9035313251793,20.2
3892.1420238518376,20.2
3912.4863032547537,20.4
3932.936922483372,20.5
3953.4944373774106,20.7
3974.1594066819653,21.0
3994.9323920627126,21.2
4015.8139581211503,21.4
4036.8046724099613,21.5
4057.9051054484326,21.6
4079.115830737964,21.9
4100.437424777656,22.1
4121.870467079975,22.2
4143.41554018651,22.3
4165.0732296838005,22.4
4186.844124219257,22.5
4208.728815517151,22.6
4230.72789839472,22.8
4252.841970778305,22.9
4275.071633719623,23.0
4297.417491412092,23.1
4319.880151207261,23.2
4342.460223631314,23.5
4365.158322401661,23.7
4387.975064443623,23.8
4410.911069907196,23.9
4433.9669621839075,24.0
4457.1433679237725,24.1
4480.4409170523,24.3
4503.860242787635,24.4
4527.40198165776,24.6
4551.0667735177985,24.7
4574.855261567406,24.8
4598.768092368251,25.0
4622.80591586159,25.1
4646.969385385929,25.3
4671.25915769478,25.4
4695.675892974527,25.6
4720.220254862348,25.8
4744.892910464259,26.2
4769.694530373255,26.6
4794.625788687525,26.9
4819.68736302878,27.0
4844.87993456067,27.2
4870.204188007296,27.4
4895.660811671819,27.5
4921.250497455168,27.7
4946.973940874864,27.8
4972.8318410838865,27.9
4998.824900889706,28.1
5024.953826773381,28.2
5051.219328908747,28.3
5077.622121181736,28.4
5104.162921209768,28.6
5130.842450361258,28.7
5157.661433775227,28.8
5184.620600380999,29.0
5211.720682918039,29.1
5238.962417955835,29.2
5266.346545913939,29.4
5293.873811082085,29.5
5321.544961640422,29.6
5349.360749679845,29.5
5377.321931222439,29.4
5405.429266242027,29.2
5433.683518684824,28.8
5462.085456490198,28.2
5490.635851611563,27.7
5519.335480037329,27.5
5548.185121812011,27.3
5577.185561057427,27.1
5606.337585994012,26.7
5635.641988962242,26.4
5665.0995664441625,26.2
5694.7111190850455,26.0
5724.477451715144,25.8
5754.399373371566,25.6
5784.477697320285,25.5
5814.713241078208,25.3
5845.10682643542,25.1
5875.659279477514,24.9
5906.371430608045,24.7
5937.244114571097,24.6
5968.278170473975,24.4
5999.4744418100045,24.2
6030.833776481469,24.0
6062.357026822636,23.8
6094.045049622959,23.7
6125.898706150321,23.5
6157.918862174471,23.3
6190.106387990547,23.1
6222.462158442733,22.9
6254.987052948034,22.9
6287.681955520183,22.9
6320.547754793659,22.9
6353.585344047851,22.8
6386.795621231329,22.7
6420.179488986247,22.6
6453.7378546729,22.6
6487.471630394349,22.5
6521.381733021235,22.5
6555.469084216698,22.4
6589.734610461422,22.4
6624.179243078815,22.4
6658.80391826033,22.4
6693.609577090902,22.4
6728.597165574533,22.5
6763.767634659991,22.6
6799.1219402666875,22.7
6834.661043310619,22.8
6870.385909730507,22.8
6906.297510514049,22.9
6942.39682172431,22.9
6978.684824526248,23.0
7015.162505213385,23.1
7051.830855234612,23.1
7088.690871221135,23.1
7125.7435550135615,23.1
7162.989913689153,23.1
7200.430959589155,23.1
7238.067710346342,23.1
7275.901188912673,23.1
7313.932423587085,23.1
7352.162448043451,23.1
7390.59230135867,23.1
7429.22302804091,23.1
7468.055678057999,23.1
7507.091306865953,23.2
7546.330975437692,23.5
7585.775750291836,23.9
7625.426703521717,24.0
7665.284912824515,24.0
7705.351461530549,24.1
7745.627438632719,24.2
7786.113938816104,24.3
7826.81206248772,24.5
7867.722915806424,24.8
7908.847610712972,25.2
7950.187264960275,25.7
7991.743002143727,26.0
8033.515951731782,26.1
8075.507249096639,26.3
8117.718035545101,26.5
8160.149458349601,26.9
8202.80267077938,27.5
8245.67883213183,27.9
8288.77910776401,28.0
8332.104669124305,28.2
8375.656693784302,28.4
8419.436365470749,28.8
8463.444874097753,29.2
8507.683415799123,29.5
8552.153192960874,29.6
8596.855414253905,29.7
8641.791294666864,29.9
8686.962055539152,30.1
8732.36892459413,30.3
8778.01313597248,30.4
8823.895930265779,30.5
8870.018554550163,30.6
8916.382262420266,30.7
8962.988314023276,30.9
9009.83797609319,31.0
9056.932521985234,31.1
9104.273231710486,31.2
9151.861391970657,31.2
9199.698296193066,31.2
9247.785244565785,31.2
9296.12354407301,31.2
9344.714508530542,31.1
9393.559458621517,30.7
9442.659721932305,30.3
9492.016632988581,30.1
9541.631533291613,30.0
9591.505771354708,29.8
9641.64070273987,29.4
9692.037690094652,28.9
9742.698103189163,28.3
9793.623318953358,27.0
9844.814721514387,25.7
9896.27370223427,25.3
9948.001659747684,24.9
10000.0,24.3
10052.270136285486,24.0
10104.813489285681,23.8
10157.6314871081,23.0
10210.725565324987,22.4
10264.09716701231,22.3
10317.747742788988,22.1
10371.678750856474,21.9
10425.891657038128,21.7
10480.387934819217,21.3
10535.16906538697,21.0
10590.236537670813,20.9
10645.591848382772,20.8
10701.236502058211,20.6
10757.172011096769,20.5
10813.399895803414,20.2
10869.921684429703,19.8
10926.73891321545,19.5
10983.85312643042,19.3
11041.265876416248,19.2
11098.978723628681,19.0
11156.993236680037,18.6
11215.310992381786,18.2
11273.933575787378,17.8
11332.862580235347,17.6
11392.099607392682,17.4
11451.646267298307,16.9
11511.504178406769,16.3
11571.674967632372,16.1
11632.16027039332,15.9
11692.961730656129,15.7
11754.08100098034,15.5
11815.519742563505,15.3
11877.27962528627,15.1
11939.362327757724,15.1
12001.76953736107,15.0
12064.50295029953,14.9
12127.56427164241,14.7
12190.95521537136,14.4
12254.677504427105,14.2
12318.732870756214,14.0
12383.123055358106,13.3
12447.849808332432,12.4
12512.914888926687,11.9
12578.320065583976,11.1
12644.067115991029,10.5
12710.157827126544,10.0
12776.593995309939,8.6
12843.377426249857,7.2
12910.50993509343,6.6
12977.99334647565,6.0
13045.829494568892,5.6
13114.020223132724,5.2
13182.567385564074,4.1
13251.472844947652,2.9
13320.738474106534,2.4
13390.366155652993,2.4
13460.35778203982,2.6
13530.715255611682,2.9
13601.440488656775,3.2
13672.535403458849,3.6
13744.001932349513,4.1
13815.842017760702,4.6
13888.057612277411,5.2
13960.650678690825,5.8
14033.62319005172,6.1
14106.977129724035,6.3
14180.714491438697,6.4
14254.837279347976,6.5
14329.347508079869,6.5
14404.247202792812,6.6
14479.538399230763,6.6
14555.223143778607,6.5
14631.303493517702,6.2
14707.78151628175,6.0
14784.65929071304,5.4
14861.938906319014,4.6
14939.622463529,3.9
15017.712073751207,3.3
15096.209859430292,2.8
15175.117954104964,2.3
15254.438502465904,2.0
15334.173660414117,1.7
15414.325595119602,1.5
15494.896485080177,1.2
15575.88852018064,0.9
15657.303901752315,0.6
15739.1448426331,0.5
15821.413567227246,0.7
15904.112311566014,0.9
15987.243323368504,1.1
16070.808862102673,1.2
16154.811199046684,1.3
16239.252617350698,1.4
16324.135412099,1.4
16409.461890372313,1.5
16495.23437131044,1.5
16581.455186175313,1.5
16668.12667841462,1.4
16755.251203725067,1.3
