10.0,59.1
10.052270136285475,59.1
10.104813489285682,59.1
10.157631487108103,59.1
10.210725565324982,59.1
10.264097167012295,59.1
10.317747742789004,59.1
10.371678750856479,59.1
10.425891657038118,59.1
10.480387934819216,59.1
10.535169065386981,59.1
10.590236537670812,59.1
10.64559184838276,59.1
10.701236502058206,59.1
10.757172011096776,59.1
10.813399895803409,59.1
10.869921684429707,59.1
10.926738913215466,59.1
10.98385312643042,59.1
11.041265876416237,59.1
11.098978723628681,59.2
11.156993236680048,59.3
11.215310992381788,59.3
11.27393357578736,59.3
11.332862580235341,59.3
11.392099607392687,59.3
11.451646267298301,59.3
11.511504178406776,59.3
11.571674967632385,59.3
11.632160270393321,59.3
11.692961730656117,59.3
11.75408100098034,59.3
11.815519742563518,59.3
11.87727962528627,59.3
11.939362327757706,59.3
12.001769537361062,59.3
12.064502950299536,59.3
12.127564271642404,59.3
12.190955215371359,59.3
12.254677504427118,59.3
12.318732870756214,59.3
12.383123055358094,59.3
12.447849808332432,59.4
12.5129148889267,59.5
12.578320065583968,59.5
12.644067115991009,59.5
12.710157827126565,59.5
12.776593995309947,59.5
12.843377426249843,59.5
12.910509935093431,59.5
12.977993346475664,59.5
13.045829494568892,59.5
13.11402022313271,59.5
13.182567385564074,59.5
13.251472844947658,59.5
13.320738474106527,59.5
13.390366155653,59.5
13.460357782039841,59.5
13.530715255611682,59.5
13.601440488656761,59.5
13.672535403458848,59.5
13.744001932349526,59.5
13.815842017760701,59.5
13.888057612277397,59.5
13.960650678690818,59.5
14.033623190051728,59.5
14.10697712972403,59.5
14.180714491438705,59.5
14.25483727934799,59.5
14.32934750807987,59.5
14.404247202792797,59.5
14.479538399230764,59.5
14.55522314377862,59.5
14.631303493517702,59.5
14.707781516281727,59.5
14.784659290713032,59.5
14.861938906319022,59.5
14.939622463528993,59.5
15.017712073751214,59.7
15.096209859430308,59.8
15.175117954104964,59.8
15.254438502465888,59.8
15.334173660414118,59.8
15.414325595119617,59.8
15.494896485080169,59.8
15.575888520180618,59.8
15.65730390175234,59.8
15.73914484263311,59.8
15.821413567227237,59.8
15.904112311566013,59.8
15.98724332336852,59.8
16.070808862102673,59.8
16.154811199046666,59.8
16.239252617350697,59.8
16.324135412099007,59.8
16.409461890372306,59.8
16.495234371310413,59.8
16.58145518617534,59.8
16.668126678414627,59.8
16.755251203725052,59.8
16.84283113011666,59.8
16.930868837977105,59.8
17.01936672013636,59.8
17.108327181931763,59.8
17.197752641273365,59.8
17.28764552870969,59.8
17.378008287493753,59.8
17.4688433736495,59.8
17.560153256038525,59.8
17.651940416427212,59.8
17.744207349554188,59.8
17.836956563198083,59.8
17.93019057824573,59.8
18.023911928760675,59.8
18.118123162052047,59.8
18.21282683874379,59.8
18.30802553284428,59.8
18.403721831816252,59.8
18.499918336647156,59.8
18.59661766191982,59.8
18.69382243588356,59.8
18.791535300525574,59.8
18.889758911642755,59.8
18.98849593891389,59.8
19.08774906597221,59.8
19.187520990478333,59.8
19.287814424193606,59.8
19.388632093053765,59.8
19.48997673724305,59.8
19.591851111268685,59.8
19.69425798403576,59.8
19.79720013892245,59.8
19.90068037385568,59.8
20.004701501387192,59.9
20.109266348769967,60.0
20.214377758035074,60.0
20.320038586068932,60.0
20.426251704690927,60.0
20.533020000731486,60.0
20.64034637611054,60.0
20.748233747916412,60.0
20.856685048485062,60.0
20.965703225479817,60.0
21.075291241971485,60.0
21.185452076518878,60.0
21.296188723249774,60.0
21.407504191942323,60.0
21.519401508106792,60.0
21.631883713067854,60.0
21.744953864047204,60.0
21.858615034246718,60.0
21.972870312931903,60.0
22.087722805515906,60.0
22.203175633643916,60.0
22.319231935278008,60.0
22.435894864782412,60.0
22.553167593009288,60.0
22.671053307384867,60.0
22.789555211996095,60.0
22.908676527677724,60.0
23.028420492099883,60.0
23.148790359856015,60.0
23.26978940255137,60.0
23.391420908891938,60.0
23.51368818477381,60.0
23.63659455337303,60.0
23.760143355235964,60.0
23.884337948370025,60.0
24.009181708334992,60.0
24.134678028334722,60.0
24.260830319309434,60.0
24.387642010028344,60.0
24.515116547182902,60.0
24.64325739548046,60.0
24.772068037738443,60.0
24.901551974979007,60.0
25.031712726524198,60.0
25.162553830091625,60.0
25.294078841890578,60.0
25.426291336718684,60.0
25.559194908059133,60.0
25.692793168178262,60.0
25.827089748223784,60.0
25.96208829832347,60.0
26.097792487684362,60.0
26.234206004692496,60.0
26.371332557013133,60.0
26.5091758716916,60.0
26.647739695254497,60.0
26.787027793811582,60.0
26.9270439531581,60.0
27.06779197887776,60.0
27.209275696446046,60.0
27.351498951334275,60.0
27.494465609114105,60.0
27.638179555562576,60.0
27.782644696767733,60.0
27.92786495923483,60.0
28.07384428999299,60.0
28.220586656702505,60.0
28.368096047762684,60.0
28.516376472420284,60.0
28.66543196087842,60.0
28.815266564406134,60.0
28.965884355448516,60.0
29.11728942773738,60.0
29.26948589640251,60.0
29.42247789808359,60.0
29.57626959104251,60.0
29.730865155276486,60.0
29.88626879263161,60.0
30.04248472691713,60.0
30.19951720402016,60.0
30.357370492021133,60.0
30.516048881309793,60.0
30.675556684701824,60.0
30.835898237556027,60.0
30.99707789789224,60.0
31.15910004650967,60.0
31.321969087106055,60.0
31.485689446397288,60.0
31.650265574237824,60.0
31.815701943741516,60.0
31.98200305140326,60.0
32.14917341722119,60.0
32.31721758481955,60.0
32.486140121572134,60.0
32.655945618726484,60.0
32.82663869152868,60.0
32.99822397934869,60.0
33.170706145806605,60.0
33.34408987889928,60.0
33.51837989112781,60.0
33.69358091962557,60.0
33.86969772628702,60.0
34.04673509789711,60.0
34.224697846261364,59.9
34.40359080833668,59.8
34.58341884636283,59.8
34.764186847994516,59.8
34.94589972643436,59.8
35.12856242056629,59.8
35.312179895089876,59.8
35.496757140655234,59.8
35.68229917399868,59.8
35.86881103807908,59.8
36.05629780221492,59.8
36.24476456222205,59.8
36.434216440552284,59.8
36.6246585864325,59.8
36.81609617600466,59.8
37.00853441246656,59.8
37.2019785262131,59.8
37.39643377497855,59.8
37.591905443979435,59.8
37.788398846058186,59.8
37.985919321827524,59.8
38.184472239815605,59.8
38.384062996612016,59.8
38.584697017014335,59.8
38.786379754175634,59.8
38.98911668975273,59.8
39.1929133340551,59.8
39.39777522619469,59.8
39.60370793423646,59.8
39.810717055349734,59.8
40.0188082159603,59.8
40.227987071903335,59.8
40.43825930857721,59.8
40.64963064109788,59.8
40.8621068144543,59.8
41.075693603664625,59.8
41.29039681393302,59.8
41.506222280807584,59.8
41.72317587033889,59.8
41.94126347923944,59.8
42.16049103504393,59.8
42.38086449627034,59.8
42.60238985258197,59.8
42.825073124950116,59.8
43.04892036581776,59.8
43.27393765926414,59.8
43.500131121170035,59.8
43.727506899384,59.8
43.956071173889484,59.8
44.18583015697281,59.8
44.416790093392,59.7
44.648957260546474,59.6
44.88233796864779,59.5
45.116938560890986,59.5
45.35276541362708,59.5
45.58982493653644,59.5
45.82812357280281,59.5
46.067667799288614,59.5
46.308464126710895,59.5
46.55051909981832,59.5
46.793839297569036,59.5
47.03843133330949,59.5
47.28430185495417,59.5
47.531457545166376,59.5
47.77990512153967,59.5
48.02965133678067,59.5
48.28070297889241,59.5
48.53306687135893,59.5
48.78674987333074,59.5
49.041758879811184,59.5
49.298100821843896,59.5
49.55578266670119,59.5
49.81481141807335,59.5
50.07519411625915,59.5
50.336937838356974,59.5
50.60004969845742,59.5
50.86453684783644,59.5
51.13040647514984,59.5
51.39766580662862,59.5
51.66632210627541,59.5
51.93638267606184,59.5
52.20785485612707,59.5
52.48074602497726,59.5
52.75506359968615,59.4
53.030815036096584,59.3
53.308007829023246,59.3
53.58664951245627,59.3
53.866747659766084,59.3
54.148309883909214,59.3
54.431343837635225,59.3
54.7158572136947,59.3
55.00185774504835,59.3
55.28935320507712,59.3
55.57835140779364,59.3
55.86886020805435,59.3
56.160887501773274,59.3
56.45444122613637,59.3
56.74952935981742,59.3
57.04615992319485,59.3
57.34434097856969,59.3
57.64408063038476,59.3
57.94538702544487,59.3
58.24826835313831,59.3
58.552732845659456,59.3
58.85878877823242,59.3
59.166444469336014,59.3
59.475708280929936,59.2
59.786588618681876,59.2
60.0990939321961,59.2
60.41323271524305,59.2
60.72901350599024,59.2
61.046444887234294,59.2
61.365535486634215,59.2
61.686293976945976,59.2
62.008729076258064,59.1
62.332849548228545,59.1
62.658664202323344,59.1
62.98618189405547,59.1
63.315411525225876,59.1
63.64636204416533,59.1
63.979042445977655,59.1
64.31346177278421,59.1
64.64962911396958,59.1
64.98755360642885,59.0
65.32724443481563,59.0
65.66871083179183,59.0
66.01196207827876,59.0
66.35700750370908,59.0
66.7038564862806,59.0
67.05251845321108,59.0
67.40300288099445,59.0
67.75531929565844,59.0
68.1094772730234,59.0
68.46548643896274,59.0
68.82335646966433,59.0
69.18309709189363,59.0
69.54471808325809,59.0
69.90822927247277,59.0
70.27364053962762,59.0
70.6409618164559,59.0
71.01020308660422,59.0
71.38137438590384,58.9
71.75448580264342,58.9
72.12954747784322,58.8
72.50656960553087,58.8
72.88556243301818,58.8
73.26653626117992,58.8
73.64950144473359,58.8
74.03446839252094,58.8
74.42144756779092,58.8
74.810449488484,58.8
75.20148472751808,58.8
75.59456391307583,58.8
75.98969772889355,58.8
76.38689691455168,58.8
76.78617226576647,58.8
77.18753463468363,58.8
77.59099493017311,58.7
77.99656411812569,58.7
78.404253221751,58.6
78.8140733218772,58.6
79.226035557252,58.6
79.64015112484554,58.6
80.05643128015467,58.6
80.47488733750892,58.6
80.89553067037787,58.6
81.31837271168051,58.6
81.74342495409579,58.6
82.170698950375,58.6
82.60020631365589,58.5
83.03195871777821,58.4
83.46596789760103,58.3
83.90224564932171,58.3
84.34080383079642,58.3
84.78165436186265,58.3
85.22480922466286,58.3
85.67028046397054,58.3
86.11808018751721,58.3
86.56822056632171,58.3
87.020713835021,58.3
87.47557229220259,58.3
87.93280830073893,58.3
88.39243428812335,58.2
88.85446274680783,58.2
89.31890623454267,58.1
89.78577737471758,58.1
90.25508885670492,58.1
90.72685343620469,58.1
91.20108393559097,58.1
91.67779324426061,58.1
92.15699431898352,58.1
92.63870018425483,58.0
93.12292393264887,58.0
93.60967872517497,57.9
94.09897779163542,57.9
94.5908344309847,57.9
95.0852620116911,57.9
95.58227397210023,57.9
96.08188382079996,57.9
96.5841051369878,57.9
97.08895157083991,57.9
97.59643684388209,57.9
98.10657474936274,57.9
98.61937915262773,57.9
99.13486399149741,57.8
99.65304327664518,57.8
100.17393109197839,57.8
100.69754159502135,57.7
101.22388901729977,57.7
101.75298766472777,57.7
102.28485191799675,57.7
102.81949623296607,57.7
103.35693514105618,57.7
103.89718324964329,57.7
104.44025524245698,57.7
104.98616587997819,57.6
105.53492999984189,57.6
106.08656251723878,57.6
106.64107842532215,57.6
107.19849279561431,57.6
107.75882077841675,57.6
108.32207760322176,57.6
108.88827857912626,57.6
109.45743909524856,57.5
110.02957462114523,57.4
110.60470070723336,57.4
111.18283298521138,57.4
111.76398716848561,57.4
112.3481790525961,57.4
112.93542451564652,57.4
113.5257395187356,57.4
114.11914010639099,57.4
114.71564240700522,57.3
115.3152626332741,57.3
115.91801708263789,57.2
116.52392213772293,57.2
117.13299426678874,57.2
117.74525002417371,57.2
118.36070605074681,57.2
118.97937907435858,57.2
119.60128591029638,57.2
120.22644346174131,57.1
120.85486872022751,57.0
121.4865787661046,56.9
122.12159076900052,56.9
122.75992198829012,56.9
123.40158977356222,56.9
124.04661156509306,56.9
124.69500489431896,56.8
125.34678738431336,56.8
126.00197675026583,56.7
126.6605907999634,56.7
127.3226474342747,56.7
127.98816464763628,56.7
128.6571605285424,56.7
129.32965326003517,56.7
130.00566112020084,56.7
130.68520248266435,56.7
131.36829581709074,56.7
132.05495968968575,56.6
132.74521276370103,56.5
133.43907379994133,56.5
134.1365616572744,56.5
134.83769529314347,56.5
135.54249376408254,56.5
136.25097622623485,56.4
136.96316193587217,56.4
137.67907024992007,56.4
138.39872062648203,56.4
139.1221326253702,56.4
139.84932590863562,56.4
140.58032024110324,56.4
141.31513549090906,56.4
142.05379163003997,56.4
142.7963087348772,56.4
143.5427069867405,56.3
144.29300667243896,56.2
145.04722818481977,56.2
145.80539202332486,56.2
146.56751879454652,56.2
147.333629212788,56.2
148.1037441006266,56.1
148.87788438947953,56.0
149.65607112017267,56.0
150.43832544351253,56.0
151.2246686208618,56.0
152.01512202471548,56.0
152.80970713928414,55.9
153.6084455610754,55.8
154.41135899948313,55.7
155.218469277376,55.7
156.02979833169113,55.7
156.8453682140304,55.6
157.66520109125955,55.5
158.48931924611142,55.5
159.3177450777899,55.5
160.15050110258113,55.5
160.9876099544629,55.5
161.82909438572216,55.5
162.67497726757185,55.5
163.52528159077312,55.5
164.38003046626017,55.5
165.23924712576837,55.5
166.1029549224657,55.4
166.97117733158728,55.3
167.8439379510743,55.3
168.72126050221348,55.3
169.60316883028446,55.2
170.48968690520502,55.2
171.38083882218535,55.2
172.27664880238083,55.2
173.17714119355136,55.2
174.08234047072295,55.2
174.99227123685273,55.1
175.9069582234984,55.0
176.82642629148881,55.0
177.75070043160196,55.0
178.67980576524164,55.0
179.61376754512278,55.0
180.55261115595593,55.0
181.49636211513797,55.0
182.44504607344558,55.0
183.39868881573247,55.0
184.35731626163007,54.9
185.3209544662519,54.8
186.28962962090262,54.8
187.26336805378796,54.8
188.24219623073301,54.8
189.2261407558986,54.8
190.21522837250714,54.7
191.20948596356752,54.6
192.20894055260666,54.5
193.21361930440384,54.5
194.22354952572874,54.5
195.2387586660848,54.5
196.25927431845295,54.4
197.28512422004457,54.3
198.31633625305224,54.3
199.35293844541056,54.2
200.39495897155572,54.2
201.4424261531923,54.1
202.4953684600627,54.1
203.55381451072122,54.1
204.6177930733116,54.1
205.6873330663489,54.1
206.76246355950653,54.0
207.84321377440395,54.0
208.92961308540407,54.0
210.02169102040844,54.0
211.11947726166272,54.0
212.22300164656127,54.0
213.33229416845913,54.0
214.447384977487,54.0
215.5683043813707,54.0
216.69508284625502,53.9
217.8277509975314,53.9
218.9663396206716,53.8
220.1108796620618,53.8
221.26140222984722,53.8
222.41793859477394,53.8
223.5805201910423,53.7
224.74917861715863,53.7
225.9239456367954,53.6
227.10485317965416,53.6
228.29193334233327,53.6
229.48521838920135,53.6
230.68474075327168,53.5
231.89053303708724,53.4
233.102628013603,53.3
234.32105862708036,53.3
235.5458579939798,53.2
236.77705940386227,53.2
238.0146963202937,53.1
239.25880238175446,53.1
240.50941140255387,53.1
241.76655737374873,53.1
243.03027446406858,53.0
244.30059702084168,53.0
245.57755957093218,52.9
246.86119682167464,52.9
248.1515436618211,52.9
249.44863516248657,52.9
250.75250657810346,52.8
252.0631933473797,52.8
253.3807310942614,52.7
254.7051556289027,52.7
256.03650294863604,52.7
257.3748092389545,52.7
258.72011087449107,52.7
260.0724444200114,52.6
261.4318466314045,52.6
262.79835445668317,52.6
264.17200503698814,52.6
265.5528357075972,52.6
266.94088399894025,52.5
268.336187637619,52.5
269.7387845474336,52.4
271.1487128504106,52.4
272.56601086784315,52.4
273.9907171213279,52.4
275.4228703338166,52.4
276.86250943066517,52.3
278.30967354069315,52.2
279.764401997247,52.2
281.2267343392687,52.2
282.6967103123723,52.2
284.1743698699204,52.2
285.65975317411466,52.2
287.152900597083,52.2
288.6538527219809,52.1
290.16265034409145,52.0
291.67933447193553,51.9
293.203946328386,51.9
294.7365273517884,51.8
296.27711919708696,51.7
297.8257637369567,51.7
299.38250306294265,51.7
300.947379486601,51.7
302.52043554065347,51.7
304.1017139801383,51.6
305.69125778357716,51.5
307.2891101541398,51.5
308.8953145208197,51.5
310.5099145396145,51.5
312.1329540947119,51.5
313.76447729968413,51.4
315.40452849868336,51.4
317.0531522676519,51.4
318.71039341552853,51.4
320.3762969854716,51.4
322.05090825607795,51.4
323.7342727426186,51.3
325.4264361982722,51.2
327.1274446153702,51.2
328.83734422664674,51.2
330.55618150649445,51.2
332.28400317222986,51.2
334.02085618535915,51.1
335.76678775285944,51.0
337.52184532845695,51.0
339.28607661392135,51.0
341.0595295603587,50.9
342.84225236951676,50.8
344.63429349509414,50.7
346.4357016440579,50.7
348.24652577796684,50.7
350.06681511430224,50.7
351.8966191278073,50.6
353.7359875518278,50.5
355.5849703796693,50.5
357.44361786595016,50.5
359.3119805279728,50.5
361.1901091470929,50.5
363.0780547701014,50.4
364.9758687106112,50.3
366.8836025504522,50.3
368.80130814107446,50.3
370.72903760495365,50.3
372.66684333701346,50.3
374.6147780060434,50.2
376.57289455613636,50.2
378.54124620812286,50.2
380.5198864610201,50.2
382.50886909348526,50.2
384.5082481652772,50.2
386.51807801872604,50.1
388.53841328020957,50.0
390.56930886163985,49.9
392.6108199619517,49.8
394.6630020686084,49.8
396.7259109591041,49.8
398.7996027024853,49.8
400.8841336608706,49.8
402.9795604909844,49.8
405.0859401456969,49.8
407.20332987557106,49.8
409.331787230421,49.7
411.4713700608718,49.6
413.6221365199375,49.5
415.78414506459575,49.4
417.95745445738237,49.3
420.1421237679842,49.3
422.33821237484636,49.3
424.5457799667861,49.3
426.76488654461485,49.3
428.9955924227691,49.2
431.23795823094935,49.1
433.49204491576995,49.1
435.7579137424112,49.1
438.0356262962907,49.1
440.3252444847303,49.1
442.62683053864555,49.0
444.9404470142319,49.0
447.2661567946673,49.0
449.60402309182115,49.0
451.9541094479714,49.0
454.3164797375345,49.0
456.6911981687959,48.9
459.0783292856624,48.8
461.4779379694089,48.8
463.89008944044906,48.8
466.31484926010245,48.8
468.7522833323791,48.8
471.20245790577025,48.7
473.6654395750488,48.6
476.14129528307956,48.6
478.630092322638,48.6
481.1318983382419,48.6
483.6467813279844,48.6
486.1748096453894,48.6
488.7160520012619,48.5
491.27057746556244,48.4
493.8384554692794,48.3
496.4197558063182,48.3
499.01454863539806,48.3
501.6229044819588,48.2
504.24489424007766,48.1
506.88058917439554,48.1
509.53006092205686,48.1
512.1933814946506,48.1
514.8706232801756,48.0
517.5618590449992,47.9
520.2671619358439,47.9
522.9866054817683,47.9
525.7202635961694,47.9
528.4682105787901,47.9
531.230521117739,47.8
534.0072702915224,47.8
536.7985335710792,47.7
539.6043868218401,47.7
542.4249063057814,47.7
545.2601686835053,47.7
548.1102510163182,47.7
550.9752307683272,47.6
553.8551858085453,47.6
556.7501944130083,47.6
559.6603352669016,47.6
562.5856874666987,47.6
565.5263305223134,47.6
568.4823443592555,47.6
571.4538093208106,47.6
574.4408061702153,47.5
577.4434160928608,47.4
580.4617206984933,47.2
583.4958020234345,47.2
586.5457425328113,47.2
589.6116251227962,47.2
592.6935331228639,47.2
595.7915502980484,47.1
598.9057608512304,47.0
602.0362494254149,46.9
605.1831011060411,46.9
608.3464014232891,46.9
611.5262363544065,46.9
614.7226923260454,46.8
617.9358562166111,46.8
621.1658153586235,46.7
624.4126575410903,46.7
627.6764710118958,46.7
630.957344480193,46.7
634.2553671188238,46.7
637.5706285667327,46.7
640.9032189314127,46.7
644.2532287913472,46.7
647.6207491984753,46.7
651.0058716806659,46.6
654.4086882442045,46.5
657.8292913762976,46.5
661.2677740475787,46.5
664.7242297146454,46.5
668.1987523225889,46.4
671.6914363075575,46.4
675.2023765993158,46.4
678.7316686238282,46.4
682.2794083058518,46.4
685.8456920715438,46.3
689.4306168510824,46.2
693.0342800813003,46.2
696.6567797083366,46.2
700.2982141902914,46.2
703.9586824999124,46.2
707.6382841272731,46.1
711.3371190824884,46.0
715.0552878984242,46.0
718.7928916334344,46.0
722.5500318741055,46.0
726.3268107380181,46.0
730.123330876526,45.9
733.9396954775374,45.8
737.7760082683312,45.7
741.6323735183645,45.7
745.508896042117,45.7
749.4056812019327,45.7
753.3228349108862,45.7
757.2604636356614,45.6
761.2186743994453,45.6
765.1975747848361,45.5
769.1972729367671,45.5
773.2178775654501,45.4
777.2594979493206,45.3
781.3222439380205,45.3
785.406225955371,45.3
789.5115550023859,45.3
793.6383426602791,45.3
797.7867010935024,45.3
801.9567430527921,45.2
806.1485818782347,45.2
810.3623315023465,45.1
814.59810645317,45.1
818.8560218573906,45.0
823.1361934434566,45.0
827.4387375447371,45.0
831.7637711026708,45.0
836.1114116699566,45.1
840.4817774137397,45.2
844.8749871188272,45.3
849.2911601909162,45.4
853.7304166598383,45.5
858.1928771828257,45.6
862.6786630477819,45.7
867.1878961765907,45.8
871.7206991284164,45.8
876.2771951030477,45.9
880.8575079442367,46.0
885.4617621430697,46.0
890.0900828413493,46.0
894.742595834996,46.0
899.4194275774676,46.0
904.1207051831946,46.0
908.8465564310401,46.0
913.5971097677627,46.0
918.3724943115215,46.0
923.1728398553701,46.0
927.998276870799,46.0
932.8489365112713,46.0
937.7249506157918,46.0
942.6264517124897,46.0
947.5535730222193,46.0
952.5064484621864,46.0
957.4852126495767,46.0
962.4900009052299,46.0
967.5209492573013,46.0
972.5781944449744,46.1
977.6618739221665,46.2
982.772125861269,46.2
987.9090891569025,46.2
993.0729034296917,46.2
998.26370903006,46.2
1003.4816470420445,46.2
1008.7268592871307,46.2
1013.9994883281055,46.2
1019.2996774729368,46.2
1024.627570778662,46.2
1029.9833130553077,46.2
1035.3670498698243,46.2
1040.778927550043,46.2
1046.219093188652,46.2
1051.687694647196,46.2
1057.1848805600926,46.2
1062.7108003386745,46.2
1068.2656041752484,46.2
1073.849443047181,46.2
1079.4624687209969,46.2
1085.104833756507,46.2
1090.7766915109553,46.2
1096.4781961431852,46.2
1102.2095026178308,46.2
1107.9707667095288,46.2
1113.7621450071517,46.2
1119.5837949180645,46.2
1125.4358746724013,46.2
1131.3185433273702,46.2
1137.231960771571,46.2
1143.1762877293438,46.2
1149.1516857651375,46.2
1155.1583172879002,46.2
1161.1963455554942,46.1
1167.2659346791324,46.1
1173.3672496278396,46.0
1179.5004562329357,46.0
1185.6657211925422,46.0
1191.8632120761172,46.0
1198.0930973290035,46.0
1204.355546277011,46.0
1210.650729131018,46.0
1216.9788169915967,46.0
1223.3399818536654,46.0
1229.7343966111616,45.9
1236.162235061742,45.8
1242.6236719115057,45.7
1249.1188827797416,45.7
1255.6480442037073,45.7
1262.2113336434193,45.6
1268.8089294864806,45.5
1275.4410110529293,45.5
1282.1077586001115,45.5
1288.8093533275808,45.5
1295.5459773820237,45.4
1302.3178138622095,45.4
1309.1250468239675,45.3
1315.967861285188,45.3
1322.8464432308563,45.2
1329.7609796180998,45.2
1336.7116583812742,45.2
1343.6986684370715,45.2
1350.7221996896535,45.2
1357.782443035813,45.2
1364.879590370164,45.1
1372.0138345903551,45.0
1379.1853696023147,45.0
1386.3943903255179,45.0
1393.6410926982915,45.0
1400.9256736831292,45.0
1408.248331272053,45.0
1415.6092644919916,45.0
1423.0086734101894,44.9
1430.4467591396458,44.8
1437.9237238445805,44.8
1445.439770745928,44.8
1452.9951041268616,44.8
1460.589929338344,44.7
1468.224452804715,44.6
1475.898882029292,44.5
1483.6134256000173,44.5
1491.3682931951248,44.5
1499.1636955888393,44.5
1506.999844657106,44.5
1514.8769533833477,44.5
1522.7952358642551,44.6
1530.754907315605,44.7
1538.7561840781082,44.8
1546.799283623296,44.8
1554.8844245594228,44.8
1563.0118266374113,44.8
1571.181710756826,44.8
1579.3942989718767,44.8
1587.649814497453,44.8
1595.9484817151922,44.8
1604.2905261795772,44.8
1612.6761746240677,44.8
1621.1056549672617,44.9
1629.5791963190893,45.0
1638.097028987047,45.0
1646.6593844824454,45.0
1655.266495526711,45.0
1663.9185960577072,45.0
1672.6159212360947,45.0
1681.3587074517213,45.0
1690.1471923300487,45.0
1698.9816147386093,45.0
1707.8622147934998,45.0
1716.789233865905,45.0
1725.7629145886658,45.0
1734.7835008628629,45.0
1743.8512378644525,45.1
1752.9663720509295,45.1
1762.1291511680254,45.2
1771.3398242564415,45.2
1780.598641658619,45.2
1789.9058550255418,45.2
1799.2617173235774,45.2
1808.6664828413498,45.2
1818.1204071966588,45.2
1827.6237473434162,45.2
1837.1767615786375,45.2
1846.7797095494598,45.2
1856.4328522602,45.2
1866.1364520794475,45.2
1875.8907727471963,45.2
1885.6960793820124,45.2
1895.552638488241,45.1
1905.4607179632462,45.0
1915.4205871047022,45.0
1925.4325166178992,45.0
1935.4967786231095,45.0
1945.6136466629825,45.0
1955.783395709978,45.0
1966.006302173841,45.0
1976.282643909114,45.0
1986.6127002226892,45.0
1996.996751881399,45.0
2007.4350811196462,45.0
2017.927971647083,45.0
2028.4757086563097,45.0
2039.078578830634,45.0
2049.736870351861,44.9
2060.4508729081267,44.8
2071.22087770177,44.8
2082.0471774572497,44.8
2092.9300664290977,44.8
2103.8698404099196,44.8
2114.8667967384304,44.7
2125.9212343075446,44.6
2137.0334535724887,44.4
2148.2037565589744,44.4
2159.4324468714053,44.3
2170.71982970113,44.3
2182.0662118347364,44.2
2193.4719016623894,44.1
2204.937209186215,44.0
2216.4624460287228,43.9
2228.0479254412767,43.9
2239.6939623126154,43.8
2251.4008731773993,43.7
2263.168976224821,43.5
2274.9985913072546,43.3
2286.890039948944,43.1
2298.843645354747,43.0
2310.8597324189163,42.9
2322.9386277339318,42.8
2335.0806595993763,42.7
2347.2861580308577,42.5
2359.5554547689862,42.4
2371.8888832883777,42.3
2384.2867788067265,42.2
2396.7494782939148,42.0
2409.2773204811715,41.7
2421.8706458702773,41.3
2434.5297967428205,41.1
2447.2551171695004,41.0
2460.0469530194778,40.8
2472.905651969775,40.7
2485.8315635147337,40.5
2498.825038975499,40.3
2511.88643150958,40.2
2525.0160961204438,40.1
2538.2143896671673,40.0
2551.481670874133,39.9
2564.8183003407817,39.8
2578.224640551411,39.5
2591.7010558850307,39.2
2605.247912625263,39.1
2618.8655789702975,39.0
2632.5544250429093,38.9
2646.314822900502,38.8
2660.14714654523,38.7
2674.051771934164,38.6
2688.029076989506,38.4
2702.079441608862,38.1
2716.20324767557,37.9
2730.400879069075,37.8
2744.6727216753675,37.7
2759.0191633974646,37.5
2773.440594165967,37.3
2787.9374059496395,37.1
2802.509992766076,37.0
2817.1587506924047,36.8
2831.8840778760564,36.7
2846.686374545581,36.4
2861.5660430215316,35.9
2876.5234877273942,35.6
2891.5591152005823,35.5
2906.6733341034837,35.4
2921.8665552345788,35.3
2937.139191539587,35.2
2952.4916581227058,35.1
2967.9243722578863,35.0
2983.4377534001765,34.9
2999.0322231971227,34.8
3014.7082055002275,34.7
3030.466126376471,34.6
3046.306414119893,34.5
3062.229499263226,34.5
3078.2358145896155,34.4
3094.325795144359,34.4
3110.4998782467446,34.3
3126.7585035019356,34.2
3143.1021128129173,34.2
3159.5311503925072,34.1
3176.0460627754296,34.1
3192.6472988304513,34.0
3209.335309772584,34.0
3226.1105491753406,33.9
3242.973472983081,33.9
3259.924539523382,33.8
3276.9642095195077,33.7
3294.0929461029286,33.7
3311.311214825911,33.6
3328.6194836741684,33.5
3346.018223079582,33.4
3363.507905932988,33.3
3381.089007597027,33.2
3398.762005919066,33.1
3416.527381244194,33.1
3434.385616428264,33.1
3452.337196851022,33.1
3470.382610429304,33.1
3488.5223476302926,33.1
3506.7569014848486,33.1
3525.0867676009134,33.1
3543.512444176976,33.1
3562.034432015617,33.0
3580.6532345371147,32.9
3599.369357793143,32.9
3618.1833104805046,32.9
3637.095603954969,32.9
3656.1067522451726,32.9
3675.2172720665826,32.9
3694.4276828355482,32.9
3713.738506683413,32.9
3733.1502684707093,32.9
3752.6634958014215,32.9
3772.2787190373247,32.9
3791.9964713124127,32.9
3811.817288547367,32.9
3831.7417094641373,32.9
3851.7702756005806,32.9
3871.9035313251793,32.9
3892.1420238518376,32.9
3912.4863032547537,32.9
3932.936922483372,33.0
3953.4944373774106,33.0
3974.1594066819653,33.1
3994.9323920627126,33.2
4015.8139581211503,33.3
4036.8046724099613,33.3
4057.9051054484326,33.3
4079.115830737964,33.3
4100.437424777656,33.3
4121.870467079975,33.3
4143.41554018651,33.3
4165.0732296838005,33.2
4186.844124219257,33.2
4208.728815517151,33.1
4230.72789839472,33.1
4252.841970778305,33.0
4275.071633719623,32.8
4297.417491412092,32.6
4319.880151207261,32.5
4342.460223631314,32.5
4365.158322401661,32.4
4387.975064443623,32.3
4410.911069907196,32.1
4433.9669621839075,31.8
4457.1433679237725,31.6
4480.4409170523,31.5
4503.860242787635,31.4
4527.40198165776,31.3
4551.0667735177985,31.0
4574.855261567406,30.5
4598.768092368251,30.1
4622.80591586159,29.8
4646.969385385929,29.6
4671.25915769478,29.1
4695.675892974527,28.5
4720.220254862348,28.2
4744.892910464259,28.0
4769.694530373255,27.9
4794.625788687525,27.8
4819.68736302878,27.9
4844.87993456067,27.8
4870.204188007296,27.5
4895.660811671819,27.2
4921.250497455168,27.0
4946.973940874864,26.7
4972.8318410838865,26.4
4998.824900889706,26.2
5024.953826773381,25.9
5051.219328908747,25.6
5077.622121181736,25.3
5104.162921209768,25.0
5130.842450361258,24.8
5157.661433775227,24.5
5184.620600380999,24.2
5211.720682918039,23.9
5238.962417955835,23.6
5266.346545913939,23.4
5293.873811082085,23.1
5321.544961640422,22.9
5349.360749679845,22.8
5377.321931222439,22.7
5405.429266242027,22.6
5433.683518684824,22.5
5462.085456490198,22.2
5490.635851611563,22.0
5519.335480037329,21.8
5548.185121812011,21.7
5577.185561057427,21.5
5606.337585994012,21.4
5635.641988962242,21.3
5665.0995664441625,21.2
5694.7111190850455,21.2
5724.477451715144,21.2
5754.399373371566,21.2
5784.477697320285,21.1
5814.713241078208,21.1
5845.10682643542,21.0
5875.659279477514,21.0
5906.371430608045,21.0
5937.244114571097,21.0
5968.278170473975,21.0
5999.4744418100045,21.0
6030.833776481469,21.1
6062.357026822636,21.2
6094.045049622959,21.2
6125.898706150321,21.2
6157.918862174471,21.2
6190.106387990547,21.2
6222.462158442733,21.1
6254.987052948034,21.0
6287.681955520183,21.1
6320.547754793659,21.1
6353.585344047851,21.2
6386.795621231329,21.2
6420.179488986247,21.2
6453.7378546729,21.2
6487.471630394349,21.3
6521.381733021235,21.3
6555.469084216698,21.3
6589.734610461422,21.4
6624.179243078815,21.4
6658.80391826033,21.4
6693.609577090902,21.5
6728.597165574533,21.5
6763.767634659991,21.5
6799.1219402666875,21.6
6834.661043310619,21.6
6870.385909730507,21.6
6906.297510514049,21.7
6942.39682172431,21.7
6978.684824526248,21.8
7015.162505213385,21.9
7051.830855234612,22.0
7088.690871221135,22.1
7125.7435550135615,22.2
7162.989913689153,22.2
7200.430959589155,22.1
7238.067710346342,22.0
7275.901188912673,21.9
7313.932423587085,21.9
7352.162448043451,21.9
7390.59230135867,21.9
7429.22302804091,21.8
7468.055678057999,21.7
7507.091306865953,21.8
7546.330975437692,22.1
7585.775750291836,22.5
7625.426703521717,22.6
7665.284912824515,22.7
7705.351461530549,22.7
7745.627438632719,22.8
7786.113938816104,22.8
7826.81206248772,22.9
7867.722915806424,22.9
7908.847610712972,23.0
7950.187264960275,23.3
7991.743002143727,23.6
8033.515951731782,23.8
8075.507249096639,23.9
8117.718035545101,24.0
8160.149458349601,24.2
8202.80267077938,24.5
8245.67883213183,24.7
8288.77910776401,24.8
8332.104669124305,24.8
8375.656693784302,24.8
8419.436365470749,24.8
8463.444874097753,25.0
8507.683415799123,25.1
8552.153192960874,25.2
8596.855414253905,25.2
8641.791294666864,25.2
8686.962055539152,25.2
8732.36892459413,25.1
8778.01313597248,25.0
8823.895930265779,24.9
8870.018554550163,24.8
8916.382262420266,24.6
8962.988314023276,24.4
9009.83797609319,24.2
9056.932521985234,23.9
9104.273231710486,23.4
9151.861391970657,23.0
9199.698296193066,22.9
9247.785244565785,22.8
9296.12354407301,22.7
9344.714508530542,22.6
9393.559458621517,22.4
9442.659721932305,22.1
9492.016632988581,21.8
9541.631533291613,21.6
9591.505771354708,21.5
9641.64070273987,21.4
9692.037690094652,21.4
9742.698103189163,21.4
9793.623318953358,21.5
9844.814721514387,21.6
9896.27370223427,21.8
9948.001659747684,22.3
10000.0,22.8
10052.270136285486,23.2
10104.813489285681,23.6
10157.6314871081,23.9
10210.725565324987,24.3
10264.09716701231,25.0
10317.747742788988,25.9
10371.678750856474,26.3
10425.891657038128,26.7
10480.387934819217,27.0
10535.16906538697,27.4
10590.236537670813,28.3
10645.591848382772,29.2
10701.236502058211,29.6
10757.172011096769,29.9
10813.399895803414,30.1
10869.921684429703,30.2
10926.73891321545,30.2
10983.85312643042,30.3
11041.265876416248,30.3
11098.978723628681,30.2
11156.993236680037,30.0
11215.310992381786,29.5
11273.933575787378,29.1
11332.862580235347,28.8
11392.099607392682,28.3
11451.646267298307,27.9
11511.504178406769,27.2
11571.674967632372,24.7
11632.16027039332,22.4
11692.961730656129,22.0
11754.08100098034,21.3
11815.519742563505,20.3
11877.27962528627,19.5
11939.362327757724,18.5
12001.76953736107,17.7
12064.50295029953,17.5
12127.56427164241,17.1
12190.95521537136,16.5
12254.677504427105,16.0
12318.732870756214,15.8
12383.123055358106,15.3
12447.849808332432,14.8
12512.914888926687,14.6
12578.320065583976,14.4
12644.067115991029,14.2
12710.157827126544,14.0
12776.593995309939,13.8
12843.377426249857,13.8
12910.50993509343,14.1
12977.99334647565,14.6
13045.829494568892,14.8
13114.020223132724,14.9
13182.567385564074,15.0
13251.472844947652,15.2
13320.738474106534,15.6
13390.366155652993,16.8
13460.35778203982,17.6
13530.715255611682,17.9
13601.440488656775,18.2
13672.535403458849,18.6
13744.001932349513,19.1
13815.842017760702,19.6
13888.057612277411,20.1
13960.650678690825,20.5
14033.62319005172,20.7
14106.977129724035,20.9
14180.714491438697,21.0
14254.837279347976,21.1
14329.347508079869,21.2
14404.247202792812,21.3
14479.538399230763,21.4
14555.223143778607,21.4
14631.303493517702,21.4
14707.78151628175,21.3
14784.65929071304,21.3
14861.938906319014,21.2
14939.622463529,21.2
15017.712073751207,21.1
15096.209859430292,20.9
15175.117954104964,20.7
15254.438502465904,20.7
15334.173660414117,20.8
15414.325595119602,20.7
15494.896485080177,21.2
15575.88852018064,22.0
15657.303901752315,22.3
15739.1448426331,23.0
15821.413567227246,23.6
15904.112311566014,23.8
15987.243323368504,24.0
16070.808862102673,24.1
16154.811199046684,24.0
16239.252617350698,24.0
16324.135412099,23.9
16409.461890372313,23.9
16495.23437131044,23.8
16581.455186175313,23.7
16668.12667841462,23.6
16755.251203725067,22.2
