10.0,33.9
10.052270136285475,33.9
10.104813489285682,34.0
10.157631487108103,34.1
10.210725565324982,34.2
10.264097167012295,34.2
10.317747742789004,34.2
10.371678750856479,34.2
10.425891657038118,34.2
10.480387934819216,34.2
10.535169065386981,34.2
10.590236537670812,34.2
10.64559184838276,34.2
10.701236502058206,34.2
10.757172011096776,34.2
10.813399895803409,34.2
10.869921684429707,34.2
10.926738913215466,34.2
10.98385312643042,34.2
11.041265876416237,34.2
11.098978723628681,34.2
11.156993236680048,34.2
11.215310992381788,34.3
11.27393357578736,34.4
11.332862580235341,34.4
11.392099607392687,34.4
11.451646267298301,34.4
11.511504178406776,34.4
11.571674967632385,34.4
11.632160270393321,34.4
11.692961730656117,34.4
11.75408100098034,34.4
11.815519742563518,34.4
11.87727962528627,34.4
11.939362327757706,34.4
12.001769537361062,34.4
12.064502950299536,34.4
12.127564271642404,34.4
12.190955215371359,34.4
12.254677504427118,34.4
12.318732870756214,34.4
12.383123055358094,34.4
12.447849808332432,34.4
12.5129148889267,34.4
12.578320065583968,34.4
12.644067115991009,34.4
12.710157827126565,34.5
12.776593995309947,34.5
12.843377426249843,34.6
12.910509935093431,34.6
12.977993346475664,34.6
13.045829494568892,34.6
13.11402022313271,34.6
13.182567385564074,34.6
13.251472844947658,34.6
13.320738474106527,34.6
13.390366155653,34.6
13.460357782039841,34.6
13.530715255611682,34.6
13.601440488656761,34.6
13.672535403458848,34.6
13.744001932349526,34.6
13.815842017760701,34.6
13.888057612277397,34.6
13.960650678690818,34.6
14.033623190051728,34.6
14.10697712972403,34.6
14.180714491438705,34.6
14.25483727934799,34.6
14.32934750807987,34.6
14.404247202792797,34.6
14.479538399230764,34.6
14.55522314377862,34.7
14.631303493517702,34.7
14.707781516281727,34.7
14.784659290713032,34.7
14.861938906319022,34.7
14.939622463528993,34.7
15.017712073751214,34.7
15.096209859430308,34.7
15.175117954104964,34.7
15.254438502465888,34.7
15.334173660414118,34.7
15.414325595119617,34.7
15.494896485080169,34.7
15.575888520180618,34.7
15.65730390175234,34.7
15.73914484263311,34.7
15.821413567227237,34.7
15.904112311566013,34.7
15.98724332336852,34.7
16.070808862102673,34.7
16.154811199046666,34.7
16.239252617350697,34.7
16.324135412099007,34.7
16.409461890372306,34.7
16.495234371310413,34.7
16.58145518617534,34.7
16.668126678414627,34.7
16.755251203725052,34.7
16.84283113011666,34.7
16.930868837977105,34.7
17.01936672013636,34.7
17.108327181931763,34.7
17.197752641273365,34.7
17.28764552870969,34.7
17.378008287493753,34.8
17.4688433736495,34.9
17.560153256038525,34.9
17.651940416427212,34.9
17.744207349554188,34.9
17.836956563198083,34.9
17.93019057824573,34.9
18.023911928760675,34.9
18.118123162052047,34.9
18.21282683874379,34.9
18.30802553284428,34.9
18.403721831816252,34.9
18.499918336647156,34.9
18.59661766191982,34.9
18.69382243588356,34.9
18.791535300525574,34.9
18.889758911642755,34.9
18.98849593891389,34.9
19.08774906597221,34.9
19.187520990478333,34.9
19.287814424193606,34.9
19.388632093053765,34.9
19.48997673724305,34.9
19.591851111268685,34.9
19.69425798403576,34.9
19.79720013892245,34.9
19.90068037385568,34.9
20.004701501387192,34.9
20.109266348769967,34.9
20.214377758035074,34.9
20.320038586068932,34.9
20.426251704690927,34.9
20.533020000731486,34.9
20.64034637611054,34.9
20.748233747916412,34.9
20.856685048485062,34.9
20.965703225479817,34.9
21.075291241971485,34.9
21.185452076518878,35.0
21.296188723249774,35.1
21.407504191942323,35.1
21.519401508106792,35.1
21.631883713067854,35.1
21.744953864047204,35.1
21.858615034246718,35.1
21.972870312931903,35.1
22.087722805515906,35.1
22.203175633643916,35.1
22.319231935278008,35.1
22.435894864782412,35.1
22.553167593009288,35.1
22.671053307384867,35.1
22.789555211996095,35.1
22.908676527677724,35.1
23.028420492099883,35.1
23.148790359856015,35.1
23.26978940255137,35.1
23.391420908891938,35.1
23.51368818477381,35.1
23.63659455337303,35.1
23.760143355235964,35.1
23.884337948370025,35.1
24.009181708334992,35.1
24.134678028334722,35.1
24.260830319309434,35.1
24.387642010028344,35.1
24.515116547182902,35.1
24.64325739548046,35.1
24.772068037738443,35.1
24.901551974979007,35.1
25.031712726524198,35.1
25.162553830091625,35.1
25.294078841890578,35.1
25.426291336718684,35.1
25.559194908059133,35.1
25.692793168178262,35.1
25.827089748223784,35.1
25.96208829832347,35.1
26.097792487684362,35.1
26.234206004692496,35.1
26.371332557013133,35.1
26.5091758716916,35.1
26.647739695254497,35.1
26.787027793811582,35.1
26.9270439531581,35.1
27.06779197887776,35.1
27.209275696446046,35.2
27.351498951334275,35.3
27.494465609114105,35.3
27.638179555562576,35.3
27.782644696767733,35.3
27.92786495923483,35.3
28.07384428999299,35.3
28.220586656702505,35.3
28.368096047762684,35.3
28.516376472420284,35.3
28.66543196087842,35.3
28.815266564406134,35.3
28.965884355448516,35.3
29.11728942773738,35.3
29.26948589640251,35.3
29.42247789808359,35.3
29.57626959104251,35.3
29.730865155276486,35.3
29.88626879263161,35.3
30.04248472691713,35.3
30.19951720402016,35.3
30.357370492021133,35.3
30.516048881309793,35.3
30.675556684701824,35.3
30.835898237556027,35.3
30.99707789789224,35.3
31.15910004650967,35.3
31.321969087106055,35.3
31.485689446397288,35.3
31.650265574237824,35.3
31.815701943741516,35.3
31.98200305140326,35.3
32.14917341722119,35.3
32.31721758481955,35.3
32.486140121572134,35.3
32.655945618726484,35.3
32.82663869152868,35.3
32.99822397934869,35.3
33.170706145806605,35.3
33.34408987889928,35.3
33.51837989112781,35.3
33.69358091962557,35.3
33.86969772628702,35.3
34.04673509789711,35.3
34.224697846261364,35.3
34.40359080833668,35.3
34.58341884636283,35.3
34.764186847994516,35.3
34.94589972643436,35.3
35.12856242056629,35.3
35.312179895089876,35.3
35.496757140655234,35.3
35.68229917399868,35.3
35.86881103807908,35.3
36.05629780221492,35.3
36.24476456222205,35.3
36.434216440552284,35.3
36.6246585864325,35.3
36.81609617600466,35.3
37.00853441246656,35.3
37.2019785262131,35.3
37.39643377497855,35.5
37.591905443979435,35.6
37.788398846058186,35.6
37.985919321827524,35.6
38.184472239815605,35.6
38.384062996612016,35.6
38.584697017014335,35.6
38.786379754175634,35.6
38.98911668975273,35.6
39.1929133340551,35.6
39.39777522619469,35.6
39.60370793423646,35.6
39.810717055349734,35.6
40.0188082159603,35.6
40.227987071903335,35.6
40.43825930857721,35.6
40.64963064109788,35.6
40.8621068144543,35.6
41.075693603664625,35.6
41.29039681393302,35.6
41.506222280807584,35.6
41.72317587033889,35.6
41.94126347923944,35.6
42.16049103504393,35.6
42.38086449627034,35.6
42.60238985258197,35.6
42.825073124950116,35.6
43.04892036581776,35.6
43.27393765926414,35.6
43.500131121170035,35.6
43.727506899384,35.6
43.956071173889484,35.6
44.18583015697281,35.6
44.416790093392,35.6
44.648957260546474,35.6
44.88233796864779,35.6
45.116938560890986,35.6
45.35276541362708,35.6
45.58982493653644,35.6
45.82812357280281,35.6
46.067667799288614,35.6
46.308464126710895,35.6
46.55051909981832,35.6
46.793839297569036,35.6
47.03843133330949,35.6
47.28430185495417,35.6
47.531457545166376,35.6
47.77990512153967,35.6
48.02965133678067,35.6
48.28070297889241,35.6
48.53306687135893,35.6
48.78674987333074,35.6
49.041758879811184,35.6
49.298100821843896,35.6
49.55578266670119,35.6
49.81481141807335,35.6
50.07519411625915,35.6
50.336937838356974,35.6
50.60004969845742,35.6
50.86453684783644,35.6
51.13040647514984,35.6
51.39766580662862,35.6
51.66632210627541,35.6
51.93638267606184,35.6
52.20785485612707,35.6
52.48074602497726,35.6
52.75506359968615,35.6
53.030815036096584,35.6
53.308007829023246,35.6
53.58664951245627,35.6
53.866747659766084,35.6
54.148309883909214,35.6
54.431343837635225,35.6
54.7158572136947,35.6
55.00185774504835,35.6
55.28935320507712,35.6
55.57835140779364,35.6
55.86886020805435,35.6
56.160887501773274,35.6
56.45444122613637,35.6
56.74952935981742,35.6
57.04615992319485,35.6
57.34434097856969,35.6
57.64408063038476,35.6
57.94538702544487,35.6
58.24826835313831,35.6
58.552732845659456,35.6
58.85878877823242,35.6
59.166444469336014,35.6
59.475708280929936,35.6
59.786588618681876,35.6
60.0990939321961,35.6
60.41323271524305,35.6
60.72901350599024,35.6
61.046444887234294,35.6
61.365535486634215,35.6
61.686293976945976,35.6
62.008729076258064,35.6
62.332849548228545,35.6
62.658664202323344,35.6
62.98618189405547,35.6
63.315411525225876,35.6
63.64636204416533,35.6
63.979042445977655,35.6
64.31346177278421,35.6
64.64962911396958,35.6
64.98755360642885,35.6
65.32724443481563,35.6
65.66871083179183,35.6
66.01196207827876,35.6
66.35700750370908,35.6
66.7038564862806,35.6
67.05251845321108,35.6
67.40300288099445,35.6
67.75531929565844,35.6
68.1094772730234,35.6
68.46548643896274,35.7
68.82335646966433,35.8
69.18309709189363,35.8
69.54471808325809,35.8
69.90822927247277,35.8
70.27364053962762,35.8
70.6409618164559,35.8
71.01020308660422,35.8
71.38137438590384,35.8
71.75448580264342,35.8
72.12954747784322,35.8
72.50656960553087,35.8
72.88556243301818,35.8
73.26653626117992,35.8
73.64950144473359,35.8
74.03446839252094,35.8
74.42144756779092,35.8
74.810449488484,35.8
75.20148472751808,35.8
75.59456391307583,35.8
75.98969772889355,35.8
76.38689691455168,35.8
76.78617226576647,35.8
77.18753463468363,35.8
77.59099493017311,35.8
77.99656411812569,35.8
78.404253221751,35.8
78.8140733218772,35.8
79.226035557252,35.8
79.64015112484554,35.8
80.05643128015467,35.8
80.47488733750892,35.8
80.89553067037787,35.8
81.31837271168051,35.8
81.74342495409579,35.8
82.170698950375,35.8
82.60020631365589,35.8
83.03195871777821,35.8
83.46596789760103,35.8
83.90224564932171,35.8
84.34080383079642,35.8
84.78165436186265,35.8
85.22480922466286,35.8
85.67028046397054,35.8
86.11808018751721,35.8
86.56822056632171,35.8
87.020713835021,35.8
87.47557229220259,35.8
87.93280830073893,35.8
88.39243428812335,35.8
88.85446274680783,35.8
89.31890623454267,35.8
89.78577737471758,35.8
90.25508885670492,35.8
90.72685343620469,35.8
91.20108393559097,35.8
91.67779324426061,35.8
92.15699431898352,35.8
92.63870018425483,35.8
93.12292393264887,35.8
93.60967872517497,35.8
94.09897779163542,35.8
94.5908344309847,35.8
95.0852620116911,35.8
95.58227397210023,35.8
96.08188382079996,35.8
96.5841051369878,35.8
97.08895157083991,35.8
97.59643684388209,35.8
98.10657474936274,35.8
98.61937915262773,35.8
99.13486399149741,35.8
99.65304327664518,35.8
100.17393109197839,35.8
100.69754159502135,35.8
101.22388901729977,35.8
101.75298766472777,35.8
102.28485191799675,35.8
102.81949623296607,35.8
103.35693514105618,35.8
103.89718324964329,35.8
104.44025524245698,35.8
104.98616587997819,35.8
105.53492999984189,35.8
106.08656251723878,35.8
106.64107842532215,35.8
107.19849279561431,35.8
107.75882077841675,35.8
108.32207760322176,35.8
108.88827857912626,35.8
109.45743909524856,35.8
110.02957462114523,35.8
110.60470070723336,35.7
111.18283298521138,35.6
111.76398716848561,35.7
112.3481790525961,35.8
112.93542451564652,35.8
113.5257395187356,35.8
114.11914010639099,35.8
114.71564240700522,35.7
115.3152626332741,35.7
115.91801708263789,35.6
116.52392213772293,35.6
117.13299426678874,35.6
117.74525002417371,35.6
118.36070605074681,35.6
118.97937907435858,35.6
119.60128591029638,35.6
120.22644346174131,35.6
120.85486872022751,35.6
121.4865787661046,35.6
122.12159076900052,35.6
122.75992198829012,35.6
123.40158977356222,35.6
124.04661156509306,35.6
124.69500489431896,35.6
125.34678738431336,35.6
126.00197675026583,35.6
126.6605907999634,35.6
127.3226474342747,35.6
127.98816464763628,35.6
128.6571605285424,35.6
129.32965326003517,35.6
130.00566112020084,35.6
130.68520248266435,35.6
131.36829581709074,35.6
132.05495968968575,35.6
132.74521276370103,35.6
133.43907379994133,35.6
134.1365616572744,35.6
134.83769529314347,35.6
135.54249376408254,35.6
136.25097622623485,35.6
136.96316193587217,35.6
137.67907024992007,35.6
138.39872062648203,35.6
139.1221326253702,35.6
139.84932590863562,35.6
140.58032024110324,35.6
141.31513549090906,35.6
142.05379163003997,35.6
142.7963087348772,35.6
143.5427069867405,35.6
144.29300667243896,35.6
145.04722818481977,35.6
145.80539202332486,35.6
146.56751879454652,35.6
147.333629212788,35.6
148.1037441006266,35.6
148.87788438947953,35.6
149.65607112017267,35.6
150.43832544351253,35.6
151.2246686208618,35.6
152.01512202471548,35.6
152.80970713928414,35.6
153.6084455610754,35.6
154.41135899948313,35.6
155.218469277376,35.6
156.02979833169113,35.6
156.8453682140304,35.6
157.66520109125955,35.6
158.48931924611142,35.6
159.3177450777899,35.6
160.15050110258113,35.6
160.9876099544629,35.6
161.82909438572216,35.6
162.67497726757185,35.6
163.52528159077312,35.6
164.38003046626017,35.6
165.23924712576837,35.6
166.1029549224657,35.6
166.97117733158728,35.6
167.8439379510743,35.6
168.72126050221348,35.6
169.60316883028446,35.6
170.48968690520502,35.6
171.38083882218535,35.6
172.27664880238083,35.6
173.17714119355136,35.6
174.08234047072295,35.6
174.99227123685273,35.6
175.9069582234984,35.6
176.82642629148881,35.6
177.75070043160196,35.6
178.67980576524164,35.6
179.61376754512278,35.6
180.55261115595593,35.5
181.49636211513797,35.4
182.44504607344558,35.3
183.39868881573247,35.3
184.35731626163007,35.3
185.3209544662519,35.3
186.28962962090262,35.3
187.26336805378796,35.3
188.24219623073301,35.3
189.2261407558986,35.3
190.21522837250714,35.3
191.20948596356752,35.3
192.20894055260666,35.3
193.21361930440384,35.3
194.22354952572874,35.3
195.2387586660848,35.3
196.25927431845295,35.3
197.28512422004457,35.3
198.31633625305224,35.3
199.35293844541056,35.3
200.39495897155572,35.3
201.4424261531923,35.3
202.4953684600627,35.3
203.55381451072122,35.3
204.6177930733116,35.3
205.6873330663489,35.3
206.76246355950653,35.3
207.84321377440395,35.3
208.92961308540407,35.3
210.02169102040844,35.3
211.11947726166272,35.3
212.22300164656127,35.3
213.33229416845913,35.3
214.447384977487,35.3
215.5683043813707,35.3
216.69508284625502,35.3
217.8277509975314,35.3
218.9663396206716,35.3
220.1108796620618,35.3
221.26140222984722,35.3
222.41793859477394,35.3
223.5805201910423,35.3
224.74917861715863,35.3
225.9239456367954,35.3
227.10485317965416,35.2
228.29193334233327,35.1
229.48521838920135,35.1
230.68474075327168,35.1
231.89053303708724,35.1
233.102628013603,35.1
234.32105862708036,35.1
235.5458579939798,35.1
236.77705940386227,35.1
238.0146963202937,35.1
239.25880238175446,35.1
240.50941140255387,35.1
241.76655737374873,35.1
243.03027446406858,35.1
244.30059702084168,35.1
245.57755957093218,35.1
246.86119682167464,35.1
248.1515436618211,35.1
249.44863516248657,35.1
250.75250657810346,35.1
252.0631933473797,35.1
253.3807310942614,35.1
254.7051556289027,35.1
256.03650294863604,35.1
257.3748092389545,35.1
258.72011087449107,35.1
260.0724444200114,35.1
261.4318466314045,35.1
262.79835445668317,35.1
264.17200503698814,35.1
265.5528357075972,35.1
266.94088399894025,35.0
268.336187637619,35.0
269.7387845474336,34.9
271.1487128504106,34.9
272.56601086784315,34.9
273.9907171213279,34.9
275.4228703338166,34.9
276.86250943066517,34.9
278.30967354069315,34.9
279.764401997247,34.9
281.2267343392687,34.9
282.6967103123723,34.9
284.1743698699204,34.9
285.65975317411466,34.9
287.152900597083,34.9
288.6538527219809,34.9
290.16265034409145,34.9
291.67933447193553,34.9
293.203946328386,34.9
294.7365273517884,34.9
296.27711919708696,34.9
297.8257637369567,34.9
299.38250306294265,34.9
300.947379486601,34.9
302.52043554065347,34.9
304.1017139801383,34.8
305.69125778357716,34.7
307.2891101541398,34.7
308.8953145208197,34.7
310.5099145396145,34.7
312.1329540947119,34.7
313.76447729968413,34.7
315.40452849868336,34.7
317.0531522676519,34.7
318.71039341552853,34.7
320.3762969854716,34.7
322.05090825607795,34.7
323.7342727426186,34.7
325.4264361982722,34.7
327.1274446153702,34.7
328.83734422664674,34.7
330.55618150649445,34.7
332.28400317222986,34.7
334.02085618535915,34.7
335.76678775285944,34.7
337.52184532845695,34.7
339.28607661392135,34.7
341.0595295603587,34.6
342.84225236951676,34.6
344.63429349509414,34.6
346.4357016440579,34.6
348.24652577796684,34.6
350.06681511430224,34.6
351.8966191278073,34.6
353.7359875518278,34.6
355.5849703796693,34.6
357.44361786595016,34.6
359.3119805279728,34.6
361.1901091470929,34.6
363.0780547701014,34.6
364.9758687106112,34.6
366.8836025504522,34.6
368.80130814107446,34.6
370.72903760495365,34.5
372.66684333701346,34.4
374.6147780060434,34.4
376.57289455613636,34.4
378.54124620812286,34.4
380.5198864610201,34.4
382.50886909348526,34.4
384.5082481652772,34.4
386.51807801872604,34.4
388.53841328020957,34.4
390.56930886163985,34.4
392.6108199619517,34.4
394.6630020686084,34.4
396.7259109591041,34.3
398.7996027024853,34.2
400.8841336608706,34.2
402.9795604909844,34.2
405.0859401456969,34.2
407.20332987557106,34.2
409.331787230421,34.2
411.4713700608718,34.2
413.6221365199375,34.2
415.78414506459575,34.2
417.95745445738237,34.2
420.1421237679842,34.2
422.33821237484636,34.2
424.5457799667861,34.2
426.76488654461485,34.2
428.9955924227691,34.1
431.23795823094935,34.0
433.49204491576995,33.9
435.7579137424112,33.9
438.0356262962907,33.9
440.3252444847303,33.9
442.62683053864555,33.9
444.9404470142319,33.9
447.2661567946673,33.9
449.60402309182115,33.9
451.9541094479714,33.9
454.3164797375345,33.9
456.6911981687959,33.9
459.0783292856624,33.9
461.4779379694089,33.9
463.89008944044906,33.9
466.31484926010245,33.8
468.7522833323791,33.7
471.20245790577025,33.7
473.6654395750488,33.7
476.14129528307956,33.7
478.630092322638,33.7
481.1318983382419,33.7
483.6467813279844,33.7
486.1748096453894,33.7
488.7160520012619,33.7
491.27057746556244,33.7
493.8384554692794,33.7
496.4197558063182,33.7
499.01454863539806,33.7
501.6229044819588,33.7
504.24489424007766,33.6
506.88058917439554,33.6
509.53006092205686,33.5
512.1933814946506,33.5
514.8706232801756,33.5
517.5618590449992,33.5
520.2671619358439,33.5
522.9866054817683,33.5
525.7202635961694,33.5
528.4682105787901,33.5
531.230521117739,33.5
534.0072702915224,33.5
536.7985335710792,33.5
539.6043868218401,33.4
542.4249063057814,33.4
545.2601686835053,33.4
548.1102510163182,33.4
550.9752307683272,33.4
553.8551858085453,33.4
556.7501944130083,33.3
559.6603352669016,33.2
562.5856874666987,33.2
565.5263305223134,33.2
568.4823443592555,33.2
571.4538093208106,33.2
574.4408061702153,33.2
577.4434160928608,33.1
580.4617206984933,33.0
583.4958020234345,33.0
586.5457425328113,33.0
589.6116251227962,33.0
592.6935331228639,33.0
595.7915502980484,33.0
598.9057608512304,33.0
602.0362494254149,33.0
605.1831011060411,33.0
608.3464014232891,33.0
611.5262363544065,33.0
614.7226923260454,32.9
617.9358562166111,32.8
621.1658153586235,32.7
624.4126575410903,32.7
627.6764710118958,32.7
630.957344480193,32.7
634.2553671188238,32.7
637.5706285667327,32.7
640.9032189314127,32.7
644.2532287913472,32.7
647.6207491984753,32.7
651.0058716806659,32.7
654.4086882442045,32.7
657.8292913762976,32.7
661.2677740475787,32.7
664.7242297146454,32.7
668.1987523225889,32.7
671.6914363075575,32.7
675.2023765993158,32.7
678.7316686238282,32.7
682.2794083058518,32.7
685.8456920715438,32.7
689.4306168510824,32.7
693.0342800813003,32.7
696.6567797083366,32.7
700.2982141902914,32.7
703.9586824999124,32.7
707.6382841272731,32.7
711.3371190824884,32.7
715.0552878984242,32.7
718.7928916334344,32.7
722.5500318741055,32.7
726.3268107380181,32.7
730.123330876526,32.7
733.9396954775374,32.8
737.7760082683312,32.9
741.6323735183645,33.0
745.508896042117,33.0
749.4056812019327,33.0
753.3228349108862,33.0
757.2604636356614,33.0
761.2186743994453,33.0
765.1975747848361,33.0
769.1972729367671,33.0
773.2178775654501,33.0
777.2594979493206,33.0
781.3222439380205,33.0
785.406225955371,33.0
789.5115550023859,33.1
793.6383426602791,33.2
797.7867010935024,33.2
801.9567430527921,33.2
806.1485818782347,33.2
810.3623315023465,33.2
814.59810645317,33.2
818.8560218573906,33.2
823.1361934434566,33.2
827.4387375447371,33.2
831.7637711026708,33.2
836.1114116699566,33.2
840.4817774137397,33.3
844.8749871188272,33.4
849.2911601909162,33.4
853.7304166598383,33.4
858.1928771828257,33.4
862.6786630477819,33.4
867.1878961765907,33.4
871.7206991284164,33.4
876.2771951030477,33.4
880.8575079442367,33.4
885.4617621430697,33.5
890.0900828413493,33.5
894.742595834996,33.5
899.4194275774676,33.5
904.1207051831946,33.5
908.8465564310401,33.5
913.5971097677627,33.5
918.3724943115215,33.5
923.1728398553701,33.6
927.998276870799,33.6
932.8489365112713,33.7
937.7249506157918,33.7
942.6264517124897,33.7
947.5535730222193,33.7
952.5064484621864,33.7
957.4852126495767,33.7
962.4900009052299,33.7
967.5209492573013,33.7
972.5781944449744,33.8
977.6618739221665,33.9
982.772125861269,33.9
987.9090891569025,33.9
993.0729034296917,33.9
998.26370903006,33.9
1003.4816470420445,33.9
1008.7268592871307,33.9
1013.9994883281055,33.9
1019.2996774729368,33.9
1024.627570778662,33.9
1029.9833130553077,33.9
1035.3670498698243,33.9
1040.778927550043,33.9
1046.219093188652,33.9
1051.687694647196,33.9
1057.1848805600926,33.9
1062.7108003386745,33.9
1068.2656041752484,33.9
1073.849443047181,33.9
1079.4624687209969,33.9
1085.104833756507,33.9
1090.7766915109553,33.9
1096.4781961431852,33.9
1102.2095026178308,33.8
1107.9707667095288,33.8
1113.7621450071517,33.7
1119.5837949180645,33.7
1125.4358746724013,33.7
1131.3185433273702,33.7
1137.231960771571,33.7
1143.1762877293438,33.7
1149.1516857651375,33.7
1155.1583172879002,33.6
1161.1963455554942,33.5
1167.2659346791324,33.4
1173.3672496278396,33.4
1179.5004562329357,33.4
1185.6657211925422,33.4
1191.8632120761172,33.4
1198.0930973290035,33.3
1204.355546277011,33.3
1210.650729131018,33.2
1216.9788169915967,33.1
1223.3399818536654,33.1
1229.7343966111616,33.0
1236.162235061742,32.9
1242.6236719115057,32.8
1249.1188827797416,32.7
1255.6480442037073,32.6
1262.2113336434193,32.6
1268.8089294864806,32.5
1275.4410110529293,32.4
1282.1077586001115,32.4
1288.8093533275808,32.3
1295.5459773820237,32.3
1302.3178138622095,32.2
1309.1250468239675,32.2
1315.967861285188,32.1
1322.8464432308563,32.1
1329.7609796180998,32.0
1336.7116583812742,31.9
1343.6986684370715,31.9
1350.7221996896535,31.8
1357.782443035813,31.8
1364.879590370164,31.7
1372.0138345903551,31.6
1379.1853696023147,31.5
1386.3943903255179,31.3
1393.6410926982915,31.2
1400.9256736831292,31.1
1408.248331272053,31.0
1415.6092644919916,31.0
1423.0086734101894,30.9
1430.4467591396458,30.8
1437.9237238445805,30.8
1445.439770745928,30.8
1452.9951041268616,30.8
1460.589929338344,30.7
1468.224452804715,30.6
1475.898882029292,30.5
1483.6134256000173,30.5
1491.3682931951248,30.4
1499.1636955888393,30.3
1506.999844657106,30.3
1514.8769533833477,30.3
1522.7952358642551,30.3
1530.754907315605,30.3
1538.7561840781082,30.3
1546.799283623296,30.2
1554.8844245594228,30.1
1563.0118266374113,30.1
1571.181710756826,30.1
1579.3942989718767,30.1
1587.649814497453,30.1
1595.9484817151922,30.0
1604.2905261795772,29.9
1612.6761746240677,29.9
1621.1056549672617,29.9
1629.5791963190893,29.9
1638.097028987047,29.9
1646.6593844824454,29.9
1655.266495526711,29.9
1663.9185960577072,29.9
1672.6159212360947,29.9
1681.3587074517213,29.8
1690.1471923300487,29.7
1698.9816147386093,29.7
1707.8622147934998,29.7
1716.789233865905,29.6
1725.7629145886658,29.6
1734.7835008628629,29.6
1743.8512378644525,29.6
1752.9663720509295,29.5
1762.1291511680254,29.5
1771.3398242564415,29.4
1780.598641658619,29.4
1789.9058550255418,29.3
1799.2617173235774,29.2
1808.6664828413498,29.1
1818.1204071966588,29.0
1827.6237473434162,29.0
1837.1767615786375,28.9
1846.7797095494598,28.8
1856.4328522602,28.7
1866.1364520794475,28.6
1875.8907727471963,28.5
1885.6960793820124,28.5
1895.552638488241,28.4
1905.4607179632462,28.4
1915.4205871047022,28.3
1925.4325166178992,28.3
1935.4967786231095,28.2
1945.6136466629825,28.2
1955.783395709978,28.1
1966.006302173841,28.0
1976.282643909114,27.9
1986.6127002226892,27.8
1996.996751881399,27.7
2007.4350811196462,27.6
2017.927971647083,27.6
2028.4757086563097,27.5
2039.078578830634,27.5
2049.736870351861,27.5
2060.4508729081267,27.5
2071.22087770177,27.5
2082.0471774572497,27.4
2092.9300664290977,27.4
2103.8698404099196,27.3
2114.8667967384304,27.3
2125.9212343075446,27.3
2137.0334535724887,27.3
2148.2037565589744,27.2
2159.4324468714053,27.2
2170.71982970113,27.2
2182.0662118347364,27.1
2193.4719016623894,27.0
2204.937209186215,26.9
2216.4624460287228,26.9
2228.0479254412767,26.8
2239.6939623126154,26.8
2251.4008731773993,26.7
2263.168976224821,26.5
2274.9985913072546,26.3
2286.890039948944,26.2
2298.843645354747,26.1
2310.8597324189163,26.1
2322.9386277339318,26.0
2335.0806595993763,25.9
2347.2861580308577,25.7
2359.5554547689862,25.5
2371.8888832883777,25.4
2384.2867788067265,25.3
2396.7494782939148,25.2
2409.2773204811715,25.0
2421.8706458702773,24.8
2434.5297967428205,24.6
2447.2551171695004,24.5
2460.0469530194778,24.5
2472.905651969775,24.4
2485.8315635147337,24.3
2498.825038975499,24.2
2511.88643150958,24.1
2525.0160961204438,23.9
2538.2143896671673,23.8
2551.481670874133,23.7
2564.8183003407817,23.6
2578.224640551411,23.6
2591.7010558850307,23.5
2605.247912625263,23.5
2618.8655789702975,23.5
2632.5544250429093,23.5
2646.314822900502,23.5
2660.14714654523,23.4
2674.051771934164,23.4
2688.029076989506,23.3
2702.079441608862,23.3
2716.20324767557,23.2
2730.400879069075,23.2
2744.6727216753675,23.1
2759.0191633974646,23.0
2773.440594165967,22.9
2787.9374059496395,22.8
2802.509992766076,22.8
2817.1587506924047,22.7
2831.8840778760564,22.6
2846.686374545581,22.5
2861.5660430215316,22.3
2876.5234877273942,22.2
2891.5591152005823,22.1
2906.6733341034837,22.0
2921.8665552345788,22.0
2937.139191539587,21.9
2952.4916581227058,21.8
2967.9243722578863,21.7
2983.4377534001765,21.7
2999.0322231971227,21.6
3014.7082055002275,21.5
3030.466126376471,21.5
3046.306414119893,21.5
3062.229499263226,21.6
3078.2358145896155,21.7
3094.325795144359,21.8
3110.4998782467446,21.8
3126.7585035019356,21.8
3143.1021128129173,21.8
3159.5311503925072,21.8
3176.0460627754296,21.8
3192.6472988304513,21.8
3209.335309772584,21.8
3226.1105491753406,21.8
3242.973472983081,21.8
3259.924539523382,21.9
3276.9642095195077,22.0
3294.0929461029286,22.0
3311.311214825911,22.0
3328.6194836741684,22.0
3346.018223079582,22.1
3363.507905932988,22.2
3381.089007597027,22.2
3398.762005919066,22.2
3416.527381244194,22.2
3434.385616428264,22.2
3452.337196851022,22.2
3470.382610429304,22.3
3488.5223476302926,22.3
3506.7569014848486,22.3
3525.0867676009134,22.3
3543.512444176976,22.3
3562.034432015617,22.3
3580.6532345371147,22.3
3599.369357793143,22.3
3618.1833104805046,22.3
3637.095603954969,22.2
3656.1067522451726,22.2
3675.2172720665826,22.2
3694.4276828355482,22.1
3713.738506683413,22.0
3733.1502684707093,22.0
3752.6634958014215,22.0
3772.2787190373247,22.0
3791.9964713124127,22.0
3811.817288547367,22.0
3831.7417094641373,22.0
3851.7702756005806,22.1
3871.9035313251793,22.1
3892.1420238518376,22.2
3912.4863032547537,22.4
3932.936922483372,22.5
3953.4944373774106,22.7
3974.1594066819653,22.8
3994.9323920627126,22.9
4015.8139581211503,23.0
4036.8046724099613,23.1
4057.9051054484326,23.2
4079.115830737964,23.3
4100.437424777656,23.4
4121.870467079975,23.4
4143.41554018651,23.5
4165.0732296838005,23.5
4186.844124219257,23.5
4208.728815517151,23.5
4230.72789839472,23.5
4252.841970778305,23.5
4275.071633719623,23.5
4297.417491412092,23.5
4319.880151207261,23.5
4342.460223631314,23.5
4365.158322401661,23.5
4387.975064443623,23.5
4410.911069907196,23.5
4433.9669621839075,23.5
4457.1433679237725,23.5
4480.4409170523,23.5
4503.860242787635,23.5
4527.40198165776,23.4
4551.0667735177985,23.3
4574.855261567406,23.3
4598.768092368251,23.2
4622.80591586159,23.2
4646.969385385929,23.1
4671.25915769478,23.0
4695.675892974527,22.9
4720.220254862348,22.8
4744.892910464259,22.7
4769.694530373255,22.6
4794.625788687525,22.5
4819.68736302878,22.3
4844.87993456067,22.2
4870.204188007296,22.1
4895.660811671819,22.0
4921.250497455168,21.9
4946.973940874864,21.8
4972.8318410838865,21.7
4998.824900889706,21.5
5024.953826773381,21.3
5051.219328908747,21.2
5077.622121181736,21.1
5104.162921209768,21.0
5130.842450361258,20.9
5157.661433775227,20.8
5184.620600380999,20.7
5211.720682918039,20.5
5238.962417955835,20.3
5266.346545913939,20.3
5293.873811082085,20.3
5321.544961640422,20.3
5349.360749679845,20.2
5377.321931222439,20.1
5405.429266242027,20.1
5433.683518684824,20.1
5462.085456490198,20.1
5490.635851611563,20.1
5519.335480037329,20.0
5548.185121812011,19.8
5577.185561057427,19.7
5606.337585994012,19.6
5635.641988962242,19.6
5665.0995664441625,19.6
5694.7111190850455,19.5
5724.477451715144,19.4
5754.399373371566,19.4
5784.477697320285,19.4
5814.713241078208,19.4
5845.10682643542,19.4
5875.659279477514,19.4
5906.371430608045,19.5
5937.244114571097,19.5
5968.278170473975,19.6
5999.4744418100045,19.6
6030.833776481469,19.7
6062.357026822636,19.8
6094.045049622959,19.9
6125.898706150321,20.1
6157.918862174471,20.2
6190.106387990547,20.4
6222.462158442733,20.6
6254.987052948034,20.7
6287.681955520183,20.9
6320.547754793659,21.1
6353.585344047851,21.4
6386.795621231329,21.6
6420.179488986247,21.7
6453.7378546729,21.9
6487.471630394349,22.0
6521.381733021235,22.2
6555.469084216698,22.4
6589.734610461422,22.5
6624.179243078815,22.6
6658.80391826033,22.7
6693.609577090902,23.0
6728.597165574533,23.2
6763.767634659991,23.4
6799.1219402666875,23.5
6834.661043310619,23.6
6870.385909730507,23.7
6906.297510514049,23.9
6942.39682172431,24.1
6978.684824526248,24.3
7015.162505213385,24.4
7051.830855234612,24.5
7088.690871221135,24.6
7125.7435550135615,24.7
7162.989913689153,24.9
7200.430959589155,25.0
7238.067710346342,25.2
7275.901188912673,25.3
7313.932423587085,25.4
7352.162448043451,25.6
7390.59230135867,25.8
7429.22302804091,25.9
7468.055678057999,26.1
7507.091306865953,26.2
7546.330975437692,26.3
7585.775750291836,26.6
7625.426703521717,26.8
7665.284912824515,27.1
7705.351461530549,27.4
7745.627438632719,27.7
7786.113938816104,28.0
7826.81206248772,28.2
7867.722915806424,28.3
7908.847610712972,28.6
7950.187264960275,28.9
7991.743002143727,29.1
8033.515951731782,29.2
8075.507249096639,29.2
8117.718035545101,29.3
8160.149458349601,29.3
8202.80267077938,29.4
8245.67883213183,29.4
8288.77910776401,29.3
8332.104669124305,29.2
8375.656693784302,29.0
8419.436365470749,28.8
8463.444874097753,28.6
8507.683415799123,28.4
8552.153192960874,28.2
8596.855414253905,27.8
8641.791294666864,27.2
8686.962055539152,26.8
8732.36892459413,26.6
8778.01313597248,26.4
8823.895930265779,26.2
8870.018554550163,25.7
8916.382262420266,25.1
8962.988314023276,24.8
9009.83797609319,24.6
9056.932521985234,24.4
9104.273231710486,24.2
9151.861391970657,24.0
9199.698296193066,23.8
9247.785244565785,23.7
9296.12354407301,23.7
9344.714508530542,23.6
9393.559458621517,23.5
9442.659721932305,23.6
9492.016632988581,23.7
9541.631533291613,23.9
9591.505771354708,24.3
9641.64070273987,24.7
9692.037690094652,24.9
9742.698103189163,25.1
9793.623318953358,25.3
9844.814721514387,25.5
9896.27370223427,25.7
9948.001659747684,26.2
10000.0,26.7
10052.270136285486,26.9
10104.813489285681,27.0
10157.6314871081,27.0
10210.725565324987,27.0
10264.09716701231,26.9
10317.747742788988,26.9
10371.678750856474,26.8
10425.891657038128,26.7
10480.387934819217,26.3
10535.16906538697,25.7
10590.236537670813,25.3
10645.591848382772,25.0
10701.236502058211,24.8
10757.172011096769,24.5
10813.399895803414,23.8
10869.921684429703,22.7
10926.73891321545,21.9
10983.85312643042,21.4
11041.265876416248,21.0
11098.978723628681,20.5
11156.993236680037,19.3
11215.310992381786,17.7
11273.933575787378,16.9
11332.862580235347,16.3
11392.099607392682,15.9
11451.646267298307,15.5
11511.504178406769,15.0
11571.674967632372,13.6
11632.16027039332,12.4
11692.961730656129,12.2
11754.08100098034,11.8
11815.519742563505,11.3
11877.27962528627,10.9
11939.362327757724,10.7
12001.76953736107,10.5
12064.50295029953,10.3
12127.56427164241,10.1
12190.95521537136,10.3
12254.677504427105,10.6
12318.732870756214,10.8
12383.123055358106,11.0
12447.849808332432,11.2
12512.914888926687,11.4
12578.320065583976,11.7
12644.067115991029,11.8
12710.157827126544,11.8
12776.593995309939,11.8
12843.377426249857,11.7
12910.50993509343,11.3
12977.99334647565,10.9
13045.829494568892,10.6
13114.020223132724,10.1
13182.567385564074,7.8
13251.472844947652,4.7
13320.738474106534,3.4
13390.366155652993,2.7
13460.35778203982,2.2
13530.715255611682,1.9
13601.440488656775,2.2
13672.535403458849,2.7
13744.001932349513,3.3
13815.842017760702,3.9
13888.057612277411,4.8
13960.650678690825,5.7
14033.62319005172,6.1
14106.977129724035,6.4
14180.714491438697,6.8
14254.837279347976,7.0
14329.347508079869,7.4
14404.247202792812,7.7
14479.538399230763,7.8
14555.223143778607,7.9
14631.303493517702,8.0
14707.78151628175,8.0
14784.65929071304,8.0
14861.938906319014,8.0
14939.622463529,8.0
15017.712073751207,7.9
15096.209859430292,7.7
15175.117954104964,7.4
15254.438502465904,7.3
15334.173660414117,7.4
15414.325595119602,7.6
15494.896485080177,7.9
15575.88852018064,8.2
15657.303901752315,8.5
15739.1448426331,9.6
15821.413567227246,10.9
15904.112311566014,11.6
15987.243323368504,12.2
16070.808862102673,12.9
16154.811199046684,13.7
16239.252617350698,14.4
16324.135412099,15.0
16409.461890372313,15.8
16495.23437131044,16.4
16581.455186175313,16.5
16668.12667841462,16.4
16755.251203725067,16.2
