10.0,47.9
10.052270136285475,47.9
10.104813489285682,47.9
10.157631487108103,47.9
10.210725565324982,47.9
10.264097167012295,47.9
10.317747742789004,47.9
10.371678750856479,47.9
10.425891657038118,47.9
10.480387934819216,47.9
10.535169065386981,47.9
10.590236537670812,47.9
10.64559184838276,47.9
10.701236502058206,47.9
10.757172011096776,47.9
10.813399895803409,47.9
10.869921684429707,47.9
10.926738913215466,47.9
10.98385312643042,47.9
11.041265876416237,47.9
11.098978723628681,47.9
11.156993236680048,47.9
11.215310992381788,47.9
11.27393357578736,47.9
11.332862580235341,47.9
11.392099607392687,47.9
11.451646267298301,47.9
11.511504178406776,47.9
11.571674967632385,47.9
11.632160270393321,47.9
11.692961730656117,47.9
11.75408100098034,47.9
11.815519742563518,47.9
11.87727962528627,47.9
11.939362327757706,47.9
12.001769537361062,47.9
12.064502950299536,47.9
12.127564271642404,47.9
12.190955215371359,47.9
12.254677504427118,47.9
12.318732870756214,47.9
12.383123055358094,47.9
12.447849808332432,47.9
12.5129148889267,47.9
12.578320065583968,47.9
12.644067115991009,47.9
12.710157827126565,47.9
12.776593995309947,47.9
12.843377426249843,47.9
12.910509935093431,47.9
12.977993346475664,47.9
13.045829494568892,47.9
13.11402022313271,47.9
13.182567385564074,47.9
13.251472844947658,47.9
13.320738474106527,47.9
13.390366155653,47.9
13.460357782039841,47.9
13.530715255611682,47.9
13.601440488656761,47.9
13.672535403458848,47.9
13.744001932349526,47.9
13.815842017760701,47.9
13.888057612277397,47.9
13.960650678690818,47.9
14.033623190051728,47.9
14.10697712972403,47.9
14.180714491438705,47.9
14.25483727934799,47.9
14.32934750807987,47.9
14.404247202792797,47.9
14.479538399230764,47.9
14.55522314377862,47.9
14.631303493517702,47.9
14.707781516281727,47.9
14.784659290713032,47.9
14.861938906319022,47.9
14.939622463528993,47.9
15.017712073751214,47.9
15.096209859430308,47.9
15.175117954104964,47.9
15.254438502465888,47.9
15.334173660414118,47.9
15.414325595119617,47.9
15.494896485080169,47.9
15.575888520180618,47.9
15.65730390175234,47.9
15.73914484263311,47.9
15.821413567227237,47.9
15.904112311566013,47.9
15.98724332336852,47.9
16.070808862102673,47.9
16.154811199046666,47.9
16.239252617350697,47.9
16.324135412099007,47.9
16.409461890372306,47.9
16.495234371310413,47.9
16.58145518617534,47.9
16.668126678414627,47.9
16.755251203725052,47.9
16.84283113011666,47.9
16.930868837977105,47.9
17.01936672013636,47.9
17.108327181931763,47.9
17.197752641273365,47.9
17.28764552870969,47.9
17.378008287493753,47.9
17.4688433736495,47.9
17.560153256038525,47.9
17.651940416427212,47.9
17.744207349554188,47.9
17.836956563198083,47.9
17.93019057824573,47.9
18.023911928760675,47.9
18.118123162052047,47.9
18.21282683874379,47.9
18.30802553284428,47.9
18.403721831816252,47.9
18.499918336647156,47.9
18.59661766191982,47.9
18.69382243588356,47.9
18.791535300525574,47.9
18.889758911642755,47.9
18.98849593891389,47.9
19.08774906597221,47.9
19.187520990478333,47.9
19.287814424193606,47.9
19.388632093053765,47.9
19.48997673724305,47.9
19.591851111268685,47.9
19.69425798403576,47.9
19.79720013892245,47.9
19.90068037385568,47.9
20.004701501387192,47.9
20.109266348769967,47.9
20.214377758035074,47.9
20.320038586068932,47.9
20.426251704690927,47.9
20.533020000731486,47.9
20.64034637611054,47.9
20.748233747916412,47.9
20.856685048485062,47.9
20.965703225479817,47.9
21.075291241971485,47.9
21.185452076518878,47.9
21.296188723249774,47.9
21.407504191942323,47.9
21.519401508106792,47.9
21.631883713067854,47.9
21.744953864047204,47.9
21.858615034246718,47.9
21.972870312931903,47.9
22.087722805515906,47.9
22.203175633643916,47.9
22.319231935278008,47.9
22.435894864782412,47.9
22.553167593009288,47.9
22.671053307384867,47.9
22.789555211996095,47.9
22.908676527677724,47.9
23.028420492099883,47.9
23.148790359856015,47.9
23.26978940255137,47.9
23.391420908891938,47.9
23.51368818477381,47.9
23.63659455337303,47.8
23.760143355235964,47.7
23.884337948370025,47.7
24.009181708334992,47.7
24.134678028334722,47.7
24.260830319309434,47.7
24.387642010028344,47.7
24.515116547182902,47.7
24.64325739548046,47.7
24.772068037738443,47.7
24.901551974979007,47.7
25.031712726524198,47.7
25.162553830091625,47.7
25.294078841890578,47.7
25.426291336718684,47.7
25.559194908059133,47.7
25.692793168178262,47.7
25.827089748223784,47.7
25.96208829832347,47.7
26.097792487684362,47.7
26.234206004692496,47.7
26.371332557013133,47.7
26.5091758716916,47.7
26.647739695254497,47.7
26.787027793811582,47.7
26.9270439531581,47.7
27.06779197887776,47.7
27.209275696446046,47.7
27.351498951334275,47.7
27.494465609114105,47.7
27.638179555562576,47.7
27.782644696767733,47.7
27.92786495923483,47.7
28.07384428999299,47.7
28.220586656702505,47.7
28.368096047762684,47.7
28.516376472420284,47.7
28.66543196087842,47.7
28.815266564406134,47.7
28.965884355448516,47.7
29.11728942773738,47.7
29.26948589640251,47.7
29.42247789808359,47.7
29.57626959104251,47.7
29.730865155276486,47.7
29.88626879263161,47.6
30.04248472691713,47.5
30.19951720402016,47.5
30.357370492021133,47.5
30.516048881309793,47.5
30.675556684701824,47.5
30.835898237556027,47.5
30.99707789789224,47.5
31.15910004650967,47.5
31.321969087106055,47.5
31.485689446397288,47.5
31.650265574237824,47.5
31.815701943741516,47.5
31.98200305140326,47.5
32.14917341722119,47.5
32.31721758481955,47.5
32.486140121572134,47.5
32.655945618726484,47.5
32.82663869152868,47.5
32.99822397934869,47.5
33.170706145806605,47.5
33.34408987889928,47.5
33.51837989112781,47.5
33.69358091962557,47.5
33.86969772628702,47.5
34.04673509789711,47.5
34.224697846261364,47.5
34.40359080833668,47.5
34.58341884636283,47.5
34.764186847994516,47.5
34.94589972643436,47.5
35.12856242056629,47.4
35.312179895089876,47.4
35.496757140655234,47.4
35.68229917399868,47.4
35.86881103807908,47.4
36.05629780221492,47.4
36.24476456222205,47.4
36.434216440552284,47.4
36.6246585864325,47.4
36.81609617600466,47.4
37.00853441246656,47.4
37.2019785262131,47.4
37.39643377497855,47.4
37.591905443979435,47.4
37.788398846058186,47.4
37.985919321827524,47.4
38.184472239815605,47.4
38.384062996612016,47.4
38.584697017014335,47.4
38.786379754175634,47.4
38.98911668975273,47.4
39.1929133340551,47.4
39.39777522619469,47.4
39.60370793423646,47.4
39.810717055349734,47.3
40.0188082159603,47.2
40.227987071903335,47.2
40.43825930857721,47.2
40.64963064109788,47.2
40.8621068144543,47.2
41.075693603664625,47.2
41.29039681393302,47.2
41.506222280807584,47.2
41.72317587033889,47.2
41.94126347923944,47.2
42.16049103504393,47.2
42.38086449627034,47.2
42.60238985258197,47.2
42.825073124950116,47.2
43.04892036581776,47.2
43.27393765926414,47.2
43.500131121170035,47.2
43.727506899384,47.2
43.956071173889484,47.2
44.18583015697281,47.1
44.416790093392,47.0
44.648957260546474,47.0
44.88233796864779,47.0
45.116938560890986,47.0
45.35276541362708,47.0
45.58982493653644,47.0
45.82812357280281,47.0
46.067667799288614,47.0
46.308464126710895,47.0
46.55051909981832,47.0
46.793839297569036,47.0
47.03843133330949,47.0
47.28430185495417,47.0
47.531457545166376,47.0
47.77990512153967,47.0
48.02965133678067,47.0
48.28070297889241,46.9
48.53306687135893,46.8
48.78674987333074,46.7
49.041758879811184,46.7
49.298100821843896,46.7
49.55578266670119,46.7
49.81481141807335,46.7
50.07519411625915,46.7
50.336937838356974,46.7
50.60004969845742,46.7
50.86453684783644,46.7
51.13040647514984,46.7
51.39766580662862,46.7
51.66632210627541,46.7
51.93638267606184,46.7
52.20785485612707,46.7
52.48074602497726,46.6
52.75506359968615,46.5
53.030815036096584,46.5
53.308007829023246,46.5
53.58664951245627,46.5
53.866747659766084,46.5
54.148309883909214,46.5
54.431343837635225,46.5
54.7158572136947,46.5
55.00185774504835,46.5
55.28935320507712,46.5
55.57835140779364,46.4
55.86886020805435,46.3
56.160887501773274,46.3
56.45444122613637,46.3
56.74952935981742,46.3
57.04615992319485,46.3
57.34434097856969,46.3
57.64408063038476,46.3
57.94538702544487,46.3
58.24826835313831,46.3
58.552732845659456,46.3
58.85878877823242,46.3
59.166444469336014,46.3
59.475708280929936,46.3
59.786588618681876,46.2
60.0990939321961,46.2
60.41323271524305,46.2
60.72901350599024,46.2
61.046444887234294,46.2
61.365535486634215,46.2
61.686293976945976,46.2
62.008729076258064,46.2
62.332849548228545,46.2
62.658664202323344,46.2
62.98618189405547,46.2
63.315411525225876,46.2
63.64636204416533,46.1
63.979042445977655,46.0
64.31346177278421,46.0
64.64962911396958,46.0
64.98755360642885,46.0
65.32724443481563,46.0
65.66871083179183,46.0
66.01196207827876,45.9
66.35700750370908,45.9
66.7038564862806,45.8
67.05251845321108,45.8
67.40300288099445,45.8
67.75531929565844,45.8
68.1094772730234,45.8
68.46548643896274,45.8
68.82335646966433,45.8
69.18309709189363,45.8
69.54471808325809,45.8
69.90822927247277,45.8
70.27364053962762,45.8
70.6409618164559,45.7
71.01020308660422,45.6
71.38137438590384,45.5
71.75448580264342,45.5
72.12954747784322,45.5
72.50656960553087,45.5
72.88556243301818,45.5
73.26653626117992,45.5
73.64950144473359,45.5
74.03446839252094,45.5
74.42144756779092,45.4
74.810449488484,45.3
75.20148472751808,45.3
75.59456391307583,45.3
75.98969772889355,45.3
76.38689691455168,45.3
76.78617226576647,45.3
77.18753463468363,45.3
77.59099493017311,45.3
77.99656411812569,45.3
78.404253221751,45.2
78.8140733218772,45.1
79.226035557252,45.1
79.64015112484554,45.1
80.05643128015467,45.1
80.47488733750892,45.1
80.89553067037787,45.1
81.31837271168051,45.1
81.74342495409579,45.1
82.170698950375,45.0
82.60020631365589,45.0
83.03195871777821,44.9
83.46596789760103,44.9
83.90224564932171,44.9
84.34080383079642,44.9
84.78165436186265,44.9
85.22480922466286,44.9
85.67028046397054,44.9
86.11808018751721,44.8
86.56822056632171,44.8
87.020713835021,44.8
87.47557229220259,44.8
87.93280830073893,44.8
88.39243428812335,44.8
88.85446274680783,44.8
89.31890623454267,44.7
89.78577737471758,44.6
90.25508885670492,44.6
90.72685343620469,44.6
91.20108393559097,44.6
91.67779324426061,44.6
92.15699431898352,44.5
92.63870018425483,44.5
93.12292393264887,44.4
93.60967872517497,44.4
94.09897779163542,44.4
94.5908344309847,44.4
95.0852620116911,44.4
95.58227397210023,44.4
96.08188382079996,44.4
96.5841051369878,44.4
97.08895157083991,44.3
97.59643684388209,44.2
98.10657474936274,44.1
98.61937915262773,44.1
99.13486399149741,44.1
99.65304327664518,44.1
100.17393109197839,44.1
100.69754159502135,44.1
101.22388901729977,44.1
101.75298766472777,44.0
102.28485191799675,43.9
102.81949623296607,43.9
103.35693514105618,43.9
103.89718324964329,43.9
104.44025524245698,43.9
104.98616587997819,43.8
105.53492999984189,43.7
106.08656251723878,43.7
106.64107842532215,43.7
107.19849279561431,43.7
107.75882077841675,43.7
108.32207760322176,43.7
108.88827857912626,43.7
109.45743909524856,43.6
110.02957462114523,43.6
110.60470070723336,43.6
111.18283298521138,43.6
111.76398716848561,43.6
112.3481790525961,43.5
112.93542451564652,43.5
113.5257395187356,43.4
114.11914010639099,43.4
114.71564240700522,43.4
115.3152626332741,43.4
115.91801708263789,43.4
116.52392213772293,43.4
117.13299426678874,43.4
117.74525002417371,43.4
118.36070605074681,43.4
118.97937907435858,43.3
119.60128591029638,43.2
120.22644346174131,43.2
120.85486872022751,43.2
121.4865787661046,43.2
122.12159076900052,43.1
122.75992198829012,43.0
123.40158977356222,42.9
124.04661156509306,42.9
124.69500489431896,42.9
125.34678738431336,42.9
126.00197675026583,42.9
126.6605907999634,42.9
127.3226474342747,42.9
127.98816464763628,42.8
128.6571605285424,42.7
129.32965326003517,42.7
130.00566112020084,42.7
130.68520248266435,42.7
131.36829581709074,42.7
132.05495968968575,42.7
132.74521276370103,42.7
133.43907379994133,42.6
134.1365616572744,42.5
134.83769529314347,42.5
135.54249376408254,42.5
136.25097622623485,42.4
136.96316193587217,42.4
137.67907024992007,42.4
138.39872062648203,42.4
139.1221326253702,42.4
139.84932590863562,42.4
140.58032024110324,42.4
141.31513549090906,42.3
142.05379163003997,42.3
142.7963087348772,42.2
143.5427069867405,42.2
144.29300667243896,42.2
145.04722818481977,42.2
145.80539202332486,42.1
146.56751879454652,42.1
147.333629212788,42.0
148.1037441006266,42.0
148.87788438947953,42.0
149.65607112017267,42.0
150.43832544351253,41.9
151.2246686208618,41.8
152.01512202471548,41.7
152.80970713928414,41.7
153.6084455610754,41.7
154.41135899948313,41.7
155.218469277376,41.7
156.02979833169113,41.7
156.8453682140304,41.7
157.66520109125955,41.6
158.48931924611142,41.5
159.3177450777899,41.5
160.15050110258113,41.5
160.9876099544629,41.5
161.82909438572216,41.5
162.67497726757185,41.4
163.52528159077312,41.3
164.38003046626017,41.3
165.23924712576837,41.3
166.1029549224657,41.3
166.97117733158728,41.3
167.8439379510743,41.2
168.72126050221348,41.2
169.60316883028446,41.2
170.48968690520502,41.2
171.38083882218535,41.2
172.27664880238083,41.2
173.17714119355136,41.1
174.08234047072295,41.0
174.99227123685273,41.0
175.9069582234984,41.0
176.82642629148881,41.0
177.75070043160196,41.0
178.67980576524164,41.0
179.61376754512278,41.0
180.55261115595593,41.0
181.49636211513797,41.0
182.44504607344558,40.9
183.39868881573247,40.8
184.35731626163007,40.8
185.3209544662519,40.8
186.28962962090262,40.8
187.26336805378796,40.8
188.24219623073301,40.7
189.2261407558986,40.6
190.21522837250714,40.5
191.20948596356752,40.5
192.20894055260666,40.4
193.21361930440384,40.3
194.22354952572874,40.3
195.2387586660848,40.3
196.25927431845295,40.3
197.28512422004457,40.3
198.31633625305224,40.3
199.35293844541056,40.3
200.39495897155572,40.3
201.4424261531923,40.2
202.4953684600627,40.2
203.55381451072122,40.1
204.6177930733116,40.1
205.6873330663489,40.1
206.76246355950653,40.1
207.84321377440395,40.0
208.92961308540407,40.0
210.02169102040844,39.9
211.11947726166272,39.9
212.22300164656127,39.9
213.33229416845913,39.9
214.447384977487,39.9
215.5683043813707,39.8
216.69508284625502,39.8
217.8277509975314,39.8
218.9663396206716,39.8
220.1108796620618,39.8
221.26140222984722,39.8
222.41793859477394,39.7
223.5805201910423,39.6
224.74917861715863,39.6
225.9239456367954,39.6
227.10485317965416,39.6
228.29193334233327,39.6
229.48521838920135,39.6
230.68474075327168,39.6
231.89053303708724,39.5
233.102628013603,39.4
234.32105862708036,39.4
235.5458579939798,39.4
236.77705940386227,39.4
238.0146963202937,39.3
239.25880238175446,39.2
240.50941140255387,39.1
241.76655737374873,39.1
243.03027446406858,39.1
244.30059702084168,39.1
245.57755957093218,39.0
246.86119682167464,39.0
248.1515436618211,38.9
249.44863516248657,38.9
250.75250657810346,38.9
252.0631933473797,38.9
253.3807310942614,38.9
254.7051556289027,38.9
256.03650294863604,38.9
257.3748092389545,38.8
258.72011087449107,38.7
260.0724444200114,38.7
261.4318466314045,38.7
262.79835445668317,38.7
264.17200503698814,38.7
265.5528357075972,38.7
266.94088399894025,38.6
268.336187637619,38.6
269.7387845474336,38.6
271.1487128504106,38.6
272.56601086784315,38.6
273.9907171213279,38.5
275.4228703338166,38.4
276.86250943066517,38.4
278.30967354069315,38.4
279.764401997247,38.4
281.2267343392687,38.4
282.6967103123723,38.4
284.1743698699204,38.3
285.65975317411466,38.3
287.152900597083,38.2
288.6538527219809,38.2
290.16265034409145,38.2
291.67933447193553,38.2
293.203946328386,38.1
294.7365273517884,38.0
296.27711919708696,37.9
297.8257637369567,37.9
299.38250306294265,37.9
300.947379486601,37.9
302.52043554065347,37.9
304.1017139801383,37.9
305.69125778357716,37.9
307.2891101541398,37.9
308.8953145208197,37.8
310.5099145396145,37.7
312.1329540947119,37.7
313.76447729968413,37.7
315.40452849868336,37.7
317.0531522676519,37.7
318.71039341552853,37.6
320.3762969854716,37.6
322.05090825607795,37.5
323.7342727426186,37.5
325.4264361982722,37.5
327.1274446153702,37.5
328.83734422664674,37.5
330.55618150649445,37.5
332.28400317222986,37.5
334.02085618535915,37.4
335.76678775285944,37.4
337.52184532845695,37.4
339.28607661392135,37.4
341.0595295603587,37.4
342.84225236951676,37.4
344.63429349509414,37.4
346.4357016440579,37.3
348.24652577796684,37.2
350.06681511430224,37.2
351.8966191278073,37.2
353.7359875518278,37.2
355.5849703796693,37.2
357.44361786595016,37.1
359.3119805279728,37.1
361.1901091470929,37.0
363.0780547701014,37.0
364.9758687106112,37.0
366.8836025504522,37.0
368.80130814107446,37.0
370.72903760495365,37.0
372.66684333701346,37.0
374.6147780060434,37.0
376.57289455613636,37.0
378.54124620812286,36.9
380.5198864610201,36.8
382.50886909348526,36.7
384.5082481652772,36.7
386.51807801872604,36.7
388.53841328020957,36.7
390.56930886163985,36.7
392.6108199619517,36.7
394.6630020686084,36.7
396.7259109591041,36.7
398.7996027024853,36.6
400.8841336608706,36.5
402.9795604909844,36.5
405.0859401456969,36.5
407.20332987557106,36.5
409.331787230421,36.5
411.4713700608718,36.4
413.6221365199375,36.3
415.78414506459575,36.3
417.95745445738237,36.3
420.1421237679842,36.3
422.33821237484636,36.3
424.5457799667861,36.3
426.76488654461485,36.3
428.9955924227691,36.3
431.23795823094935,36.3
433.49204491576995,36.2
435.7579137424112,36.2
438.0356262962907,36.2
440.3252444847303,36.2
442.62683053864555,36.2
444.9404470142319,36.2
447.2661567946673,36.2
449.60402309182115,36.1
451.9541094479714,36.0
454.3164797375345,36.0
456.6911981687959,36.0
459.0783292856624,36.0
461.4779379694089,36.0
463.89008944044906,36.0
466.31484926010245,36.0
468.7522833323791,36.0
471.20245790577025,36.0
473.6654395750488,36.0
476.14129528307956,36.0
478.630092322638,35.9
481.1318983382419,35.9
483.6467813279844,35.8
486.1748096453894,35.8
488.7160520012619,35.8
491.27057746556244,35.8
493.8384554692794,35.8
496.4197558063182,35.8
499.01454863539806,35.8
501.6229044819588,35.7
504.24489424007766,35.6
506.88058917439554,35.5
509.53006092205686,35.5
512.1933814946506,35.5
514.8706232801756,35.5
517.5618590449992,35.5
520.2671619358439,35.5
522.9866054817683,35.5
525.7202635961694,35.4
528.4682105787901,35.4
531.230521117739,35.3
534.0072702915224,35.3
536.7985335710792,35.3
539.6043868218401,35.3
542.4249063057814,35.3
545.2601686835053,35.3
548.1102510163182,35.3
550.9752307683272,35.2
553.8551858085453,35.1
556.7501944130083,35.1
559.6603352669016,35.1
562.5856874666987,35.1
565.5263305223134,35.1
568.4823443592555,35.1
571.4538093208106,35.1
574.4408061702153,35.1
577.4434160928608,35.1
580.4617206984933,35.1
583.4958020234345,35.0
586.5457425328113,34.9
589.6116251227962,34.9
592.6935331228639,34.9
595.7915502980484,34.9
598.9057608512304,34.9
602.0362494254149,34.9
605.1831011060411,34.9
608.3464014232891,34.9
611.5262363544065,34.9
614.7226923260454,34.9
617.9358562166111,34.9
621.1658153586235,34.9
624.4126575410903,34.8
627.6764710118958,34.8
630.957344480193,34.8
634.2553671188238,34.8
637.5706285667327,34.8
640.9032189314127,34.8
644.2532287913472,34.8
647.6207491984753,34.8
651.0058716806659,34.8
654.4086882442045,34.8
657.8292913762976,34.8
661.2677740475787,34.7
664.7242297146454,34.7
668.1987523225889,34.6
671.6914363075575,34.6
675.2023765993158,34.6
678.7316686238282,34.6
682.2794083058518,34.6
685.8456920715438,34.6
689.4306168510824,34.6
693.0342800813003,34.6
696.6567797083366,34.6
700.2982141902914,34.6
703.9586824999124,34.6
707.6382841272731,34.6
711.3371190824884,34.6
715.0552878984242,34.6
718.7928916334344,34.6
722.5500318741055,34.6
726.3268107380181,34.6
730.123330876526,34.6
733.9396954775374,34.6
737.7760082683312,34.5
741.6323735183645,34.4
745.508896042117,34.4
749.4056812019327,34.4
753.3228349108862,34.4
757.2604636356614,34.4
761.2186743994453,34.4
765.1975747848361,34.4
769.1972729367671,34.4
773.2178775654501,34.4
777.2594979493206,34.4
781.3222439380205,34.5
785.406225955371,34.6
789.5115550023859,34.6
793.6383426602791,34.6
797.7867010935024,34.6
801.9567430527921,34.6
806.1485818782347,34.6
810.3623315023465,34.6
814.59810645317,34.6
818.8560218573906,34.6
823.1361934434566,34.6
827.4387375447371,34.6
831.7637711026708,34.6
836.1114116699566,34.6
840.4817774137397,34.6
844.8749871188272,34.7
849.2911601909162,34.8
853.7304166598383,34.8
858.1928771828257,34.7
862.6786630477819,34.7
867.1878961765907,34.6
871.7206991284164,34.6
876.2771951030477,34.5
880.8575079442367,34.4
885.4617621430697,34.2
890.0900828413493,34.0
894.742595834996,33.9
899.4194275774676,33.8
904.1207051831946,33.8
908.8465564310401,33.8
913.5971097677627,33.9
918.3724943115215,33.9
923.1728398553701,34.0
927.998276870799,34.1
932.8489365112713,34.1
937.7249506157918,34.1
942.6264517124897,34.1
947.5535730222193,34.1
952.5064484621864,34.1
957.4852126495767,34.1
962.4900009052299,34.2
967.5209492573013,34.3
972.5781944449744,34.4
977.6618739221665,34.4
982.772125861269,34.5
987.9090891569025,34.6
993.0729034296917,34.6
998.26370903006,34.6
1003.4816470420445,34.6
1008.7268592871307,34.6
1013.9994883281055,34.6
1019.2996774729368,34.6
1024.627570778662,34.6
1029.9833130553077,34.7
1035.3670498698243,34.8
1040.778927550043,34.8
1046.219093188652,34.8
1051.687694647196,34.8
1057.1848805600926,34.8
1062.7108003386745,34.8
1068.2656041752484,34.8
1073.849443047181,34.8
1079.4624687209969,34.8
1085.104833756507,34.8
1090.7766915109553,34.8
1096.4781961431852,34.8
1102.2095026178308,34.8
1107.9707667095288,34.7
1113.7621450071517,34.6
1119.5837949180645,34.6
1125.4358746724013,34.6
1131.3185433273702,34.6
1137.231960771571,34.5
1143.1762877293438,34.4
1149.1516857651375,34.3
1155.1583172879002,34.3
1161.1963455554942,34.2
1167.2659346791324,34.1
1173.3672496278396,34.0
1179.5004562329357,34.0
1185.6657211925422,33.9
1191.8632120761172,33.8
1198.0930973290035,33.7
1204.355546277011,33.7
1210.650729131018,33.7
1216.9788169915967,33.7
1223.3399818536654,33.7
1229.7343966111616,33.6
1236.162235061742,33.6
1242.6236719115057,33.5
1249.1188827797416,33.5
1255.6480442037073,33.4
1262.2113336434193,33.4
1268.8089294864806,33.4
1275.4410110529293,33.4
1282.1077586001115,33.4
1288.8093533275808,33.3
1295.5459773820237,33.3
1302.3178138622095,33.2
1309.1250468239675,33.2
1315.967861285188,33.1
1322.8464432308563,33.1
1329.7609796180998,33.0
1336.7116583812742,33.0
1343.6986684370715,32.9
1350.7221996896535,32.8
1357.782443035813,32.7
1364.879590370164,32.7
1372.0138345903551,32.7
1379.1853696023147,32.7
1386.3943903255179,32.7
1393.6410926982915,32.6
1400.9256736831292,32.5
1408.248331272053,32.5
1415.6092644919916,32.5
1423.0086734101894,32.5
1430.4467591396458,32.5
1437.9237238445805,32.5
1445.439770745928,32.4
1452.9951041268616,32.4
1460.589929338344,32.4
1468.224452804715,32.4
1475.898882029292,32.3
1483.6134256000173,32.2
1491.3682931951248,32.2
1499.1636955888393,32.2
1506.999844657106,32.2
1514.8769533833477,32.2
1522.7952358642551,32.2
1530.754907315605,32.2
1538.7561840781082,32.2
1546.799283623296,32.2
1554.8844245594228,32.2
1563.0118266374113,32.2
1571.181710756826,32.2
1579.3942989718767,32.2
1587.649814497453,32.2
1595.9484817151922,32.2
1604.2905261795772,32.2
1612.6761746240677,32.2
1621.1056549672617,32.2
1629.5791963190893,32.2
1638.097028987047,32.2
1646.6593844824454,32.2
1655.266495526711,32.2
1663.9185960577072,32.2
1672.6159212360947,32.1
1681.3587074517213,32.1
1690.1471923300487,32.0
1698.9816147386093,32.0
1707.8622147934998,32.0
1716.789233865905,32.0
1725.7629145886658,32.0
1734.7835008628629,32.0
1743.8512378644525,32.0
1752.9663720509295,32.0
1762.1291511680254,32.0
1771.3398242564415,32.0
1780.598641658619,32.0
1789.9058550255418,32.0
1799.2617173235774,32.0
1808.6664828413498,31.9
1818.1204071966588,31.8
1827.6237473434162,31.7
1837.1767615786375,31.7
1846.7797095494598,31.7
1856.4328522602,31.7
1866.1364520794475,31.6
1875.8907727471963,31.5
1885.6960793820124,31.5
1895.552638488241,31.5
1905.4607179632462,31.5
1915.4205871047022,31.4
1925.4325166178992,31.3
1935.4967786231095,31.3
1945.6136466629825,31.3
1955.783395709978,31.3
1966.006302173841,31.3
1976.282643909114,31.2
1986.6127002226892,31.2
1996.996751881399,31.2
2007.4350811196462,31.2
2017.927971647083,31.2
2028.4757086563097,31.2
2039.078578830634,31.2
2049.736870351861,31.2
2060.4508729081267,31.2
2071.22087770177,31.2
2082.0471774572497,31.2
2092.9300664290977,31.1
2103.8698404099196,31.0
2114.8667967384304,30.9
2125.9212343075446,30.8
2137.0334535724887,30.8
2148.2037565589744,30.7
2159.4324468714053,30.6
2170.71982970113,30.5
2182.0662118347364,30.5
2193.4719016623894,30.5
2204.937209186215,30.5
2216.4624460287228,30.4
2228.0479254412767,30.3
2239.6939623126154,30.2
2251.4008731773993,30.2
2263.168976224821,30.1
2274.9985913072546,30.1
2286.890039948944,30.0
2298.843645354747,30.0
2310.8597324189163,29.9
2322.9386277339318,29.9
2335.0806595993763,29.8
2347.2861580308577,29.8
2359.5554547689862,29.7
2371.8888832883777,29.6
2384.2867788067265,29.5
2396.7494782939148,29.4
2409.2773204811715,29.2
2421.8706458702773,29.1
2434.5297967428205,29.0
2447.2551171695004,29.0
2460.0469530194778,28.9
2472.905651969775,28.9
2485.8315635147337,28.9
2498.825038975499,28.9
2511.88643150958,28.8
2525.0160961204438,28.8
2538.2143896671673,28.7
2551.481670874133,28.6
2564.8183003407817,28.6
2578.224640551411,28.6
2591.7010558850307,28.6
2605.247912625263,28.6
2618.8655789702975,28.6
2632.5544250429093,28.5
2646.314822900502,28.4
2660.14714654523,28.3
2674.051771934164,28.3
2688.029076989506,28.2
2702.079441608862,28.2
2716.20324767557,28.1
2730.400879069075,27.9
2744.6727216753675,27.7
2759.0191633974646,27.5
2773.440594165967,27.5
2787.9374059496395,27.4
2802.509992766076,27.3
2817.1587506924047,27.2
2831.8840778760564,27.0
2846.686374545581,26.9
2861.5660430215316,26.8
2876.5234877273942,26.7
2891.5591152005823,26.5
2906.6733341034837,26.3
2921.8665552345788,26.1
2937.139191539587,26.0
2952.4916581227058,25.9
2967.9243722578863,25.9
2983.4377534001765,25.8
2999.0322231971227,25.7
3014.7082055002275,25.6
3030.466126376471,25.5
3046.306414119893,25.4
3062.229499263226,25.4
3078.2358145896155,25.3
3094.325795144359,25.3
3110.4998782467446,25.2
3126.7585035019356,25.1
3143.1021128129173,24.9
3159.5311503925072,24.8
3176.0460627754296,24.8
3192.6472988304513,24.8
3209.335309772584,24.7
3226.1105491753406,24.6
3242.973472983081,24.4
3259.924539523382,24.3
3276.9642095195077,24.2
3294.0929461029286,24.1
3311.311214825911,24.0
3328.6194836741684,23.9
3346.018223079582,23.8
3363.507905932988,23.7
3381.089007597027,23.7
3398.762005919066,23.6
3416.527381244194,23.5
3434.385616428264,23.4
3452.337196851022,23.3
3470.382610429304,23.1
3488.5223476302926,23.0
3506.7569014848486,22.8
3525.0867676009134,22.8
3543.512444176976,22.8
3562.034432015617,22.8
3580.6532345371147,22.7
3599.369357793143,22.6
3618.1833104805046,22.6
3637.095603954969,22.5
3656.1067522451726,22.5
3675.2172720665826,22.4
3694.4276828355482,22.4
3713.738506683413,22.3
3733.1502684707093,22.3
3752.6634958014215,22.2
3772.2787190373247,22.1
3791.9964713124127,22.1
3811.817288547367,22.0
3831.7417094641373,22.0
3851.7702756005806,22.0
3871.9035313251793,22.0
3892.1420238518376,22.0
3912.4863032547537,22.0
3932.936922483372,22.0
3953.4944373774106,22.0
3974.1594066819653,22.0
3994.9323920627126,22.0
4015.8139581211503,22.0
4036.8046724099613,22.1
4057.9051054484326,22.2
4079.115830737964,22.3
4100.437424777656,22.3
4121.870467079975,22.4
4143.41554018651,22.4
4165.0732296838005,22.4
4186.844124219257,22.4
4208.728815517151,22.4
4230.72789839472,22.4
4252.841970778305,22.4
4275.071633719623,22.4
4297.417491412092,22.4
4319.880151207261,22.4
4342.460223631314,22.4
4365.158322401661,22.3
4387.975064443623,22.3
4410.911069907196,22.2
4433.9669621839075,22.2
4457.1433679237725,22.1
4480.4409170523,22.1
4503.860242787635,22.0
4527.40198165776,21.9
4551.0667735177985,21.8
4574.855261567406,21.7
4598.768092368251,21.6
4622.80591586159,21.5
4646.969385385929,21.4
4671.25915769478,21.3
4695.675892974527,21.1
4720.220254862348,21.0
4744.892910464259,20.9
4769.694530373255,20.9
4794.625788687525,20.8
4819.68736302878,20.7
4844.87993456067,20.6
4870.204188007296,20.5
4895.660811671819,20.3
4921.250497455168,20.2
4946.973940874864,20.1
4972.8318410838865,20.0
4998.824900889706,20.0
5024.953826773381,19.9
5051.219328908747,19.8
5077.622121181736,19.7
5104.162921209768,19.6
5130.842450361258,19.6
5157.661433775227,19.5
5184.620600380999,19.4
5211.720682918039,19.3
5238.962417955835,19.2
5266.346545913939,19.1
5293.873811082085,19.0
5321.544961640422,18.9
5349.360749679845,18.9
5377.321931222439,18.8
5405.429266242027,18.7
5433.683518684824,18.7
5462.085456490198,18.7
5490.635851611563,18.7
5519.335480037329,18.7
5548.185121812011,18.7
5577.185561057427,18.8
5606.337585994012,18.8
5635.641988962242,18.9
5665.0995664441625,19.0
5694.7111190850455,19.0
5724.477451715144,19.1
5754.399373371566,19.3
5784.477697320285,19.5
5814.713241078208,19.6
5845.10682643542,19.7
5875.659279477514,19.8
5906.371430608045,19.8
5937.244114571097,20.0
5968.278170473975,20.1
5999.4744418100045,20.3
6030.833776481469,20.4
6062.357026822636,20.6
6094.045049622959,20.7
6125.898706150321,20.9
6157.918862174471,21.0
6190.106387990547,21.2
6222.462158442733,21.4
6254.987052948034,21.5
6287.681955520183,21.5
6320.547754793659,21.6
6353.585344047851,21.6
6386.795621231329,21.9
6420.179488986247,22.1
6453.7378546729,22.2
6487.471630394349,22.3
6521.381733021235,22.3
6555.469084216698,22.4
6589.734610461422,22.6
6624.179243078815,22.8
6658.80391826033,22.8
6693.609577090902,22.9
6728.597165574533,23.2
6763.767634659991,23.5
6799.1219402666875,23.7
6834.661043310619,23.8
6870.385909730507,24.0
6906.297510514049,24.1
6942.39682172431,24.2
6978.684824526248,24.4
7015.162505213385,24.6
7051.830855234612,24.7
7088.690871221135,24.8
7125.7435550135615,24.8
7162.989913689153,24.8
7200.430959589155,24.9
7238.067710346342,24.9
7275.901188912673,25.0
7313.932423587085,25.1
7352.162448043451,25.1
7390.59230135867,25.1
7429.22302804091,25.1
7468.055678057999,25.2
7507.091306865953,25.3
7546.330975437692,25.4
7585.775750291836,25.6
7625.426703521717,25.7
7665.284912824515,25.8
7705.351461530549,25.9
7745.627438632719,26.0
7786.113938816104,26.2
7826.81206248772,26.4
7867.722915806424,26.5
7908.847610712972,26.6
7950.187264960275,26.7
7991.743002143727,26.9
8033.515951731782,27.2
8075.507249096639,27.4
8117.718035545101,27.5
8160.149458349601,27.6
8202.80267077938,27.7
8245.67883213183,27.8
8288.77910776401,28.1
8332.104669124305,28.3
8375.656693784302,28.4
8419.436365470749,28.5
8463.444874097753,28.6
8507.683415799123,28.6
8552.153192960874,28.7
8596.855414253905,28.7
8641.791294666864,28.7
8686.962055539152,28.7
8732.36892459413,28.7
8778.01313597248,28.7
8823.895930265779,28.7
8870.018554550163,28.7
8916.382262420266,28.6
8962.988314023276,28.5
9009.83797609319,28.2
9056.932521985234,27.7
9104.273231710486,27.5
9151.861391970657,27.2
9199.698296193066,26.9
9247.785244565785,26.6
9296.12354407301,26.3
9344.714508530542,26.1
9393.559458621517,25.9
9442.659721932305,25.6
9492.016632988581,25.4
9541.631533291613,25.2
9591.505771354708,25.0
9641.64070273987,24.8
9692.037690094652,24.6
9742.698103189163,24.4
9793.623318953358,24.2
9844.814721514387,24.1
9896.27370223427,24.0
9948.001659747684,23.9
10000.0,23.9
10052.270136285486,24.2
10104.813489285681,24.7
10157.6314871081,24.9
10210.725565324987,25.1
10264.09716701231,25.3
10317.747742788988,25.4
10371.678750856474,25.9
10425.891657038128,26.7
10480.387934819217,27.3
10535.16906538697,27.7
10590.236537670813,27.9
10645.591848382772,28.2
10701.236502058211,28.4
10757.172011096769,28.9
10813.399895803414,29.3
10869.921684429703,29.4
10926.73891321545,29.5
10983.85312643042,29.6
11041.265876416248,29.6
11098.978723628681,29.6
11156.993236680037,29.6
11215.310992381786,29.5
11273.933575787378,29.4
11332.862580235347,28.8
11392.099607392682,28.0
11451.646267298307,27.6
11511.504178406769,27.2
11571.674967632372,26.8
11632.16027039332,26.3
11692.961730656129,25.4
11754.08100098034,24.5
11815.519742563505,23.8
11877.27962528627,22.8
11939.362327757724,21.7
12001.76953736107,20.9
12064.50295029953,19.9
12127.56427164241,19.1
12190.95521537136,18.7
12254.677504427105,18.2
12318.732870756214,17.5
12383.123055358106,17.0
12447.849808332432,16.8
12512.914888926687,16.4
12578.320065583976,15.8
12644.067115991029,15.2
12710.157827126544,14.9
12776.593995309939,14.7
12843.377426249857,14.3
12910.50993509343,13.8
12977.99334647565,13.7
13045.829494568892,13.8
13114.020223132724,14.0
13182.567385564074,14.3
13251.472844947652,14.5
13320.738474106534,14.6
13390.366155652993,14.9
13460.35778203982,15.3
13530.715255611682,15.6
13601.440488656775,16.0
13672.535403458849,16.4
13744.001932349513,16.8
13815.842017760702,17.0
13888.057612277411,17.3
13960.650678690825,17.6
14033.62319005172,18.0
14106.977129724035,18.2
14180.714491438697,18.4
14254.837279347976,18.6
14329.347508079869,18.7
14404.247202792812,18.7
14479.538399230763,18.7
14555.223143778607,18.7
14631.303493517702,18.7
14707.78151628175,18.6
14784.65929071304,18.3
14861.938906319014,18.0
14939.622463529,17.7
15017.712073751207,17.5
15096.209859430292,17.3
15175.117954104964,17.0
15254.438502465904,16.8
15334.173660414117,16.5
15414.325595119602,15.4
15494.896485080177,14.3
15575.88852018064,14.1
15657.303901752315,13.9
15739.1448426331,13.7
15821.413567227246,13.6
15904.112311566014,13.5
15987.243323368504,13.3
16070.808862102673,13.3
16154.811199046684,13.6
16239.252617350698,13.7
16324.135412099,13.9
16409.461890372313,14.1
16495.23437131044,14.3
16581.455186175313,14.4
16668.12667841462,14.5
16755.251203725067,14.6
