10.0,27.3
10.052270136285475,27.3
10.104813489285682,27.4
10.157631487108103,27.5
10.210725565324982,27.5
10.264097167012295,27.5
10.317747742789004,27.5
10.371678750856479,27.5
10.425891657038118,27.5
10.480387934819216,27.5
10.535169065386981,27.6
10.590236537670812,27.7
10.64559184838276,27.7
10.701236502058206,27.7
10.757172011096776,27.7
10.813399895803409,27.7
10.869921684429707,27.8
10.926738913215466,27.9
10.98385312643042,27.9
11.041265876416237,27.9
11.098978723628681,27.9
11.156993236680048,27.9
11.215310992381788,28.1
11.27393357578736,28.2
11.332862580235341,28.2
11.392099607392687,28.2
11.451646267298301,28.2
11.511504178406776,28.2
11.571674967632385,28.2
11.632160270393321,28.3
11.692961730656117,28.3
11.75408100098034,28.4
11.815519742563518,28.4
11.87727962528627,28.4
11.939362327757706,28.5
12.001769537361062,28.5
12.064502950299536,28.6
12.127564271642404,28.6
12.190955215371359,28.6
12.254677504427118,28.6
12.318732870756214,28.7
12.383123055358094,28.7
12.447849808332432,28.7
12.5129148889267,28.7
12.578320065583968,28.8
12.644067115991009,28.8
12.710157827126565,28.8
12.776593995309947,28.9
12.843377426249843,28.9
12.910509935093431,28.9
12.977993346475664,28.9
13.045829494568892,28.9
13.11402022313271,29.0
13.182567385564074,29.1
13.251472844947658,29.1
13.320738474106527,29.1
13.390366155653,29.1
13.460357782039841,29.1
13.530715255611682,29.3
13.601440488656761,29.4
13.672535403458848,29.4
13.744001932349526,29.4
13.815842017760701,29.4
13.888057612277397,29.4
13.960650678690818,29.4
14.033623190051728,29.5
14.10697712972403,29.6
14.180714491438705,29.6
14.25483727934799,29.6
14.32934750807987,29.7
14.404247202792797,29.8
14.479538399230764,29.8
14.55522314377862,29.8
14.631303493517702,29.8
14.707781516281727,29.8
14.784659290713032,29.8
14.861938906319022,29.8
14.939622463528993,29.8
15.017712073751214,29.8
15.096209859430308,29.9
15.175117954104964,29.9
15.254438502465888,29.9
15.334173660414118,30.0
15.414325595119617,30.0
15.494896485080169,30.0
15.575888520180618,30.1
15.65730390175234,30.1
15.73914484263311,30.1
15.821413567227237,30.1
15.904112311566013,30.1
15.98724332336852,30.2
16.070808862102673,30.2
16.154811199046666,30.3
16.239252617350697,30.3
16.324135412099007,30.3
16.409461890372306,30.3
16.495234371310413,30.3
16.58145518617534,30.3
16.668126678414627,30.3
16.755251203725052,30.4
16.84283113011666,30.5
16.930868837977105,30.6
17.01936672013636,30.6
17.108327181931763,30.6
17.197752641273365,30.7
17.28764552870969,30.8
17.378008287493753,30.8
17.4688433736495,30.8
17.560153256038525,30.8
17.651940416427212,30.8
17.744207349554188,30.8
17.836956563198083,30.8
17.93019057824573,30.9
18.023911928760675,30.9
18.118123162052047,31.0
18.21282683874379,31.0
18.30802553284428,31.0
18.403721831816252,31.0
18.499918336647156,31.0
18.59661766191982,31.0
18.69382243588356,31.1
18.791535300525574,31.1
18.889758911642755,31.1
18.98849593891389,31.1
19.08774906597221,31.2
19.187520990478333,31.2
19.287814424193606,31.2
19.388632093053765,31.2
19.48997673724305,31.3
19.591851111268685,31.3
19.69425798403576,31.3
19.79720013892245,31.3
19.90068037385568,31.3
20.004701501387192,31.3
20.109266348769967,31.3
20.214377758035074,31.4
20.320038586068932,31.4
20.426251704690927,31.5
20.533020000731486,31.5
20.64034637611054,31.5
20.748233747916412,31.5
20.856685048485062,31.5
20.965703225479817,31.5
21.075291241971485,31.6
21.185452076518878,31.7
21.296188723249774,31.8
21.407504191942323,31.8
21.519401508106792,31.8
21.631883713067854,31.8
21.744953864047204,31.8
21.858615034246718,31.8
21.972870312931903,31.9
22.087722805515906,31.9
22.203175633643916,31.9
22.319231935278008,31.9
22.435894864782412,31.9
22.553167593009288,32.0
22.671053307384867,32.0
22.789555211996095,32.0
22.908676527677724,32.0
23.028420492099883,32.0
23.148790359856015,32.0
23.26978940255137,32.0
23.391420908891938,32.1
23.51368818477381,32.1
23.63659455337303,32.1
23.760143355235964,32.2
23.884337948370025,32.2
24.009181708334992,32.2
24.134678028334722,32.2
24.260830319309434,32.2
24.387642010028344,32.2
24.515116547182902,32.2
24.64325739548046,32.2
24.772068037738443,32.3
24.901551974979007,32.3
25.031712726524198,32.3
25.162553830091625,32.3
25.294078841890578,32.3
25.426291336718684,32.3
25.559194908059133,32.4
25.692793168178262,32.4
25.827089748223784,32.4
25.96208829832347,32.4
26.097792487684362,32.4
26.234206004692496,32.4
26.371332557013133,32.5
26.5091758716916,32.5
26.647739695254497,32.5
26.787027793811582,32.5
26.9270439531581,32.5
27.06779197887776,32.5
27.209275696446046,32.5
27.351498951334275,32.5
27.494465609114105,32.6
27.638179555562576,32.6
27.782644696767733,32.6
27.92786495923483,32.6
28.07384428999299,32.6
28.220586656702505,32.7
28.368096047762684,32.7
28.516376472420284,32.7
28.66543196087842,32.7
28.815266564406134,32.7
28.965884355448516,32.7
29.11728942773738,32.7
29.26948589640251,32.7
29.42247789808359,32.7
29.57626959104251,32.7
29.730865155276486,32.7
29.88626879263161,32.7
30.04248472691713,32.7
30.19951720402016,32.7
30.357370492021133,32.7
30.516048881309793,32.7
30.675556684701824,32.7
30.835898237556027,32.7
30.99707789789224,32.7
31.15910004650967,32.7
31.321969087106055,32.7
31.485689446397288,32.7
31.650265574237824,32.7
31.815701943741516,32.7
31.98200305140326,32.7
32.14917341722119,32.7
32.31721758481955,32.7
32.486140121572134,32.7
32.655945618726484,32.7
32.82663869152868,32.7
32.99822397934869,32.7
33.170706145806605,32.7
33.34408987889928,32.7
33.51837989112781,32.7
33.69358091962557,32.8
33.86969772628702,32.8
34.04673509789711,32.8
34.224697846261364,32.8
34.40359080833668,32.8
34.58341884636283,32.8
34.764186847994516,32.9
34.94589972643436,32.9
35.12856242056629,32.9
35.312179895089876,32.9
35.496757140655234,32.9
35.68229917399868,32.9
35.86881103807908,32.9
36.05629780221492,32.9
36.24476456222205,33.0
36.434216440552284,33.0
36.6246585864325,33.0
36.81609617600466,33.0
37.00853441246656,33.0
37.2019785262131,33.0
37.39643377497855,33.0
37.591905443979435,33.0
37.788398846058186,33.1
37.985919321827524,33.1
38.184472239815605,33.1
38.384062996612016,33.1
38.584697017014335,33.1
38.786379754175634,33.1
38.98911668975273,33.1
39.1929133340551,33.1
39.39777522619469,33.1
39.60370793423646,33.2
39.810717055349734,33.2
40.0188082159603,33.2
40.227987071903335,33.2
40.43825930857721,33.2
40.64963064109788,33.2
40.8621068144543,33.2
41.075693603664625,33.2
41.29039681393302,33.2
41.506222280807584,33.2
41.72317587033889,33.2
41.94126347923944,33.2
42.16049103504393,33.2
42.38086449627034,33.2
42.60238985258197,33.2
42.825073124950116,33.2
43.04892036581776,33.2
43.27393765926414,33.2
43.500131121170035,33.2
43.727506899384,33.2
43.956071173889484,33.2
44.18583015697281,33.2
44.416790093392,33.2
44.648957260546474,33.2
44.88233796864779,33.2
45.116938560890986,33.2
45.35276541362708,33.2
45.58982493653644,33.2
45.82812357280281,33.2
46.067667799288614,33.2
46.308464126710895,33.2
46.55051909981832,33.2
46.793839297569036,33.2
47.03843133330949,33.3
47.28430185495417,33.3
47.531457545166376,33.3
47.77990512153967,33.3
48.02965133678067,33.3
48.28070297889241,33.3
48.53306687135893,33.3
48.78674987333074,33.3
49.041758879811184,33.3
49.298100821843896,33.3
49.55578266670119,33.3
49.81481141807335,33.3
50.07519411625915,33.3
50.336937838356974,33.3
50.60004969845742,33.3
50.86453684783644,33.3
51.13040647514984,33.3
51.39766580662862,33.3
51.66632210627541,33.3
51.93638267606184,33.3
52.20785485612707,33.3
52.48074602497726,33.3
52.75506359968615,33.3
53.030815036096584,33.3
53.308007829023246,33.3
53.58664951245627,33.3
53.866747659766084,33.3
54.148309883909214,33.3
54.431343837635225,33.3
54.7158572136947,33.3
55.00185774504835,33.3
55.28935320507712,33.3
55.57835140779364,33.3
55.86886020805435,33.3
56.160887501773274,33.3
56.45444122613637,33.4
56.74952935981742,33.4
57.04615992319485,33.4
57.34434097856969,33.4
57.64408063038476,33.4
57.94538702544487,33.4
58.24826835313831,33.4
58.552732845659456,33.4
58.85878877823242,33.4
59.166444469336014,33.4
59.475708280929936,33.4
59.786588618681876,33.4
60.0990939321961,33.4
60.41323271524305,33.4
60.72901350599024,33.4
61.046444887234294,33.4
61.365535486634215,33.4
61.686293976945976,33.4
62.008729076258064,33.4
62.332849548228545,33.5
62.658664202323344,33.5
62.98618189405547,33.5
63.315411525225876,33.5
63.64636204416533,33.5
63.979042445977655,33.5
64.31346177278421,33.5
64.64962911396958,33.5
64.98755360642885,33.5
65.32724443481563,33.5
65.66871083179183,33.5
66.01196207827876,33.5
66.35700750370908,33.5
66.7038564862806,33.5
67.05251845321108,33.5
67.40300288099445,33.5
67.75531929565844,33.5
68.1094772730234,33.5
68.46548643896274,33.5
68.82335646966433,33.5
69.18309709189363,33.5
69.54471808325809,33.4
69.90822927247277,33.4
70.27364053962762,33.4
70.6409618164559,33.4
71.01020308660422,33.4
71.38137438590384,33.4
71.75448580264342,33.4
72.12954747784322,33.4
72.50656960553087,33.4
72.88556243301818,33.4
73.26653626117992,33.4
73.64950144473359,33.4
74.03446839252094,33.4
74.42144756779092,33.4
74.810449488484,33.4
75.20148472751808,33.4
75.59456391307583,33.4
75.98969772889355,33.3
76.38689691455168,33.3
76.78617226576647,33.3
77.18753463468363,33.3
77.59099493017311,33.3
77.99656411812569,33.3
78.404253221751,33.3
78.8140733218772,33.3
79.226035557252,33.3
79.64015112484554,33.3
80.05643128015467,33.3
80.47488733750892,33.3
80.89553067037787,33.3
81.31837271168051,33.3
81.74342495409579,33.3
82.170698950375,33.3
82.60020631365589,33.3
83.03195871777821,33.3
83.46596789760103,33.3
83.90224564932171,33.3
84.34080383079642,33.3
84.78165436186265,33.3
85.22480922466286,33.3
85.67028046397054,33.3
86.11808018751721,33.3
86.56822056632171,33.3
87.020713835021,33.3
87.47557229220259,33.3
87.93280830073893,33.3
88.39243428812335,33.3
88.85446274680783,33.3
89.31890623454267,33.3
89.78577737471758,33.3
90.25508885670492,33.3
90.72685343620469,33.3
91.20108393559097,33.3
91.67779324426061,33.3
92.15699431898352,33.3
92.63870018425483,33.3
93.12292393264887,33.3
93.60967872517497,33.3
94.09897779163542,33.3
94.5908344309847,33.3
95.0852620116911,33.3
95.58227397210023,33.3
96.08188382079996,33.3
96.5841051369878,33.3
97.08895157083991,33.2
97.59643684388209,33.2
98.10657474936274,33.2
98.61937915262773,33.2
99.13486399149741,33.2
99.65304327664518,33.2
100.17393109197839,33.2
100.69754159502135,33.2
101.22388901729977,33.2
101.75298766472777,33.2
102.28485191799675,33.2
102.81949623296607,33.2
103.35693514105618,33.2
103.89718324964329,33.2
104.44025524245698,33.2
104.98616587997819,33.2
105.53492999984189,33.2
106.08656251723878,33.2
106.64107842532215,33.2
107.19849279561431,33.2
107.75882077841675,33.2
108.32207760322176,33.2
108.88827857912626,33.2
109.45743909524856,33.2
110.02957462114523,33.2
110.60470070723336,33.2
111.18283298521138,33.2
111.76398716848561,33.2
112.3481790525961,33.2
112.93542451564652,33.2
113.5257395187356,33.2
114.11914010639099,33.2
114.71564240700522,33.2
115.3152626332741,33.2
115.91801708263789,33.2
116.52392213772293,33.2
117.13299426678874,33.2
117.74525002417371,33.1
118.36070605074681,33.0
118.97937907435858,33.0
119.60128591029638,32.9
120.22644346174131,32.9
120.85486872022751,32.9
121.4865787661046,32.9
122.12159076900052,32.9
122.75992198829012,32.9
123.40158977356222,32.9
124.04661156509306,32.9
124.69500489431896,32.9
125.34678738431336,32.9
126.00197675026583,32.9
126.6605907999634,32.9
127.3226474342747,32.9
127.98816464763628,32.9
128.6571605285424,32.9
129.32965326003517,32.9
130.00566112020084,32.9
130.68520248266435,32.9
131.36829581709074,32.9
132.05495968968575,32.9
132.74521276370103,32.9
133.43907379994133,32.9
134.1365616572744,32.9
134.83769529314347,32.9
135.54249376408254,32.9
136.25097622623485,32.8
136.96316193587217,32.7
137.67907024992007,32.7
138.39872062648203,32.7
139.1221326253702,32.7
139.84932590863562,32.7
140.58032024110324,32.7
141.31513549090906,32.7
142.05379163003997,32.7
142.7963087348772,32.7
143.5427069867405,32.7
144.29300667243896,32.7
145.04722818481977,32.7
145.80539202332486,32.7
146.56751879454652,32.7
147.333629212788,32.7
148.1037441006266,32.7
148.87788438947953,32.7
149.65607112017267,32.7
150.43832544351253,32.7
151.2246686208618,32.7
152.01512202471548,32.7
152.80970713928414,32.7
153.6084455610754,32.7
154.41135899948313,32.7
155.218469277376,32.7
156.02979833169113,32.7
156.8453682140304,32.7
157.66520109125955,32.6
158.48931924611142,32.5
159.3177450777899,32.5
160.15050110258113,32.5
160.9876099544629,32.5
161.82909438572216,32.5
162.67497726757185,32.5
163.52528159077312,32.5
164.38003046626017,32.5
165.23924712576837,32.5
166.1029549224657,32.5
166.97117733158728,32.5
167.8439379510743,32.5
168.72126050221348,32.5
169.60316883028446,32.5
170.48968690520502,32.5
171.38083882218535,32.5
172.27664880238083,32.5
173.17714119355136,32.5
174.08234047072295,32.5
174.99227123685273,32.5
175.9069582234984,32.5
176.82642629148881,32.5
177.75070043160196,32.5
178.67980576524164,32.4
179.61376754512278,32.3
180.55261115595593,32.3
181.49636211513797,32.3
182.44504607344558,32.3
183.39868881573247,32.3
184.35731626163007,32.3
185.3209544662519,32.3
186.28962962090262,32.3
187.26336805378796,32.3
188.24219623073301,32.3
189.2261407558986,32.3
190.21522837250714,32.3
191.20948596356752,32.3
192.20894055260666,32.3
193.21361930440384,32.3
194.22354952572874,32.3
195.2387586660848,32.3
196.25927431845295,32.3
197.28512422004457,32.3
198.31633625305224,32.3
199.35293844541056,32.3
200.39495897155572,32.3
201.4424261531923,32.3
202.4953684600627,32.3
203.55381451072122,32.3
204.6177930733116,32.2
205.6873330663489,32.2
206.76246355950653,32.2
207.84321377440395,32.2
208.92961308540407,32.2
210.02169102040844,32.1
211.11947726166272,32.1
212.22300164656127,32.1
213.33229416845913,32.1
214.447384977487,32.1
215.5683043813707,32.1
216.69508284625502,32.1
217.8277509975314,32.1
218.9663396206716,32.1
220.1108796620618,32.1
221.26140222984722,32.1
222.41793859477394,32.1
223.5805201910423,32.1
224.74917861715863,32.1
225.9239456367954,32.1
227.10485317965416,32.1
228.29193334233327,32.1
229.48521838920135,32.1
230.68474075327168,32.1
231.89053303708724,32.1
233.102628013603,32.1
234.32105862708036,32.1
235.5458579939798,32.0
236.77705940386227,32.0
238.0146963202937,32.0
239.25880238175446,32.0
240.50941140255387,32.0
241.76655737374873,31.9
243.03027446406858,31.9
244.30059702084168,31.9
245.57755957093218,31.9
246.86119682167464,31.9
248.1515436618211,31.9
249.44863516248657,31.9
250.75250657810346,31.9
252.0631933473797,31.9
253.3807310942614,31.9
254.7051556289027,31.9
256.03650294863604,31.9
257.3748092389545,31.9
258.72011087449107,31.9
260.0724444200114,31.9
261.4318466314045,31.9
262.79835445668317,31.9
264.17200503698814,31.9
265.5528357075972,31.9
266.94088399894025,31.8
268.336187637619,31.8
269.7387845474336,31.8
271.1487128504106,31.8
272.56601086784315,31.8
273.9907171213279,31.8
275.4228703338166,31.8
276.86250943066517,31.8
278.30967354069315,31.8
279.764401997247,31.8
281.2267343392687,31.8
282.6967103123723,31.8
284.1743698699204,31.8
285.65975317411466,31.8
287.152900597083,31.8
288.6538527219809,31.8
290.16265034409145,31.8
291.67933447193553,31.8
293.203946328386,31.8
294.7365273517884,31.8
296.27711919708696,31.8
297.8257637369567,31.7
299.38250306294265,31.6
300.947379486601,31.6
302.52043554065347,31.6
304.1017139801383,31.6
305.69125778357716,31.6
307.2891101541398,31.6
308.8953145208197,31.6
310.5099145396145,31.6
312.1329540947119,31.6
313.76447729968413,31.6
315.40452849868336,31.6
317.0531522676519,31.6
318.71039341552853,31.6
320.3762969854716,31.6
322.05090825607795,31.6
323.7342727426186,31.5
325.4264361982722,31.4
327.1274446153702,31.4
328.83734422664674,31.4
330.55618150649445,31.4
332.28400317222986,31.4
334.02085618535915,31.4
335.76678775285944,31.4
337.52184532845695,31.4
339.28607661392135,31.4
341.0595295603587,31.4
342.84225236951676,31.4
344.63429349509414,31.4
346.4357016440579,31.4
348.24652577796684,31.4
350.06681511430224,31.4
351.8966191278073,31.4
353.7359875518278,31.4
355.5849703796693,31.3
357.44361786595016,31.3
359.3119805279728,31.3
361.1901091470929,31.2
363.0780547701014,31.2
364.9758687106112,31.2
366.8836025504522,31.2
368.80130814107446,31.2
370.72903760495365,31.2
372.66684333701346,31.1
374.6147780060434,31.1
376.57289455613636,31.1
378.54124620812286,31.1
380.5198864610201,31.1
382.50886909348526,31.1
384.5082481652772,31.1
386.51807801872604,31.1
388.53841328020957,31.1
390.56930886163985,31.1
392.6108199619517,31.2
394.6630020686084,31.2
396.7259109591041,31.2
398.7996027024853,31.2
400.8841336608706,31.2
402.9795604909844,31.2
405.0859401456969,31.2
407.20332987557106,31.2
409.331787230421,31.3
411.4713700608718,31.3
413.6221365199375,31.3
415.78414506459575,31.3
417.95745445738237,31.3
420.1421237679842,31.3
422.33821237484636,31.3
424.5457799667861,31.3
426.76488654461485,31.3
428.9955924227691,31.3
431.23795823094935,31.3
433.49204491576995,31.3
435.7579137424112,31.3
438.0356262962907,31.3
440.3252444847303,31.3
442.62683053864555,31.3
444.9404470142319,31.3
447.2661567946673,31.2
449.60402309182115,31.2
451.9541094479714,31.2
454.3164797375345,31.2
456.6911981687959,31.2
459.0783292856624,31.2
461.4779379694089,31.2
463.89008944044906,31.2
466.31484926010245,31.2
468.7522833323791,31.1
471.20245790577025,31.1
473.6654395750488,31.1
476.14129528307956,31.1
478.630092322638,31.1
481.1318983382419,31.1
483.6467813279844,31.1
486.1748096453894,31.1
488.7160520012619,31.1
491.27057746556244,31.0
493.8384554692794,31.0
496.4197558063182,31.0
499.01454863539806,31.0
501.6229044819588,31.0
504.24489424007766,31.0
506.88058917439554,31.0
509.53006092205686,31.0
512.1933814946506,31.0
514.8706232801756,31.0
517.5618590449992,31.0
520.2671619358439,31.0
522.9866054817683,31.0
525.7202635961694,31.0
528.4682105787901,31.0
531.230521117739,31.0
534.0072702915224,31.0
536.7985335710792,31.0
539.6043868218401,31.0
542.4249063057814,31.0
545.2601686835053,31.0
548.1102510163182,31.0
550.9752307683272,31.0
553.8551858085453,31.0
556.7501944130083,31.0
559.6603352669016,31.0
562.5856874666987,30.9
565.5263305223134,30.8
568.4823443592555,30.8
571.4538093208106,30.8
574.4408061702153,30.8
577.4434160928608,30.8
580.4617206984933,30.8
583.4958020234345,30.8
586.5457425328113,30.8
589.6116251227962,30.8
592.6935331228639,30.8
595.7915502980484,30.8
598.9057608512304,30.8
602.0362494254149,30.8
605.1831011060411,30.8
608.3464014232891,30.8
611.5262363544065,30.8
614.7226923260454,30.8
617.9358562166111,30.8
621.1658153586235,30.7
624.4126575410903,30.7
627.6764710118958,30.6
630.957344480193,30.6
634.2553671188238,30.6
637.5706285667327,30.6
640.9032189314127,30.6
644.2532287913472,30.6
647.6207491984753,30.6
651.0058716806659,30.6
654.4086882442045,30.6
657.8292913762976,30.6
661.2677740475787,30.6
664.7242297146454,30.6
668.1987523225889,30.6
671.6914363075575,30.6
675.2023765993158,30.6
678.7316686238282,30.6
682.2794083058518,30.5
685.8456920715438,30.4
689.4306168510824,30.3
693.0342800813003,30.3
696.6567797083366,30.3
700.2982141902914,30.3
703.9586824999124,30.3
707.6382841272731,30.3
711.3371190824884,30.3
715.0552878984242,30.3
718.7928916334344,30.3
722.5500318741055,30.3
726.3268107380181,30.3
730.123330876526,30.3
733.9396954775374,30.3
737.7760082683312,30.3
741.6323735183645,30.3
745.508896042117,30.3
749.4056812019327,30.3
753.3228349108862,30.3
757.2604636356614,30.2
761.2186743994453,30.2
765.1975747848361,30.2
769.1972729367671,30.1
773.2178775654501,30.1
777.2594979493206,30.1
781.3222439380205,30.1
785.406225955371,30.0
789.5115550023859,30.0
793.6383426602791,30.0
797.7867010935024,29.9
801.9567430527921,29.9
806.1485818782347,29.9
810.3623315023465,29.9
814.59810645317,29.9
818.8560218573906,29.9
823.1361934434566,29.9
827.4387375447371,30.0
831.7637711026708,30.1
836.1114116699566,30.2
840.4817774137397,30.2
844.8749871188272,30.2
849.2911601909162,30.2
853.7304166598383,30.2
858.1928771828257,30.2
862.6786630477819,30.2
867.1878961765907,30.2
871.7206991284164,30.2
876.2771951030477,30.2
880.8575079442367,30.3
885.4617621430697,30.3
890.0900828413493,30.3
894.742595834996,30.3
899.4194275774676,30.3
904.1207051831946,30.3
908.8465564310401,30.3
913.5971097677627,30.3
918.3724943115215,30.3
923.1728398553701,30.3
927.998276870799,30.3
932.8489365112713,30.3
937.7249506157918,30.3
942.6264517124897,30.4
947.5535730222193,30.5
952.5064484621864,30.6
957.4852126495767,30.6
962.4900009052299,30.6
967.5209492573013,30.6
972.5781944449744,30.6
977.6618739221665,30.6
982.772125861269,30.6
987.9090891569025,30.6
993.0729034296917,30.6
998.26370903006,30.6
1003.4816470420445,30.6
1008.7268592871307,30.6
1013.9994883281055,30.6
1019.2996774729368,30.6
1024.627570778662,30.6
1029.9833130553077,30.6
1035.3670498698243,30.6
1040.778927550043,30.6
1046.219093188652,30.7
1051.687694647196,30.7
1057.1848805600926,30.7
1062.7108003386745,30.7
1068.2656041752484,30.7
1073.849443047181,30.7
1079.4624687209969,30.7
1085.104833756507,30.7
1090.7766915109553,30.7
1096.4781961431852,30.7
1102.2095026178308,30.6
1107.9707667095288,30.6
1113.7621450071517,30.6
1119.5837949180645,30.6
1125.4358746724013,30.6
1131.3185433273702,30.6
1137.231960771571,30.6
1143.1762877293438,30.6
1149.1516857651375,30.6
1155.1583172879002,30.5
1161.1963455554942,30.4
1167.2659346791324,30.4
1173.3672496278396,30.4
1179.5004562329357,30.4
1185.6657211925422,30.3
1191.8632120761172,30.2
1198.0930973290035,30.1
1204.355546277011,30.0
1210.650729131018,30.0
1216.9788169915967,29.9
1223.3399818536654,29.9
1229.7343966111616,29.8
1236.162235061742,29.8
1242.6236719115057,29.8
1249.1188827797416,29.8
1255.6480442037073,29.7
1262.2113336434193,29.7
1268.8089294864806,29.7
1275.4410110529293,29.7
1282.1077586001115,29.6
1288.8093533275808,29.6
1295.5459773820237,29.6
1302.3178138622095,29.5
1309.1250468239675,29.5
1315.967861285188,29.5
1322.8464432308563,29.5
1329.7609796180998,29.4
1336.7116583812742,29.4
1343.6986684370715,29.4
1350.7221996896535,29.4
1357.782443035813,29.3
1364.879590370164,29.3
1372.0138345903551,29.2
1379.1853696023147,29.2
1386.3943903255179,29.1
1393.6410926982915,29.0
1400.9256736831292,28.9
1408.248331272053,28.9
1415.6092644919916,28.8
1423.0086734101894,28.8
1430.4467591396458,28.7
1437.9237238445805,28.7
1445.439770745928,28.7
1452.9951041268616,28.6
1460.589929338344,28.6
1468.224452804715,28.5
1475.898882029292,28.5
1483.6134256000173,28.4
1491.3682931951248,28.4
1499.1636955888393,28.4
1506.999844657106,28.4
1514.8769533833477,28.4
1522.7952358642551,28.4
1530.754907315605,28.4
1538.7561840781082,28.3
1546.799283623296,28.3
1554.8844245594228,28.2
1563.0118266374113,28.2
1571.181710756826,28.2
1579.3942989718767,28.2
1587.649814497453,28.2
1595.9484817151922,28.2
1604.2905261795772,28.2
1612.6761746240677,28.2
1621.1056549672617,28.2
1629.5791963190893,28.2
1638.097028987047,28.2
1646.6593844824454,28.2
1655.266495526711,28.2
1663.9185960577072,28.2
1672.6159212360947,28.1
1681.3587074517213,28.0
1690.1471923300487,27.9
1698.9816147386093,27.9
1707.8622147934998,27.8
1716.789233865905,27.7
1725.7629145886658,27.6
1734.7835008628629,27.6
1743.8512378644525,27.5
1752.9663720509295,27.5
1762.1291511680254,27.4
1771.3398242564415,27.4
1780.598641658619,27.3
1789.9058550255418,27.3
1799.2617173235774,27.3
1808.6664828413498,27.3
1818.1204071966588,27.3
1827.6237473434162,27.3
1837.1767615786375,27.3
1846.7797095494598,27.3
1856.4328522602,27.3
1866.1364520794475,27.3
1875.8907727471963,27.3
1885.6960793820124,27.2
1895.552638488241,27.2
1905.4607179632462,27.2
1915.4205871047022,27.2
1925.4325166178992,27.2
1935.4967786231095,27.2
1945.6136466629825,27.2
1955.783395709978,27.2
1966.006302173841,27.2
1976.282643909114,27.2
1986.6127002226892,27.2
1996.996751881399,27.2
2007.4350811196462,27.2
2017.927971647083,27.2
2028.4757086563097,27.2
2039.078578830634,27.1
2049.736870351861,27.1
2060.4508729081267,27.0
2071.22087770177,27.0
2082.0471774572497,27.0
2092.9300664290977,26.9
2103.8698404099196,26.9
2114.8667967384304,26.8
2125.9212343075446,26.8
2137.0334535724887,26.8
2148.2037565589744,26.7
2159.4324468714053,26.6
2170.71982970113,26.5
2182.0662118347364,26.5
2193.4719016623894,26.4
2204.937209186215,26.4
2216.4624460287228,26.3
2228.0479254412767,26.2
2239.6939623126154,26.2
2251.4008731773993,26.1
2263.168976224821,26.1
2274.9985913072546,26.0
2286.890039948944,25.9
2298.843645354747,25.9
2310.8597324189163,25.8
2322.9386277339318,25.8
2335.0806595993763,25.7
2347.2861580308577,25.6
2359.5554547689862,25.5
2371.8888832883777,25.4
2384.2867788067265,25.3
2396.7494782939148,25.2
2409.2773204811715,25.1
2421.8706458702773,25.0
2434.5297967428205,24.9
2447.2551171695004,24.8
2460.0469530194778,24.8
2472.905651969775,24.7
2485.8315635147337,24.7
2498.825038975499,24.6
2511.88643150958,24.6
2525.0160961204438,24.6
2538.2143896671673,24.6
2551.481670874133,24.5
2564.8183003407817,24.4
2578.224640551411,24.3
2591.7010558850307,24.2
2605.247912625263,24.2
2618.8655789702975,24.1
2632.5544250429093,24.0
2646.314822900502,23.9
2660.14714654523,23.9
2674.051771934164,23.9
2688.029076989506,23.9
2702.079441608862,23.9
2716.20324767557,23.8
2730.400879069075,23.6
2744.6727216753675,23.5
2759.0191633974646,23.4
2773.440594165967,23.4
2787.9374059496395,23.3
2802.509992766076,23.2
2817.1587506924047,23.0
2831.8840778760564,22.8
2846.686374545581,22.7
2861.5660430215316,22.7
2876.5234877273942,22.6
2891.5591152005823,22.5
2906.6733341034837,22.3
2921.8665552345788,22.1
2937.139191539587,22.0
2952.4916581227058,21.9
2967.9243722578863,21.9
2983.4377534001765,21.8
2999.0322231971227,21.7
3014.7082055002275,21.6
3030.466126376471,21.5
3046.306414119893,21.4
3062.229499263226,21.4
3078.2358145896155,21.3
3094.325795144359,21.3
3110.4998782467446,21.2
3126.7585035019356,21.1
3143.1021128129173,21.1
3159.5311503925072,21.0
3176.0460627754296,21.0
3192.6472988304513,21.0
3209.335309772584,20.9
3226.1105491753406,20.8
3242.973472983081,20.6
3259.924539523382,20.5
3276.9642095195077,20.4
3294.0929461029286,20.3
3311.311214825911,20.2
3328.6194836741684,20.1
3346.018223079582,20.0
3363.507905932988,19.8
3381.089007597027,19.7
3398.762005919066,19.6
3416.527381244194,19.4
3434.385616428264,19.4
3452.337196851022,19.4
3470.382610429304,19.4
3488.5223476302926,19.4
3506.7569014848486,19.4
3525.0867676009134,19.4
3543.512444176976,19.3
3562.034432015617,19.2
3580.6532345371147,19.1
3599.369357793143,19.0
3618.1833104805046,19.0
3637.095603954969,18.9
3656.1067522451726,18.8
3675.2172720665826,18.8
3694.4276828355482,18.7
3713.738506683413,18.6
3733.1502684707093,18.5
3752.6634958014215,18.5
3772.2787190373247,18.5
3791.9964713124127,18.5
3811.817288547367,18.5
3831.7417094641373,18.5
3851.7702756005806,18.5
3871.9035313251793,18.5
3892.1420238518376,18.5
3912.4863032547537,18.6
3932.936922483372,18.7
3953.4944373774106,18.8
3974.1594066819653,18.9
3994.9323920627126,19.0
4015.8139581211503,19.1
4036.8046724099613,19.2
4057.9051054484326,19.3
4079.115830737964,19.4
4100.437424777656,19.6
4121.870467079975,19.6
4143.41554018651,19.7
4165.0732296838005,19.7
4186.844124219257,19.9
4208.728815517151,20.0
4230.72789839472,20.0
4252.841970778305,20.1
4275.071633719623,20.1
4297.417491412092,20.2
4319.880151207261,20.3
4342.460223631314,20.3
4365.158322401661,20.4
4387.975064443623,20.4
4410.911069907196,20.5
4433.9669621839075,20.5
4457.1433679237725,20.6
4480.4409170523,20.6
4503.860242787635,20.7
4527.40198165776,20.7
4551.0667735177985,20.8
4574.855261567406,20.8
4598.768092368251,20.9
4622.80591586159,20.9
4646.969385385929,20.9
4671.25915769478,20.9
4695.675892974527,21.0
4720.220254862348,21.0
4744.892910464259,21.0
4769.694530373255,21.0
4794.625788687525,21.0
4819.68736302878,21.1
4844.87993456067,21.1
4870.204188007296,21.1
4895.660811671819,21.1
4921.250497455168,21.1
4946.973940874864,21.2
4972.8318410838865,21.3
4998.824900889706,21.3
5024.953826773381,21.3
5051.219328908747,21.3
5077.622121181736,21.4
5104.162921209768,21.5
5130.842450361258,21.5
5157.661433775227,21.5
5184.620600380999,21.5
5211.720682918039,21.5
5238.962417955835,21.4
5266.346545913939,21.3
5293.873811082085,21.2
5321.544961640422,21.2
5349.360749679845,21.3
5377.321931222439,21.5
5405.429266242027,21.7
5433.683518684824,21.9
5462.085456490198,22.0
5490.635851611563,22.1
5519.335480037329,22.2
5548.185121812011,22.3
5577.185561057427,22.5
5606.337585994012,22.6
5635.641988962242,22.7
5665.0995664441625,22.8
5694.7111190850455,22.8
5724.477451715144,22.9
5754.399373371566,23.0
5784.477697320285,23.1
5814.713241078208,23.2
5845.10682643542,23.3
5875.659279477514,23.3
5906.371430608045,23.3
5937.244114571097,23.3
5968.278170473975,23.3
5999.4744418100045,23.3
6030.833776481469,23.3
6062.357026822636,23.3
6094.045049622959,23.2
6125.898706150321,23.2
6157.918862174471,23.1
6190.106387990547,23.0
6222.462158442733,22.9
6254.987052948034,22.9
6287.681955520183,22.8
6320.547754793659,22.7
6353.585344047851,22.6
6386.795621231329,22.6
6420.179488986247,22.5
6453.7378546729,22.4
6487.471630394349,22.3
6521.381733021235,22.3
6555.469084216698,22.2
6589.734610461422,22.2
6624.179243078815,22.2
6658.80391826033,22.1
6693.609577090902,22.0
6728.597165574533,22.0
6763.767634659991,22.0
6799.1219402666875,22.0
6834.661043310619,22.0
6870.385909730507,22.0
6906.297510514049,22.0
6942.39682172431,22.0
6978.684824526248,22.0
7015.162505213385,22.0
7051.830855234612,22.0
7088.690871221135,22.0
7125.7435550135615,22.0
7162.989913689153,22.0
7200.430959589155,22.0
7238.067710346342,22.0
7275.901188912673,21.9
7313.932423587085,21.8
7352.162448043451,21.7
7390.59230135867,21.6
7429.22302804091,21.5
7468.055678057999,21.5
7507.091306865953,21.4
7546.330975437692,21.4
7585.775750291836,21.4
7625.426703521717,21.5
7665.284912824515,21.6
7705.351461530549,21.6
7745.627438632719,21.7
7786.113938816104,21.7
7826.81206248772,21.8
7867.722915806424,21.9
7908.847610712972,22.1
7950.187264960275,22.3
7991.743002143727,22.5
8033.515951731782,22.7
8075.507249096639,22.8
8117.718035545101,22.9
8160.149458349601,23.2
8202.80267077938,23.4
8245.67883213183,23.6
8288.77910776401,23.9
8332.104669124305,24.1
8375.656693784302,24.3
8419.436365470749,24.5
8463.444874097753,24.6
8507.683415799123,24.8
8552.153192960874,25.0
8596.855414253905,25.2
8641.791294666864,25.3
8686.962055539152,25.4
8732.36892459413,25.4
8778.01313597248,25.5
8823.895930265779,25.6
8870.018554550163,25.6
8916.382262420266,25.6
8962.988314023276,25.5
9009.83797609319,25.4
9056.932521985234,25.3
9104.273231710486,25.4
9151.861391970657,25.6
9199.698296193066,25.7
9247.785244565785,25.8
9296.12354407301,26.0
9344.714508530542,26.1
9393.559458621517,26.5
9442.659721932305,26.9
9492.016632988581,27.0
9541.631533291613,27.1
9591.505771354708,27.3
9641.64070273987,27.4
9692.037690094652,27.5
9742.698103189163,27.5
9793.623318953358,27.5
9844.814721514387,27.4
9896.27370223427,27.0
9948.001659747684,26.5
10000.0,26.2
10052.270136285486,25.7
10104.813489285681,25.0
10157.6314871081,24.5
10210.725565324987,24.1
10264.09716701231,23.1
10317.747742788988,22.0
10371.678750856474,21.4
10425.891657038128,21.0
10480.387934819217,20.6
10535.16906538697,20.2
10590.236537670813,19.8
10645.591848382772,18.9
10701.236502058211,17.8
10757.172011096769,17.2
10813.399895803414,16.8
10869.921684429703,16.4
10926.73891321545,16.1
10983.85312643042,15.7
11041.265876416248,15.1
11098.978723628681,14.5
11156.993236680037,14.0
11215.310992381786,13.6
11273.933575787378,13.1
11332.862580235347,12.2
11392.099607392682,11.2
11451.646267298307,10.5
11511.504178406769,10.0
11571.674967632372,9.5
11632.16027039332,9.0
11692.961730656129,8.4
11754.08100098034,7.7
11815.519742563505,7.3
11877.27962528627,6.2
11939.362327757724,5.1
12001.76953736107,4.9
12064.50295029953,4.7
12127.56427164241,4.5
12190.95521537136,4.4
12254.677504427105,4.2
12318.732870756214,4.0
12383.123055358106,3.8
12447.849808332432,3.6
12512.914888926687,3.2
12578.320065583976,2.9
12644.067115991029,2.9
12710.157827126544,2.9
12776.593995309939,3.1
12843.377426249857,3.4
12910.50993509343,3.7
12977.99334647565,3.9
13045.829494568892,4.2
13114.020223132724,4.8
13182.567385564074,5.4
13251.472844947652,5.6
13320.738474106534,6.0
13390.366155652993,6.5
13460.35778203982,7.0
13530.715255611682,7.5
13601.440488656775,8.2
13672.535403458849,8.9
13744.001932349513,9.6
13815.842017760702,10.0
13888.057612277411,10.6
13960.650678690825,11.3
14033.62319005172,12.1
14106.977129724035,13.0
14180.714491438697,13.4
14254.837279347976,13.7
14329.347508079869,14.0
14404.247202792812,14.3
14479.538399230763,14.6
14555.223143778607,15.0
14631.303493517702,15.3
14707.78151628175,15.5
14784.65929071304,15.6
14861.938906319014,15.8
14939.622463529,15.9
15017.712073751207,16.1
15096.209859430292,17.0
15175.117954104964,18.0
15254.438502465904,18.4
15334.173660414117,18.7
15414.325595119602,18.9
15494.896485080177,18.9
15575.88852018064,19.1
15657.303901752315,19.3
15739.1448426331,19.5
15821.413567227246,19.7
15904.112311566014,19.6
15987.243323368504,19.2
16070.808862102673,18.8
16154.811199046684,18.6
16239.252617350698,18.3
16324.135412099,17.7
16409.461890372313,16.5
16495.23437131044,15.4
16581.455186175313,14.9
16668.12667841462,14.5
16755.251203725067,14.1
