10.0,25.5
10.052270136285475,25.6
10.104813489285682,25.6
10.157631487108103,25.7
10.210725565324982,25.7
10.264097167012295,25.8
10.317747742789004,25.8
10.371678750856479,25.8
10.425891657038118,25.9
10.480387934819216,26.0
10.535169065386981,26.0
10.590236537670812,26.0
10.64559184838276,26.0
10.701236502058206,26.0
10.757172011096776,26.0
10.813399895803409,26.1
10.869921684429707,26.2
10.926738913215466,26.3
10.98385312643042,26.4
11.041265876416237,26.4
11.098978723628681,26.5
11.156993236680048,26.6
11.215310992381788,26.6
11.27393357578736,26.7
11.332862580235341,26.7
11.392099607392687,26.7
11.451646267298301,26.7
11.511504178406776,26.8
11.571674967632385,26.8
11.632160270393321,26.8
11.692961730656117,26.8
11.75408100098034,26.8
11.815519742563518,26.9
11.87727962528627,26.9
11.939362327757706,27.0
12.001769537361062,27.1
12.064502950299536,27.1
12.127564271642404,27.2
12.190955215371359,27.2
12.254677504427118,27.2
12.318732870756214,27.2
12.383123055358094,27.3
12.447849808332432,27.3
12.5129148889267,27.4
12.578320065583968,27.6
12.644067115991009,27.7
12.710157827126565,27.7
12.776593995309947,27.7
12.843377426249843,27.7
12.910509935093431,27.8
12.977993346475664,27.9
13.045829494568892,27.9
13.11402022313271,27.9
13.182567385564074,27.9
13.251472844947658,27.9
13.320738474106527,27.9
13.390366155653,27.9
13.460357782039841,28.0
13.530715255611682,28.1
13.601440488656761,28.1
13.672535403458848,28.2
13.744001932349526,28.2
13.815842017760701,28.2
13.888057612277397,28.2
13.960650678690818,28.2
14.033623190051728,28.3
14.10697712972403,28.4
14.180714491438705,28.4
14.25483727934799,28.4
14.32934750807987,28.5
14.404247202792797,28.6
14.479538399230764,28.6
14.55522314377862,28.6
14.631303493517702,28.6
14.707781516281727,28.8
14.784659290713032,28.9
14.861938906319022,28.9
14.939622463528993,28.9
15.017712073751214,28.9
15.096209859430308,28.9
15.175117954104964,29.0
15.254438502465888,29.1
15.334173660414118,29.1
15.414325595119617,29.1
15.494896485080169,29.1
15.575888520180618,29.1
15.65730390175234,29.2
15.73914484263311,29.3
15.821413567227237,29.3
15.904112311566013,29.3
15.98724332336852,29.3
16.070808862102673,29.3
16.154811199046666,29.3
16.239252617350697,29.3
16.324135412099007,29.4
16.409461890372306,29.4
16.495234371310413,29.4
16.58145518617534,29.4
16.668126678414627,29.4
16.755251203725052,29.4
16.84283113011666,29.5
16.930868837977105,29.6
17.01936672013636,29.6
17.108327181931763,29.6
17.197752641273365,29.7
17.28764552870969,29.7
17.378008287493753,29.8
17.4688433736495,29.8
17.560153256038525,29.8
17.651940416427212,29.9
17.744207349554188,30.0
17.836956563198083,30.1
17.93019057824573,30.1
18.023911928760675,30.1
18.118123162052047,30.1
18.21282683874379,30.1
18.30802553284428,30.2
18.403721831816252,30.3
18.499918336647156,30.3
18.59661766191982,30.3
18.69382243588356,30.3
18.791535300525574,30.3
18.889758911642755,30.3
18.98849593891389,30.3
19.08774906597221,30.4
19.187520990478333,30.5
19.287814424193606,30.5
19.388632093053765,30.5
19.48997673724305,30.5
19.591851111268685,30.5
19.69425798403576,30.5
19.79720013892245,30.6
19.90068037385568,30.6
20.004701501387192,30.6
20.109266348769967,30.6
20.214377758035074,30.6
20.320038586068932,30.6
20.426251704690927,30.6
20.533020000731486,30.6
20.64034637611054,30.6
20.748233747916412,30.7
20.856685048485062,30.7
20.965703225479817,30.8
21.075291241971485,30.8
21.185452076518878,30.8
21.296188723249774,30.8
21.407504191942323,30.8
21.519401508106792,30.8
21.631883713067854,30.9
21.744953864047204,30.9
21.858615034246718,31.0
21.972870312931903,31.0
22.087722805515906,31.0
22.203175633643916,31.0
22.319231935278008,31.0
22.435894864782412,31.0
22.553167593009288,31.0
22.671053307384867,31.2
22.789555211996095,31.3
22.908676527677724,31.3
23.028420492099883,31.3
23.148790359856015,31.3
23.26978940255137,31.3
23.391420908891938,31.3
23.51368818477381,31.3
23.63659455337303,31.3
23.760143355235964,31.4
23.884337948370025,31.5
24.009181708334992,31.5
24.134678028334722,31.5
24.260830319309434,31.5
24.387642010028344,31.5
24.515116547182902,31.5
24.64325739548046,31.5
24.772068037738443,31.5
24.901551974979007,31.5
25.031712726524198,31.6
25.162553830091625,31.6
25.294078841890578,31.7
25.426291336718684,31.7
25.559194908059133,31.7
25.692793168178262,31.7
25.827089748223784,31.7
25.96208829832347,31.7
26.097792487684362,31.7
26.234206004692496,31.7
26.371332557013133,31.7
26.5091758716916,31.8
26.647739695254497,31.8
26.787027793811582,31.8
26.9270439531581,31.8
27.06779197887776,31.8
27.209275696446046,31.8
27.351498951334275,31.8
27.494465609114105,31.8
27.638179555562576,31.8
27.782644696767733,31.8
27.92786495923483,31.8
28.07384428999299,31.9
28.220586656702505,31.9
28.368096047762684,32.0
28.516376472420284,32.0
28.66543196087842,32.0
28.815266564406134,32.0
28.965884355448516,32.0
29.11728942773738,32.0
29.26948589640251,32.0
29.42247789808359,32.0
29.57626959104251,32.1
29.730865155276486,32.2
29.88626879263161,32.2
30.04248472691713,32.2
30.19951720402016,32.2
30.357370492021133,32.2
30.516048881309793,32.2
30.675556684701824,32.2
30.835898237556027,32.2
30.99707789789224,32.2
31.15910004650967,32.2
31.321969087106055,32.2
31.485689446397288,32.2
31.650265574237824,32.2
31.815701943741516,32.2
31.98200305140326,32.2
32.14917341722119,32.3
32.31721758481955,32.4
32.486140121572134,32.4
32.655945618726484,32.4
32.82663869152868,32.4
32.99822397934869,32.4
33.170706145806605,32.4
33.34408987889928,32.4
33.51837989112781,32.4
33.69358091962557,32.4
33.86969772628702,32.4
34.04673509789711,32.4
34.224697846261364,32.4
34.40359080833668,32.4
34.58341884636283,32.4
34.764186847994516,32.4
34.94589972643436,32.4
35.12856242056629,32.4
35.312179895089876,32.4
35.496757140655234,32.4
35.68229917399868,32.4
35.86881103807908,32.5
36.05629780221492,32.6
36.24476456222205,32.7
36.434216440552284,32.7
36.6246585864325,32.7
36.81609617600466,32.7
37.00853441246656,32.7
37.2019785262131,32.7
37.39643377497855,32.7
37.591905443979435,32.7
37.788398846058186,32.7
37.985919321827524,32.7
38.184472239815605,32.7
38.384062996612016,32.7
38.584697017014335,32.7
38.786379754175634,32.7
38.98911668975273,32.7
39.1929133340551,32.7
39.39777522619469,32.7
39.60370793423646,32.7
39.810717055349734,32.7
40.0188082159603,32.7
40.227987071903335,32.7
40.43825930857721,32.8
40.64963064109788,32.8
40.8621068144543,32.9
41.075693603664625,32.9
41.29039681393302,32.9
41.506222280807584,32.9
41.72317587033889,32.9
41.94126347923944,32.9
42.16049103504393,32.9
42.38086449627034,32.9
42.60238985258197,32.9
42.825073124950116,32.9
43.04892036581776,32.9
43.27393765926414,32.9
43.500131121170035,32.9
43.727506899384,32.9
43.956071173889484,32.9
44.18583015697281,32.9
44.416790093392,32.9
44.648957260546474,32.9
44.88233796864779,32.9
45.116938560890986,32.9
45.35276541362708,32.9
45.58982493653644,32.9
45.82812357280281,32.9
46.067667799288614,32.9
46.308464126710895,32.9
46.55051909981832,32.9
46.793839297569036,32.9
47.03843133330949,32.9
47.28430185495417,32.9
47.531457545166376,32.9
47.77990512153967,32.9
48.02965133678067,32.9
48.28070297889241,32.9
48.53306687135893,32.9
48.78674987333074,32.9
49.041758879811184,32.9
49.298100821843896,32.9
49.55578266670119,32.9
49.81481141807335,32.9
50.07519411625915,32.9
50.336937838356974,32.9
50.60004969845742,32.9
50.86453684783644,33.0
51.13040647514984,33.0
51.39766580662862,33.1
51.66632210627541,33.1
51.93638267606184,33.1
52.20785485612707,33.1
52.48074602497726,33.1
52.75506359968615,33.1
53.030815036096584,33.1
53.308007829023246,33.1
53.58664951245627,33.1
53.866747659766084,33.1
54.148309883909214,33.1
54.431343837635225,33.1
54.7158572136947,33.1
55.00185774504835,33.1
55.28935320507712,33.1
55.57835140779364,33.1
55.86886020805435,33.1
56.160887501773274,33.1
56.45444122613637,33.1
56.74952935981742,33.1
57.04615992319485,33.1
57.34434097856969,33.1
57.64408063038476,33.1
57.94538702544487,33.1
58.24826835313831,33.1
58.552732845659456,33.1
58.85878877823242,33.1
59.166444469336014,33.1
59.475708280929936,33.1
59.786588618681876,33.1
60.0990939321961,33.1
60.41323271524305,33.1
60.72901350599024,33.1
61.046444887234294,33.1
61.365535486634215,33.1
61.686293976945976,33.1
62.008729076258064,33.1
62.332849548228545,33.1
62.658664202323344,33.1
62.98618189405547,33.1
63.315411525225876,33.1
63.64636204416533,33.0
63.979042445977655,32.9
64.31346177278421,32.9
64.64962911396958,32.9
64.98755360642885,32.9
65.32724443481563,32.9
65.66871083179183,32.9
66.01196207827876,32.9
66.35700750370908,32.9
66.7038564862806,32.9
67.05251845321108,32.9
67.40300288099445,32.9
67.75531929565844,32.9
68.1094772730234,32.9
68.46548643896274,32.9
68.82335646966433,32.9
69.18309709189363,32.9
69.54471808325809,32.9
69.90822927247277,32.9
70.27364053962762,32.9
70.6409618164559,32.9
71.01020308660422,32.9
71.38137438590384,32.9
71.75448580264342,32.9
72.12954747784322,32.9
72.50656960553087,32.9
72.88556243301818,32.9
73.26653626117992,32.9
73.64950144473359,32.9
74.03446839252094,32.9
74.42144756779092,32.9
74.810449488484,32.9
75.20148472751808,32.9
75.59456391307583,32.9
75.98969772889355,32.9
76.38689691455168,32.9
76.78617226576647,32.9
77.18753463468363,32.9
77.59099493017311,32.9
77.99656411812569,32.9
78.404253221751,32.9
78.8140733218772,32.9
79.226035557252,32.9
79.64015112484554,32.9
80.05643128015467,32.9
80.47488733750892,32.9
80.89553067037787,32.9
81.31837271168051,32.9
81.74342495409579,32.9
82.170698950375,32.8
82.60020631365589,32.8
83.03195871777821,32.7
83.46596789760103,32.7
83.90224564932171,32.7
84.34080383079642,32.7
84.78165436186265,32.7
85.22480922466286,32.7
85.67028046397054,32.7
86.11808018751721,32.7
86.56822056632171,32.7
87.020713835021,32.7
87.47557229220259,32.7
87.93280830073893,32.7
88.39243428812335,32.7
88.85446274680783,32.7
89.31890623454267,32.7
89.78577737471758,32.7
90.25508885670492,32.7
90.72685343620469,32.7
91.20108393559097,32.7
91.67779324426061,32.7
92.15699431898352,32.7
92.63870018425483,32.7
93.12292393264887,32.7
93.60967872517497,32.7
94.09897779163542,32.7
94.5908344309847,32.7
95.0852620116911,32.7
95.58227397210023,32.6
96.08188382079996,32.5
96.5841051369878,32.4
97.08895157083991,32.4
97.59643684388209,32.4
98.10657474936274,32.4
98.61937915262773,32.4
99.13486399149741,32.4
99.65304327664518,32.4
100.17393109197839,32.4
100.69754159502135,32.4
101.22388901729977,32.4
101.75298766472777,32.4
102.28485191799675,32.4
102.81949623296607,32.4
103.35693514105618,32.4
103.89718324964329,32.4
104.44025524245698,32.4
104.98616587997819,32.4
105.53492999984189,32.4
106.08656251723878,32.4
106.64107842532215,32.4
107.19849279561431,32.4
107.75882077841675,32.4
108.32207760322176,32.4
108.88827857912626,32.3
109.45743909524856,32.2
110.02957462114523,32.2
110.60470070723336,32.2
111.18283298521138,32.2
111.76398716848561,32.2
112.3481790525961,32.2
112.93542451564652,32.2
113.5257395187356,32.2
114.11914010639099,32.2
114.71564240700522,32.2
115.3152626332741,32.2
115.91801708263789,32.2
116.52392213772293,32.2
117.13299426678874,32.2
117.74525002417371,32.2
118.36070605074681,32.2
118.97937907435858,32.2
119.60128591029638,32.1
120.22644346174131,32.1
120.85486872022751,32.0
121.4865787661046,32.0
122.12159076900052,32.0
122.75992198829012,32.0
123.40158977356222,32.0
124.04661156509306,32.0
124.69500489431896,32.0
125.34678738431336,32.0
126.00197675026583,32.0
126.6605907999634,32.0
127.3226474342747,32.0
127.98816464763628,32.0
128.6571605285424,32.0
129.32965326003517,32.0
130.00566112020084,32.0
130.68520248266435,32.0
131.36829581709074,32.0
132.05495968968575,32.0
132.74521276370103,32.0
133.43907379994133,31.9
134.1365616572744,31.8
134.83769529314347,31.8
135.54249376408254,31.8
136.25097622623485,31.8
136.96316193587217,31.8
137.67907024992007,31.8
138.39872062648203,31.8
139.1221326253702,31.8
139.84932590863562,31.8
140.58032024110324,31.8
141.31513549090906,31.8
142.05379163003997,31.8
142.7963087348772,31.8
143.5427069867405,31.8
144.29300667243896,31.8
145.04722818481977,31.8
145.80539202332486,31.8
146.56751879454652,31.7
147.333629212788,31.7
148.1037441006266,31.7
148.87788438947953,31.7
149.65607112017267,31.7
150.43832544351253,31.7
151.2246686208618,31.7
152.01512202471548,31.7
152.80970713928414,31.7
153.6084455610754,31.7
154.41135899948313,31.7
155.218469277376,31.7
156.02979833169113,31.7
156.8453682140304,31.7
157.66520109125955,31.7
158.48931924611142,31.7
159.3177450777899,31.7
160.15050110258113,31.6
160.9876099544629,31.6
161.82909438572216,31.5
162.67497726757185,31.5
163.52528159077312,31.5
164.38003046626017,31.5
165.23924712576837,31.5
166.1029549224657,31.5
166.97117733158728,31.5
167.8439379510743,31.5
168.72126050221348,31.5
169.60316883028446,31.5
170.48968690520502,31.5
171.38083882218535,31.5
172.27664880238083,31.5
173.17714119355136,31.5
174.08234047072295,31.5
174.99227123685273,31.5
175.9069582234984,31.5
176.82642629148881,31.4
177.75070043160196,31.3
178.67980576524164,31.3
179.61376754512278,31.3
180.55261115595593,31.3
181.49636211513797,31.3
182.44504607344558,31.3
183.39868881573247,31.3
184.35731626163007,31.3
185.3209544662519,31.3
186.28962962090262,31.3
187.26336805378796,31.3
188.24219623073301,31.3
189.2261407558986,31.3
190.21522837250714,31.3
191.20948596356752,31.3
192.20894055260666,31.2
193.21361930440384,31.1
194.22354952572874,31.0
195.2387586660848,31.0
196.25927431845295,31.0
197.28512422004457,31.0
198.31633625305224,31.0
199.35293844541056,31.0
200.39495897155572,31.0
201.4424261531923,31.0
202.4953684600627,31.0
203.55381451072122,31.0
204.6177930733116,31.0
205.6873330663489,31.0
206.76246355950653,31.0
207.84321377440395,30.9
208.92961308540407,30.9
210.02169102040844,30.8
211.11947726166272,30.8
212.22300164656127,30.8
213.33229416845913,30.8
214.447384977487,30.8
215.5683043813707,30.8
216.69508284625502,30.8
217.8277509975314,30.8
218.9663396206716,30.8
220.1108796620618,30.8
221.26140222984722,30.8
222.41793859477394,30.8
223.5805201910423,30.8
224.74917861715863,30.8
225.9239456367954,30.7
227.10485317965416,30.7
228.29193334233327,30.6
229.48521838920135,30.6
230.68474075327168,30.6
231.89053303708724,30.6
233.102628013603,30.6
234.32105862708036,30.6
235.5458579939798,30.6
236.77705940386227,30.6
238.0146963202937,30.6
239.25880238175446,30.6
240.50941140255387,30.6
241.76655737374873,30.6
243.03027446406858,30.6
244.30059702084168,30.6
245.57755957093218,30.6
246.86119682167464,30.5
248.1515436618211,30.5
249.44863516248657,30.5
250.75250657810346,30.5
252.0631933473797,30.5
253.3807310942614,30.5
254.7051556289027,30.5
256.03650294863604,30.5
257.3748092389545,30.5
258.72011087449107,30.5
260.0724444200114,30.5
261.4318466314045,30.5
262.79835445668317,30.5
264.17200503698814,30.5
265.5528357075972,30.5
266.94088399894025,30.4
268.336187637619,30.3
269.7387845474336,30.3
271.1487128504106,30.3
272.56601086784315,30.3
273.9907171213279,30.3
275.4228703338166,30.3
276.86250943066517,30.3
278.30967354069315,30.3
279.764401997247,30.3
281.2267343392687,30.3
282.6967103123723,30.3
284.1743698699204,30.2
285.65975317411466,30.2
287.152900597083,30.1
288.6538527219809,30.1
290.16265034409145,30.1
291.67933447193553,30.1
293.203946328386,30.1
294.7365273517884,30.1
296.27711919708696,30.1
297.8257637369567,30.1
299.38250306294265,30.1
300.947379486601,30.1
302.52043554065347,30.1
304.1017139801383,30.1
305.69125778357716,30.1
307.2891101541398,30.1
308.8953145208197,30.0
310.5099145396145,29.9
312.1329540947119,29.8
313.76447729968413,29.8
315.40452849868336,29.8
317.0531522676519,29.8
318.71039341552853,29.8
320.3762969854716,29.8
322.05090825607795,29.8
323.7342727426186,29.8
325.4264361982722,29.8
327.1274446153702,29.7
328.83734422664674,29.6
330.55618150649445,29.6
332.28400317222986,29.6
334.02085618535915,29.6
335.76678775285944,29.6
337.52184532845695,29.6
339.28607661392135,29.6
341.0595295603587,29.6
342.84225236951676,29.6
344.63429349509414,29.6
346.4357016440579,29.5
348.24652577796684,29.4
350.06681511430224,29.4
351.8966191278073,29.4
353.7359875518278,29.4
355.5849703796693,29.4
357.44361786595016,29.4
359.3119805279728,29.4
361.1901091470929,29.4
363.0780547701014,29.4
364.9758687106112,29.4
366.8836025504522,29.4
368.80130814107446,29.4
370.72903760495365,29.3
372.66684333701346,29.3
374.6147780060434,29.3
376.57289455613636,29.3
378.54124620812286,29.3
380.5198864610201,29.3
382.50886909348526,29.3
384.5082481652772,29.3
386.51807801872604,29.3
388.53841328020957,29.3
390.56930886163985,29.3
392.6108199619517,29.3
394.6630020686084,29.3
396.7259109591041,29.3
398.7996027024853,29.2
400.8841336608706,29.1
402.9795604909844,29.1
405.0859401456969,29.1
407.20332987557106,29.1
409.331787230421,29.1
411.4713700608718,29.1
413.6221365199375,29.1
415.78414506459575,29.1
417.95745445738237,29.1
420.1421237679842,29.0
422.33821237484636,28.9
424.5457799667861,28.9
426.76488654461485,28.9
428.9955924227691,28.9
431.23795823094935,28.9
433.49204491576995,28.9
435.7579137424112,28.9
438.0356262962907,28.8
440.3252444847303,28.7
442.62683053864555,28.6
444.9404470142319,28.6
447.2661567946673,28.6
449.60402309182115,28.6
451.9541094479714,28.6
454.3164797375345,28.6
456.6911981687959,28.6
459.0783292856624,28.6
461.4779379694089,28.6
463.89008944044906,28.6
466.31484926010245,28.6
468.7522833323791,28.6
471.20245790577025,28.5
473.6654395750488,28.4
476.14129528307956,28.4
478.630092322638,28.4
481.1318983382419,28.4
483.6467813279844,28.4
486.1748096453894,28.3
488.7160520012619,28.2
491.27057746556244,28.2
493.8384554692794,28.2
496.4197558063182,28.2
499.01454863539806,28.2
501.6229044819588,28.2
504.24489424007766,28.2
506.88058917439554,28.2
509.53006092205686,28.2
512.1933814946506,28.1
514.8706232801756,28.1
517.5618590449992,28.1
520.2671619358439,28.1
522.9866054817683,28.1
525.7202635961694,28.1
528.4682105787901,28.1
531.230521117739,28.1
534.0072702915224,28.1
536.7985335710792,28.1
539.6043868218401,28.1
542.4249063057814,28.1
545.2601686835053,28.0
548.1102510163182,27.9
550.9752307683272,27.9
553.8551858085453,27.9
556.7501944130083,27.9
559.6603352669016,27.9
562.5856874666987,27.9
565.5263305223134,27.9
568.4823443592555,27.9
571.4538093208106,27.8
574.4408061702153,27.7
577.4434160928608,27.7
580.4617206984933,27.7
583.4958020234345,27.7
586.5457425328113,27.7
589.6116251227962,27.7
592.6935331228639,27.7
595.7915502980484,27.7
598.9057608512304,27.7
602.0362494254149,27.7
605.1831011060411,27.7
608.3464014232891,27.6
611.5262363544065,27.5
614.7226923260454,27.4
617.9358562166111,27.4
621.1658153586235,27.4
624.4126575410903,27.4
627.6764710118958,27.4
630.957344480193,27.4
634.2553671188238,27.4
637.5706285667327,27.4
640.9032189314127,27.4
644.2532287913472,27.4
647.6207491984753,27.4
651.0058716806659,27.4
654.4086882442045,27.4
657.8292913762976,27.4
661.2677740475787,27.4
664.7242297146454,27.4
668.1987523225889,27.4
671.6914363075575,27.3
675.2023765993158,27.2
678.7316686238282,27.2
682.2794083058518,27.2
685.8456920715438,27.2
689.4306168510824,27.2
693.0342800813003,27.2
696.6567797083366,27.2
700.2982141902914,27.2
703.9586824999124,27.2
707.6382841272731,27.2
711.3371190824884,27.2
715.0552878984242,27.2
718.7928916334344,27.2
722.5500318741055,27.2
726.3268107380181,27.2
730.123330876526,27.2
733.9396954775374,27.2
737.7760082683312,27.2
741.6323735183645,27.2
745.508896042117,27.2
749.4056812019327,27.3
753.3228349108862,27.4
757.2604636356614,27.4
761.2186743994453,27.4
765.1975747848361,27.4
769.1972729367671,27.4
773.2178775654501,27.4
777.2594979493206,27.4
781.3222439380205,27.4
785.406225955371,27.4
789.5115550023859,27.4
793.6383426602791,27.4
797.7867010935024,27.4
801.9567430527921,27.4
806.1485818782347,27.4
810.3623315023465,27.4
814.59810645317,27.4
818.8560218573906,27.6
823.1361934434566,27.7
827.4387375447371,27.7
831.7637711026708,27.7
836.1114116699566,27.7
840.4817774137397,27.7
844.8749871188272,27.7
849.2911601909162,27.7
853.7304166598383,27.7
858.1928771828257,27.7
862.6786630477819,27.7
867.1878961765907,27.8
871.7206991284164,27.9
876.2771951030477,27.9
880.8575079442367,27.9
885.4617621430697,27.9
890.0900828413493,27.9
894.742595834996,27.9
899.4194275774676,27.9
904.1207051831946,27.9
908.8465564310401,27.9
913.5971097677627,27.9
918.3724943115215,28.0
923.1728398553701,28.1
927.998276870799,28.1
932.8489365112713,28.1
937.7249506157918,28.1
942.6264517124897,28.1
947.5535730222193,28.1
952.5064484621864,28.1
957.4852126495767,28.1
962.4900009052299,28.1
967.5209492573013,28.1
972.5781944449744,28.2
977.6618739221665,28.2
982.772125861269,28.2
987.9090891569025,28.2
993.0729034296917,28.2
998.26370903006,28.2
1003.4816470420445,28.2
1008.7268592871307,28.2
1013.9994883281055,28.2
1019.2996774729368,28.2
1024.627570778662,28.2
1029.9833130553077,28.2
1035.3670498698243,28.2
1040.778927550043,28.2
1046.219093188652,28.2
1051.687694647196,28.2
1057.1848805600926,28.2
1062.7108003386745,28.2
1068.2656041752484,28.2
1073.849443047181,28.2
1079.4624687209969,28.2
1085.104833756507,28.2
1090.7766915109553,28.2
1096.4781961431852,28.2
1102.2095026178308,28.2
1107.9707667095288,28.2
1113.7621450071517,28.2
1119.5837949180645,28.2
1125.4358746724013,28.2
1131.3185433273702,28.2
1137.231960771571,28.1
1143.1762877293438,28.1
1149.1516857651375,28.1
1155.1583172879002,28.1
1161.1963455554942,28.1
1167.2659346791324,28.1
1173.3672496278396,28.1
1179.5004562329357,28.1
1185.6657211925422,28.1
1191.8632120761172,28.0
1198.0930973290035,27.9
1204.355546277011,27.9
1210.650729131018,27.9
1216.9788169915967,27.9
1223.3399818536654,27.9
1229.7343966111616,27.8
1236.162235061742,27.7
1242.6236719115057,27.6
1249.1188827797416,27.6
1255.6480442037073,27.5
1262.2113336434193,27.4
1268.8089294864806,27.3
1275.4410110529293,27.2
1282.1077586001115,27.1
1288.8093533275808,27.1
1295.5459773820237,27.0
1302.3178138622095,27.0
1309.1250468239675,27.0
1315.967861285188,27.0
1322.8464432308563,26.9
1329.7609796180998,26.9
1336.7116583812742,26.8
1343.6986684370715,26.8
1350.7221996896535,26.7
1357.782443035813,26.7
1364.879590370164,26.6
1372.0138345903551,26.6
1379.1853696023147,26.5
1386.3943903255179,26.5
1393.6410926982915,26.4
1400.9256736831292,26.3
1408.248331272053,26.3
1415.6092644919916,26.3
1423.0086734101894,26.3
1430.4467591396458,26.3
1437.9237238445805,26.3
1445.439770745928,26.2
1452.9951041268616,26.1
1460.589929338344,26.0
1468.224452804715,26.0
1475.898882029292,26.0
1483.6134256000173,26.0
1491.3682931951248,26.0
1499.1636955888393,26.0
1506.999844657106,26.0
1514.8769533833477,26.0
1522.7952358642551,26.0
1530.754907315605,26.0
1538.7561840781082,26.0
1546.799283623296,26.0
1554.8844245594228,26.0
1563.0118266374113,26.0
1571.181710756826,26.0
1579.3942989718767,26.0
1587.649814497453,26.0
1595.9484817151922,26.0
1604.2905261795772,26.0
1612.6761746240677,26.0
1621.1056549672617,26.0
1629.5791963190893,26.0
1638.097028987047,26.0
1646.6593844824454,26.1
1655.266495526711,26.2
1663.9185960577072,26.3
1672.6159212360947,26.3
1681.3587074517213,26.3
1690.1471923300487,26.3
1698.9816147386093,26.3
1707.8622147934998,26.3
1716.789233865905,26.3
1725.7629145886658,26.3
1734.7835008628629,26.3
1743.8512378644525,26.3
1752.9663720509295,26.3
1762.1291511680254,26.3
1771.3398242564415,26.3
1780.598641658619,26.3
1789.9058550255418,26.3
1799.2617173235774,26.3
1808.6664828413498,26.2
1818.1204071966588,26.1
1827.6237473434162,26.0
1837.1767615786375,26.0
1846.7797095494598,26.0
1856.4328522602,26.0
1866.1364520794475,26.0
1875.8907727471963,25.9
1885.6960793820124,25.9
1895.552638488241,25.8
1905.4607179632462,25.8
1915.4205871047022,25.8
1925.4325166178992,25.8
1935.4967786231095,25.8
1945.6136466629825,25.8
1955.783395709978,25.8
1966.006302173841,25.8
1976.282643909114,25.7
1986.6127002226892,25.6
1996.996751881399,25.6
2007.4350811196462,25.6
2017.927971647083,25.6
2028.4757086563097,25.6
2039.078578830634,25.6
2049.736870351861,25.6
2060.4508729081267,25.6
2071.22087770177,25.6
2082.0471774572497,25.6
2092.9300664290977,25.6
2103.8698404099196,25.6
2114.8667967384304,25.6
2125.9212343075446,25.6
2137.0334535724887,25.6
2148.2037565589744,25.6
2159.4324468714053,25.6
2170.71982970113,25.6
2182.0662118347364,25.6
2193.4719016623894,25.6
2204.937209186215,25.6
2216.4624460287228,25.5
2228.0479254412767,25.5
2239.6939623126154,25.4
2251.4008731773993,25.4
2263.168976224821,25.3
2274.9985913072546,25.3
2286.890039948944,25.2
2298.843645354747,25.2
2310.8597324189163,25.1
2322.9386277339318,25.0
2335.0806595993763,24.9
2347.2861580308577,24.8
2359.5554547689862,24.6
2371.8888832883777,24.4
2384.2867788067265,24.3
2396.7494782939148,24.2
2409.2773204811715,24.2
2421.8706458702773,24.1
2434.5297967428205,24.0
2447.2551171695004,23.9
2460.0469530194778,23.8
2472.905651969775,23.6
2485.8315635147337,23.3
2498.825038975499,23.1
2511.88643150958,23.0
2525.0160961204438,23.0
2538.2143896671673,22.9
2551.481670874133,22.8
2564.8183003407817,22.6
2578.224640551411,22.4
2591.7010558850307,22.3
2605.247912625263,22.2
2618.8655789702975,22.2
2632.5544250429093,22.1
2646.314822900502,21.9
2660.14714654523,21.8
2674.051771934164,21.7
2688.029076989506,21.7
2702.079441608862,21.7
2716.20324767557,21.6
2730.400879069075,21.5
2744.6727216753675,21.3
2759.0191633974646,21.2
2773.440594165967,21.1
2787.9374059496395,21.0
2802.509992766076,20.8
2817.1587506924047,20.6
2831.8840778760564,20.5
2846.686374545581,20.4
2861.5660430215316,20.3
2876.5234877273942,20.2
2891.5591152005823,20.1
2906.6733341034837,20.0
2921.8665552345788,19.7
2937.139191539587,19.3
2952.4916581227058,19.2
2967.9243722578863,19.1
2983.4377534001765,19.0
2999.0322231971227,18.9
3014.7082055002275,18.7
3030.466126376471,18.6
3046.306414119893,18.5
3062.229499263226,18.4
3078.2358145896155,18.3
3094.325795144359,18.2
3110.4998782467446,18.2
3126.7585035019356,18.2
3143.1021128129173,18.2
3159.5311503925072,18.1
3176.0460627754296,18.1
3192.6472988304513,18.1
3209.335309772584,18.0
3226.1105491753406,17.9
3242.973472983081,17.8
3259.924539523382,17.8
3276.9642095195077,17.7
3294.0929461029286,17.7
3311.311214825911,17.7
3328.6194836741684,17.7
3346.018223079582,17.7
3363.507905932988,17.6
3381.089007597027,17.5
3398.762005919066,17.4
3416.527381244194,17.4
3434.385616428264,17.4
3452.337196851022,17.4
3470.382610429304,17.4
3488.5223476302926,17.4
3506.7569014848486,17.4
3525.0867676009134,17.4
3543.512444176976,17.3
3562.034432015617,17.3
3580.6532345371147,17.2
3599.369357793143,17.2
3618.1833104805046,17.2
3637.095603954969,17.2
3656.1067522451726,17.1
3675.2172720665826,17.1
3694.4276828355482,17.0
3713.738506683413,16.9
3733.1502684707093,16.8
3752.6634958014215,16.7
3772.2787190373247,16.7
3791.9964713124127,16.7
3811.817288547367,16.7
3831.7417094641373,16.7
3851.7702756005806,16.7
3871.9035313251793,16.8
3892.1420238518376,16.9
3912.4863032547537,16.9
3932.936922483372,17.0
3953.4944373774106,17.1
3974.1594066819653,17.2
3994.9323920627126,17.4
4015.8139581211503,17.6
4036.8046724099613,17.8
4057.9051054484326,17.9
4079.115830737964,18.0
4100.437424777656,18.1
4121.870467079975,18.2
4143.41554018651,18.3
4165.0732296838005,18.4
4186.844124219257,18.4
4208.728815517151,18.5
4230.72789839472,18.5
4252.841970778305,18.7
4275.071633719623,18.9
4297.417491412092,19.1
4319.880151207261,19.2
4342.460223631314,19.3
4365.158322401661,19.3
4387.975064443623,19.3
4410.911069907196,19.4
4433.9669621839075,19.5
4457.1433679237725,19.6
4480.4409170523,19.8
4503.860242787635,19.8
4527.40198165776,19.9
4551.0667735177985,20.0
4574.855261567406,20.1
4598.768092368251,20.2
4622.80591586159,20.2
4646.969385385929,20.3
4671.25915769478,20.4
4695.675892974527,20.4
4720.220254862348,20.5
4744.892910464259,20.5
4769.694530373255,20.6
4794.625788687525,20.6
4819.68736302878,20.7
4844.87993456067,20.8
4870.204188007296,20.9
4895.660811671819,21.1
4921.250497455168,21.2
4946.973940874864,21.3
4972.8318410838865,21.4
4998.824900889706,21.4
5024.953826773381,21.5
5051.219328908747,21.6
5077.622121181736,21.6
5104.162921209768,21.7
5130.842450361258,21.7
5157.661433775227,21.7
5184.620600380999,21.7
5211.720682918039,21.8
5238.962417955835,21.8
5266.346545913939,21.9
5293.873811082085,22.0
5321.544961640422,22.0
5349.360749679845,22.0
5377.321931222439,22.0
5405.429266242027,22.0
5433.683518684824,21.9
5462.085456490198,21.8
5490.635851611563,21.7
5519.335480037329,21.7
5548.185121812011,21.6
5577.185561057427,21.5
5606.337585994012,21.4
5635.641988962242,21.0
5665.0995664441625,20.6
5694.7111190850455,20.4
5724.477451715144,20.2
5754.399373371566,20.0
5784.477697320285,19.8
5814.713241078208,19.6
5845.10682643542,19.4
5875.659279477514,19.2
5906.371430608045,19.0
5937.244114571097,18.8
5968.278170473975,18.6
5999.4744418100045,18.4
6030.833776481469,18.3
6062.357026822636,18.1
6094.045049622959,17.9
6125.898706150321,17.7
6157.918862174471,17.5
6190.106387990547,17.3
6222.462158442733,17.2
6254.987052948034,17.1
6287.681955520183,17.0
6320.547754793659,16.9
6353.585344047851,16.9
6386.795621231329,16.8
6420.179488986247,16.8
6453.7378546729,16.7
6487.471630394349,16.7
6521.381733021235,16.6
6555.469084216698,16.6
6589.734610461422,16.5
6624.179243078815,16.5
6658.80391826033,16.4
6693.609577090902,16.3
6728.597165574533,16.2
6763.767634659991,16.1
6799.1219402666875,16.1
6834.661043310619,16.0
6870.385909730507,15.9
6906.297510514049,15.8
6942.39682172431,15.7
6978.684824526248,15.6
7015.162505213385,15.5
7051.830855234612,15.4
7088.690871221135,15.3
7125.7435550135615,15.1
7162.989913689153,14.9
7200.430959589155,14.8
7238.067710346342,14.7
7275.901188912673,14.6
7313.932423587085,14.4
7352.162448043451,14.3
7390.59230135867,14.2
7429.22302804091,14.0
7468.055678057999,13.9
7507.091306865953,13.7
7546.330975437692,13.6
7585.775750291836,13.4
7625.426703521717,13.3
7665.284912824515,13.2
7705.351461530549,13.2
7745.627438632719,13.2
7786.113938816104,13.2
7826.81206248772,13.2
7867.722915806424,13.2
7908.847610712972,13.2
7950.187264960275,13.3
7991.743002143727,13.3
8033.515951731782,13.4
8075.507249096639,13.6
8117.718035545101,13.7
8160.149458349601,13.8
8202.80267077938,13.9
8245.67883213183,13.9
8288.77910776401,13.9
8332.104669124305,13.9
8375.656693784302,13.8
8419.436365470749,13.7
8463.444874097753,13.5
8507.683415799123,13.4
8552.153192960874,13.3
8596.855414253905,13.2
8641.791294666864,13.1
8686.962055539152,12.9
8732.36892459413,12.6
8778.01313597248,12.4
8823.895930265779,12.3
8870.018554550163,12.2
8916.382262420266,12.1
8962.988314023276,12.0
9009.83797609319,12.0
9056.932521985234,12.0
9104.273231710486,12.1
9151.861391970657,12.2
9199.698296193066,12.3
9247.785244565785,12.5
9296.12354407301,12.7
9344.714508530542,12.8
9393.559458621517,13.1
9442.659721932305,13.4
9492.016632988581,13.7
9541.631533291613,14.0
9591.505771354708,14.3
9641.64070273987,14.7
9692.037690094652,15.1
9742.698103189163,15.6
9793.623318953358,16.0
9844.814721514387,16.6
9896.27370223427,17.1
9948.001659747684,17.5
10000.0,17.9
10052.270136285486,18.7
10104.813489285681,20.0
10157.6314871081,20.7
10210.725565324987,21.0
10264.09716701231,21.4
10317.747742788988,21.8
10371.678750856474,22.4
10425.891657038128,24.1
10480.387934819217,25.5
10535.16906538697,25.7
10590.236537670813,25.9
10645.591848382772,26.0
10701.236502058211,26.1
10757.172011096769,26.2
10813.399895803414,26.3
10869.921684429703,26.2
10926.73891321545,26.1
10983.85312643042,25.4
11041.265876416248,24.6
11098.978723628681,24.1
11156.993236680037,23.7
11215.310992381786,23.3
11273.933575787378,22.6
11332.862580235347,20.9
11392.099607392682,19.2
11451.646267298307,18.5
11511.504178406769,17.9
11571.674967632372,17.5
11632.16027039332,16.8
11692.961730656129,15.4
11754.08100098034,14.4
11815.519742563505,14.2
11877.27962528627,13.7
11939.362327757724,13.0
12001.76953736107,12.4
12064.50295029953,11.8
12127.56427164241,11.4
12190.95521537136,11.3
12254.677504427105,11.1
12318.732870756214,10.9
12383.123055358106,10.7
12447.849808332432,10.5
12512.914888926687,10.4
12578.320065583976,10.3
12644.067115991029,10.3
12710.157827126544,10.5
12776.593995309939,11.2
12843.377426249857,12.1
12910.50993509343,12.6
12977.99334647565,13.1
13045.829494568892,13.6
13114.020223132724,14.7
13182.567385564074,15.8
13251.472844947652,16.3
13320.738474106534,16.8
13390.366155652993,17.2
13460.35778203982,17.9
13530.715255611682,19.5
13601.440488656775,20.8
13672.535403458849,21.3
13744.001932349513,21.9
13815.842017760702,22.6
13888.057612277411,23.3
13960.650678690825,23.7
14033.62319005172,24.7
14106.977129724035,25.5
14180.714491438697,25.6
14254.837279347976,25.7
14329.347508079869,25.8
14404.247202792812,25.7
14479.538399230763,25.6
14555.223143778607,25.4
14631.303493517702,25.2
14707.78151628175,24.7
14784.65929071304,23.5
14861.938906319014,22.0
14939.622463529,21.1
15017.712073751207,20.1
15096.209859430292,19.2
15175.117954104964,18.3
15254.438502465904,17.2
15334.173660414117,15.7
15414.325595119602,13.0
15494.896485080177,10.4
15575.88852018064,9.7
15657.303901752315,9.5
15739.1448426331,9.0
15821.413567227246,8.5
15904.112311566014,7.2
15987.243323368504,6.0
16070.808862102673,5.7
16154.811199046684,5.6
16239.252617350698,5.5
16324.135412099,5.4
16409.461890372313,5.3
16495.23437131044,5.1
16581.455186175313,5.1
16668.12667841462,5.0
16755.251203725067,4.9
