10.0,13.1
10.052270136285475,13.2
10.104813489285682,13.1
10.157631487108103,13.1
10.210725565324982,13.0
10.264097167012295,12.9
10.317747742789004,12.9
10.371678750856479,13.0
10.425891657038118,13.0
10.480387934819216,13.1
10.535169065386981,13.1
10.590236537670812,13.2
10.64559184838276,13.2
10.701236502058206,13.3
10.757172011096776,13.4
10.813399895803409,13.4
10.869921684429707,13.4
10.926738913215466,13.5
10.98385312643042,13.5
11.041265876416237,13.6
11.098978723628681,13.7
11.156993236680048,13.8
11.215310992381788,13.8
11.27393357578736,13.9
11.332862580235341,14.0
11.392099607392687,14.0
11.451646267298301,14.1
11.511504178406776,14.1
11.571674967632385,14.1
11.632160270393321,14.1
11.692961730656117,14.2
11.75408100098034,14.3
11.815519742563518,14.4
11.87727962528627,14.5
11.939362327757706,14.6
12.001769537361062,14.7
12.064502950299536,14.7
12.127564271642404,14.8
12.190955215371359,14.8
12.254677504427118,14.9
12.318732870756214,14.9
12.383123055358094,15.0
12.447849808332432,15.0
12.5129148889267,15.1
12.578320065583968,15.2
12.644067115991009,15.3
12.710157827126565,15.4
12.776593995309947,15.5
12.843377426249843,15.5
12.910509935093431,15.6
12.977993346475664,15.6
13.045829494568892,15.6
13.11402022313271,15.6
13.182567385564074,15.7
13.251472844947658,15.7
13.320738474106527,15.8
13.390366155653,15.9
13.460357782039841,16.0
13.530715255611682,16.0
13.601440488656761,16.0
13.672535403458848,16.1
13.744001932349526,16.1
13.815842017760701,16.1
13.888057612277397,16.2
13.960650678690818,16.3
14.033623190051728,16.4
14.10697712972403,16.4
14.180714491438705,16.5
14.25483727934799,16.6
14.32934750807987,16.8
14.404247202792797,16.9
14.479538399230764,17.0
14.55522314377862,17.0
14.631303493517702,17.1
14.707781516281727,17.1
14.784659290713032,17.2
14.861938906319022,17.2
14.939622463528993,17.3
15.017712073751214,17.3
15.096209859430308,17.4
15.175117954104964,17.4
15.254438502465888,17.5
15.334173660414118,17.5
15.414325595119617,17.6
15.494896485080169,17.7
15.575888520180618,17.8
15.65730390175234,17.9
15.73914484263311,18.0
15.821413567227237,18.1
15.904112311566013,18.1
15.98724332336852,18.2
16.070808862102673,18.3
16.154811199046666,18.3
16.239252617350697,18.4
16.324135412099007,18.5
16.409461890372306,18.5
16.495234371310413,18.6
16.58145518617534,18.6
16.668126678414627,18.7
16.755251203725052,18.8
16.84283113011666,18.8
16.930868837977105,18.9
17.01936672013636,19.0
17.108327181931763,19.0
17.197752641273365,19.1
17.28764552870969,19.2
17.378008287493753,19.3
17.4688433736495,19.4
17.560153256038525,19.5
17.651940416427212,19.6
17.744207349554188,19.6
17.836956563198083,19.7
17.93019057824573,19.7
18.023911928760675,19.8
18.118123162052047,19.8
18.21282683874379,19.9
18.30802553284428,19.9
18.403721831816252,20.0
18.499918336647156,20.0
18.59661766191982,20.1
18.69382243588356,20.1
18.791535300525574,20.1
18.889758911642755,20.1
18.98849593891389,20.2
19.08774906597221,20.2
19.187520990478333,20.3
19.287814424193606,20.4
19.388632093053765,20.5
19.48997673724305,20.6
19.591851111268685,20.7
19.69425798403576,20.7
19.79720013892245,20.8
19.90068037385568,20.8
20.004701501387192,20.9
20.109266348769967,21.0
20.214377758035074,21.1
20.320038586068932,21.1
20.426251704690927,21.2
20.533020000731486,21.2
20.64034637611054,21.3
20.748233747916412,21.3
20.856685048485062,21.4
20.965703225479817,21.5
21.075291241971485,21.6
21.185452076518878,21.7
21.296188723249774,21.8
21.407504191942323,21.9
21.519401508106792,21.9
21.631883713067854,22.0
21.744953864047204,22.1
21.858615034246718,22.1
21.972870312931903,22.2
22.087722805515906,22.2
22.203175633643916,22.3
22.319231935278008,22.3
22.435894864782412,22.4
22.553167593009288,22.4
22.671053307384867,22.5
22.789555211996095,22.6
22.908676527677724,22.7
23.028420492099883,22.8
23.148790359856015,22.9
23.26978940255137,22.9
23.391420908891938,23.0
23.51368818477381,23.1
23.63659455337303,23.2
23.760143355235964,23.2
23.884337948370025,23.3
24.009181708334992,23.3
24.134678028334722,23.4
24.260830319309434,23.4
24.387642010028344,23.5
24.515116547182902,23.6
24.64325739548046,23.7
24.772068037738443,23.7
24.901551974979007,23.8
25.031712726524198,23.8
25.162553830091625,23.9
25.294078841890578,24.0
25.426291336718684,24.1
25.559194908059133,24.2
25.692793168178262,24.2
25.827089748223784,24.3
25.96208829832347,24.4
26.097792487684362,24.5
26.234206004692496,24.6
26.371332557013133,24.6
26.5091758716916,24.7
26.647739695254497,24.7
26.787027793811582,24.8
26.9270439531581,24.8
27.06779197887776,24.9
27.209275696446046,24.9
27.351498951334275,25.0
27.494465609114105,25.0
27.638179555562576,25.1
27.782644696767733,25.2
27.92786495923483,25.2
28.07384428999299,25.3
28.220586656702505,25.4
28.368096047762684,25.5
28.516376472420284,25.6
28.66543196087842,25.7
28.815266564406134,25.7
28.965884355448516,25.8
29.11728942773738,25.9
29.26948589640251,26.0
29.42247789808359,26.0
29.57626959104251,26.0
29.730865155276486,26.0
29.88626879263161,26.0
30.04248472691713,26.1
30.19951720402016,26.1
30.357370492021133,26.2
30.516048881309793,26.2
30.675556684701824,26.3
30.835898237556027,26.4
30.99707789789224,26.4
31.15910004650967,26.5
31.321969087106055,26.6
31.485689446397288,26.7
31.650265574237824,26.8
31.815701943741516,26.9
31.98200305140326,27.0
32.14917341722119,27.1
32.31721758481955,27.1
32.486140121572134,27.2
32.655945618726484,27.2
32.82663869152868,27.3
32.99822397934869,27.3
33.170706145806605,27.3
33.34408987889928,27.4
33.51837989112781,27.4
33.69358091962557,27.5
33.86969772628702,27.6
34.04673509789711,27.7
34.224697846261364,27.7
34.40359080833668,27.7
34.58341884636283,27.8
34.764186847994516,27.8
34.94589972643436,27.9
35.12856242056629,28.0
35.312179895089876,28.1
35.496757140655234,28.2
35.68229917399868,28.2
35.86881103807908,28.3
36.05629780221492,28.3
36.24476456222205,28.4
36.434216440552284,28.4
36.6246585864325,28.5
36.81609617600466,28.5
37.00853441246656,28.6
37.2019785262131,28.6
37.39643377497855,28.7
37.591905443979435,28.7
37.788398846058186,28.7
37.985919321827524,28.7
38.184472239815605,28.8
38.384062996612016,28.8
38.584697017014335,28.9
38.786379754175634,29.0
38.98911668975273,29.0
39.1929133340551,29.1
39.39777522619469,29.2
39.60370793423646,29.3
39.810717055349734,29.4
40.0188082159603,29.4
40.227987071903335,29.4
40.43825930857721,29.4
40.64963064109788,29.5
40.8621068144543,29.6
41.075693603664625,29.7
41.29039681393302,29.7
41.506222280807584,29.8
41.72317587033889,29.8
41.94126347923944,29.8
42.16049103504393,29.8
42.38086449627034,29.8
42.60238985258197,29.9
42.825073124950116,29.9
43.04892036581776,30.0
43.27393765926414,30.0
43.500131121170035,30.1
43.727506899384,30.1
43.956071173889484,30.1
44.18583015697281,30.1
44.416790093392,30.2
44.648957260546474,30.3
44.88233796864779,30.4
45.116938560890986,30.5
45.35276541362708,30.5
45.58982493653644,30.6
45.82812357280281,30.6
46.067667799288614,30.6
46.308464126710895,30.7
46.55051909981832,30.8
46.793839297569036,30.8
47.03843133330949,30.8
47.28430185495417,30.8
47.531457545166376,30.8
47.77990512153967,30.9
48.02965133678067,31.0
48.28070297889241,31.0
48.53306687135893,31.0
48.78674987333074,31.0
49.041758879811184,31.0
49.298100821843896,31.1
49.55578266670119,31.1
49.81481141807335,31.1
50.07519411625915,31.1
50.336937838356974,31.1
50.60004969845742,31.2
50.86453684783644,31.3
51.13040647514984,31.3
51.39766580662862,31.3
51.66632210627541,31.3
51.93638267606184,31.3
52.20785485612707,31.3
52.48074602497726,31.3
52.75506359968615,31.3
53.030815036096584,31.4
53.308007829023246,31.5
53.58664951245627,31.5
53.866747659766084,31.5
54.148309883909214,31.5
54.431343837635225,31.5
54.7158572136947,31.5
55.00185774504835,31.5
55.28935320507712,31.7
55.57835140779364,31.8
55.86886020805435,31.8
56.160887501773274,31.8
56.45444122613637,31.8
56.74952935981742,31.8
57.04615992319485,31.8
57.34434097856969,31.8
57.64408063038476,31.9
57.94538702544487,32.0
58.24826835313831,32.0
58.552732845659456,32.0
58.85878877823242,32.0
59.166444469336014,32.0
59.475708280929936,32.0
59.786588618681876,32.0
60.0990939321961,32.0
60.41323271524305,32.0
60.72901350599024,32.0
61.046444887234294,32.0
61.365535486634215,32.0
61.686293976945976,32.1
62.008729076258064,32.2
62.332849548228545,32.2
62.658664202323344,32.2
62.98618189405547,32.2
63.315411525225876,32.2
63.64636204416533,32.2
63.979042445977655,32.2
64.31346177278421,32.2
64.64962911396958,32.2
64.98755360642885,32.2
65.32724443481563,32.2
65.66871083179183,32.2
66.01196207827876,32.2
66.35700750370908,32.2
66.7038564862806,32.2
67.05251845321108,32.2
67.40300288099445,32.2
67.75531929565844,32.2
68.1094772730234,32.2
68.46548643896274,32.2
68.82335646966433,32.2
69.18309709189363,32.2
69.54471808325809,32.2
69.90822927247277,32.3
70.27364053962762,32.3
70.6409618164559,32.3
71.01020308660422,32.3
71.38137438590384,32.3
71.75448580264342,32.3
72.12954747784322,32.3
72.50656960553087,32.3
72.88556243301818,32.3
73.26653626117992,32.3
73.64950144473359,32.3
74.03446839252094,32.3
74.42144756779092,32.3
74.810449488484,32.3
75.20148472751808,32.3
75.59456391307583,32.3
75.98969772889355,32.3
76.38689691455168,32.3
76.78617226576647,32.3
77.18753463468363,32.3
77.59099493017311,32.2
77.99656411812569,32.2
78.404253221751,32.2
78.8140733218772,32.2
79.226035557252,32.2
79.64015112484554,32.2
80.05643128015467,32.2
80.47488733750892,32.2
80.89553067037787,32.2
81.31837271168051,32.2
81.74342495409579,32.2
82.170698950375,32.2
82.60020631365589,32.2
83.03195871777821,32.2
83.46596789760103,32.2
83.90224564932171,32.2
84.34080383079642,32.2
84.78165436186265,32.2
85.22480922466286,32.2
85.67028046397054,32.1
86.11808018751721,32.1
86.56822056632171,32.0
87.020713835021,32.0
87.47557229220259,32.0
87.93280830073893,32.0
88.39243428812335,32.0
88.85446274680783,32.0
89.31890623454267,32.0
89.78577737471758,32.0
90.25508885670492,32.0
90.72685343620469,32.0
91.20108393559097,32.0
91.67779324426061,32.0
92.15699431898352,32.0
92.63870018425483,32.0
93.12292393264887,32.0
93.60967872517497,32.0
94.09897779163542,32.0
94.5908344309847,31.9
95.0852620116911,31.8
95.58227397210023,31.8
96.08188382079996,31.8
96.5841051369878,31.8
97.08895157083991,31.8
97.59643684388209,31.7
98.10657474936274,31.6
98.61937915262773,31.5
99.13486399149741,31.4
99.65304327664518,31.4
100.17393109197839,31.3
100.69754159502135,31.3
101.22388901729977,31.3
101.75298766472777,31.3
102.28485191799675,31.3
102.81949623296607,31.3
103.35693514105618,31.3
103.89718324964329,31.3
104.44025524245698,31.3
104.98616587997819,31.2
105.53492999984189,31.1
106.08656251723878,31.1
106.64107842532215,31.1
107.19849279561431,31.1
107.75882077841675,31.1
108.32207760322176,31.1
108.88827857912626,31.1
109.45743909524856,31.1
110.02957462114523,31.1
110.60470070723336,31.1
111.18283298521138,31.1
111.76398716848561,31.1
112.3481790525961,31.1
112.93542451564652,31.1
113.5257395187356,31.1
114.11914010639099,31.1
114.71564240700522,31.1
115.3152626332741,31.1
115.91801708263789,31.1
116.52392213772293,31.1
117.13299426678874,31.1
117.74525002417371,31.1
118.36070605074681,31.1
118.97937907435858,31.1
119.60128591029638,31.1
120.22644346174131,31.1
120.85486872022751,31.1
121.4865787661046,31.1
122.12159076900052,31.1
122.75992198829012,31.1
123.40158977356222,31.1
124.04661156509306,31.1
124.69500489431896,31.1
125.34678738431336,31.1
126.00197675026583,31.1
126.6605907999634,31.1
127.3226474342747,31.1
127.98816464763628,31.1
128.6571605285424,31.1
129.32965326003517,31.1
130.00566112020084,31.1
130.68520248266435,31.1
131.36829581709074,31.1
132.05495968968575,31.1
132.74521276370103,31.1
133.43907379994133,31.1
134.1365616572744,31.1
134.83769529314347,31.1
135.54249376408254,31.1
136.25097622623485,31.1
136.96316193587217,31.1
137.67907024992007,31.1
138.39872062648203,31.1
139.1221326253702,31.1
139.84932590863562,31.1
140.58032024110324,31.1
141.31513549090906,31.1
142.05379163003997,31.2
142.7963087348772,31.3
143.5427069867405,31.3
144.29300667243896,31.3
145.04722818481977,31.3
145.80539202332486,31.3
146.56751879454652,31.3
147.333629212788,31.3
148.1037441006266,31.3
148.87788438947953,31.3
149.65607112017267,31.3
150.43832544351253,31.3
151.2246686208618,31.3
152.01512202471548,31.3
152.80970713928414,31.3
153.6084455610754,31.3
154.41135899948313,31.3
155.218469277376,31.3
156.02979833169113,31.3
156.8453682140304,31.3
157.66520109125955,31.3
158.48931924611142,31.3
159.3177450777899,31.3
160.15050110258113,31.3
160.9876099544629,31.2
161.82909438572216,31.1
162.67497726757185,31.1
163.52528159077312,31.1
164.38003046626017,31.1
165.23924712576837,31.0
166.1029549224657,31.0
166.97117733158728,30.9
167.8439379510743,30.9
168.72126050221348,30.8
169.60316883028446,30.8
170.48968690520502,30.8
171.38083882218535,30.8
172.27664880238083,30.8
173.17714119355136,30.9
174.08234047072295,31.0
174.99227123685273,31.0
175.9069582234984,31.0
176.82642629148881,31.0
177.75070043160196,31.0
178.67980576524164,31.0
179.61376754512278,31.0
180.55261115595593,30.9
181.49636211513797,30.8
182.44504607344558,30.8
183.39868881573247,30.8
184.35731626163007,30.8
185.3209544662519,30.8
186.28962962090262,30.8
187.26336805378796,30.8
188.24219623073301,30.8
189.2261407558986,30.8
190.21522837250714,30.7
191.20948596356752,30.6
192.20894055260666,30.6
193.21361930440384,30.6
194.22354952572874,30.6
195.2387586660848,30.6
196.25927431845295,30.5
197.28512422004457,30.5
198.31633625305224,30.6
199.35293844541056,30.6
200.39495897155572,30.6
201.4424261531923,30.6
202.4953684600627,30.6
203.55381451072122,30.7
204.6177930733116,30.8
205.6873330663489,30.8
206.76246355950653,30.8
207.84321377440395,30.8
208.92961308540407,30.8
210.02169102040844,30.8
211.11947726166272,30.8
212.22300164656127,30.8
213.33229416845913,30.8
214.447384977487,30.8
215.5683043813707,30.8
216.69508284625502,30.8
217.8277509975314,30.8
218.9663396206716,30.8
220.1108796620618,30.8
221.26140222984722,30.8
222.41793859477394,30.8
223.5805201910423,30.8
224.74917861715863,30.8
225.9239456367954,30.8
227.10485317965416,30.8
228.29193334233327,30.8
229.48521838920135,30.8
230.68474075327168,30.8
231.89053303708724,30.8
233.102628013603,30.8
234.32105862708036,30.8
235.5458579939798,30.8
236.77705940386227,30.8
238.0146963202937,30.8
239.25880238175446,30.8
240.50941140255387,30.8
241.76655737374873,30.8
243.03027446406858,30.8
244.30059702084168,30.8
245.57755957093218,30.8
246.86119682167464,30.8
248.1515436618211,30.8
249.44863516248657,30.7
250.75250657810346,30.6
252.0631933473797,30.6
253.3807310942614,30.6
254.7051556289027,30.6
256.03650294863604,30.6
257.3748092389545,30.6
258.72011087449107,30.6
260.0724444200114,30.6
261.4318466314045,30.6
262.79835445668317,30.6
264.17200503698814,30.6
265.5528357075972,30.6
266.94088399894025,30.6
268.336187637619,30.6
269.7387845474336,30.6
271.1487128504106,30.6
272.56601086784315,30.6
273.9907171213279,30.6
275.4228703338166,30.6
276.86250943066517,30.5
278.30967354069315,30.4
279.764401997247,30.3
281.2267343392687,30.3
282.6967103123723,30.3
284.1743698699204,30.3
285.65975317411466,30.3
287.152900597083,30.3
288.6538527219809,30.3
290.16265034409145,30.3
291.67933447193553,30.3
293.203946328386,30.3
294.7365273517884,30.3
296.27711919708696,30.3
297.8257637369567,30.2
299.38250306294265,30.1
300.947379486601,30.1
302.52043554065347,30.1
304.1017139801383,30.1
305.69125778357716,30.1
307.2891101541398,30.1
308.8953145208197,30.1
310.5099145396145,30.1
312.1329540947119,30.1
313.76447729968413,30.0
315.40452849868336,29.9
317.0531522676519,29.9
318.71039341552853,29.9
320.3762969854716,29.9
322.05090825607795,29.9
323.7342727426186,29.9
325.4264361982722,29.9
327.1274446153702,29.8
328.83734422664674,29.8
330.55618150649445,29.8
332.28400317222986,29.8
334.02085618535915,29.8
335.76678775285944,29.8
337.52184532845695,29.9
339.28607661392135,29.9
341.0595295603587,29.9
342.84225236951676,29.9
344.63429349509414,29.9
346.4357016440579,29.9
348.24652577796684,29.9
350.06681511430224,29.9
351.8966191278073,29.8
353.7359875518278,29.8
355.5849703796693,29.8
357.44361786595016,29.8
359.3119805279728,29.8
361.1901091470929,29.8
363.0780547701014,29.7
364.9758687106112,29.6
366.8836025504522,29.5
368.80130814107446,29.5
370.72903760495365,29.4
372.66684333701346,29.4
374.6147780060434,29.4
376.57289455613636,29.4
378.54124620812286,29.4
380.5198864610201,29.4
382.50886909348526,29.3
384.5082481652772,29.2
386.51807801872604,29.1
388.53841328020957,29.1
390.56930886163985,29.1
392.6108199619517,29.1
394.6630020686084,29.1
396.7259109591041,29.1
398.7996027024853,29.1
400.8841336608706,29.1
402.9795604909844,29.1
405.0859401456969,29.1
407.20332987557106,29.1
409.331787230421,29.1
411.4713700608718,29.1
413.6221365199375,29.1
415.78414506459575,29.1
417.95745445738237,29.1
420.1421237679842,29.1
422.33821237484636,29.0
424.5457799667861,29.0
426.76488654461485,28.9
428.9955924227691,28.9
431.23795823094935,28.9
433.49204491576995,28.9
435.7579137424112,28.9
438.0356262962907,28.9
440.3252444847303,28.9
442.62683053864555,28.8
444.9404470142319,28.7
447.2661567946673,28.7
449.60402309182115,28.7
451.9541094479714,28.7
454.3164797375345,28.7
456.6911981687959,28.7
459.0783292856624,28.7
461.4779379694089,28.7
463.89008944044906,28.7
466.31484926010245,28.6
468.7522833323791,28.5
471.20245790577025,28.5
473.6654395750488,28.5
476.14129528307956,28.5
478.630092322638,28.5
481.1318983382419,28.4
483.6467813279844,28.4
486.1748096453894,28.4
488.7160520012619,28.4
491.27057746556244,28.4
493.8384554692794,28.4
496.4197558063182,28.4
499.01454863539806,28.4
501.6229044819588,28.3
504.24489424007766,28.2
506.88058917439554,28.2
509.53006092205686,28.2
512.1933814946506,28.2
514.8706232801756,28.2
517.5618590449992,28.2
520.2671619358439,28.1
522.9866054817683,28.1
525.7202635961694,28.0
528.4682105787901,28.0
531.230521117739,28.0
534.0072702915224,28.0
536.7985335710792,28.0
539.6043868218401,27.9
542.4249063057814,27.8
545.2601686835053,27.7
548.1102510163182,27.7
550.9752307683272,27.7
553.8551858085453,27.7
556.7501944130083,27.6
559.6603352669016,27.5
562.5856874666987,27.5
565.5263305223134,27.5
568.4823443592555,27.5
571.4538093208106,27.5
574.4408061702153,27.5
577.4434160928608,27.4
580.4617206984933,27.3
583.4958020234345,27.3
586.5457425328113,27.2
589.6116251227962,27.2
592.6935331228639,27.2
595.7915502980484,27.1
598.9057608512304,27.0
602.0362494254149,26.9
605.1831011060411,26.9
608.3464014232891,26.8
611.5262363544065,26.8
614.7226923260454,26.8
617.9358562166111,26.8
621.1658153586235,26.8
624.4126575410903,26.7
627.6764710118958,26.6
630.957344480193,26.5
634.2553671188238,26.4
637.5706285667327,26.4
640.9032189314127,26.3
644.2532287913472,26.2
647.6207491984753,26.2
651.0058716806659,26.1
654.4086882442045,26.1
657.8292913762976,26.1
661.2677740475787,26.1
664.7242297146454,26.1
668.1987523225889,26.0
671.6914363075575,26.0
675.2023765993158,25.9
678.7316686238282,25.9
682.2794083058518,25.8
685.8456920715438,25.8
689.4306168510824,25.8
693.0342800813003,25.7
696.6567797083366,25.7
700.2982141902914,25.6
703.9586824999124,25.6
707.6382841272731,25.5
711.3371190824884,25.4
715.0552878984242,25.3
718.7928916334344,25.3
722.5500318741055,25.3
726.3268107380181,25.3
730.123330876526,25.2
733.9396954775374,25.1
737.7760082683312,25.1
741.6323735183645,25.1
745.508896042117,25.1
749.4056812019327,25.1
753.3228349108862,25.1
757.2604636356614,25.1
761.2186743994453,25.1
765.1975747848361,25.1
769.1972729367671,25.1
773.2178775654501,25.1
777.2594979493206,25.1
781.3222439380205,25.2
785.406225955371,25.2
789.5115550023859,25.3
793.6383426602791,25.3
797.7867010935024,25.3
801.9567430527921,25.3
806.1485818782347,25.3
810.3623315023465,25.3
814.59810645317,25.3
818.8560218573906,25.3
823.1361934434566,25.4
827.4387375447371,25.5
831.7637711026708,25.6
836.1114116699566,25.7
840.4817774137397,25.8
844.8749871188272,25.9
849.2911601909162,25.9
853.7304166598383,26.0
858.1928771828257,26.0
862.6786630477819,26.1
867.1878961765907,26.1
871.7206991284164,26.2
876.2771951030477,26.2
880.8575079442367,26.3
885.4617621430697,26.4
890.0900828413493,26.5
894.742595834996,26.6
899.4194275774676,26.6
904.1207051831946,26.7
908.8465564310401,26.8
913.5971097677627,26.9
918.3724943115215,27.0
923.1728398553701,27.0
927.998276870799,27.1
932.8489365112713,27.1
937.7249506157918,27.2
942.6264517124897,27.2
947.5535730222193,27.3
952.5064484621864,27.3
957.4852126495767,27.3
962.4900009052299,27.3
967.5209492573013,27.3
972.5781944449744,27.4
977.6618739221665,27.5
982.772125861269,27.5
987.9090891569025,27.5
993.0729034296917,27.5
998.26370903006,27.5
1003.4816470420445,27.5
1008.7268592871307,27.5
1013.9994883281055,27.5
1019.2996774729368,27.5
1024.627570778662,27.6
1029.9833130553077,27.7
1035.3670498698243,27.7
1040.778927550043,27.7
1046.219093188652,27.7
1051.687694647196,27.7
1057.1848805600926,27.7
1062.7108003386745,27.7
1068.2656041752484,27.7
1073.849443047181,27.7
1079.4624687209969,27.7
1085.104833756507,27.7
1090.7766915109553,27.7
1096.4781961431852,27.7
1102.2095026178308,27.7
1107.9707667095288,27.7
1113.7621450071517,27.7
1119.5837949180645,27.6
1125.4358746724013,27.5
1131.3185433273702,27.4
1137.231960771571,27.4
1143.1762877293438,27.3
1149.1516857651375,27.3
1155.1583172879002,27.2
1161.1963455554942,27.1
1167.2659346791324,27.1
1173.3672496278396,27.0
1179.5004562329357,26.9
1185.6657211925422,26.8
1191.8632120761172,26.7
1198.0930973290035,26.5
1204.355546277011,26.3
1210.650729131018,26.2
1216.9788169915967,26.1
1223.3399818536654,25.9
1229.7343966111616,25.8
1236.162235061742,25.7
1242.6236719115057,25.7
1249.1188827797416,25.6
1255.6480442037073,25.5
1262.2113336434193,25.4
1268.8089294864806,25.3
1275.4410110529293,25.3
1282.1077586001115,25.3
1288.8093533275808,25.3
1295.5459773820237,25.2
1302.3178138622095,25.2
1309.1250468239675,25.1
1315.967861285188,25.0
1322.8464432308563,25.0
1329.7609796180998,24.9
1336.7116583812742,24.9
1343.6986684370715,24.8
1350.7221996896535,24.8
1357.782443035813,24.8
1364.879590370164,24.7
1372.0138345903551,24.6
1379.1853696023147,24.5
1386.3943903255179,24.4
1393.6410926982915,24.3
1400.9256736831292,24.2
1408.248331272053,24.1
1415.6092644919916,23.9
1423.0086734101894,23.7
1430.4467591396458,23.5
1437.9237238445805,23.3
1445.439770745928,23.2
1452.9951041268616,23.2
1460.589929338344,23.1
1468.224452804715,23.0
1475.898882029292,22.8
1483.6134256000173,22.6
1491.3682931951248,22.5
1499.1636955888393,22.5
1506.999844657106,22.4
1514.8769533833477,22.3
1522.7952358642551,22.3
1530.754907315605,22.2
1538.7561840781082,22.2
1546.799283623296,22.2
1554.8844245594228,22.1
1563.0118266374113,22.1
1571.181710756826,22.0
1579.3942989718767,21.9
1587.649814497453,21.9
1595.9484817151922,21.8
1604.2905261795772,21.7
1612.6761746240677,21.6
1621.1056549672617,21.5
1629.5791963190893,21.5
1638.097028987047,21.5
1646.6593844824454,21.5
1655.266495526711,21.4
1663.9185960577072,21.4
1672.6159212360947,21.3
1681.3587074517213,21.2
1690.1471923300487,21.1
1698.9816147386093,21.1
1707.8622147934998,21.1
1716.789233865905,21.1
1725.7629145886658,21.1
1734.7835008628629,21.0
1743.8512378644525,21.0
1752.9663720509295,20.9
1762.1291511680254,20.9
1771.3398242564415,20.8
1780.598641658619,20.8
1789.9058550255418,20.7
1799.2617173235774,20.6
1808.6664828413498,20.5
1818.1204071966588,20.4
1827.6237473434162,20.4
1837.1767615786375,20.3
1846.7797095494598,20.2
1856.4328522602,20.1
1866.1364520794475,20.0
1875.8907727471963,19.9
1885.6960793820124,19.9
1895.552638488241,19.8
1905.4607179632462,19.8
1915.4205871047022,19.7
1925.4325166178992,19.7
1935.4967786231095,19.6
1945.6136466629825,19.6
1955.783395709978,19.5
1966.006302173841,19.4
1976.282643909114,19.4
1986.6127002226892,19.4
1996.996751881399,19.4
2007.4350811196462,19.4
2017.927971647083,19.3
2028.4757086563097,19.2
2039.078578830634,19.1
2049.736870351861,19.1
2060.4508729081267,19.1
2071.22087770177,19.1
2082.0471774572497,19.0
2092.9300664290977,19.0
2103.8698404099196,18.9
2114.8667967384304,18.9
2125.9212343075446,18.9
2137.0334535724887,18.8
2148.2037565589744,18.8
2159.4324468714053,18.7
2170.71982970113,18.7
2182.0662118347364,18.6
2193.4719016623894,18.5
2204.937209186215,18.5
2216.4624460287228,18.4
2228.0479254412767,18.4
2239.6939623126154,18.4
2251.4008731773993,18.3
2263.168976224821,18.2
2274.9985913072546,18.1
2286.890039948944,18.1
2298.843645354747,18.0
2310.8597324189163,18.0
2322.9386277339318,17.9
2335.0806595993763,17.8
2347.2861580308577,17.6
2359.5554547689862,17.5
2371.8888832883777,17.4
2384.2867788067265,17.3
2396.7494782939148,17.2
2409.2773204811715,17.1
2421.8706458702773,17.0
2434.5297967428205,16.9
2447.2551171695004,16.8
2460.0469530194778,16.6
2472.905651969775,16.5
2485.8315635147337,16.4
2498.825038975499,16.4
2511.88643150958,16.3
2525.0160961204438,16.3
2538.2143896671673,16.3
2551.481670874133,16.3
2564.8183003407817,16.2
2578.224640551411,16.1
2591.7010558850307,16.1
2605.247912625263,16.1
2618.8655789702975,16.2
2632.5544250429093,16.2
2646.314822900502,16.3
2660.14714654523,16.3
2674.051771934164,16.3
2688.029076989506,16.3
2702.079441608862,16.3
2716.20324767557,16.3
2730.400879069075,16.3
2744.6727216753675,16.3
2759.0191633974646,16.3
2773.440594165967,16.3
2787.9374059496395,16.3
2802.509992766076,16.3
2817.1587506924047,16.3
2831.8840778760564,16.2
2846.686374545581,16.2
2861.5660430215316,16.3
2876.5234877273942,16.3
2891.5591152005823,16.3
2906.6733341034837,16.3
2921.8665552345788,16.3
2937.139191539587,16.4
2952.4916581227058,16.5
2967.9243722578863,16.6
2983.4377534001765,16.7
2999.0322231971227,16.7
3014.7082055002275,16.9
3030.466126376471,17.0
3046.306414119893,17.1
3062.229499263226,17.2
3078.2358145896155,17.2
3094.325795144359,17.3
3110.4998782467446,17.4
3126.7585035019356,17.5
3143.1021128129173,17.6
3159.5311503925072,17.7
3176.0460627754296,17.8
3192.6472988304513,17.9
3209.335309772584,18.1
3226.1105491753406,18.2
3242.973472983081,18.3
3259.924539523382,18.4
3276.9642095195077,18.4
3294.0929461029286,18.5
3311.311214825911,18.5
3328.6194836741684,18.5
3346.018223079582,18.5
3363.507905932988,18.6
3381.089007597027,18.7
3398.762005919066,18.7
3416.527381244194,18.8
3434.385616428264,18.8
3452.337196851022,18.9
3470.382610429304,18.9
3488.5223476302926,18.9
3506.7569014848486,18.9
3525.0867676009134,18.9
3543.512444176976,18.9
3562.034432015617,18.9
3580.6532345371147,18.8
3599.369357793143,18.6
3618.1833104805046,18.5
3637.095603954969,18.5
3656.1067522451726,18.5
3675.2172720665826,18.4
3694.4276828355482,18.3
3713.738506683413,18.1
3733.1502684707093,17.8
3752.6634958014215,17.6
3772.2787190373247,17.5
3791.9964713124127,17.5
3811.817288547367,17.4
3831.7417094641373,17.3
3851.7702756005806,17.3
3871.9035313251793,17.3
3892.1420238518376,17.3
3912.4863032547537,17.3
3932.936922483372,17.3
3953.4944373774106,17.3
3974.1594066819653,17.3
3994.9323920627126,17.2
4015.8139581211503,17.2
4036.8046724099613,17.1
4057.9051054484326,17.0
4079.115830737964,16.9
4100.437424777656,16.8
4121.870467079975,16.7
4143.41554018651,16.3
4165.0732296838005,15.9
4186.844124219257,15.7
4208.728815517151,15.5
4230.72789839472,15.3
4252.841970778305,15.1
4275.071633719623,14.8
4297.417491412092,14.3
4319.880151207261,14.0
4342.460223631314,13.8
4365.158322401661,13.6
4387.975064443623,13.4
4410.911069907196,13.0
4433.9669621839075,12.5
4457.1433679237725,12.1
4480.4409170523,11.9
4503.860242787635,11.7
4527.40198165776,11.5
4551.0667735177985,11.2
4574.855261567406,10.6
4598.768092368251,10.1
4622.80591586159,9.8
4646.969385385929,9.5
4671.25915769478,9.1
4695.675892974527,8.5
4720.220254862348,7.9
4744.892910464259,7.4
4769.694530373255,7.1
4794.625788687525,6.7
4819.68736302878,6.3
4844.87993456067,6.1
4870.204188007296,5.4
4895.660811671819,4.8
4921.250497455168,5.2
4946.973940874864,5.6
4972.8318410838865,5.7
4998.824900889706,5.9
5024.953826773381,6.2
5051.219328908747,6.5
5077.622121181736,6.8
5104.162921209768,7.2
5130.842450361258,7.8
5157.661433775227,8.5
5184.620600380999,8.9
5211.720682918039,9.3
5238.962417955835,9.7
5266.346545913939,10.4
5293.873811082085,11.3
5321.544961640422,11.8
5349.360749679845,12.0
5377.321931222439,12.2
5405.429266242027,12.4
5433.683518684824,12.7
5462.085456490198,13.0
5490.635851611563,13.1
5519.335480037329,13.2
5548.185121812011,13.1
5577.185561057427,13.0
5606.337585994012,12.9
5635.641988962242,12.8
5665.0995664441625,12.7
5694.7111190850455,12.6
5724.477451715144,12.4
5754.399373371566,12.1
5784.477697320285,12.0
5814.713241078208,12.0
5845.10682643542,12.1
5875.659279477514,12.2
5906.371430608045,12.2
5937.244114571097,12.3
5968.278170473975,12.6
5999.4744418100045,12.8
6030.833776481469,13.0
6062.357026822636,13.1
6094.045049622959,13.3
6125.898706150321,13.5
6157.918862174471,13.7
6190.106387990547,14.1
6222.462158442733,14.5
6254.987052948034,14.6
6287.681955520183,14.7
6320.547754793659,14.7
6353.585344047851,14.8
6386.795621231329,14.9
6420.179488986247,14.9
6453.7378546729,15.0
6487.471630394349,15.1
6521.381733021235,15.2
6555.469084216698,15.4
6589.734610461422,15.5
6624.179243078815,15.6
6658.80391826033,15.9
6693.609577090902,16.5
6728.597165574533,17.1
6763.767634659991,17.5
6799.1219402666875,17.7
6834.661043310619,18.0
6870.385909730507,18.2
6906.297510514049,18.5
6942.39682172431,18.9
6978.684824526248,19.1
7015.162505213385,19.2
7051.830855234612,19.4
7088.690871221135,19.6
7125.7435550135615,19.8
7162.989913689153,19.9
7200.430959589155,20.0
7238.067710346342,20.1
7275.901188912673,20.2
7313.932423587085,20.3
7352.162448043451,20.5
7390.59230135867,20.6
7429.22302804091,20.6
7468.055678057999,20.6
7507.091306865953,20.5
7546.330975437692,20.5
7585.775750291836,20.4
7625.426703521717,20.3
7665.284912824515,20.2
7705.351461530549,20.2
7745.627438632719,20.1
7786.113938816104,20.0
7826.81206248772,19.9
7867.722915806424,19.7
7908.847610712972,19.6
7950.187264960275,19.4
7991.743002143727,19.2
8033.515951731782,19.0
8075.507249096639,18.8
8117.718035545101,18.6
8160.149458349601,18.5
8202.80267077938,18.5
8245.67883213183,18.4
8288.77910776401,18.3
8332.104669124305,17.9
8375.656693784302,17.4
8419.436365470749,17.1
8463.444874097753,16.8
8507.683415799123,16.5
8552.153192960874,16.2
8596.855414253905,15.4
8641.791294666864,14.5
8686.962055539152,14.2
8732.36892459413,14.0
8778.01313597248,13.8
8823.895930265779,13.7
8870.018554550163,13.8
8916.382262420266,14.2
8962.988314023276,14.5
9009.83797609319,14.6
9056.932521985234,14.7
9104.273231710486,14.8
9151.861391970657,14.8
9199.698296193066,14.8
9247.785244565785,14.8
9296.12354407301,14.7
9344.714508530542,14.6
9393.559458621517,14.4
9442.659721932305,14.2
9492.016632988581,14.0
9541.631533291613,13.9
9591.505771354708,13.9
9641.64070273987,13.9
9692.037690094652,13.9
9742.698103189163,14.2
9793.623318953358,14.6
9844.814721514387,14.9
9896.27370223427,15.1
9948.001659747684,15.8
10000.0,16.5
10052.270136285486,16.8
10104.813489285681,16.9
10157.6314871081,17.0
10210.725565324987,17.2
10264.09716701231,17.5
10317.747742788988,17.9
10371.678750856474,18.1
10425.891657038128,18.2
10480.387934819217,18.3
10535.16906538697,18.4
10590.236537670813,18.7
10645.591848382772,19.1
10701.236502058211,19.3
10757.172011096769,19.4
10813.399895803414,19.5
10869.921684429703,19.6
10926.73891321545,19.7
10983.85312643042,19.7
11041.265876416248,19.8
11098.978723628681,19.8
11156.993236680037,19.7
11215.310992381786,19.6
11273.933575787378,19.3
11332.862580235347,18.9
11392.099607392682,18.7
11451.646267298307,18.5
11511.504178406769,18.0
11571.674967632372,16.6
11632.16027039332,15.4
11692.961730656129,15.2
11754.08100098034,14.9
11815.519742563505,14.5
11877.27962528627,14.2
11939.362327757724,14.1
12001.76953736107,14.1
12064.50295029953,14.1
12127.56427164241,14.1
12190.95521537136,14.3
12254.677504427105,14.4
12318.732870756214,14.4
12383.123055358106,14.4
12447.849808332432,14.3
12512.914888926687,14.2
12578.320065583976,14.1
12644.067115991029,14.0
12710.157827126544,13.9
12776.593995309939,13.5
12843.377426249857,13.1
12910.50993509343,12.8
12977.99334647565,12.5
13045.829494568892,12.1
13114.020223132724,11.9
13182.567385564074,11.0
13251.472844947652,9.9
13320.738474106534,9.3
13390.366155652993,9.5
13460.35778203982,10.2
13530.715255611682,10.5
13601.440488656775,10.9
13672.535403458849,11.2
13744.001932349513,11.3
13815.842017760702,11.2
13888.057612277411,12.1
13960.650678690825,13.5
14033.62319005172,14.6
14106.977129724035,15.4
14180.714491438697,15.8
14254.837279347976,16.0
14329.347508079869,16.1
14404.247202792812,16.2
14479.538399230763,16.3
14555.223143778607,16.2
14631.303493517702,16.0
14707.78151628175,15.8
14784.65929071304,15.6
14861.938906319014,15.5
14939.622463529,15.3
15017.712073751207,15.1
15096.209859430292,14.7
15175.117954104964,14.4
15254.438502465904,14.2
15334.173660414117,14.1
15414.325595119602,13.9
15494.896485080177,13.7
15575.88852018064,13.5
15657.303901752315,13.3
15739.1448426331,13.1
15821.413567227246,12.6
15904.112311566014,12.3
15987.243323368504,12.1
16070.808862102673,11.1
16154.811199046684,10.0
16239.252617350698,9.4
16324.135412099,8.8
16409.461890372313,8.2
16495.23437131044,7.6
16581.455186175313,7.0
16668.12667841462,6.4
16755.251203725067,4.9
