10.0,23.9
10.052270136285475,23.9
10.104813489285682,23.9
10.157631487108103,23.9
10.210725565324982,23.9
10.264097167012295,24.1
10.317747742789004,24.2
10.371678750856479,24.2
10.425891657038118,24.2
10.480387934819216,24.2
10.535169065386981,24.2
10.590236537670812,24.2
10.64559184838276,24.2
10.701236502058206,24.3
10.757172011096776,24.4
10.813399895803409,24.4
10.869921684429707,24.4
10.926738913215466,24.4
10.98385312643042,24.4
11.041265876416237,24.5
11.098978723628681,24.6
11.156993236680048,24.6
11.215310992381788,24.6
11.27393357578736,24.6
11.332862580235341,24.6
11.392099607392687,24.6
11.451646267298301,24.6
11.511504178406776,24.7
11.571674967632385,24.7
11.632160270393321,24.7
11.692961730656117,24.7
11.75408100098034,24.7
11.815519742563518,24.7
11.87727962528627,24.7
11.939362327757706,24.8
12.001769537361062,24.9
12.064502950299536,24.9
12.127564271642404,24.9
12.190955215371359,24.9
12.254677504427118,24.9
12.318732870756214,24.9
12.383123055358094,24.9
12.447849808332432,25.0
12.5129148889267,25.1
12.578320065583968,25.1
12.644067115991009,25.1
12.710157827126565,25.1
12.776593995309947,25.1
12.843377426249843,25.1
12.910509935093431,25.1
12.977993346475664,25.1
13.045829494568892,25.1
13.11402022313271,25.1
13.182567385564074,25.1
13.251472844947658,25.1
13.320738474106527,25.3
13.390366155653,25.4
13.460357782039841,25.4
13.530715255611682,25.4
13.601440488656761,25.4
13.672535403458848,25.4
13.744001932349526,25.4
13.815842017760701,25.4
13.888057612277397,25.4
13.960650678690818,25.4
14.033623190051728,25.4
14.10697712972403,25.4
14.180714491438705,25.5
14.25483727934799,25.5
14.32934750807987,25.6
14.404247202792797,25.6
14.479538399230764,25.6
14.55522314377862,25.6
14.631303493517702,25.6
14.707781516281727,25.6
14.784659290713032,25.6
14.861938906319022,25.6
14.939622463528993,25.6
15.017712073751214,25.6
15.096209859430308,25.6
15.175117954104964,25.7
15.254438502465888,25.8
15.334173660414118,25.8
15.414325595119617,25.8
15.494896485080169,25.8
15.575888520180618,25.8
15.65730390175234,25.8
15.73914484263311,25.8
15.821413567227237,25.8
15.904112311566013,25.8
15.98724332336852,25.8
16.070808862102673,25.8
16.154811199046666,25.8
16.239252617350697,25.8
16.324135412099007,25.8
16.409461890372306,25.9
16.495234371310413,25.9
16.58145518617534,25.9
16.668126678414627,25.9
16.755251203725052,25.9
16.84283113011666,25.9
16.930868837977105,25.9
17.01936672013636,25.9
17.108327181931763,25.9
17.197752641273365,25.9
17.28764552870969,25.9
17.378008287493753,25.9
17.4688433736495,25.9
17.560153256038525,25.9
17.651940416427212,25.9
17.744207349554188,25.9
17.836956563198083,25.9
17.93019057824573,25.9
18.023911928760675,25.9
18.118123162052047,25.9
18.21282683874379,25.9
18.30802553284428,25.9
18.403721831816252,25.9
18.499918336647156,25.9
18.59661766191982,25.9
18.69382243588356,25.9
18.791535300525574,25.9
18.889758911642755,25.9
18.98849593891389,25.9
19.08774906597221,25.9
19.187520990478333,25.9
19.287814424193606,25.9
19.388632093053765,25.9
19.48997673724305,25.9
19.591851111268685,25.9
19.69425798403576,25.9
19.79720013892245,25.9
19.90068037385568,25.9
20.004701501387192,25.9
20.109266348769967,26.0
20.214377758035074,26.0
20.320038586068932,26.1
20.426251704690927,26.1
20.533020000731486,26.1
20.64034637611054,26.1
20.748233747916412,26.1
20.856685048485062,26.1
20.965703225479817,26.1
21.075291241971485,26.1
21.185452076518878,26.1
21.296188723249774,26.1
21.407504191942323,26.1
21.519401508106792,26.1
21.631883713067854,26.1
21.744953864047204,26.1
21.858615034246718,26.1
21.972870312931903,26.1
22.087722805515906,26.0
22.203175633643916,25.9
22.319231935278008,25.9
22.435894864782412,25.9
22.553167593009288,25.9
22.671053307384867,25.9
22.789555211996095,25.9
22.908676527677724,25.9
23.028420492099883,25.9
23.148790359856015,25.9
23.26978940255137,25.9
23.391420908891938,25.9
23.51368818477381,25.9
23.63659455337303,25.9
23.760143355235964,25.9
23.884337948370025,25.9
24.009181708334992,25.9
24.134678028334722,25.9
24.260830319309434,25.9
24.387642010028344,25.9
24.515116547182902,25.9
24.64325739548046,25.9
24.772068037738443,25.9
24.901551974979007,25.9
25.031712726524198,25.9
25.162553830091625,25.9
25.294078841890578,25.9
25.426291336718684,25.9
25.559194908059133,25.9
25.692793168178262,25.9
25.827089748223784,25.9
25.96208829832347,25.9
26.097792487684362,25.9
26.234206004692496,25.9
26.371332557013133,25.9
26.5091758716916,25.9
26.647739695254497,25.9
26.787027793811582,25.8
26.9270439531581,25.8
27.06779197887776,25.8
27.209275696446046,25.8
27.351498951334275,25.8
27.494465609114105,25.8
27.638179555562576,25.8
27.782644696767733,25.8
27.92786495923483,25.8
28.07384428999299,25.8
28.220586656702505,25.8
28.368096047762684,25.8
28.516376472420284,25.8
28.66543196087842,25.8
28.815266564406134,25.8
28.965884355448516,25.8
29.11728942773738,25.8
29.26948589640251,25.8
29.42247789808359,25.8
29.57626959104251,25.8
29.730865155276486,25.7
29.88626879263161,25.7
30.04248472691713,25.6
30.19951720402016,25.6
30.357370492021133,25.6
30.516048881309793,25.6
30.675556684701824,25.6
30.835898237556027,25.6
30.99707789789224,25.6
31.15910004650967,25.6
31.321969087106055,25.6
31.485689446397288,25.6
31.650265574237824,25.6
31.815701943741516,25.5
31.98200305140326,25.4
32.14917341722119,25.4
32.31721758481955,25.4
32.486140121572134,25.4
32.655945618726484,25.4
32.82663869152868,25.4
32.99822397934869,25.4
33.170706145806605,25.4
33.34408987889928,25.4
33.51837989112781,25.4
33.69358091962557,25.4
33.86969772628702,25.4
34.04673509789711,25.4
34.224697846261364,25.3
34.40359080833668,25.2
34.58341884636283,25.1
34.764186847994516,25.1
34.94589972643436,25.1
35.12856242056629,25.1
35.312179895089876,25.1
35.496757140655234,25.1
35.68229917399868,25.1
35.86881103807908,25.1
36.05629780221492,25.1
36.24476456222205,25.1
36.434216440552284,25.1
36.6246585864325,25.1
36.81609617600466,25.1
37.00853441246656,25.0
37.2019785262131,24.9
37.39643377497855,24.9
37.591905443979435,24.9
37.788398846058186,24.9
37.985919321827524,24.9
38.184472239815605,24.9
38.384062996612016,24.9
38.584697017014335,24.9
38.786379754175634,24.9
38.98911668975273,24.8
39.1929133340551,24.8
39.39777522619469,24.7
39.60370793423646,24.7
39.810717055349734,24.7
40.0188082159603,24.7
40.227987071903335,24.7
40.43825930857721,24.7
40.64963064109788,24.7
40.8621068144543,24.7
41.075693603664625,24.7
41.29039681393302,24.7
41.506222280807584,24.7
41.72317587033889,24.7
41.94126347923944,24.7
42.16049103504393,24.7
42.38086449627034,24.6
42.60238985258197,24.6
42.825073124950116,24.6
43.04892036581776,24.6
43.27393765926414,24.6
43.500131121170035,24.6
43.727506899384,24.6
43.956071173889484,24.6
44.18583015697281,24.6
44.416790093392,24.6
44.648957260546474,24.5
44.88233796864779,24.4
45.116938560890986,24.4
45.35276541362708,24.4
45.58982493653644,24.4
45.82812357280281,24.4
46.067667799288614,24.4
46.308464126710895,24.4
46.55051909981832,24.4
46.793839297569036,24.4
47.03843133330949,24.4
47.28430185495417,24.4
47.531457545166376,24.4
47.77990512153967,24.3
48.02965133678067,24.2
48.28070297889241,24.2
48.53306687135893,24.2
48.78674987333074,24.2
49.041758879811184,24.2
49.298100821843896,24.2
49.55578266670119,24.2
49.81481141807335,24.2
50.07519411625915,24.1
50.336937838356974,24.0
50.60004969845742,23.9
50.86453684783644,23.9
51.13040647514984,23.9
51.39766580662862,23.9
51.66632210627541,23.9
51.93638267606184,23.9
52.20785485612707,23.9
52.48074602497726,23.9
52.75506359968615,23.9
53.030815036096584,23.9
53.308007829023246,23.9
53.58664951245627,23.9
53.866747659766084,23.9
54.148309883909214,23.9
54.431343837635225,23.9
54.7158572136947,23.8
55.00185774504835,23.8
55.28935320507712,23.8
55.57835140779364,23.8
55.86886020805435,23.8
56.160887501773274,23.8
56.45444122613637,23.8
56.74952935981742,23.8
57.04615992319485,23.8
57.34434097856969,23.8
57.64408063038476,23.8
57.94538702544487,23.8
58.24826835313831,23.8
58.552732845659456,23.8
58.85878877823242,23.7
59.166444469336014,23.6
59.475708280929936,23.6
59.786588618681876,23.6
60.0990939321961,23.6
60.41323271524305,23.6
60.72901350599024,23.6
61.046444887234294,23.6
61.365535486634215,23.6
61.686293976945976,23.6
62.008729076258064,23.6
62.332849548228545,23.6
62.658664202323344,23.6
62.98618189405547,23.6
63.315411525225876,23.6
63.64636204416533,23.6
63.979042445977655,23.6
64.31346177278421,23.6
64.64962911396958,23.6
64.98755360642885,23.6
65.32724443481563,23.6
65.66871083179183,23.6
66.01196207827876,23.6
66.35700750370908,23.6
66.7038564862806,23.6
67.05251845321108,23.6
67.40300288099445,23.6
67.75531929565844,23.6
68.1094772730234,23.6
68.46548643896274,23.6
68.82335646966433,23.6
69.18309709189363,23.6
69.54471808325809,23.6
69.90822927247277,23.6
70.27364053962762,23.6
70.6409618164559,23.7
71.01020308660422,23.8
71.38137438590384,23.8
71.75448580264342,23.8
72.12954747784322,23.8
72.50656960553087,23.8
72.88556243301818,23.8
73.26653626117992,23.8
73.64950144473359,23.8
74.03446839252094,23.8
74.42144756779092,23.8
74.810449488484,23.8
75.20148472751808,23.8
75.59456391307583,23.8
75.98969772889355,23.8
76.38689691455168,23.8
76.78617226576647,23.8
77.18753463468363,23.8
77.59099493017311,23.8
77.99656411812569,23.8
78.404253221751,23.8
78.8140733218772,23.8
79.226035557252,23.8
79.64015112484554,23.8
80.05643128015467,23.8
80.47488733750892,23.8
80.89553067037787,23.8
81.31837271168051,23.8
81.74342495409579,23.8
82.170698950375,23.8
82.60020631365589,23.8
83.03195871777821,23.8
83.46596789760103,23.8
83.90224564932171,23.8
84.34080383079642,23.8
84.78165436186265,23.8
85.22480922466286,23.8
85.67028046397054,23.8
86.11808018751721,23.8
86.56822056632171,23.8
87.020713835021,23.8
87.47557229220259,23.8
87.93280830073893,23.8
88.39243428812335,23.8
88.85446274680783,23.8
89.31890623454267,23.8
89.78577737471758,23.8
90.25508885670492,23.8
90.72685343620469,23.8
91.20108393559097,23.8
91.67779324426061,23.8
92.15699431898352,23.8
92.63870018425483,23.8
93.12292393264887,23.8
93.60967872517497,23.8
94.09897779163542,23.8
94.5908344309847,23.8
95.0852620116911,23.8
95.58227397210023,23.8
96.08188382079996,23.8
96.5841051369878,23.8
97.08895157083991,23.8
97.59643684388209,23.8
98.10657474936274,23.8
98.61937915262773,23.8
99.13486399149741,23.8
99.65304327664518,23.8
100.17393109197839,23.8
100.69754159502135,23.8
101.22388901729977,23.8
101.75298766472777,23.8
102.28485191799675,23.8
102.81949623296607,23.8
103.35693514105618,23.8
103.89718324964329,23.8
104.44025524245698,23.8
104.98616587997819,23.8
105.53492999984189,23.8
106.08656251723878,23.8
106.64107842532215,23.8
107.19849279561431,23.8
107.75882077841675,23.8
108.32207760322176,23.8
108.88827857912626,23.8
109.45743909524856,23.8
110.02957462114523,23.8
110.60470070723336,23.8
111.18283298521138,23.8
111.76398716848561,23.8
112.3481790525961,23.8
112.93542451564652,23.8
113.5257395187356,23.8
114.11914010639099,23.8
114.71564240700522,23.8
115.3152626332741,23.8
115.91801708263789,23.8
116.52392213772293,23.8
117.13299426678874,23.8
117.74525002417371,23.8
118.36070605074681,23.8
118.97937907435858,23.8
119.60128591029638,23.8
120.22644346174131,23.8
120.85486872022751,23.8
121.4865787661046,23.8
122.12159076900052,23.8
122.75992198829012,23.8
123.40158977356222,23.8
124.04661156509306,23.8
124.69500489431896,23.8
125.34678738431336,23.8
126.00197675026583,23.8
126.6605907999634,23.8
127.3226474342747,23.8
127.98816464763628,23.8
128.6571605285424,23.8
129.32965326003517,23.8
130.00566112020084,23.8
130.68520248266435,23.8
131.36829581709074,23.8
132.05495968968575,23.8
132.74521276370103,23.8
133.43907379994133,23.8
134.1365616572744,23.8
134.83769529314347,23.8
135.54249376408254,23.8
136.25097622623485,23.8
136.96316193587217,23.8
137.67907024992007,23.8
138.39872062648203,23.8
139.1221326253702,23.8
139.84932590863562,23.8
140.58032024110324,23.7
141.31513549090906,23.6
142.05379163003997,23.6
142.7963087348772,23.6
143.5427069867405,23.6
144.29300667243896,23.6
145.04722818481977,23.6
145.80539202332486,23.6
146.56751879454652,23.6
147.333629212788,23.6
148.1037441006266,23.6
148.87788438947953,23.6
149.65607112017267,23.6
150.43832544351253,23.6
151.2246686208618,23.6
152.01512202471548,23.6
152.80970713928414,23.6
153.6084455610754,23.6
154.41135899948313,23.6
155.218469277376,23.6
156.02979833169113,23.6
156.8453682140304,23.6
157.66520109125955,23.6
158.48931924611142,23.6
159.3177450777899,23.6
160.15050110258113,23.5
160.9876099544629,23.5
161.82909438572216,23.5
162.67497726757185,23.5
163.52528159077312,23.5
164.38003046626017,23.5
165.23924712576837,23.5
166.1029549224657,23.5
166.97117733158728,23.5
167.8439379510743,23.5
168.72126050221348,23.5
169.60316883028446,23.5
170.48968690520502,23.5
171.38083882218535,23.5
172.27664880238083,23.5
173.17714119355136,23.5
174.08234047072295,23.5
174.99227123685273,23.5
175.9069582234984,23.5
176.82642629148881,23.5
177.75070043160196,23.5
178.67980576524164,23.5
179.61376754512278,23.5
180.55261115595593,23.5
181.49636211513797,23.5
182.44504607344558,23.5
183.39868881573247,23.5
184.35731626163007,23.5
185.3209544662519,23.5
186.28962962090262,23.4
187.26336805378796,23.3
188.24219623073301,23.3
189.2261407558986,23.3
190.21522837250714,23.3
191.20948596356752,23.3
192.20894055260666,23.3
193.21361930440384,23.3
194.22354952572874,23.3
195.2387586660848,23.3
196.25927431845295,23.3
197.28512422004457,23.3
198.31633625305224,23.3
199.35293844541056,23.3
200.39495897155572,23.3
201.4424261531923,23.3
202.4953684600627,23.3
203.55381451072122,23.3
204.6177930733116,23.3
205.6873330663489,23.3
206.76246355950653,23.3
207.84321377440395,23.3
208.92961308540407,23.3
210.02169102040844,23.3
211.11947726166272,23.3
212.22300164656127,23.3
213.33229416845913,23.3
214.447384977487,23.3
215.5683043813707,23.3
216.69508284625502,23.2
217.8277509975314,23.1
218.9663396206716,23.1
220.1108796620618,23.1
221.26140222984722,23.1
222.41793859477394,23.1
223.5805201910423,23.1
224.74917861715863,23.1
225.9239456367954,23.1
227.10485317965416,23.1
228.29193334233327,23.1
229.48521838920135,23.1
230.68474075327168,23.1
231.89053303708724,23.1
233.102628013603,23.1
234.32105862708036,23.1
235.5458579939798,23.1
236.77705940386227,23.1
238.0146963202937,23.1
239.25880238175446,23.1
240.50941140255387,23.1
241.76655737374873,23.1
243.03027446406858,23.1
244.30059702084168,23.1
245.57755957093218,23.0
246.86119682167464,22.9
248.1515436618211,22.8
249.44863516248657,22.8
250.75250657810346,22.8
252.0631933473797,22.8
253.3807310942614,22.8
254.7051556289027,22.8
256.03650294863604,22.8
257.3748092389545,22.8
258.72011087449107,22.8
260.0724444200114,22.8
261.4318466314045,22.8
262.79835445668317,22.8
264.17200503698814,22.8
265.5528357075972,22.8
266.94088399894025,22.8
268.336187637619,22.8
269.7387845474336,22.8
271.1487128504106,22.7
272.56601086784315,22.7
273.9907171213279,22.6
275.4228703338166,22.6
276.86250943066517,22.6
278.30967354069315,22.6
279.764401997247,22.6
281.2267343392687,22.6
282.6967103123723,22.6
284.1743698699204,22.6
285.65975317411466,22.6
287.152900597083,22.6
288.6538527219809,22.6
290.16265034409145,22.6
291.67933447193553,22.6
293.203946328386,22.6
294.7365273517884,22.6
296.27711919708696,22.6
297.8257637369567,22.6
299.38250306294265,22.6
300.947379486601,22.6
302.52043554065347,22.6
304.1017139801383,22.6
305.69125778357716,22.6
307.2891101541398,22.6
308.8953145208197,22.6
310.5099145396145,22.6
312.1329540947119,22.6
313.76447729968413,22.6
315.40452849868336,22.5
317.0531522676519,22.5
318.71039341552853,22.4
320.3762969854716,22.4
322.05090825607795,22.4
323.7342727426186,22.4
325.4264361982722,22.4
327.1274446153702,22.4
328.83734422664674,22.4
330.55618150649445,22.4
332.28400317222986,22.4
334.02085618535915,22.4
335.76678775285944,22.4
337.52184532845695,22.4
339.28607661392135,22.4
341.0595295603587,22.4
342.84225236951676,22.4
344.63429349509414,22.4
346.4357016440579,22.4
348.24652577796684,22.4
350.06681511430224,22.4
351.8966191278073,22.4
353.7359875518278,22.4
355.5849703796693,22.4
357.44361786595016,22.4
359.3119805279728,22.4
361.1901091470929,22.4
363.0780547701014,22.4
364.9758687106112,22.4
366.8836025504522,22.4
368.80130814107446,22.4
370.72903760495365,22.4
372.66684333701346,22.4
374.6147780060434,22.4
376.57289455613636,22.4
378.54124620812286,22.4
380.5198864610201,22.4
382.50886909348526,22.5
384.5082481652772,22.6
386.51807801872604,22.6
388.53841328020957,22.6
390.56930886163985,22.6
392.6108199619517,22.6
394.6630020686084,22.6
396.7259109591041,22.6
398.7996027024853,22.6
400.8841336608706,22.6
402.9795604909844,22.6
405.0859401456969,22.6
407.20332987557106,22.6
409.331787230421,22.6
411.4713700608718,22.6
413.6221365199375,22.6
415.78414506459575,22.6
417.95745445738237,22.6
420.1421237679842,22.6
422.33821237484636,22.6
424.5457799667861,22.6
426.76488654461485,22.6
428.9955924227691,22.6
431.23795823094935,22.6
433.49204491576995,22.6
435.7579137424112,22.6
438.0356262962907,22.6
440.3252444847303,22.6
442.62683053864555,22.6
444.9404470142319,22.7
447.2661567946673,22.8
449.60402309182115,22.8
451.9541094479714,22.8
454.3164797375345,22.8
456.6911981687959,22.8
459.0783292856624,22.8
461.4779379694089,22.8
463.89008944044906,22.8
466.31484926010245,22.8
468.7522833323791,22.8
471.20245790577025,22.8
473.6654395750488,22.8
476.14129528307956,22.8
478.630092322638,22.8
481.1318983382419,22.8
483.6467813279844,22.8
486.1748096453894,22.8
488.7160520012619,22.8
491.27057746556244,22.8
493.8384554692794,22.8
496.4197558063182,22.8
499.01454863539806,22.8
501.6229044819588,22.8
504.24489424007766,22.8
506.88058917439554,22.8
509.53006092205686,22.8
512.1933814946506,22.8
514.8706232801756,22.8
517.5618590449992,22.8
520.2671619358439,22.8
522.9866054817683,22.8
525.7202635961694,22.8
528.4682105787901,22.8
531.230521117739,22.8
534.0072702915224,22.8
536.7985335710792,22.8
539.6043868218401,22.8
542.4249063057814,22.8
545.2601686835053,22.8
548.1102510163182,22.8
550.9752307683272,22.8
553.8551858085453,22.8
556.7501944130083,22.8
559.6603352669016,22.8
562.5856874666987,22.8
565.5263305223134,22.8
568.4823443592555,22.8
571.4538093208106,22.8
574.4408061702153,22.7
577.4434160928608,22.7
580.4617206984933,22.6
583.4958020234345,22.6
586.5457425328113,22.6
589.6116251227962,22.5
592.6935331228639,22.4
595.7915502980484,22.4
598.9057608512304,22.4
602.0362494254149,22.4
605.1831011060411,22.4
608.3464014232891,22.4
611.5262363544065,22.3
614.7226923260454,22.1
617.9358562166111,22.0
621.1658153586235,21.9
624.4126575410903,21.9
627.6764710118958,21.8
630.957344480193,21.7
634.2553671188238,21.6
637.5706285667327,21.5
640.9032189314127,21.5
644.2532287913472,21.5
647.6207491984753,21.6
651.0058716806659,21.6
654.4086882442045,21.7
657.8292913762976,21.8
661.2677740475787,21.9
664.7242297146454,22.0
668.1987523225889,22.0
671.6914363075575,22.1
675.2023765993158,22.1
678.7316686238282,22.2
682.2794083058518,22.2
685.8456920715438,22.2
689.4306168510824,22.2
693.0342800813003,22.3
696.6567797083366,22.6
700.2982141902914,23.0
703.9586824999124,23.1
707.6382841272731,23.2
711.3371190824884,23.3
715.0552878984242,23.3
718.7928916334344,23.3
722.5500318741055,23.3
726.3268107380181,23.3
730.123330876526,23.3
733.9396954775374,23.3
737.7760082683312,23.2
741.6323735183645,23.2
745.508896042117,23.1
749.4056812019327,23.1
753.3228349108862,23.1
757.2604636356614,23.1
761.2186743994453,23.1
765.1975747848361,23.1
769.1972729367671,23.1
773.2178775654501,23.1
777.2594979493206,23.1
781.3222439380205,23.1
785.406225955371,23.1
789.5115550023859,23.1
793.6383426602791,23.1
797.7867010935024,23.1
801.9567430527921,23.1
806.1485818782347,23.1
810.3623315023465,23.1
814.59810645317,23.1
818.8560218573906,23.1
823.1361934434566,23.1
827.4387375447371,23.1
831.7637711026708,23.1
836.1114116699566,23.1
840.4817774137397,23.1
844.8749871188272,23.1
849.2911601909162,23.1
853.7304166598383,23.1
858.1928771828257,23.1
862.6786630477819,23.1
867.1878961765907,23.1
871.7206991284164,23.1
876.2771951030477,23.1
880.8575079442367,23.1
885.4617621430697,23.1
890.0900828413493,23.1
894.742595834996,23.1
899.4194275774676,23.1
904.1207051831946,23.1
908.8465564310401,23.1
913.5971097677627,23.1
918.3724943115215,23.1
923.1728398553701,23.1
927.998276870799,23.0
932.8489365112713,22.9
937.7249506157918,22.8
942.6264517124897,22.8
947.5535730222193,22.8
952.5064484621864,22.8
957.4852126495767,22.8
962.4900009052299,22.8
967.5209492573013,22.8
972.5781944449744,22.8
977.6618739221665,22.8
982.772125861269,22.8
987.9090891569025,22.8
993.0729034296917,22.8
998.26370903006,22.8
1003.4816470420445,22.8
1008.7268592871307,22.8
1013.9994883281055,22.8
1019.2996774729368,22.8
1024.627570778662,22.8
1029.9833130553077,22.8
1035.3670498698243,22.8
1040.778927550043,22.8
1046.219093188652,22.8
1051.687694647196,22.7
1057.1848805600926,22.6
1062.7108003386745,22.6
1068.2656041752484,22.6
1073.849443047181,22.6
1079.4624687209969,22.5
1085.104833756507,22.4
1090.7766915109553,22.3
1096.4781961431852,22.3
1102.2095026178308,22.2
1107.9707667095288,22.2
1113.7621450071517,22.2
1119.5837949180645,22.2
1125.4358746724013,22.2
1131.3185433273702,22.2
1137.231960771571,22.1
1143.1762877293438,22.1
1149.1516857651375,22.0
1155.1583172879002,22.0
1161.1963455554942,21.9
1167.2659346791324,21.9
1173.3672496278396,21.8
1179.5004562329357,21.7
1185.6657211925422,21.6
1191.8632120761172,21.6
1198.0930973290035,21.5
1204.355546277011,21.4
1210.650729131018,21.3
1216.9788169915967,21.1
1223.3399818536654,21.0
1229.7343966111616,20.9
1236.162235061742,20.9
1242.6236719115057,20.8
1249.1188827797416,20.8
1255.6480442037073,20.7
1262.2113336434193,20.6
1268.8089294864806,20.6
1275.4410110529293,20.6
1282.1077586001115,20.6
1288.8093533275808,20.6
1295.5459773820237,20.6
1302.3178138622095,20.5
1309.1250468239675,20.4
1315.967861285188,20.3
1322.8464432308563,20.2
1329.7609796180998,20.1
1336.7116583812742,20.0
1343.6986684370715,20.0
1350.7221996896535,19.9
1357.782443035813,19.9
1364.879590370164,19.8
1372.0138345903551,19.8
1379.1853696023147,19.8
1386.3943903255179,19.8
1393.6410926982915,19.8
1400.9256736831292,19.8
1408.248331272053,19.7
1415.6092644919916,19.6
1423.0086734101894,19.4
1430.4467591396458,19.4
1437.9237238445805,19.4
1445.439770745928,19.4
1452.9951041268616,19.4
1460.589929338344,19.4
1468.224452804715,19.4
1475.898882029292,19.4
1483.6134256000173,19.4
1491.3682931951248,19.4
1499.1636955888393,19.4
1506.999844657106,19.4
1514.8769533833477,19.4
1522.7952358642551,19.4
1530.754907315605,19.4
1538.7561840781082,19.3
1546.799283623296,19.2
1554.8844245594228,19.2
1563.0118266374113,19.1
1571.181710756826,19.1
1579.3942989718767,19.0
1587.649814497453,19.0
1595.9484817151922,19.0
1604.2905261795772,19.0
1612.6761746240677,18.9
1621.1056549672617,18.9
1629.5791963190893,18.9
1638.097028987047,18.8
1646.6593844824454,18.8
1655.266495526711,18.8
1663.9185960577072,18.8
1672.6159212360947,18.8
1681.3587074517213,18.8
1690.1471923300487,18.9
1698.9816147386093,19.0
1707.8622147934998,19.1
1716.789233865905,19.1
1725.7629145886658,19.2
1734.7835008628629,19.2
1743.8512378644525,19.3
1752.9663720509295,19.5
1762.1291511680254,19.6
1771.3398242564415,19.7
1780.598641658619,19.8
1789.9058550255418,19.9
1799.2617173235774,19.9
1808.6664828413498,19.9
1818.1204071966588,19.9
1827.6237473434162,19.8
1837.1767615786375,19.8
1846.7797095494598,19.8
1856.4328522602,19.8
1866.1364520794475,19.8
1875.8907727471963,19.7
1885.6960793820124,19.7
1895.552638488241,19.6
1905.4607179632462,19.6
1915.4205871047022,19.5
1925.4325166178992,19.4
1935.4967786231095,19.4
1945.6136466629825,19.4
1955.783395709978,19.4
1966.006302173841,19.5
1976.282643909114,19.6
1986.6127002226892,19.7
1996.996751881399,19.7
2007.4350811196462,19.8
2017.927971647083,19.8
2028.4757086563097,19.9
2039.078578830634,20.0
2049.736870351861,20.1
2060.4508729081267,20.3
2071.22087770177,20.4
2082.0471774572497,20.5
2092.9300664290977,20.6
2103.8698404099196,20.6
2114.8667967384304,20.6
2125.9212343075446,20.6
2137.0334535724887,20.7
2148.2037565589744,20.9
2159.4324468714053,21.0
2170.71982970113,21.1
2182.0662118347364,21.1
2193.4719016623894,21.2
2204.937209186215,21.3
2216.4624460287228,21.4
2228.0479254412767,21.5
2239.6939623126154,21.6
2251.4008731773993,21.6
2263.168976224821,21.7
2274.9985913072546,21.8
2286.890039948944,21.8
2298.843645354747,21.9
2310.8597324189163,22.0
2322.9386277339318,22.0
2335.0806595993763,22.1
2347.2861580308577,22.1
2359.5554547689862,22.1
2371.8888832883777,22.2
2384.2867788067265,22.2
2396.7494782939148,22.2
2409.2773204811715,22.2
2421.8706458702773,22.2
2434.5297967428205,22.1
2447.2551171695004,22.1
2460.0469530194778,22.0
2472.905651969775,22.0
2485.8315635147337,21.9
2498.825038975499,21.9
2511.88643150958,21.8
2525.0160961204438,21.7
2538.2143896671673,21.6
2551.481670874133,21.5
2564.8183003407817,21.5
2578.224640551411,21.5
2591.7010558850307,21.5
2605.247912625263,21.4
2618.8655789702975,21.4
2632.5544250429093,21.3
2646.314822900502,21.3
2660.14714654523,21.3
2674.051771934164,21.3
2688.029076989506,21.3
2702.079441608862,21.3
2716.20324767557,21.3
2730.400879069075,21.3
2744.6727216753675,21.3
2759.0191633974646,21.3
2773.440594165967,21.3
2787.9374059496395,21.2
2802.509992766076,21.2
2817.1587506924047,21.1
2831.8840778760564,21.1
2846.686374545581,21.1
2861.5660430215316,21.1
2876.5234877273942,21.1
2891.5591152005823,21.0
2906.6733341034837,21.0
2921.8665552345788,21.0
2937.139191539587,21.0
2952.4916581227058,21.1
2967.9243722578863,21.1
2983.4377534001765,21.2
2999.0322231971227,21.3
3014.7082055002275,21.4
3030.466126376471,21.4
3046.306414119893,21.6
3062.229499263226,21.6
3078.2358145896155,21.8
3094.325795144359,21.9
3110.4998782467446,22.0
3126.7585035019356,22.1
3143.1021128129173,22.2
3159.5311503925072,22.4
3176.0460627754296,22.5
3192.6472988304513,22.6
3209.335309772584,22.6
3226.1105491753406,22.7
3242.973472983081,22.7
3259.924539523382,22.8
3276.9642095195077,22.8
3294.0929461029286,22.9
3311.311214825911,23.0
3328.6194836741684,23.1
3346.018223079582,23.1
3363.507905932988,23.1
3381.089007597027,23.2
3398.762005919066,23.3
3416.527381244194,23.3
3434.385616428264,23.3
3452.337196851022,23.3
3470.382610429304,23.3
3488.5223476302926,23.3
3506.7569014848486,23.3
3525.0867676009134,23.3
3543.512444176976,23.3
3562.034432015617,23.3
3580.6532345371147,23.3
3599.369357793143,23.2
3618.1833104805046,23.1
3637.095603954969,22.9
3656.1067522451726,22.8
3675.2172720665826,22.6
3694.4276828355482,22.5
3713.738506683413,22.4
3733.1502684707093,22.2
3752.6634958014215,22.0
3772.2787190373247,22.0
3791.9964713124127,21.9
3811.817288547367,21.9
3831.7417094641373,21.9
3851.7702756005806,21.9
3871.9035313251793,21.9
3892.1420238518376,21.9
3912.4863032547537,21.9
3932.936922483372,21.9
3953.4944373774106,21.9
3974.1594066819653,21.9
3994.9323920627126,21.9
4015.8139581211503,21.9
4036.8046724099613,21.9
4057.9051054484326,21.8
4079.115830737964,21.8
4100.437424777656,21.7
4121.870467079975,21.6
4143.41554018651,21.6
4165.0732296838005,21.5
4186.844124219257,21.3
4208.728815517151,21.1
4230.72789839472,21.0
4252.841970778305,20.8
4275.071633719623,20.6
4297.417491412092,20.4
4319.880151207261,20.2
4342.460223631314,19.9
4365.158322401661,19.6
4387.975064443623,19.4
4410.911069907196,19.3
4433.9669621839075,19.2
4457.1433679237725,19.1
4480.4409170523,19.0
4503.860242787635,18.7
4527.40198165776,18.4
4551.0667735177985,18.1
4574.855261567406,17.9
4598.768092368251,17.7
4622.80591586159,17.5
4646.969385385929,17.3
4671.25915769478,17.1
4695.675892974527,16.9
4720.220254862348,16.7
4744.892910464259,16.6
4769.694530373255,16.4
4794.625788687525,16.2
4819.68736302878,16.0
4844.87993456067,15.8
4870.204188007296,15.6
4895.660811671819,15.3
4921.250497455168,15.0
4946.973940874864,14.9
4972.8318410838865,14.9
4998.824900889706,14.9
5024.953826773381,14.8
5051.219328908747,14.7
5077.622121181736,14.5
5104.162921209768,14.3
5130.842450361258,14.2
5157.661433775227,14.1
5184.620600380999,14.0
5211.720682918039,13.9
5238.962417955835,13.9
5266.346545913939,13.9
5293.873811082085,13.9
5321.544961640422,13.9
5349.360749679845,13.9
5377.321931222439,13.9
5405.429266242027,13.9
5433.683518684824,14.0
5462.085456490198,14.0
5490.635851611563,14.1
5519.335480037329,14.1
5548.185121812011,14.2
5577.185561057427,14.3
5606.337585994012,14.3
5635.641988962242,14.3
5665.0995664441625,14.4
5694.7111190850455,14.4
5724.477451715144,14.5
5754.399373371566,14.6
5784.477697320285,14.6
5814.713241078208,14.6
5845.10682643542,14.6
5875.659279477514,14.6
5906.371430608045,14.5
5937.244114571097,14.5
5968.278170473975,14.4
5999.4744418100045,14.4
6030.833776481469,14.4
6062.357026822636,14.3
6094.045049622959,14.2
6125.898706150321,13.8
6157.918862174471,13.5
6190.106387990547,13.3
6222.462158442733,13.0
6254.987052948034,12.8
6287.681955520183,12.8
6320.547754793659,12.8
6353.585344047851,12.8
6386.795621231329,12.8
6420.179488986247,12.9
6453.7378546729,13.0
6487.471630394349,13.1
6521.381733021235,13.3
6555.469084216698,13.5
6589.734610461422,13.6
6624.179243078815,13.7
6658.80391826033,13.7
6693.609577090902,13.7
6728.597165574533,13.7
6763.767634659991,13.7
6799.1219402666875,13.7
6834.661043310619,13.7
6870.385909730507,13.7
6906.297510514049,13.7
6942.39682172431,13.7
6978.684824526248,13.7
7015.162505213385,13.7
7051.830855234612,13.7
7088.690871221135,13.7
7125.7435550135615,13.7
7162.989913689153,13.7
7200.430959589155,13.7
7238.067710346342,13.8
7275.901188912673,13.8
7313.932423587085,13.9
7352.162448043451,13.9
7390.59230135867,14.0
7429.22302804091,14.0
7468.055678057999,14.0
7507.091306865953,14.0
7546.330975437692,14.0
7585.775750291836,14.4
7625.426703521717,15.0
7665.284912824515,15.3
7705.351461530549,15.4
7745.627438632719,15.6
7786.113938816104,15.8
7826.81206248772,16.2
7867.722915806424,16.6
7908.847610712972,16.9
7950.187264960275,17.1
7991.743002143727,17.4
8033.515951731782,17.6
8075.507249096639,17.7
8117.718035545101,17.9
8160.149458349601,18.5
8202.80267077938,19.0
8245.67883213183,19.3
8288.77910776401,19.5
8332.104669124305,19.7
8375.656693784302,19.8
8419.436365470749,19.9
8463.444874097753,20.1
8507.683415799123,20.4
8552.153192960874,20.6
8596.855414253905,20.9
8641.791294666864,21.2
8686.962055539152,21.5
8732.36892459413,21.7
8778.01313597248,22.0
8823.895930265779,22.3
8870.018554550163,22.5
8916.382262420266,22.7
8962.988314023276,22.8
9009.83797609319,22.9
9056.932521985234,23.0
9104.273231710486,23.1
9151.861391970657,23.1
9199.698296193066,23.1
9247.785244565785,23.1
9296.12354407301,23.0
9344.714508530542,22.8
9393.559458621517,21.7
9442.659721932305,20.6
9492.016632988581,20.2
9541.631533291613,19.9
9591.505771354708,19.4
9641.64070273987,19.0
9692.037690094652,18.4
9742.698103189163,18.0
9793.623318953358,17.8
9844.814721514387,17.5
9896.27370223427,17.3
9948.001659747684,17.1
10000.0,17.3
10052.270136285486,17.5
10104.813489285681,17.7
10157.6314871081,17.9
10210.725565324987,18.1
10264.09716701231,18.5
10317.747742788988,18.9
10371.678750856474,19.1
10425.891657038128,19.3
10480.387934819217,19.5
10535.16906538697,19.6
10590.236537670813,19.8
10645.591848382772,20.0
10701.236502058211,20.1
10757.172011096769,20.1
10813.399895803414,20.1
10869.921684429703,20.0
10926.73891321545,19.7
10983.85312643042,19.4
11041.265876416248,19.2
11098.978723628681,19.0
11156.993236680037,18.5
11215.310992381786,17.9
11273.933575787378,16.9
11332.862580235347,15.8
11392.099607392682,15.4
11451.646267298307,14.8
11511.504178406769,13.9
11571.674967632372,12.9
11632.16027039332,12.0
11692.961730656129,11.4
11754.08100098034,11.0
11815.519742563505,10.7
11877.27962528627,8.6
11939.362327757724,4.6
12001.76953736107,7.3
12064.50295029953,10.1
12127.56427164241,10.7
12190.95521537136,11.1
12254.677504427105,11.6
12318.732870756214,12.2
12383.123055358106,12.5
12447.849808332432,12.7
12512.914888926687,12.9
12578.320065583976,13.0
12644.067115991029,12.9
12710.157827126544,12.8
12776.593995309939,12.7
12843.377426249857,12.8
12910.50993509343,12.9
12977.99334647565,13.0
13045.829494568892,12.9
13114.020223132724,12.8
13182.567385564074,12.6
13251.472844947652,12.5
13320.738474106534,12.5
13390.366155652993,12.6
13460.35778203982,12.6
13530.715255611682,12.7
13601.440488656775,12.9
13672.535403458849,13.0
13744.001932349513,12.9
13815.842017760702,12.8
13888.057612277411,12.3
13960.650678690825,11.7
14033.62319005172,12.7
14106.977129724035,14.3
14180.714491438697,15.0
14254.837279347976,16.0
14329.347508079869,18.7
14404.247202792812,21.0
14479.538399230763,22.2
14555.223143778607,23.2
14631.303493517702,23.3
14707.78151628175,23.3
14784.65929071304,23.3
14861.938906319014,23.3
14939.622463529,23.2
15017.712073751207,22.9
15096.209859430292,22.5
15175.117954104964,22.0
15254.438502465904,21.4
15334.173660414117,20.2
15414.325595119602,19.2
15494.896485080177,18.8
15575.88852018064,17.7
15657.303901752315,16.6
15739.1448426331,16.0
15821.413567227246,15.1
15904.112311566014,14.1
15987.243323368504,13.6
16070.808862102673,12.2
16154.811199046684,10.7
16239.252617350698,10.1
16324.135412099,9.7
16409.461890372313,9.1
16495.23437131044,7.4
16581.455186175313,5.6
16668.12667841462,4.3
16755.251203725067,3.3
