10.0,6.9
10.052270136285475,6.8
10.104813489285682,6.7
10.157631487108103,6.6
10.210725565324982,6.6
10.264097167012295,6.6
10.317747742789004,6.7
10.371678750856479,6.7
10.425891657038118,6.7
10.480387934819216,6.7
10.535169065386981,6.7
10.590236537670812,6.7
10.64559184838276,6.7
10.701236502058206,6.8
10.757172011096776,6.9
10.813399895803409,7.0
10.869921684429707,7.0
10.926738913215466,7.1
10.98385312643042,7.2
11.041265876416237,7.3
11.098978723628681,7.4
11.156993236680048,7.4
11.215310992381788,7.4
11.27393357578736,7.4
11.332862580235341,7.5
11.392099607392687,7.5
11.451646267298301,7.6
11.511504178406776,7.7
11.571674967632385,7.7
11.632160270393321,7.8
11.692961730656117,7.8
11.75408100098034,7.9
11.815519742563518,7.9
11.87727962528627,8.0
11.939362327757706,8.1
12.001769537361062,8.1
12.064502950299536,8.1
12.127564271642404,8.1
12.190955215371359,8.2
12.254677504427118,8.2
12.318732870756214,8.3
12.383123055358094,8.4
12.447849808332432,8.5
12.5129148889267,8.6
12.578320065583968,8.7
12.644067115991009,8.8
12.710157827126565,8.8
12.776593995309947,8.8
12.843377426249843,8.8
12.910509935093431,8.8
12.977993346475664,8.9
13.045829494568892,9.0
13.11402022313271,9.0
13.182567385564074,9.0
13.251472844947658,9.1
13.320738474106527,9.1
13.390366155653,9.2
13.460357782039841,9.3
13.530715255611682,9.3
13.601440488656761,9.3
13.672535403458848,9.3
13.744001932349526,9.3
13.815842017760701,9.3
13.888057612277397,9.4
13.960650678690818,9.5
14.033623190051728,9.6
14.10697712972403,9.7
14.180714491438705,9.7
14.25483727934799,9.8
14.32934750807987,10.0
14.404247202792797,10.1
14.479538399230764,10.2
14.55522314377862,10.2
14.631303493517702,10.2
14.707781516281727,10.2
14.784659290713032,10.2
14.861938906319022,10.2
14.939622463528993,10.3
15.017712073751214,10.3
15.096209859430308,10.4
15.175117954104964,10.4
15.254438502465888,10.5
15.334173660414118,10.5
15.414325595119617,10.6
15.494896485080169,10.7
15.575888520180618,10.7
15.65730390175234,10.7
15.73914484263311,10.7
15.821413567227237,10.8
15.904112311566013,10.8
15.98724332336852,10.9
16.070808862102673,11.0
16.154811199046666,11.1
16.239252617350697,11.2
16.324135412099007,11.3
16.409461890372306,11.4
16.495234371310413,11.4
16.58145518617534,11.4
16.668126678414627,11.4
16.755251203725052,11.5
16.84283113011666,11.5
16.930868837977105,11.6
17.01936672013636,11.6
17.108327181931763,11.7
17.197752641273365,11.7
17.28764552870969,11.7
17.378008287493753,11.7
17.4688433736495,11.7
17.560153256038525,11.8
17.651940416427212,11.9
17.744207349554188,11.9
17.836956563198083,12.0
17.93019057824573,12.0
18.023911928760675,12.1
18.118123162052047,12.3
18.21282683874379,12.4
18.30802553284428,12.4
18.403721831816252,12.4
18.499918336647156,12.4
18.59661766191982,12.4
18.69382243588356,12.5
18.791535300525574,12.6
18.889758911642755,12.6
18.98849593891389,12.7
19.08774906597221,12.7
19.187520990478333,12.8
19.287814424193606,12.8
19.388632093053765,12.8
19.48997673724305,12.8
19.591851111268685,12.8
19.69425798403576,12.8
19.79720013892245,12.9
19.90068037385568,12.9
20.004701501387192,13.0
20.109266348769967,13.1
20.214377758035074,13.1
20.320038586068932,13.1
20.426251704690927,13.2
20.533020000731486,13.2
20.64034637611054,13.3
20.748233747916412,13.4
20.856685048485062,13.5
20.965703225479817,13.6
21.075291241971485,13.7
21.185452076518878,13.7
21.296188723249774,13.8
21.407504191942323,13.8
21.519401508106792,13.8
21.631883713067854,13.8
21.744953864047204,13.9
21.858615034246718,13.9
21.972870312931903,14.0
22.087722805515906,14.0
22.203175633643916,14.1
22.319231935278008,14.1
22.435894864782412,14.1
22.553167593009288,14.1
22.671053307384867,14.1
22.789555211996095,14.2
22.908676527677724,14.3
23.028420492099883,14.4
23.148790359856015,14.4
23.26978940255137,14.5
23.391420908891938,14.5
23.51368818477381,14.5
23.63659455337303,14.5
23.760143355235964,14.6
23.884337948370025,14.6
24.009181708334992,14.7
24.134678028334722,14.8
24.260830319309434,14.9
24.387642010028344,15.0
24.515116547182902,15.0
24.64325739548046,15.0
24.772068037738443,15.1
24.901551974979007,15.1
25.031712726524198,15.2
25.162553830091625,15.2
25.294078841890578,15.2
25.426291336718684,15.2
25.559194908059133,15.2
25.692793168178262,15.2
25.827089748223784,15.3
25.96208829832347,15.3
26.097792487684362,15.4
26.234206004692496,15.5
26.371332557013133,15.5
26.5091758716916,15.5
26.647739695254497,15.5
26.787027793811582,15.5
26.9270439531581,15.5
27.06779197887776,15.6
27.209275696446046,15.7
27.351498951334275,15.8
27.494465609114105,15.8
27.638179555562576,15.9
27.782644696767733,15.9
27.92786495923483,15.9
28.07384428999299,15.9
28.220586656702505,16.0
28.368096047762684,16.1
28.516376472420284,16.2
28.66543196087842,16.3
28.815266564406134,16.3
28.965884355448516,16.4
29.11728942773738,16.4
29.26948589640251,16.4
29.42247789808359,16.5
29.57626959104251,16.5
29.730865155276486,16.6
29.88626879263161,16.6
30.04248472691713,16.7
30.19951720402016,16.7
30.357370492021133,16.7
30.516048881309793,16.8
30.675556684701824,16.9
30.835898237556027,16.9
30.99707789789224,16.9
31.15910004650967,16.9
31.321969087106055,16.9
31.485689446397288,17.0
31.650265574237824,17.1
31.815701943741516,17.1
31.98200305140326,17.1
32.14917341722119,17.1
32.31721758481955,17.1
32.486140121572134,17.1
32.655945618726484,17.2
32.82663869152868,17.3
32.99822397934869,17.4
33.170706145806605,17.4
33.34408987889928,17.5
33.51837989112781,17.5
33.69358091962557,17.6
33.86969772628702,17.7
34.04673509789711,17.8
34.224697846261364,17.8
34.40359080833668,17.8
34.58341884636283,17.8
34.764186847994516,17.8
34.94589972643436,17.8
35.12856242056629,17.8
35.312179895089876,17.9
35.496757140655234,17.9
35.68229917399868,17.9
35.86881103807908,17.9
36.05629780221492,17.9
36.24476456222205,18.0
36.434216440552284,18.1
36.6246585864325,18.1
36.81609617600466,18.1
37.00853441246656,18.1
37.2019785262131,18.1
37.39643377497855,18.1
37.591905443979435,18.1
37.788398846058186,18.2
37.985919321827524,18.3
38.184472239815605,18.4
38.384062996612016,18.5
38.584697017014335,18.6
38.786379754175634,18.6
38.98911668975273,18.6
39.1929133340551,18.7
39.39777522619469,18.8
39.60370793423646,18.8
39.810717055349734,18.8
40.0188082159603,18.8
40.227987071903335,18.9
40.43825930857721,19.0
40.64963064109788,19.0
40.8621068144543,19.0
41.075693603664625,19.0
41.29039681393302,19.0
41.506222280807584,19.1
41.72317587033889,19.1
41.94126347923944,19.1
42.16049103504393,19.2
42.38086449627034,19.2
42.60238985258197,19.3
42.825073124950116,19.3
43.04892036581776,19.3
43.27393765926414,19.3
43.500131121170035,19.3
43.727506899384,19.3
43.956071173889484,19.4
44.18583015697281,19.5
44.416790093392,19.5
44.648957260546474,19.5
44.88233796864779,19.6
45.116938560890986,19.6
45.35276541362708,19.7
45.58982493653644,19.8
45.82812357280281,19.8
46.067667799288614,19.8
46.308464126710895,19.9
46.55051909981832,19.9
46.793839297569036,19.9
47.03843133330949,20.0
47.28430185495417,20.0
47.531457545166376,20.0
47.77990512153967,20.1
48.02965133678067,20.1
48.28070297889241,20.1
48.53306687135893,20.1
48.78674987333074,20.2
49.041758879811184,20.2
49.298100821843896,20.2
49.55578266670119,20.3
49.81481141807335,20.3
50.07519411625915,20.3
50.336937838356974,20.4
50.60004969845742,20.4
50.86453684783644,20.4
51.13040647514984,20.4
51.39766580662862,20.5
51.66632210627541,20.5
51.93638267606184,20.5
52.20785485612707,20.5
52.48074602497726,20.6
52.75506359968615,20.6
53.030815036096584,20.6
53.308007829023246,20.6
53.58664951245627,20.6
53.866747659766084,20.6
54.148309883909214,20.7
54.431343837635225,20.7
54.7158572136947,20.7
55.00185774504835,20.7
55.28935320507712,20.7
55.57835140779364,20.7
55.86886020805435,20.8
56.160887501773274,20.8
56.45444122613637,20.8
56.74952935981742,20.8
57.04615992319485,20.8
57.34434097856969,20.9
57.64408063038476,20.9
57.94538702544487,20.9
58.24826835313831,20.9
58.552732845659456,20.9
58.85878877823242,20.9
59.166444469336014,21.0
59.475708280929936,21.0
59.786588618681876,21.0
60.0990939321961,21.0
60.41323271524305,21.0
60.72901350599024,21.0
61.046444887234294,21.1
61.365535486634215,21.1
61.686293976945976,21.1
62.008729076258064,21.1
62.332849548228545,21.1
62.658664202323344,21.1
62.98618189405547,21.2
63.315411525225876,21.2
63.64636204416533,21.2
63.979042445977655,21.2
64.31346177278421,21.2
64.64962911396958,21.2
64.98755360642885,21.2
65.32724443481563,21.2
65.66871083179183,21.2
66.01196207827876,21.3
66.35700750370908,21.3
66.7038564862806,21.3
67.05251845321108,21.3
67.40300288099445,21.3
67.75531929565844,21.3
68.1094772730234,21.3
68.46548643896274,21.3
68.82335646966433,21.4
69.18309709189363,21.4
69.54471808325809,21.4
69.90822927247277,21.4
70.27364053962762,21.4
70.6409618164559,21.5
71.01020308660422,21.5
71.38137438590384,21.5
71.75448580264342,21.5
72.12954747784322,21.5
72.50656960553087,21.5
72.88556243301818,21.5
73.26653626117992,21.5
73.64950144473359,21.5
74.03446839252094,21.5
74.42144756779092,21.5
74.810449488484,21.5
75.20148472751808,21.5
75.59456391307583,21.5
75.98969772889355,21.5
76.38689691455168,21.6
76.78617226576647,21.7
77.18753463468363,21.7
77.59099493017311,21.7
77.99656411812569,21.7
78.404253221751,21.6
78.8140733218772,21.6
79.226035557252,21.6
79.64015112484554,21.6
80.05643128015467,21.6
80.47488733750892,21.6
80.89553067037787,21.6
81.31837271168051,21.6
81.74342495409579,21.6
82.170698950375,21.6
82.60020631365589,21.6
83.03195871777821,21.6
83.46596789760103,21.7
83.90224564932171,21.7
84.34080383079642,21.7
84.78165436186265,21.7
85.22480922466286,21.7
85.67028046397054,21.7
86.11808018751721,21.7
86.56822056632171,21.7
87.020713835021,21.7
87.47557229220259,21.7
87.93280830073893,21.7
88.39243428812335,21.8
88.85446274680783,21.9
89.31890623454267,21.9
89.78577737471758,21.9
90.25508885670492,22.0
90.72685343620469,22.0
91.20108393559097,22.0
91.67779324426061,22.0
92.15699431898352,22.0
92.63870018425483,22.0
93.12292393264887,22.0
93.60967872517497,22.1
94.09897779163542,22.1
94.5908344309847,22.2
95.0852620116911,22.3
95.58227397210023,22.4
96.08188382079996,22.4
96.5841051369878,22.5
97.08895157083991,22.6
97.59643684388209,22.7
98.10657474936274,22.7
98.61937915262773,22.8
99.13486399149741,22.8
99.65304327664518,22.8
100.17393109197839,22.8
100.69754159502135,22.8
101.22388901729977,22.8
101.75298766472777,22.9
102.28485191799675,22.9
102.81949623296607,22.9
103.35693514105618,22.9
103.89718324964329,22.9
104.44025524245698,22.9
104.98616587997819,23.0
105.53492999984189,23.0
106.08656251723878,23.0
106.64107842532215,23.0
107.19849279561431,23.1
107.75882077841675,23.1
108.32207760322176,23.1
108.88827857912626,23.1
109.45743909524856,23.1
110.02957462114523,23.1
110.60470070723336,23.1
111.18283298521138,23.2
111.76398716848561,23.2
112.3481790525961,23.3
112.93542451564652,23.3
113.5257395187356,23.3
114.11914010639099,23.3
114.71564240700522,23.3
115.3152626332741,23.3
115.91801708263789,23.4
116.52392213772293,23.5
117.13299426678874,23.6
117.74525002417371,23.6
118.36070605074681,23.7
118.97937907435858,23.7
119.60128591029638,23.8
120.22644346174131,23.8
120.85486872022751,23.8
121.4865787661046,23.8
122.12159076900052,23.8
122.75992198829012,23.8
123.40158977356222,23.8
124.04661156509306,23.8
124.69500489431896,23.8
125.34678738431336,23.8
126.00197675026583,23.9
126.6605907999634,23.9
127.3226474342747,23.9
127.98816464763628,23.9
128.6571605285424,23.9
129.32965326003517,23.9
130.00566112020084,23.9
130.68520248266435,23.9
131.36829581709074,23.9
132.05495968968575,23.9
132.74521276370103,23.9
133.43907379994133,23.9
134.1365616572744,24.0
134.83769529314347,24.0
135.54249376408254,24.0
136.25097622623485,24.0
136.96316193587217,24.1
137.67907024992007,24.1
138.39872062648203,24.1
139.1221326253702,24.1
139.84932590863562,24.1
140.58032024110324,24.2
141.31513549090906,24.2
142.05379163003997,24.2
142.7963087348772,24.2
143.5427069867405,24.2
144.29300667243896,24.2
145.04722818481977,24.3
145.80539202332486,24.3
146.56751879454652,24.3
147.333629212788,24.3
148.1037441006266,24.3
148.87788438947953,24.4
149.65607112017267,24.4
150.43832544351253,24.4
151.2246686208618,24.4
152.01512202471548,24.4
152.80970713928414,24.4
153.6084455610754,24.5
154.41135899948313,24.5
155.218469277376,24.5
156.02979833169113,24.5
156.8453682140304,24.5
157.66520109125955,24.6
158.48931924611142,24.6
159.3177450777899,24.6
160.15050110258113,24.6
160.9876099544629,24.6
161.82909438572216,24.6
162.67497726757185,24.7
163.52528159077312,24.7
164.38003046626017,24.7
165.23924712576837,24.7
166.1029549224657,24.7
166.97117733158728,24.8
167.8439379510743,24.8
168.72126050221348,24.8
169.60316883028446,24.8
170.48968690520502,24.8
171.38083882218535,24.8
172.27664880238083,24.9
173.17714119355136,24.9
174.08234047072295,24.9
174.99227123685273,24.9
175.9069582234984,24.9
176.82642629148881,25.0
177.75070043160196,25.0
178.67980576524164,25.0
179.61376754512278,25.0
180.55261115595593,25.0
181.49636211513797,25.0
182.44504607344558,25.1
183.39868881573247,25.1
184.35731626163007,25.1
185.3209544662519,25.1
186.28962962090262,25.1
187.26336805378796,25.2
188.24219623073301,25.2
189.2261407558986,25.2
190.21522837250714,25.2
191.20948596356752,25.2
192.20894055260666,25.2
193.21361930440384,25.3
194.22354952572874,25.3
195.2387586660848,25.3
196.25927431845295,25.3
197.28512422004457,25.3
198.31633625305224,25.4
199.35293844541056,25.4
200.39495897155572,25.4
201.4424261531923,25.4
202.4953684600627,25.4
203.55381451072122,25.4
204.6177930733116,25.5
205.6873330663489,25.5
206.76246355950653,25.5
207.84321377440395,25.5
208.92961308540407,25.5
210.02169102040844,25.6
211.11947726166272,25.6
212.22300164656127,25.6
213.33229416845913,25.6
214.447384977487,25.6
215.5683043813707,25.6
216.69508284625502,25.7
217.8277509975314,25.7
218.9663396206716,25.7
220.1108796620618,25.7
221.26140222984722,25.7
222.41793859477394,25.7
223.5805201910423,25.7
224.74917861715863,25.7
225.9239456367954,25.7
227.10485317965416,25.7
228.29193334233327,25.7
229.48521838920135,25.7
230.68474075327168,25.8
231.89053303708724,25.8
233.102628013603,25.8
234.32105862708036,25.8
235.5458579939798,25.8
236.77705940386227,25.8
238.0146963202937,25.8
239.25880238175446,25.8
240.50941140255387,25.8
241.76655737374873,25.8
243.03027446406858,25.8
244.30059702084168,25.8
245.57755957093218,25.8
246.86119682167464,25.8
248.1515436618211,25.9
249.44863516248657,25.9
250.75250657810346,25.9
252.0631933473797,25.9
253.3807310942614,25.9
254.7051556289027,25.9
256.03650294863604,25.9
257.3748092389545,25.9
258.72011087449107,25.9
260.0724444200114,25.9
261.4318466314045,25.9
262.79835445668317,25.9
264.17200503698814,25.9
265.5528357075972,25.9
266.94088399894025,25.9
268.336187637619,25.9
269.7387845474336,25.9
271.1487128504106,25.9
272.56601086784315,25.9
273.9907171213279,25.9
275.4228703338166,25.9
276.86250943066517,25.9
278.30967354069315,25.9
279.764401997247,25.9
281.2267343392687,25.9
282.6967103123723,25.9
284.1743698699204,25.9
285.65975317411466,25.9
287.152900597083,25.9
288.6538527219809,25.9
290.16265034409145,25.9
291.67933447193553,25.9
293.203946328386,25.9
294.7365273517884,25.9
296.27711919708696,25.9
297.8257637369567,25.9
299.38250306294265,25.9
300.947379486601,25.9
302.52043554065347,25.9
304.1017139801383,25.9
305.69125778357716,25.9
307.2891101541398,25.9
308.8953145208197,25.9
310.5099145396145,25.9
312.1329540947119,25.9
313.76447729968413,25.9
315.40452849868336,25.9
317.0531522676519,25.9
318.71039341552853,25.8
320.3762969854716,25.8
322.05090825607795,25.7
323.7342727426186,25.6
325.4264361982722,25.6
327.1274446153702,25.5
328.83734422664674,25.5
330.55618150649445,25.5
332.28400317222986,25.5
334.02085618535915,25.5
335.76678775285944,25.5
337.52184532845695,25.5
339.28607661392135,25.5
341.0595295603587,25.5
342.84225236951676,25.5
344.63429349509414,25.7
346.4357016440579,25.9
348.24652577796684,26.1
350.06681511430224,26.3
351.8966191278073,26.4
353.7359875518278,26.4
355.5849703796693,26.5
357.44361786595016,26.5
359.3119805279728,26.6
361.1901091470929,26.6
363.0780547701014,26.6
364.9758687106112,26.6
366.8836025504522,26.6
368.80130814107446,26.6
370.72903760495365,26.6
372.66684333701346,26.6
374.6147780060434,26.6
376.57289455613636,26.6
378.54124620812286,26.6
380.5198864610201,26.6
382.50886909348526,26.6
384.5082481652772,26.6
386.51807801872604,26.5
388.53841328020957,26.4
390.56930886163985,26.4
392.6108199619517,26.4
394.6630020686084,26.4
396.7259109591041,26.4
398.7996027024853,26.4
400.8841336608706,26.4
402.9795604909844,26.4
405.0859401456969,26.4
407.20332987557106,26.4
409.331787230421,26.4
411.4713700608718,26.4
413.6221365199375,26.4
415.78414506459575,26.4
417.95745445738237,26.4
420.1421237679842,26.4
422.33821237484636,26.4
424.5457799667861,26.4
426.76488654461485,26.4
428.9955924227691,26.4
431.23795823094935,26.4
433.49204491576995,26.4
435.7579137424112,26.4
438.0356262962907,26.4
440.3252444847303,26.4
442.62683053864555,26.4
444.9404470142319,26.4
447.2661567946673,26.4
449.60402309182115,26.4
451.9541094479714,26.4
454.3164797375345,26.4
456.6911981687959,26.4
459.0783292856624,26.4
461.4779379694089,26.4
463.89008944044906,26.4
466.31484926010245,26.4
468.7522833323791,26.4
471.20245790577025,26.4
473.6654395750488,26.4
476.14129528307956,26.4
478.630092322638,26.4
481.1318983382419,26.4
483.6467813279844,26.4
486.1748096453894,26.4
488.7160520012619,26.4
491.27057746556244,26.4
493.8384554692794,26.4
496.4197558063182,26.4
499.01454863539806,26.4
501.6229044819588,26.3
504.24489424007766,26.2
506.88058917439554,26.2
509.53006092205686,26.2
512.1933814946506,26.2
514.8706232801756,26.1
517.5618590449992,26.0
520.2671619358439,25.9
522.9866054817683,25.9
525.7202635961694,25.9
528.4682105787901,25.9
531.230521117739,25.9
534.0072702915224,25.9
536.7985335710792,25.9
539.6043868218401,25.9
542.4249063057814,25.9
545.2601686835053,25.9
548.1102510163182,25.9
550.9752307683272,25.9
553.8551858085453,25.9
556.7501944130083,25.8
559.6603352669016,25.7
562.5856874666987,25.7
565.5263305223134,25.7
568.4823443592555,25.7
571.4538093208106,25.7
574.4408061702153,25.7
577.4434160928608,25.7
580.4617206984933,25.7
583.4958020234345,25.7
586.5457425328113,25.7
589.6116251227962,25.7
592.6935331228639,25.7
595.7915502980484,25.6
598.9057608512304,25.5
602.0362494254149,25.5
605.1831011060411,25.5
608.3464014232891,25.5
611.5262363544065,25.5
614.7226923260454,25.5
617.9358562166111,25.5
621.1658153586235,25.5
624.4126575410903,25.5
627.6764710118958,25.5
630.957344480193,25.5
634.2553671188238,25.4
637.5706285667327,25.4
640.9032189314127,25.4
644.2532287913472,25.3
647.6207491984753,25.3
651.0058716806659,25.3
654.4086882442045,25.2
657.8292913762976,25.2
661.2677740475787,25.2
664.7242297146454,25.2
668.1987523225889,25.1
671.6914363075575,25.1
675.2023765993158,25.1
678.7316686238282,25.0
682.2794083058518,25.0
685.8456920715438,25.0
689.4306168510824,24.9
693.0342800813003,24.9
696.6567797083366,24.9
700.2982141902914,24.9
703.9586824999124,24.8
707.6382841272731,24.8
711.3371190824884,24.9
715.0552878984242,24.9
718.7928916334344,24.9
722.5500318741055,24.9
726.3268107380181,24.9
730.123330876526,24.9
733.9396954775374,24.9
737.7760082683312,24.9
741.6323735183645,24.9
745.508896042117,24.9
749.4056812019327,24.9
753.3228349108862,24.9
757.2604636356614,24.9
761.2186743994453,24.9
765.1975747848361,24.9
769.1972729367671,24.9
773.2178775654501,24.9
777.2594979493206,24.9
781.3222439380205,24.9
785.406225955371,25.0
789.5115550023859,25.0
793.6383426602791,25.0
797.7867010935024,25.0
801.9567430527921,25.0
806.1485818782347,25.0
810.3623315023465,25.0
814.59810645317,25.0
818.8560218573906,25.0
823.1361934434566,25.0
827.4387375447371,25.0
831.7637711026708,25.0
836.1114116699566,25.0
840.4817774137397,25.0
844.8749871188272,25.0
849.2911601909162,25.0
853.7304166598383,25.0
858.1928771828257,25.0
862.6786630477819,25.0
867.1878961765907,25.0
871.7206991284164,25.0
876.2771951030477,24.9
880.8575079442367,24.9
885.4617621430697,24.8
890.0900828413493,24.8
894.742595834996,24.8
899.4194275774676,24.8
904.1207051831946,24.8
908.8465564310401,24.8
913.5971097677627,24.8
918.3724943115215,24.8
923.1728398553701,24.8
927.998276870799,24.8
932.8489365112713,24.8
937.7249506157918,24.8
942.6264517124897,24.8
947.5535730222193,24.8
952.5064484621864,24.8
957.4852126495767,24.8
962.4900009052299,24.8
967.5209492573013,24.8
972.5781944449744,24.8
977.6618739221665,24.8
982.772125861269,24.8
987.9090891569025,24.8
993.0729034296917,24.8
998.26370903006,24.8
1003.4816470420445,24.8
1008.7268592871307,24.8
1013.9994883281055,24.8
1019.2996774729368,24.8
1024.627570778662,24.8
1029.9833130553077,24.8
1035.3670498698243,24.8
1040.778927550043,24.8
1046.219093188652,24.8
1051.687694647196,24.8
1057.1848805600926,24.8
1062.7108003386745,24.8
1068.2656041752484,24.8
1073.849443047181,24.8
1079.4624687209969,24.8
1085.104833756507,24.7
1090.7766915109553,24.6
1096.4781961431852,24.5
1102.2095026178308,24.5
1107.9707667095288,24.5
1113.7621450071517,24.4
1119.5837949180645,24.4
1125.4358746724013,24.4
1131.3185433273702,24.4
1137.231960771571,24.4
1143.1762877293438,24.3
1149.1516857651375,24.2
1155.1583172879002,24.1
1161.1963455554942,24.0
1167.2659346791324,23.9
1173.3672496278396,23.9
1179.5004562329357,23.9
1185.6657211925422,23.9
1191.8632120761172,23.9
1198.0930973290035,23.9
1204.355546277011,23.9
1210.650729131018,23.9
1216.9788169915967,23.9
1223.3399818536654,23.8
1229.7343966111616,23.8
1236.162235061742,23.8
1242.6236719115057,23.8
1249.1188827797416,23.8
1255.6480442037073,23.8
1262.2113336434193,23.8
1268.8089294864806,23.8
1275.4410110529293,23.8
1282.1077586001115,23.8
1288.8093533275808,23.8
1295.5459773820237,23.8
1302.3178138622095,23.7
1309.1250468239675,23.6
1315.967861285188,23.6
1322.8464432308563,23.6
1329.7609796180998,23.6
1336.7116583812742,23.6
1343.6986684370715,23.5
1350.7221996896535,23.4
1357.782443035813,23.3
1364.879590370164,23.3
1372.0138345903551,23.3
1379.1853696023147,23.3
1386.3943903255179,23.2
1393.6410926982915,23.2
1400.9256736831292,23.1
1408.248331272053,23.1
1415.6092644919916,23.1
1423.0086734101894,23.1
1430.4467591396458,23.1
1437.9237238445805,23.1
1445.439770745928,23.2
1452.9951041268616,23.3
1460.589929338344,23.3
1468.224452804715,23.3
1475.898882029292,23.3
1483.6134256000173,23.3
1491.3682931951248,23.3
1499.1636955888393,23.3
1506.999844657106,23.3
1514.8769533833477,23.3
1522.7952358642551,23.3
1530.754907315605,23.3
1538.7561840781082,23.3
1546.799283623296,23.3
1554.8844245594228,23.3
1563.0118266374113,23.3
1571.181710756826,23.3
1579.3942989718767,23.3
1587.649814497453,23.3
1595.9484817151922,23.3
1604.2905261795772,23.3
1612.6761746240677,23.3
1621.1056549672617,23.5
1629.5791963190893,23.6
1638.097028987047,23.6
1646.6593844824454,23.6
1655.266495526711,23.6
1663.9185960577072,23.7
1672.6159212360947,23.8
1681.3587074517213,23.8
1690.1471923300487,23.8
1698.9816147386093,23.8
1707.8622147934998,23.8
1716.789233865905,23.8
1725.7629145886658,23.8
1734.7835008628629,23.8
1743.8512378644525,23.8
1752.9663720509295,23.8
1762.1291511680254,23.8
1771.3398242564415,23.8
1780.598641658619,23.8
1789.9058550255418,23.8
1799.2617173235774,23.8
1808.6664828413498,23.8
1818.1204071966588,23.8
1827.6237473434162,23.7
1837.1767615786375,23.6
1846.7797095494598,23.6
1856.4328522602,23.6
1866.1364520794475,23.6
1875.8907727471963,23.6
1885.6960793820124,23.6
1895.552638488241,23.5
1905.4607179632462,23.4
1915.4205871047022,23.3
1925.4325166178992,23.3
1935.4967786231095,23.3
1945.6136466629825,23.3
1955.783395709978,23.2
1966.006302173841,23.1
1976.282643909114,23.0
1986.6127002226892,23.0
1996.996751881399,22.9
2007.4350811196462,22.9
2017.927971647083,22.8
2028.4757086563097,22.8
2039.078578830634,22.8
2049.736870351861,22.8
2060.4508729081267,22.8
2071.22087770177,22.7
2082.0471774572497,22.7
2092.9300664290977,22.6
2103.8698404099196,22.6
2114.8667967384304,22.5
2125.9212343075446,22.4
2137.0334535724887,22.4
2148.2037565589744,22.4
2159.4324468714053,22.4
2170.71982970113,22.4
2182.0662118347364,22.3
2193.4719016623894,22.2
2204.937209186215,22.1
2216.4624460287228,22.0
2228.0479254412767,22.0
2239.6939623126154,21.9
2251.4008731773993,21.8
2263.168976224821,21.7
2274.9985913072546,21.5
2286.890039948944,21.4
2298.843645354747,21.3
2310.8597324189163,21.1
2322.9386277339318,21.0
2335.0806595993763,20.9
2347.2861580308577,20.7
2359.5554547689862,20.6
2371.8888832883777,20.5
2384.2867788067265,20.3
2396.7494782939148,20.3
2409.2773204811715,20.3
2421.8706458702773,20.3
2434.5297967428205,20.3
2447.2551171695004,20.3
2460.0469530194778,20.2
2472.905651969775,20.2
2485.8315635147337,20.2
2498.825038975499,20.2
2511.88643150958,20.2
2525.0160961204438,20.2
2538.2143896671673,20.2
2551.481670874133,20.2
2564.8183003407817,20.1
2578.224640551411,20.1
2591.7010558850307,20.0
2605.247912625263,19.9
2618.8655789702975,19.9
2632.5544250429093,19.8
2646.314822900502,19.8
2660.14714654523,19.7
2674.051771934164,19.6
2688.029076989506,19.5
2702.079441608862,19.4
2716.20324767557,19.3
2730.400879069075,19.3
2744.6727216753675,19.2
2759.0191633974646,19.1
2773.440594165967,18.9
2787.9374059496395,18.9
2802.509992766076,18.8
2817.1587506924047,18.8
2831.8840778760564,18.7
2846.686374545581,18.6
2861.5660430215316,18.5
2876.5234877273942,18.3
2891.5591152005823,18.3
2906.6733341034837,18.3
2921.8665552345788,18.3
2937.139191539587,18.3
2952.4916581227058,18.3
2967.9243722578863,18.3
2983.4377534001765,18.3
2999.0322231971227,18.3
3014.7082055002275,18.3
3030.466126376471,18.4
3046.306414119893,18.5
3062.229499263226,18.6
3078.2358145896155,18.8
3094.325795144359,19.0
3110.4998782467446,19.2
3126.7585035019356,19.3
3143.1021128129173,19.5
3159.5311503925072,19.6
3176.0460627754296,19.8
3192.6472988304513,20.0
3209.335309772584,20.1
3226.1105491753406,20.3
3242.973472983081,20.5
3259.924539523382,20.8
3276.9642095195077,21.0
3294.0929461029286,21.2
3311.311214825911,21.3
3328.6194836741684,21.6
3346.018223079582,21.8
3363.507905932988,22.0
3381.089007597027,22.1
3398.762005919066,22.2
3416.527381244194,22.2
3434.385616428264,22.2
3452.337196851022,22.2
3470.382610429304,22.2
3488.5223476302926,22.2
3506.7569014848486,22.2
3525.0867676009134,22.2
3543.512444176976,22.2
3562.034432015617,22.3
3580.6532345371147,22.3
3599.369357793143,22.3
3618.1833104805046,22.3
3637.095603954969,22.3
3656.1067522451726,22.3
3675.2172720665826,22.3
3694.4276828355482,22.3
3713.738506683413,22.3
3733.1502684707093,22.3
3752.6634958014215,22.3
3772.2787190373247,22.2
3791.9964713124127,22.1
3811.817288547367,22.0
3831.7417094641373,21.9
3851.7702756005806,21.7
3871.9035313251793,21.6
3892.1420238518376,21.6
3912.4863032547537,21.6
3932.936922483372,21.5
3953.4944373774106,21.5
3974.1594066819653,21.4
3994.9323920627126,21.3
4015.8139581211503,21.2
4036.8046724099613,21.1
4057.9051054484326,21.0
4079.115830737964,20.9
4100.437424777656,20.8
4121.870467079975,20.7
4143.41554018651,20.5
4165.0732296838005,20.5
4186.844124219257,20.5
4208.728815517151,20.5
4230.72789839472,20.5
4252.841970778305,20.5
4275.071633719623,20.6
4297.417491412092,20.7
4319.880151207261,20.7
4342.460223631314,20.7
4365.158322401661,20.7
4387.975064443623,20.6
4410.911069907196,20.2
4433.9669621839075,19.5
4457.1433679237725,19.0
4480.4409170523,18.9
4503.860242787635,18.8
4527.40198165776,18.6
4551.0667735177985,18.2
4574.855261567406,18.0
4598.768092368251,17.9
4622.80591586159,17.8
4646.969385385929,17.7
4671.25915769478,17.6
4695.675892974527,17.3
4720.220254862348,17.0
4744.892910464259,16.8
4769.694530373255,16.7
4794.625788687525,16.6
4819.68736302878,16.4
4844.87993456067,16.2
4870.204188007296,15.8
4895.660811671819,15.4
4921.250497455168,15.2
4946.973940874864,15.0
4972.8318410838865,14.7
4998.824900889706,14.4
5024.953826773381,14.1
5051.219328908747,13.9
5077.622121181736,13.7
5104.162921209768,13.5
5130.842450361258,13.3
5157.661433775227,13.1
5184.620600380999,12.9
5211.720682918039,12.7
5238.962417955835,12.6
5266.346545913939,12.4
5293.873811082085,12.3
5321.544961640422,12.2
5349.360749679845,12.1
5377.321931222439,11.9
5405.429266242027,11.8
5433.683518684824,11.7
5462.085456490198,11.7
5490.635851611563,11.6
5519.335480037329,11.5
5548.185121812011,11.3
5577.185561057427,11.1
5606.337585994012,11.0
5635.641988962242,11.0
5665.0995664441625,10.9
5694.7111190850455,11.0
5724.477451715144,11.1
5754.399373371566,11.2
5784.477697320285,11.3
5814.713241078208,11.3
5845.10682643542,11.4
5875.659279477514,11.4
5906.371430608045,11.5
5937.244114571097,11.6
5968.278170473975,11.8
5999.4744418100045,11.9
6030.833776481469,12.1
6062.357026822636,12.4
6094.045049622959,12.6
6125.898706150321,12.9
6157.918862174471,13.1
6190.106387990547,13.4
6222.462158442733,13.6
6254.987052948034,13.9
6287.681955520183,14.1
6320.547754793659,14.3
6353.585344047851,14.6
6386.795621231329,14.9
6420.179488986247,15.1
6453.7378546729,15.2
6487.471630394349,15.2
6521.381733021235,15.3
6555.469084216698,15.3
6589.734610461422,15.3
6624.179243078815,15.3
6658.80391826033,15.3
6693.609577090902,15.4
6728.597165574533,15.6
6763.767634659991,15.8
6799.1219402666875,16.0
6834.661043310619,16.1
6870.385909730507,16.2
6906.297510514049,16.4
6942.39682172431,16.7
6978.684824526248,16.9
7015.162505213385,17.0
7051.830855234612,17.2
7088.690871221135,17.4
7125.7435550135615,17.6
7162.989913689153,17.8
7200.430959589155,18.0
7238.067710346342,18.2
7275.901188912673,18.3
7313.932423587085,18.4
7352.162448043451,18.6
7390.59230135867,18.9
7429.22302804091,19.1
7468.055678057999,19.3
7507.091306865953,19.6
7546.330975437692,20.1
7585.775750291836,20.5
7625.426703521717,20.8
7665.284912824515,21.1
7705.351461530549,21.4
7745.627438632719,21.7
7786.113938816104,21.9
7826.81206248772,22.1
7867.722915806424,22.4
7908.847610712972,22.7
7950.187264960275,22.9
7991.743002143727,23.1
8033.515951731782,23.4
8075.507249096639,23.6
8117.718035545101,23.7
8160.149458349601,24.6
8202.80267077938,25.6
8245.67883213183,26.0
8288.77910776401,26.3
8332.104669124305,26.6
8375.656693784302,26.9
8419.436365470749,27.5
8463.444874097753,28.0
8507.683415799123,28.2
8552.153192960874,28.3
8596.855414253905,28.4
8641.791294666864,28.5
8686.962055539152,28.6
8732.36892459413,28.6
8778.01313597248,28.6
8823.895930265779,28.5
8870.018554550163,28.1
8916.382262420266,27.6
8962.988314023276,27.4
9009.83797609319,27.2
9056.932521985234,26.9
9104.273231710486,26.4
9151.861391970657,25.7
9199.698296193066,25.2
9247.785244565785,24.8
9296.12354407301,24.5
9344.714508530542,24.2
9393.559458621517,23.7
9442.659721932305,23.2
9492.016632988581,23.0
9541.631533291613,22.8
9591.505771354708,22.7
9641.64070273987,22.6
9692.037690094652,22.5
9742.698103189163,22.4
9793.623318953358,22.3
9844.814721514387,22.2
9896.27370223427,22.3
9948.001659747684,22.5
10000.0,22.7
10052.270136285486,22.8
10104.813489285681,22.9
10157.6314871081,22.9
10210.725565324987,22.9
10264.09716701231,22.9
10317.747742788988,22.8
10371.678750856474,22.8
10425.891657038128,22.7
10480.387934819217,22.4
10535.16906538697,22.0
10590.236537670813,21.7
10645.591848382772,21.4
10701.236502058211,21.0
10757.172011096769,20.8
10813.399895803414,20.2
10869.921684429703,19.2
10926.73891321545,18.6
10983.85312643042,18.3
11041.265876416248,18.0
11098.978723628681,17.6
11156.993236680037,16.7
11215.310992381786,15.8
11273.933575787378,15.3
11332.862580235347,14.4
11392.099607392682,13.4
11451.646267298307,13.0
11511.504178406769,12.6
11571.674967632372,11.5
11632.16027039332,10.4
11692.961730656129,10.1
11754.08100098034,9.5
11815.519742563505,8.8
11877.27962528627,8.3
11939.362327757724,7.3
12001.76953736107,6.4
12064.50295029953,6.2
12127.56427164241,5.8
12190.95521537136,5.3
12254.677504427105,5.0
12318.732870756214,4.8
12383.123055358106,4.6
12447.849808332432,4.4
12512.914888926687,4.4
12578.320065583976,4.6
12644.067115991029,6.1
12710.157827126544,8.0
12776.593995309939,8.7
12843.377426249857,9.2
12910.50993509343,9.9
12977.99334647565,10.5
13045.829494568892,10.6
13114.020223132724,10.7
13182.567385564074,10.8
13251.472844947652,10.9
13320.738474106534,11.1
13390.366155652993,11.9
13460.35778203982,12.9
13530.715255611682,13.4
13601.440488656775,13.9
13672.535403458849,14.3
13744.001932349513,14.8
13815.842017760702,15.4
13888.057612277411,16.4
13960.650678690825,17.3
14033.62319005172,17.7
14106.977129724035,18.2
14180.714491438697,18.6
14254.837279347976,18.8
14329.347508079869,19.0
14404.247202792812,19.2
14479.538399230763,19.3
14555.223143778607,19.2
14631.303493517702,19.0
14707.78151628175,18.7
14784.65929071304,18.4
14861.938906319014,18.2
14939.622463529,18.0
15017.712073751207,17.8
15096.209859430292,17.5
15175.117954104964,17.3
15254.438502465904,17.1
15334.173660414117,16.6
15414.325595119602,16.2
15494.896485080177,15.8
15575.88852018064,13.5
15657.303901752315,11.2
15739.1448426331,10.3
15821.413567227246,9.1
15904.112311566014,8.5
15987.243323368504,8.1
16070.808862102673,7.6
16154.811199046684,7.3
16239.252617350698,6.7
16324.135412099,5.8
16409.461890372313,5.0
16495.23437131044,4.3
16581.455186175313,3.8
16668.12667841462,3.8
16755.251203725067,3.9
