10.0,27.3
10.052270136285475,27.3
10.104813489285682,27.3
10.157631487108103,27.3
10.210725565324982,27.3
10.264097167012295,27.3
10.317747742789004,27.3
10.371678750856479,27.3
10.425891657038118,27.3
10.480387934819216,27.3
10.535169065386981,27.3
10.590236537670812,27.4
10.64559184838276,27.4
10.701236502058206,27.4
10.757172011096776,27.4
10.813399895803409,27.5
10.869921684429707,27.5
10.926738913215466,27.5
10.98385312643042,27.5
11.041265876416237,27.5
11.098978723628681,27.5
11.156993236680048,27.5
11.215310992381788,27.5
11.27393357578736,27.5
11.332862580235341,27.5
11.392099607392687,27.5
11.451646267298301,27.5
11.511504178406776,27.5
11.571674967632385,27.5
11.632160270393321,27.5
11.692961730656117,27.5
11.75408100098034,27.5
11.815519742563518,27.6
11.87727962528627,27.7
11.939362327757706,27.7
12.001769537361062,27.7
12.064502950299536,27.7
12.127564271642404,27.7
12.190955215371359,27.7
12.254677504427118,27.7
12.318732870756214,27.7
12.383123055358094,27.7
12.447849808332432,27.7
12.5129148889267,27.7
12.578320065583968,27.7
12.644067115991009,27.7
12.710157827126565,27.7
12.776593995309947,27.7
12.843377426249843,27.7
12.910509935093431,27.7
12.977993346475664,27.7
13.045829494568892,27.7
13.11402022313271,27.7
13.182567385564074,27.7
13.251472844947658,27.7
13.320738474106527,27.7
13.390366155653,27.7
13.460357782039841,27.7
13.530715255611682,27.7
13.601440488656761,27.7
13.672535403458848,27.9
13.744001932349526,28.0
13.815842017760701,28.0
13.888057612277397,28.0
13.960650678690818,28.0
14.033623190051728,28.0
14.10697712972403,28.0
14.180714491438705,28.0
14.25483727934799,28.0
14.32934750807987,28.0
14.404247202792797,28.0
14.479538399230764,28.0
14.55522314377862,28.0
14.631303493517702,28.0
14.707781516281727,28.0
14.784659290713032,28.0
14.861938906319022,28.0
14.939622463528993,28.0
15.017712073751214,28.0
15.096209859430308,28.0
15.175117954104964,28.0
15.254438502465888,28.0
15.334173660414118,28.0
15.414325595119617,28.0
15.494896485080169,28.0
15.575888520180618,28.0
15.65730390175234,28.0
15.73914484263311,28.0
15.821413567227237,28.0
15.904112311566013,28.0
15.98724332336852,28.0
16.070808862102673,28.0
16.154811199046666,28.0
16.239252617350697,28.0
16.324135412099007,28.0
16.409461890372306,28.0
16.495234371310413,28.0
16.58145518617534,28.0
16.668126678414627,28.0
16.755251203725052,28.0
16.84283113011666,28.0
16.930868837977105,28.0
17.01936672013636,28.0
17.108327181931763,28.0
17.197752641273365,28.0
17.28764552870969,28.0
17.378008287493753,28.1
17.4688433736495,28.1
17.560153256038525,28.2
17.651940416427212,28.2
17.744207349554188,28.2
17.836956563198083,28.2
17.93019057824573,28.2
18.023911928760675,28.2
18.118123162052047,28.2
18.21282683874379,28.2
18.30802553284428,28.2
18.403721831816252,28.2
18.499918336647156,28.2
18.59661766191982,28.2
18.69382243588356,28.2
18.791535300525574,28.2
18.889758911642755,28.2
18.98849593891389,28.2
19.08774906597221,28.2
19.187520990478333,28.2
19.287814424193606,28.2
19.388632093053765,28.2
19.48997673724305,28.2
19.591851111268685,28.2
19.69425798403576,28.2
19.79720013892245,28.2
19.90068037385568,28.2
20.004701501387192,28.2
20.109266348769967,28.2
20.214377758035074,28.2
20.320038586068932,28.2
20.426251704690927,28.2
20.533020000731486,28.2
20.64034637611054,28.2
20.748233747916412,28.2
20.856685048485062,28.2
20.965703225479817,28.2
21.075291241971485,28.2
21.185452076518878,28.2
21.296188723249774,28.2
21.407504191942323,28.2
21.519401508106792,28.2
21.631883713067854,28.2
21.744953864047204,28.2
21.858615034246718,28.2
21.972870312931903,28.2
22.087722805515906,28.2
22.203175633643916,28.2
22.319231935278008,28.2
22.435894864782412,28.2
22.553167593009288,28.2
22.671053307384867,28.2
22.789555211996095,28.2
22.908676527677724,28.1
23.028420492099883,28.0
23.148790359856015,28.0
23.26978940255137,28.0
23.391420908891938,28.0
23.51368818477381,28.0
23.63659455337303,28.0
23.760143355235964,28.0
23.884337948370025,28.0
24.009181708334992,28.0
24.134678028334722,28.0
24.260830319309434,28.0
24.387642010028344,28.0
24.515116547182902,28.0
24.64325739548046,28.0
24.772068037738443,28.0
24.901551974979007,28.0
25.031712726524198,28.0
25.162553830091625,28.0
25.294078841890578,28.0
25.426291336718684,28.0
25.559194908059133,28.0
25.692793168178262,28.0
25.827089748223784,28.0
25.96208829832347,28.0
26.097792487684362,28.0
26.234206004692496,28.0
26.371332557013133,28.0
26.5091758716916,28.0
26.647739695254497,28.0
26.787027793811582,28.0
26.9270439531581,28.0
27.06779197887776,28.0
27.209275696446046,28.0
27.351498951334275,28.0
27.494465609114105,28.0
27.638179555562576,28.0
27.782644696767733,28.0
27.92786495923483,28.0
28.07384428999299,28.0
28.220586656702505,28.0
28.368096047762684,28.0
28.516376472420284,28.0
28.66543196087842,28.0
28.815266564406134,28.0
28.965884355448516,28.0
29.11728942773738,28.0
29.26948589640251,28.0
29.42247789808359,28.0
29.57626959104251,28.0
29.730865155276486,28.0
29.88626879263161,27.9
30.04248472691713,27.8
30.19951720402016,27.7
30.357370492021133,27.7
30.516048881309793,27.7
30.675556684701824,27.7
30.835898237556027,27.7
30.99707789789224,27.7
31.15910004650967,27.7
31.321969087106055,27.7
31.485689446397288,27.7
31.650265574237824,27.7
31.815701943741516,27.7
31.98200305140326,27.7
32.14917341722119,27.7
32.31721758481955,27.7
32.486140121572134,27.7
32.655945618726484,27.7
32.82663869152868,27.7
32.99822397934869,27.7
33.170706145806605,27.7
33.34408987889928,27.7
33.51837989112781,27.7
33.69358091962557,27.7
33.86969772628702,27.7
34.04673509789711,27.7
34.224697846261364,27.7
34.40359080833668,27.7
34.58341884636283,27.7
34.764186847994516,27.6
34.94589972643436,27.5
35.12856242056629,27.5
35.312179895089876,27.5
35.496757140655234,27.5
35.68229917399868,27.5
35.86881103807908,27.5
36.05629780221492,27.5
36.24476456222205,27.5
36.434216440552284,27.5
36.6246585864325,27.5
36.81609617600466,27.5
37.00853441246656,27.5
37.2019785262131,27.5
37.39643377497855,27.5
37.591905443979435,27.5
37.788398846058186,27.5
37.985919321827524,27.5
38.184472239815605,27.5
38.384062996612016,27.5
38.584697017014335,27.5
38.786379754175634,27.5
38.98911668975273,27.5
39.1929133340551,27.5
39.39777522619469,27.5
39.60370793423646,27.5
39.810717055349734,27.4
40.0188082159603,27.3
40.227987071903335,27.3
40.43825930857721,27.3
40.64963064109788,27.3
40.8621068144543,27.3
41.075693603664625,27.3
41.29039681393302,27.3
41.506222280807584,27.3
41.72317587033889,27.3
41.94126347923944,27.3
42.16049103504393,27.3
42.38086449627034,27.3
42.60238985258197,27.3
42.825073124950116,27.3
43.04892036581776,27.3
43.27393765926414,27.2
43.500131121170035,27.1
43.727506899384,27.1
43.956071173889484,27.1
44.18583015697281,27.1
44.416790093392,27.1
44.648957260546474,27.1
44.88233796864779,27.1
45.116938560890986,27.1
45.35276541362708,27.1
45.58982493653644,27.1
45.82812357280281,27.1
46.067667799288614,27.1
46.308464126710895,27.1
46.55051909981832,27.0
46.793839297569036,27.0
47.03843133330949,27.0
47.28430185495417,27.0
47.531457545166376,27.0
47.77990512153967,27.0
48.02965133678067,27.0
48.28070297889241,27.0
48.53306687135893,27.0
48.78674987333074,27.0
49.041758879811184,27.0
49.298100821843896,26.9
49.55578266670119,26.9
49.81481141807335,26.8
50.07519411625915,26.8
50.336937838356974,26.8
50.60004969845742,26.8
50.86453684783644,26.8
51.13040647514984,26.8
51.39766580662862,26.8
51.66632210627541,26.8
51.93638267606184,26.8
52.20785485612707,26.8
52.48074602497726,26.8
52.75506359968615,26.8
53.030815036096584,26.8
53.308007829023246,26.8
53.58664951245627,26.8
53.866747659766084,26.8
54.148309883909214,26.8
54.431343837635225,26.8
54.7158572136947,26.8
55.00185774504835,26.8
55.28935320507712,26.8
55.57835140779364,26.8
55.86886020805435,26.8
56.160887501773274,26.8
56.45444122613637,26.8
56.74952935981742,26.8
57.04615992319485,26.8
57.34434097856969,26.8
57.64408063038476,26.8
57.94538702544487,26.8
58.24826835313831,26.8
58.552732845659456,26.8
58.85878877823242,26.8
59.166444469336014,26.8
59.475708280929936,26.8
59.786588618681876,26.8
60.0990939321961,26.8
60.41323271524305,26.8
60.72901350599024,26.8
61.046444887234294,26.8
61.365535486634215,26.8
61.686293976945976,26.8
62.008729076258064,26.8
62.332849548228545,26.8
62.658664202323344,26.8
62.98618189405547,26.8
63.315411525225876,26.8
63.64636204416533,26.8
63.979042445977655,26.8
64.31346177278421,26.8
64.64962911396958,26.8
64.98755360642885,26.8
65.32724443481563,26.8
65.66871083179183,26.8
66.01196207827876,26.8
66.35700750370908,26.8
66.7038564862806,26.8
67.05251845321108,26.8
67.40300288099445,26.8
67.75531929565844,26.7
68.1094772730234,26.6
68.46548643896274,26.6
68.82335646966433,26.6
69.18309709189363,26.6
69.54471808325809,26.6
69.90822927247277,26.6
70.27364053962762,26.6
70.6409618164559,26.6
71.01020308660422,26.6
71.38137438590384,26.6
71.75448580264342,26.6
72.12954747784322,26.5
72.50656960553087,26.4
72.88556243301818,26.3
73.26653626117992,26.3
73.64950144473359,26.3
74.03446839252094,26.3
74.42144756779092,26.3
74.810449488484,26.3
75.20148472751808,26.3
75.59456391307583,26.3
75.98969772889355,26.2
76.38689691455168,26.1
76.78617226576647,26.1
77.18753463468363,26.1
77.59099493017311,26.1
77.99656411812569,26.1
78.404253221751,26.1
78.8140733218772,26.1
79.226035557252,26.1
79.64015112484554,26.1
80.05643128015467,26.1
80.47488733750892,26.1
80.89553067037787,26.1
81.31837271168051,26.2
81.74342495409579,26.2
82.170698950375,26.3
82.60020631365589,26.3
83.03195871777821,26.5
83.46596789760103,26.6
83.90224564932171,26.6
84.34080383079642,26.6
84.78165436186265,26.6
85.22480922466286,26.6
85.67028046397054,26.7
86.11808018751721,26.8
86.56822056632171,26.8
87.020713835021,26.8
87.47557229220259,26.8
87.93280830073893,26.8
88.39243428812335,26.9
88.85446274680783,27.0
89.31890623454267,27.0
89.78577737471758,27.0
90.25508885670492,27.1
90.72685343620469,27.1
91.20108393559097,27.1
91.67779324426061,27.2
92.15699431898352,27.2
92.63870018425483,27.2
93.12292393264887,27.3
93.60967872517497,27.3
94.09897779163542,27.3
94.5908344309847,27.3
95.0852620116911,27.3
95.58227397210023,27.4
96.08188382079996,27.4
96.5841051369878,27.4
97.08895157083991,27.4
97.59643684388209,27.4
98.10657474936274,27.4
98.61937915262773,27.4
99.13486399149741,27.4
99.65304327664518,27.5
100.17393109197839,27.5
100.69754159502135,27.5
101.22388901729977,27.5
101.75298766472777,27.5
102.28485191799675,27.5
102.81949623296607,27.5
103.35693514105618,27.5
103.89718324964329,27.6
104.44025524245698,27.6
104.98616587997819,27.6
105.53492999984189,27.6
106.08656251723878,27.6
106.64107842532215,27.6
107.19849279561431,27.6
107.75882077841675,27.6
108.32207760322176,27.7
108.88827857912626,27.7
109.45743909524856,27.7
110.02957462114523,27.8
110.60470070723336,27.8
111.18283298521138,27.8
111.76398716848561,27.9
112.3481790525961,27.9
112.93542451564652,27.9
113.5257395187356,28.0
114.11914010639099,28.0
114.71564240700522,28.0
115.3152626332741,28.1
115.91801708263789,28.1
116.52392213772293,28.1
117.13299426678874,28.2
117.74525002417371,28.2
118.36070605074681,28.2
118.97937907435858,28.2
119.60128591029638,28.3
120.22644346174131,28.3
120.85486872022751,28.3
121.4865787661046,28.4
122.12159076900052,28.4
122.75992198829012,28.4
123.40158977356222,28.5
124.04661156509306,28.5
124.69500489431896,28.5
125.34678738431336,28.6
126.00197675026583,28.6
126.6605907999634,28.6
127.3226474342747,28.7
127.98816464763628,28.7
128.6571605285424,28.7
129.32965326003517,28.7
130.00566112020084,28.7
130.68520248266435,28.7
131.36829581709074,28.7
132.05495968968575,28.7
132.74521276370103,28.7
133.43907379994133,28.7
134.1365616572744,28.7
134.83769529314347,28.7
135.54249376408254,28.7
136.25097622623485,28.7
136.96316193587217,28.7
137.67907024992007,28.7
138.39872062648203,28.7
139.1221326253702,28.6
139.84932590863562,28.6
140.58032024110324,28.6
141.31513549090906,28.6
142.05379163003997,28.6
142.7963087348772,28.6
143.5427069867405,28.5
144.29300667243896,28.5
145.04722818481977,28.5
145.80539202332486,28.5
146.56751879454652,28.5
147.333629212788,28.5
148.1037441006266,28.5
148.87788438947953,28.4
149.65607112017267,28.4
150.43832544351253,28.4
151.2246686208618,28.4
152.01512202471548,28.4
152.80970713928414,28.3
153.6084455610754,28.3
154.41135899948313,28.2
155.218469277376,28.2
156.02979833169113,28.1
156.8453682140304,28.0
157.66520109125955,28.0
158.48931924611142,27.9
159.3177450777899,27.8
160.15050110258113,27.7
160.9876099544629,27.5
161.82909438572216,27.4
162.67497726757185,27.4
163.52528159077312,27.5
164.38003046626017,27.5
165.23924712576837,27.5
166.1029549224657,27.6
166.97117733158728,27.6
167.8439379510743,27.6
168.72126050221348,27.7
169.60316883028446,27.7
170.48968690520502,27.7
171.38083882218535,27.7
172.27664880238083,27.8
173.17714119355136,27.8
174.08234047072295,27.8
174.99227123685273,27.9
175.9069582234984,27.9
176.82642629148881,27.9
177.75070043160196,28.0
178.67980576524164,28.0
179.61376754512278,28.0
180.55261115595593,28.0
181.49636211513797,28.0
182.44504607344558,28.0
183.39868881573247,28.0
184.35731626163007,28.0
185.3209544662519,28.0
186.28962962090262,28.0
187.26336805378796,28.0
188.24219623073301,28.0
189.2261407558986,28.0
190.21522837250714,28.0
191.20948596356752,27.9
192.20894055260666,27.8
193.21361930440384,27.8
194.22354952572874,27.8
195.2387586660848,27.8
196.25927431845295,27.8
197.28512422004457,27.8
198.31633625305224,27.8
199.35293844541056,27.8
200.39495897155572,27.8
201.4424261531923,27.8
202.4953684600627,27.8
203.55381451072122,27.8
204.6177930733116,27.8
205.6873330663489,27.8
206.76246355950653,27.8
207.84321377440395,27.8
208.92961308540407,27.8
210.02169102040844,27.8
211.11947726166272,27.8
212.22300164656127,27.8
213.33229416845913,27.8
214.447384977487,27.8
215.5683043813707,27.8
216.69508284625502,27.8
217.8277509975314,27.8
218.9663396206716,27.8
220.1108796620618,27.8
221.26140222984722,27.8
222.41793859477394,27.8
223.5805201910423,27.8
224.74917861715863,27.8
225.9239456367954,27.7
227.10485317965416,27.7
228.29193334233327,27.7
229.48521838920135,27.6
230.68474075327168,27.6
231.89053303708724,27.6
233.102628013603,27.6
234.32105862708036,27.6
235.5458579939798,27.6
236.77705940386227,27.5
238.0146963202937,27.5
239.25880238175446,27.4
240.50941140255387,27.4
241.76655737374873,27.4
243.03027446406858,27.3
244.30059702084168,27.3
245.57755957093218,27.3
246.86119682167464,27.3
248.1515436618211,27.3
249.44863516248657,27.3
250.75250657810346,27.3
252.0631933473797,27.3
253.3807310942614,27.3
254.7051556289027,27.3
256.03650294863604,27.3
257.3748092389545,27.2
258.72011087449107,27.1
260.0724444200114,27.1
261.4318466314045,27.1
262.79835445668317,27.1
264.17200503698814,27.1
265.5528357075972,27.0
266.94088399894025,27.0
268.336187637619,26.9
269.7387845474336,26.8
271.1487128504106,26.8
272.56601086784315,26.7
273.9907171213279,26.7
275.4228703338166,26.6
276.86250943066517,26.6
278.30967354069315,26.6
279.764401997247,26.6
281.2267343392687,26.6
282.6967103123723,26.6
284.1743698699204,26.6
285.65975317411466,26.6
287.152900597083,26.6
288.6538527219809,26.6
290.16265034409145,26.6
291.67933447193553,26.6
293.203946328386,26.6
294.7365273517884,26.6
296.27711919708696,26.6
297.8257637369567,26.5
299.38250306294265,26.4
300.947379486601,26.3
302.52043554065347,26.3
304.1017139801383,26.3
305.69125778357716,26.3
307.2891101541398,26.3
308.8953145208197,26.3
310.5099145396145,26.3
312.1329540947119,26.4
313.76447729968413,26.5
315.40452849868336,26.6
317.0531522676519,26.6
318.71039341552853,26.6
320.3762969854716,26.6
322.05090825607795,26.6
323.7342727426186,26.6
325.4264361982722,26.6
327.1274446153702,26.6
328.83734422664674,26.6
330.55618150649445,26.7
332.28400317222986,26.8
334.02085618535915,26.8
335.76678775285944,26.8
337.52184532845695,26.8
339.28607661392135,26.8
341.0595295603587,26.9
342.84225236951676,27.0
344.63429349509414,27.0
346.4357016440579,27.0
348.24652577796684,27.0
350.06681511430224,27.0
351.8966191278073,27.0
353.7359875518278,27.0
355.5849703796693,27.1
357.44361786595016,27.1
359.3119805279728,27.2
361.1901091470929,27.2
363.0780547701014,27.3
364.9758687106112,27.3
366.8836025504522,27.3
368.80130814107446,27.4
370.72903760495365,27.4
372.66684333701346,27.5
374.6147780060434,27.5
376.57289455613636,27.5
378.54124620812286,27.5
380.5198864610201,27.6
382.50886909348526,27.6
384.5082481652772,27.7
386.51807801872604,27.8
388.53841328020957,27.9
390.56930886163985,28.0
392.6108199619517,28.0
394.6630020686084,28.0
396.7259109591041,28.0
398.7996027024853,28.0
400.8841336608706,28.0
402.9795604909844,28.1
405.0859401456969,28.2
407.20332987557106,28.2
409.331787230421,28.2
411.4713700608718,28.2
413.6221365199375,28.2
415.78414506459575,28.2
417.95745445738237,28.2
420.1421237679842,28.2
422.33821237484636,28.3
424.5457799667861,28.4
426.76488654461485,28.4
428.9955924227691,28.4
431.23795823094935,28.4
433.49204491576995,28.4
435.7579137424112,28.4
438.0356262962907,28.4
440.3252444847303,28.4
442.62683053864555,28.4
444.9404470142319,28.5
447.2661567946673,28.5
449.60402309182115,28.5
451.9541094479714,28.5
454.3164797375345,28.5
456.6911981687959,28.5
459.0783292856624,28.5
461.4779379694089,28.5
463.89008944044906,28.5
466.31484926010245,28.5
468.7522833323791,28.5
471.20245790577025,28.5
473.6654395750488,28.6
476.14129528307956,28.7
478.630092322638,28.7
481.1318983382419,28.7
483.6467813279844,28.7
486.1748096453894,28.7
488.7160520012619,28.7
491.27057746556244,28.7
493.8384554692794,28.7
496.4197558063182,28.7
499.01454863539806,28.7
501.6229044819588,28.7
504.24489424007766,28.7
506.88058917439554,28.7
509.53006092205686,28.7
512.1933814946506,28.7
514.8706232801756,28.7
517.5618590449992,28.7
520.2671619358439,28.7
522.9866054817683,28.7
525.7202635961694,28.7
528.4682105787901,28.7
531.230521117739,28.7
534.0072702915224,28.7
536.7985335710792,28.7
539.6043868218401,28.7
542.4249063057814,28.7
545.2601686835053,28.7
548.1102510163182,28.7
550.9752307683272,28.7
553.8551858085453,28.7
556.7501944130083,28.7
559.6603352669016,28.7
562.5856874666987,28.7
565.5263305223134,28.7
568.4823443592555,28.7
571.4538093208106,28.7
574.4408061702153,28.7
577.4434160928608,28.7
580.4617206984933,28.7
583.4958020234345,28.7
586.5457425328113,28.7
589.6116251227962,28.7
592.6935331228639,28.7
595.7915502980484,28.7
598.9057608512304,28.7
602.0362494254149,28.7
605.1831011060411,28.7
608.3464014232891,28.7
611.5262363544065,28.7
614.7226923260454,28.7
617.9358562166111,28.7
621.1658153586235,28.7
624.4126575410903,28.7
627.6764710118958,28.7
630.957344480193,28.7
634.2553671188238,28.8
637.5706285667327,28.9
640.9032189314127,28.9
644.2532287913472,28.9
647.6207491984753,28.9
651.0058716806659,28.9
654.4086882442045,28.9
657.8292913762976,28.9
661.2677740475787,28.9
664.7242297146454,28.9
668.1987523225889,28.9
671.6914363075575,28.9
675.2023765993158,28.9
678.7316686238282,28.9
682.2794083058518,28.9
685.8456920715438,28.9
689.4306168510824,28.9
693.0342800813003,28.9
696.6567797083366,28.9
700.2982141902914,28.9
703.9586824999124,28.9
707.6382841272731,28.9
711.3371190824884,28.9
715.0552878984242,28.9
718.7928916334344,28.9
722.5500318741055,28.9
726.3268107380181,28.9
730.123330876526,28.9
733.9396954775374,28.9
737.7760082683312,28.9
741.6323735183645,28.9
745.508896042117,28.9
749.4056812019327,28.9
753.3228349108862,28.9
757.2604636356614,28.9
761.2186743994453,28.9
765.1975747848361,28.9
769.1972729367671,28.9
773.2178775654501,29.1
777.2594979493206,29.2
781.3222439380205,29.2
785.406225955371,29.2
789.5115550023859,29.2
793.6383426602791,29.2
797.7867010935024,29.2
801.9567430527921,29.2
806.1485818782347,29.2
810.3623315023465,29.2
814.59810645317,29.2
818.8560218573906,29.2
823.1361934434566,29.2
827.4387375447371,29.2
831.7637711026708,29.2
836.1114116699566,29.2
840.4817774137397,29.2
844.8749871188272,29.2
849.2911601909162,29.2
853.7304166598383,29.2
858.1928771828257,29.2
862.6786630477819,29.2
867.1878961765907,29.2
871.7206991284164,29.2
876.2771951030477,29.2
880.8575079442367,29.2
885.4617621430697,29.2
890.0900828413493,29.2
894.742595834996,29.2
899.4194275774676,29.2
904.1207051831946,29.3
908.8465564310401,29.3
913.5971097677627,29.4
918.3724943115215,29.4
923.1728398553701,29.4
927.998276870799,29.4
932.8489365112713,29.4
937.7249506157918,29.4
942.6264517124897,29.4
947.5535730222193,29.4
952.5064484621864,29.5
957.4852126495767,29.6
962.4900009052299,29.6
967.5209492573013,29.6
972.5781944449744,29.6
977.6618739221665,29.6
982.772125861269,29.6
987.9090891569025,29.6
993.0729034296917,29.6
998.26370903006,29.6
1003.4816470420445,29.6
1008.7268592871307,29.7
1013.9994883281055,29.7
1019.2996774729368,29.7
1024.627570778662,29.7
1029.9833130553077,29.7
1035.3670498698243,29.7
1040.778927550043,29.7
1046.219093188652,29.7
1051.687694647196,29.7
1057.1848805600926,29.7
1062.7108003386745,29.7
1068.2656041752484,29.7
1073.849443047181,29.7
1079.4624687209969,29.7
1085.104833756507,29.7
1090.7766915109553,29.7
1096.4781961431852,29.7
1102.2095026178308,29.7
1107.9707667095288,29.7
1113.7621450071517,29.7
1119.5837949180645,29.7
1125.4358746724013,29.8
1131.3185433273702,29.9
1137.231960771571,29.9
1143.1762877293438,29.9
1149.1516857651375,29.9
1155.1583172879002,30.0
1161.1963455554942,30.1
1167.2659346791324,30.1
1173.3672496278396,30.1
1179.5004562329357,30.1
1185.6657211925422,30.2
1191.8632120761172,30.3
1198.0930973290035,30.4
1204.355546277011,30.4
1210.650729131018,30.4
1216.9788169915967,30.4
1223.3399818536654,30.4
1229.7343966111616,30.4
1236.162235061742,30.4
1242.6236719115057,30.4
1249.1188827797416,30.4
1255.6480442037073,30.4
1262.2113336434193,30.4
1268.8089294864806,30.4
1275.4410110529293,30.4
1282.1077586001115,30.4
1288.8093533275808,30.4
1295.5459773820237,30.4
1302.3178138622095,30.4
1309.1250468239675,30.4
1315.967861285188,30.4
1322.8464432308563,30.4
1329.7609796180998,30.4
1336.7116583812742,30.3
1343.6986684370715,30.2
1350.7221996896535,30.1
1357.782443035813,30.1
1364.879590370164,30.1
1372.0138345903551,30.1
1379.1853696023147,30.0
1386.3943903255179,29.9
1393.6410926982915,29.8
1400.9256736831292,29.7
1408.248331272053,29.7
1415.6092644919916,29.7
1423.0086734101894,29.6
1430.4467591396458,29.5
1437.9237238445805,29.3
1445.439770745928,29.0
1452.9951041268616,28.8
1460.589929338344,28.7
1468.224452804715,28.6
1475.898882029292,28.5
1483.6134256000173,28.5
1491.3682931951248,28.5
1499.1636955888393,28.5
1506.999844657106,28.5
1514.8769533833477,28.5
1522.7952358642551,28.5
1530.754907315605,28.4
1538.7561840781082,28.4
1546.799283623296,28.3
1554.8844245594228,28.3
1563.0118266374113,28.2
1571.181710756826,28.1
1579.3942989718767,28.0
1587.649814497453,27.9
1595.9484817151922,27.7
1604.2905261795772,27.6
1612.6761746240677,27.5
1621.1056549672617,27.4
1629.5791963190893,27.4
1638.097028987047,27.3
1646.6593844824454,27.2
1655.266495526711,27.1
1663.9185960577072,27.1
1672.6159212360947,27.0
1681.3587074517213,27.0
1690.1471923300487,27.0
1698.9816147386093,26.9
1707.8622147934998,26.8
1716.789233865905,26.7
1725.7629145886658,26.7
1734.7835008628629,26.6
1743.8512378644525,26.6
1752.9663720509295,26.5
1762.1291511680254,26.4
1771.3398242564415,26.2
1780.598641658619,26.2
1789.9058550255418,26.1
1799.2617173235774,26.1
1808.6664828413498,26.0
1818.1204071966588,25.9
1827.6237473434162,25.8
1837.1767615786375,25.8
1846.7797095494598,25.8
1856.4328522602,25.7
1866.1364520794475,25.6
1875.8907727471963,25.5
1885.6960793820124,25.5
1895.552638488241,25.4
1905.4607179632462,25.4
1915.4205871047022,25.3
1925.4325166178992,25.2
1935.4967786231095,25.1
1945.6136466629825,25.1
1955.783395709978,25.1
1966.006302173841,25.0
1976.282643909114,25.0
1986.6127002226892,24.9
1996.996751881399,24.9
2007.4350811196462,24.8
2017.927971647083,24.7
2028.4757086563097,24.7
2039.078578830634,24.6
2049.736870351861,24.6
2060.4508729081267,24.6
2071.22087770177,24.5
2082.0471774572497,24.4
2092.9300664290977,24.3
2103.8698404099196,24.3
2114.8667967384304,24.2
2125.9212343075446,24.2
2137.0334535724887,24.1
2148.2037565589744,24.0
2159.4324468714053,23.8
2170.71982970113,23.7
2182.0662118347364,23.6
2193.4719016623894,23.5
2204.937209186215,23.4
2216.4624460287228,23.3
2228.0479254412767,23.3
2239.6939623126154,23.2
2251.4008731773993,23.1
2263.168976224821,23.0
2274.9985913072546,22.9
2286.890039948944,22.8
2298.843645354747,22.7
2310.8597324189163,22.6
2322.9386277339318,22.5
2335.0806595993763,22.3
2347.2861580308577,22.1
2359.5554547689862,21.8
2371.8888832883777,21.3
2384.2867788067265,21.0
2396.7494782939148,21.1
2409.2773204811715,21.2
2421.8706458702773,21.3
2434.5297967428205,21.3
2447.2551171695004,21.3
2460.0469530194778,21.5
2472.905651969775,21.6
2485.8315635147337,21.7
2498.825038975499,21.8
2511.88643150958,21.9
2525.0160961204438,21.9
2538.2143896671673,22.0
2551.481670874133,22.0
2564.8183003407817,22.0
2578.224640551411,22.0
2591.7010558850307,22.0
2605.247912625263,22.0
2618.8655789702975,22.0
2632.5544250429093,21.9
2646.314822900502,21.9
2660.14714654523,21.8
2674.051771934164,21.8
2688.029076989506,21.7
2702.079441608862,21.6
2716.20324767557,21.4
2730.400879069075,21.3
2744.6727216753675,21.2
2759.0191633974646,21.1
2773.440594165967,21.0
2787.9374059496395,20.9
2802.509992766076,20.5
2817.1587506924047,20.2
2831.8840778760564,20.0
2846.686374545581,19.9
2861.5660430215316,19.9
2876.5234877273942,20.0
2891.5591152005823,20.2
2906.6733341034837,20.3
2921.8665552345788,20.4
2937.139191539587,20.5
2952.4916581227058,20.6
2967.9243722578863,20.7
2983.4377534001765,20.7
2999.0322231971227,20.8
3014.7082055002275,20.8
3030.466126376471,20.9
3046.306414119893,20.9
3062.229499263226,20.9
3078.2358145896155,20.9
3094.325795144359,20.9
3110.4998782467446,20.9
3126.7585035019356,20.9
3143.1021128129173,20.9
3159.5311503925072,20.8
3176.0460627754296,20.7
3192.6472988304513,20.6
3209.335309772584,20.5
3226.1105491753406,20.3
3242.973472983081,20.0
3259.924539523382,20.1
3276.9642095195077,20.4
3294.0929461029286,20.5
3311.311214825911,20.6
3328.6194836741684,20.6
3346.018223079582,20.6
3363.507905932988,20.6
3381.089007597027,20.5
3398.762005919066,20.4
3416.527381244194,20.3
3434.385616428264,20.1
3452.337196851022,19.9
3470.382610429304,19.7
3488.5223476302926,19.7
3506.7569014848486,19.6
3525.0867676009134,19.5
3543.512444176976,19.4
3562.034432015617,19.2
3580.6532345371147,19.1
3599.369357793143,19.0
3618.1833104805046,18.9
3637.095603954969,18.6
3656.1067522451726,18.5
3675.2172720665826,18.5
3694.4276828355482,18.5
3713.738506683413,18.5
3733.1502684707093,18.4
3752.6634958014215,18.3
3772.2787190373247,18.1
3791.9964713124127,18.1
3811.817288547367,18.0
3831.7417094641373,17.9
3851.7702756005806,17.8
3871.9035313251793,17.1
3892.1420238518376,16.5
3912.4863032547537,16.6
3932.936922483372,16.3
3953.4944373774106,15.8
3974.1594066819653,15.3
3994.9323920627126,14.9
4015.8139581211503,14.6
4036.8046724099613,14.4
4057.9051054484326,13.9
4079.115830737964,13.4
4100.437424777656,13.2
4121.870467079975,13.0
4143.41554018651,12.9
4165.0732296838005,12.7
4186.844124219257,12.4
4208.728815517151,12.1
4230.72789839472,12.0
4252.841970778305,11.9
4275.071633719623,11.8
4297.417491412092,11.7
4319.880151207261,11.4
4342.460223631314,11.0
4365.158322401661,10.8
4387.975064443623,10.6
4410.911069907196,10.4
4433.9669621839075,10.2
4457.1433679237725,9.9
4480.4409170523,10.4
4503.860242787635,11.0
4527.40198165776,11.0
4551.0667735177985,11.5
4574.855261567406,12.4
4598.768092368251,12.8
4622.80591586159,13.3
4646.969385385929,14.0
4671.25915769478,15.0
4695.675892974527,15.9
4720.220254862348,16.1
4744.892910464259,16.4
4769.694530373255,16.8
4794.625788687525,17.2
4819.68736302878,17.4
4844.87993456067,17.6
4870.204188007296,17.7
4895.660811671819,17.8
4921.250497455168,17.9
4946.973940874864,18.0
4972.8318410838865,18.0
4998.824900889706,18.0
5024.953826773381,18.0
5051.219328908747,17.9
5077.622121181736,17.9
5104.162921209768,17.8
5130.842450361258,17.8
5157.661433775227,17.7
5184.620600380999,17.6
5211.720682918039,17.5
5238.962417955835,17.3
5266.346545913939,17.1
5293.873811082085,16.8
5321.544961640422,16.2
5349.360749679845,15.4
5377.321931222439,14.8
5405.429266242027,14.4
5433.683518684824,14.1
5462.085456490198,14.1
5490.635851611563,14.2
5519.335480037329,14.4
5548.185121812011,14.5
5577.185561057427,14.7
5606.337585994012,14.9
5635.641988962242,15.0
5665.0995664441625,15.2
5694.7111190850455,15.4
5724.477451715144,15.5
5754.399373371566,15.6
5784.477697320285,15.7
5814.713241078208,15.8
5845.10682643542,15.9
5875.659279477514,16.0
5906.371430608045,16.0
5937.244114571097,16.1
5968.278170473975,16.2
5999.4744418100045,16.2
6030.833776481469,16.3
6062.357026822636,16.5
6094.045049622959,16.7
6125.898706150321,16.8
6157.918862174471,16.9
6190.106387990547,16.9
6222.462158442733,17.0
6254.987052948034,17.0
6287.681955520183,17.0
6320.547754793659,17.0
6353.585344047851,17.0
6386.795621231329,17.0
6420.179488986247,17.0
6453.7378546729,17.0
6487.471630394349,17.0
6521.381733021235,17.1
6555.469084216698,17.1
6589.734610461422,17.2
6624.179243078815,17.3
6658.80391826033,17.3
6693.609577090902,17.2
6728.597165574533,17.2
6763.767634659991,17.1
6799.1219402666875,17.1
6834.661043310619,17.0
6870.385909730507,16.9
6906.297510514049,16.8
6942.39682172431,16.6
6978.684824526248,16.5
7015.162505213385,16.4
7051.830855234612,16.3
7088.690871221135,16.1
7125.7435550135615,15.9
7162.989913689153,15.8
7200.430959589155,15.8
7238.067710346342,15.7
7275.901188912673,15.6
7313.932423587085,15.6
7352.162448043451,15.7
7390.59230135867,15.9
7429.22302804091,16.3
7468.055678057999,16.6
7507.091306865953,16.8
7546.330975437692,17.1
7585.775750291836,17.3
7625.426703521717,17.6
7665.284912824515,17.9
7705.351461530549,18.3
7745.627438632719,19.1
7786.113938816104,20.2
7826.81206248772,20.8
7867.722915806424,21.1
7908.847610712972,21.5
7950.187264960275,21.9
7991.743002143727,22.8
8033.515951731782,23.9
8075.507249096639,24.5
8117.718035545101,24.9
8160.149458349601,25.2
8202.80267077938,25.4
8245.67883213183,26.1
8288.77910776401,26.8
8332.104669124305,27.1
8375.656693784302,27.3
8419.436365470749,27.5
8463.444874097753,27.8
8507.683415799123,28.2
8552.153192960874,28.4
8596.855414253905,28.5
8641.791294666864,28.5
8686.962055539152,28.4
8732.36892459413,28.3
8778.01313597248,28.2
8823.895930265779,28.1
8870.018554550163,27.9
8916.382262420266,27.0
8962.988314023276,26.1
9009.83797609319,25.6
9056.932521985234,25.0
9104.273231710486,24.5
9151.861391970657,23.9
9199.698296193066,22.7
9247.785244565785,21.7
9296.12354407301,21.2
9344.714508530542,20.8
9393.559458621517,20.7
9442.659721932305,20.6
9492.016632988581,20.4
9541.631533291613,20.1
9591.505771354708,19.6
9641.64070273987,19.3
9692.037690094652,19.2
9742.698103189163,19.2
9793.623318953358,19.2
9844.814721514387,19.3
9896.27370223427,19.3
9948.001659747684,19.4
10000.0,19.4
10052.270136285486,19.4
10104.813489285681,19.4
10157.6314871081,19.4
10210.725565324987,19.3
10264.09716701231,19.1
10317.747742788988,18.7
10371.678750856474,18.5
10425.891657038128,18.2
10480.387934819217,18.0
10535.16906538697,17.8
10590.236537670813,17.4
10645.591848382772,17.2
10701.236502058211,17.4
10757.172011096769,17.6
10813.399895803414,17.6
10869.921684429703,17.6
10926.73891321545,17.6
10983.85312643042,17.5
11041.265876416248,17.5
11098.978723628681,17.4
11156.993236680037,17.4
11215.310992381786,17.3
11273.933575787378,17.3
11332.862580235347,17.2
11392.099607392682,17.2
11451.646267298307,17.0
11511.504178406769,16.5
11571.674967632372,15.8
11632.16027039332,15.2
11692.961730656129,14.7
11754.08100098034,14.2
11815.519742563505,13.7
11877.27962528627,13.1
11939.362327757724,12.6
12001.76953736107,12.3
12064.50295029953,12.0
12127.56427164241,11.8
12190.95521537136,11.6
12254.677504427105,11.4
12318.732870756214,11.3
12383.123055358106,11.3
12447.849808332432,11.0
12512.914888926687,10.5
12578.320065583976,10.4
12644.067115991029,10.3
12710.157827126544,10.2
12776.593995309939,9.9
12843.377426249857,9.7
12910.50993509343,9.1
12977.99334647565,8.3
13045.829494568892,7.8
13114.020223132724,7.5
13182.567385564074,7.1
13251.472844947652,6.9
13320.738474106534,5.1
13390.366155652993,1.9
13460.35778203982,0.8
13530.715255611682,1.5
13601.440488656775,3.3
13672.535403458849,4.7
13744.001932349513,4.8
13815.842017760702,5.0
13888.057612277411,5.8
13960.650678690825,6.6
14033.62319005172,7.4
14106.977129724035,8.2
14180.714491438697,9.0
14254.837279347976,10.5
14329.347508079869,12.6
14404.247202792812,13.7
14479.538399230763,14.2
14555.223143778607,14.6
14631.303493517702,14.7
14707.78151628175,14.7
14784.65929071304,14.7
14861.938906319014,14.6
14939.622463529,14.0
15017.712073751207,12.8
15096.209859430292,11.9
15175.117954104964,11.2
15254.438502465904,10.7
15334.173660414117,10.4
15414.325595119602,9.7
15494.896485080177,9.0
15575.88852018064,8.7
15657.303901752315,8.5
15739.1448426331,7.5
15821.413567227246,6.1
15904.112311566014,5.4
15987.243323368504,4.8
16070.808862102673,3.6
16154.811199046684,3.3
16239.252617350698,3.7
16324.135412099,4.1
16409.461890372313,4.5
16495.23437131044,5.0
16581.455186175313,5.5
16668.12667841462,5.6
16755.251203725067,5.7
