10.0,36.4
10.052270136285475,36.4
10.104813489285682,36.4
10.157631487108103,36.5
10.210725565324982,36.5
10.264097167012295,36.5
10.317747742789004,36.5
10.371678750856479,36.5
10.425891657038118,36.5
10.480387934819216,36.5
10.535169065386981,36.5
10.590236537670812,36.6
10.64559184838276,36.7
10.701236502058206,36.7
10.757172011096776,36.7
10.813399895803409,36.7
10.869921684429707,36.7
10.926738913215466,36.7
10.98385312643042,36.7
11.041265876416237,36.7
11.098978723628681,36.7
11.156993236680048,36.7
11.215310992381788,36.8
11.27393357578736,36.9
11.332862580235341,36.9
11.392099607392687,36.9
11.451646267298301,36.9
11.511504178406776,36.9
11.571674967632385,36.9
11.632160270393321,36.9
11.692961730656117,36.9
11.75408100098034,36.9
11.815519742563518,36.9
11.87727962528627,36.9
11.939362327757706,37.0
12.001769537361062,37.1
12.064502950299536,37.1
12.127564271642404,37.1
12.190955215371359,37.1
12.254677504427118,37.1
12.318732870756214,37.1
12.383123055358094,37.1
12.447849808332432,37.1
12.5129148889267,37.1
12.578320065583968,37.1
12.644067115991009,37.1
12.710157827126565,37.2
12.776593995309947,37.3
12.843377426249843,37.4
12.910509935093431,37.4
12.977993346475664,37.4
13.045829494568892,37.4
13.11402022313271,37.4
13.182567385564074,37.4
13.251472844947658,37.4
13.320738474106527,37.4
13.390366155653,37.4
13.460357782039841,37.4
13.530715255611682,37.5
13.601440488656761,37.6
13.672535403458848,37.6
13.744001932349526,37.6
13.815842017760701,37.6
13.888057612277397,37.6
13.960650678690818,37.6
14.033623190051728,37.6
14.10697712972403,37.6
14.180714491438705,37.6
14.25483727934799,37.6
14.32934750807987,37.7
14.404247202792797,37.8
14.479538399230764,37.8
14.55522314377862,37.8
14.631303493517702,37.8
14.707781516281727,37.8
14.784659290713032,37.8
14.861938906319022,37.8
14.939622463528993,37.8
15.017712073751214,37.8
15.096209859430308,37.8
15.175117954104964,37.8
15.254438502465888,37.8
15.334173660414118,37.8
15.414325595119617,37.8
15.494896485080169,37.8
15.575888520180618,37.9
15.65730390175234,37.9
15.73914484263311,37.9
15.821413567227237,37.9
15.904112311566013,37.9
15.98724332336852,37.9
16.070808862102673,37.9
16.154811199046666,37.9
16.239252617350697,37.9
16.324135412099007,37.9
16.409461890372306,37.9
16.495234371310413,37.9
16.58145518617534,37.9
16.668126678414627,37.9
16.755251203725052,37.9
16.84283113011666,38.0
16.930868837977105,38.1
17.01936672013636,38.1
17.108327181931763,38.1
17.197752641273365,38.1
17.28764552870969,38.1
17.378008287493753,38.1
17.4688433736495,38.1
17.560153256038525,38.1
17.651940416427212,38.1
17.744207349554188,38.1
17.836956563198083,38.1
17.93019057824573,38.1
18.023911928760675,38.1
18.118123162052047,38.1
18.21282683874379,38.1
18.30802553284428,38.1
18.403721831816252,38.1
18.499918336647156,38.1
18.59661766191982,38.1
18.69382243588356,38.1
18.791535300525574,38.1
18.889758911642755,38.2
18.98849593891389,38.3
19.08774906597221,38.3
19.187520990478333,38.3
19.287814424193606,38.3
19.388632093053765,38.3
19.48997673724305,38.3
19.591851111268685,38.3
19.69425798403576,38.3
19.79720013892245,38.3
19.90068037385568,38.3
20.004701501387192,38.3
20.109266348769967,38.3
20.214377758035074,38.3
20.320038586068932,38.3
20.426251704690927,38.3
20.533020000731486,38.3
20.64034637611054,38.3
20.748233747916412,38.3
20.856685048485062,38.3
20.965703225479817,38.3
21.075291241971485,38.3
21.185452076518878,38.5
21.296188723249774,38.6
21.407504191942323,38.6
21.519401508106792,38.6
21.631883713067854,38.6
21.744953864047204,38.6
21.858615034246718,38.6
21.972870312931903,38.6
22.087722805515906,38.6
22.203175633643916,38.6
22.319231935278008,38.6
22.435894864782412,38.6
22.553167593009288,38.6
22.671053307384867,38.6
22.789555211996095,38.6
22.908676527677724,38.6
23.028420492099883,38.6
23.148790359856015,38.6
23.26978940255137,38.6
23.391420908891938,38.6
23.51368818477381,38.6
23.63659455337303,38.6
23.760143355235964,38.6
23.884337948370025,38.6
24.009181708334992,38.6
24.134678028334722,38.6
24.260830319309434,38.6
24.387642010028344,38.6
24.515116547182902,38.6
24.64325739548046,38.6
24.772068037738443,38.6
24.901551974979007,38.6
25.031712726524198,38.6
25.162553830091625,38.6
25.294078841890578,38.6
25.426291336718684,38.6
25.559194908059133,38.6
25.692793168178262,38.6
25.827089748223784,38.6
25.96208829832347,38.7
26.097792487684362,38.8
26.234206004692496,38.8
26.371332557013133,38.8
26.5091758716916,38.8
26.647739695254497,38.8
26.787027793811582,38.8
26.9270439531581,38.8
27.06779197887776,38.8
27.209275696446046,38.8
27.351498951334275,38.8
27.494465609114105,38.8
27.638179555562576,38.8
27.782644696767733,38.8
27.92786495923483,38.8
28.07384428999299,38.8
28.220586656702505,38.8
28.368096047762684,38.8
28.516376472420284,38.8
28.66543196087842,38.8
28.815266564406134,38.8
28.965884355448516,38.8
29.11728942773738,38.8
29.26948589640251,38.8
29.42247789808359,38.8
29.57626959104251,38.8
29.730865155276486,38.8
29.88626879263161,38.8
30.04248472691713,38.8
30.19951720402016,38.8
30.357370492021133,38.8
30.516048881309793,38.8
30.675556684701824,38.8
30.835898237556027,38.8
30.99707789789224,38.8
31.15910004650967,38.8
31.321969087106055,38.8
31.485689446397288,38.8
31.650265574237824,38.8
31.815701943741516,38.8
31.98200305140326,38.8
32.14917341722119,38.8
32.31721758481955,38.8
32.486140121572134,38.8
32.655945618726484,38.8
32.82663869152868,38.8
32.99822397934869,38.8
33.170706145806605,38.8
33.34408987889928,38.8
33.51837989112781,38.8
33.69358091962557,38.8
33.86969772628702,38.8
34.04673509789711,38.8
34.224697846261364,38.8
34.40359080833668,38.8
34.58341884636283,38.8
34.764186847994516,38.8
34.94589972643436,38.8
35.12856242056629,38.8
35.312179895089876,38.8
35.496757140655234,38.8
35.68229917399868,38.8
35.86881103807908,38.8
36.05629780221492,38.8
36.24476456222205,38.8
36.434216440552284,38.8
36.6246585864325,38.7
36.81609617600466,38.6
37.00853441246656,38.6
37.2019785262131,38.6
37.39643377497855,38.6
37.591905443979435,38.6
37.788398846058186,38.6
37.985919321827524,38.6
38.184472239815605,38.6
38.384062996612016,38.6
38.584697017014335,38.6
38.786379754175634,38.6
38.98911668975273,38.6
39.1929133340551,38.6
39.39777522619469,38.6
39.60370793423646,38.6
39.810717055349734,38.6
40.0188082159603,38.6
40.227987071903335,38.6
40.43825930857721,38.6
40.64963064109788,38.6
40.8621068144543,38.6
41.075693603664625,38.6
41.29039681393302,38.6
41.506222280807584,38.6
41.72317587033889,38.6
41.94126347923944,38.6
42.16049103504393,38.6
42.38086449627034,38.6
42.60238985258197,38.5
42.825073124950116,38.4
43.04892036581776,38.3
43.27393765926414,38.3
43.500131121170035,38.3
43.727506899384,38.3
43.956071173889484,38.3
44.18583015697281,38.3
44.416790093392,38.3
44.648957260546474,38.3
44.88233796864779,38.3
45.116938560890986,38.3
45.35276541362708,38.3
45.58982493653644,38.3
45.82812357280281,38.2
46.067667799288614,38.1
46.308464126710895,38.1
46.55051909981832,38.1
46.793839297569036,38.1
47.03843133330949,38.1
47.28430185495417,38.1
47.531457545166376,38.1
47.77990512153967,38.1
48.02965133678067,38.1
48.28070297889241,38.1
48.53306687135893,38.1
48.78674987333074,38.1
49.041758879811184,38.1
49.298100821843896,38.1
49.55578266670119,38.0
49.81481141807335,37.9
50.07519411625915,37.9
50.336937838356974,37.9
50.60004969845742,37.9
50.86453684783644,37.9
51.13040647514984,37.9
51.39766580662862,37.9
51.66632210627541,37.9
51.93638267606184,37.9
52.20785485612707,37.9
52.48074602497726,37.9
52.75506359968615,37.9
53.030815036096584,37.9
53.308007829023246,37.9
53.58664951245627,37.8
53.866747659766084,37.8
54.148309883909214,37.8
54.431343837635225,37.8
54.7158572136947,37.8
55.00185774504835,37.8
55.28935320507712,37.8
55.57835140779364,37.8
55.86886020805435,37.8
56.160887501773274,37.8
56.45444122613637,37.8
56.74952935981742,37.8
57.04615992319485,37.8
57.34434097856969,37.8
57.64408063038476,37.8
57.94538702544487,37.8
58.24826835313831,37.7
58.552732845659456,37.6
58.85878877823242,37.6
59.166444469336014,37.6
59.475708280929936,37.6
59.786588618681876,37.6
60.0990939321961,37.6
60.41323271524305,37.6
60.72901350599024,37.6
61.046444887234294,37.6
61.365535486634215,37.6
61.686293976945976,37.5
62.008729076258064,37.4
62.332849548228545,37.4
62.658664202323344,37.4
62.98618189405547,37.4
63.315411525225876,37.4
63.64636204416533,37.4
63.979042445977655,37.4
64.31346177278421,37.3
64.64962911396958,37.2
64.98755360642885,37.1
65.32724443481563,37.1
65.66871083179183,37.1
66.01196207827876,37.1
66.35700750370908,37.1
66.7038564862806,37.1
67.05251845321108,37.1
67.40300288099445,37.1
67.75531929565844,37.0
68.1094772730234,36.9
68.46548643896274,36.9
68.82335646966433,36.9
69.18309709189363,36.8
69.54471808325809,36.7
69.90822927247277,36.7
70.27364053962762,36.7
70.6409618164559,36.7
71.01020308660422,36.7
71.38137438590384,36.7
71.75448580264342,36.7
72.12954747784322,36.6
72.50656960553087,36.6
72.88556243301818,36.5
73.26653626117992,36.5
73.64950144473359,36.4
74.03446839252094,36.4
74.42144756779092,36.4
74.810449488484,36.4
75.20148472751808,36.4
75.59456391307583,36.4
75.98969772889355,36.3
76.38689691455168,36.2
76.78617226576647,36.2
77.18753463468363,36.2
77.59099493017311,36.2
77.99656411812569,36.2
78.404253221751,36.1
78.8140733218772,36.0
79.226035557252,36.0
79.64015112484554,36.0
80.05643128015467,36.0
80.47488733750892,36.0
80.89553067037787,35.9
81.31837271168051,35.8
81.74342495409579,35.7
82.170698950375,35.7
82.60020631365589,35.7
83.03195871777821,35.7
83.46596789760103,35.7
83.90224564932171,35.7
84.34080383079642,35.7
84.78165436186265,35.7
85.22480922466286,35.6
85.67028046397054,35.5
86.11808018751721,35.5
86.56822056632171,35.5
87.020713835021,35.6
87.47557229220259,35.7
87.93280830073893,35.7
88.39243428812335,35.7
88.85446274680783,35.7
89.31890623454267,35.7
89.78577737471758,35.7
90.25508885670492,35.7
90.72685343620469,35.7
91.20108393559097,35.7
91.67779324426061,35.9
92.15699431898352,36.0
92.63870018425483,36.0
93.12292393264887,36.0
93.60967872517497,36.0
94.09897779163542,36.0
94.5908344309847,36.1
95.0852620116911,36.2
95.58227397210023,36.2
96.08188382079996,36.2
96.5841051369878,36.2
97.08895157083991,36.2
97.59643684388209,36.2
98.10657474936274,36.3
98.61937915262773,36.4
99.13486399149741,36.4
99.65304327664518,36.4
100.17393109197839,36.4
100.69754159502135,36.4
101.22388901729977,36.4
101.75298766472777,36.4
102.28485191799675,36.4
102.81949623296607,36.4
103.35693514105618,36.4
103.89718324964329,36.4
104.44025524245698,36.4
104.98616587997819,36.4
105.53492999984189,36.4
106.08656251723878,36.4
106.64107842532215,36.4
107.19849279561431,36.4
107.75882077841675,36.4
108.32207760322176,36.4
108.88827857912626,36.5
109.45743909524856,36.5
110.02957462114523,36.5
110.60470070723336,36.5
111.18283298521138,36.5
111.76398716848561,36.5
112.3481790525961,36.5
112.93542451564652,36.5
113.5257395187356,36.5
114.11914010639099,36.5
114.71564240700522,36.5
115.3152626332741,36.5
115.91801708263789,36.5
116.52392213772293,36.5
117.13299426678874,36.5
117.74525002417371,36.5
118.36070605074681,36.6
118.97937907435858,36.6
119.60128591029638,36.7
120.22644346174131,36.7
120.85486872022751,36.6
121.4865787661046,36.6
122.12159076900052,36.5
122.75992198829012,36.5
123.40158977356222,36.5
124.04661156509306,36.5
124.69500489431896,36.5
125.34678738431336,36.5
126.00197675026583,36.5
126.6605907999634,36.5
127.3226474342747,36.5
127.98816464763628,36.5
128.6571605285424,36.5
129.32965326003517,36.5
130.00566112020084,36.5
130.68520248266435,36.5
131.36829581709074,36.5
132.05495968968575,36.5
132.74521276370103,36.5
133.43907379994133,36.5
134.1365616572744,36.5
134.83769529314347,36.5
135.54249376408254,36.5
136.25097622623485,36.5
136.96316193587217,36.5
137.67907024992007,36.5
138.39872062648203,36.5
139.1221326253702,36.5
139.84932590863562,36.5
140.58032024110324,36.4
141.31513549090906,36.4
142.05379163003997,36.4
142.7963087348772,36.4
143.5427069867405,36.4
144.29300667243896,36.4
145.04722818481977,36.4
145.80539202332486,36.4
146.56751879454652,36.4
147.333629212788,36.4
148.1037441006266,36.3
148.87788438947953,36.2
149.65607112017267,36.2
150.43832544351253,36.2
151.2246686208618,36.2
152.01512202471548,36.2
152.80970713928414,36.1
153.6084455610754,36.0
154.41135899948313,36.0
155.218469277376,36.0
156.02979833169113,36.0
156.8453682140304,35.9
157.66520109125955,35.8
158.48931924611142,35.7
159.3177450777899,35.5
160.15050110258113,35.4
160.9876099544629,35.3
161.82909438572216,35.3
162.67497726757185,35.2
163.52528159077312,35.2
164.38003046626017,35.1
165.23924712576837,35.0
166.1029549224657,35.0
166.97117733158728,35.1
167.8439379510743,35.2
168.72126050221348,35.3
169.60316883028446,35.4
170.48968690520502,35.5
171.38083882218535,35.5
172.27664880238083,35.5
173.17714119355136,35.5
174.08234047072295,35.5
174.99227123685273,35.5
175.9069582234984,35.5
176.82642629148881,35.5
177.75070043160196,35.5
178.67980576524164,35.5
179.61376754512278,35.5
180.55261115595593,35.5
181.49636211513797,35.5
182.44504607344558,35.5
183.39868881573247,35.5
184.35731626163007,35.5
185.3209544662519,35.5
186.28962962090262,35.4
187.26336805378796,35.3
188.24219623073301,35.3
189.2261407558986,35.2
190.21522837250714,35.2
191.20948596356752,35.2
192.20894055260666,35.2
193.21361930440384,35.2
194.22354952572874,35.2
195.2387586660848,35.2
196.25927431845295,35.1
197.28512422004457,35.0
198.31633625305224,35.0
199.35293844541056,34.9
200.39495897155572,34.9
201.4424261531923,34.8
202.4953684600627,34.8
203.55381451072122,34.8
204.6177930733116,34.8
205.6873330663489,34.8
206.76246355950653,34.8
207.84321377440395,34.8
208.92961308540407,34.8
210.02169102040844,34.8
211.11947726166272,34.9
212.22300164656127,35.0
213.33229416845913,35.0
214.447384977487,35.0
215.5683043813707,35.0
216.69508284625502,35.0
217.8277509975314,35.0
218.9663396206716,35.0
220.1108796620618,34.9
221.26140222984722,34.8
222.41793859477394,34.8
223.5805201910423,34.8
224.74917861715863,34.8
225.9239456367954,34.8
227.10485317965416,34.8
228.29193334233327,34.8
229.48521838920135,34.8
230.68474075327168,34.7
231.89053303708724,34.6
233.102628013603,34.5
234.32105862708036,34.5
235.5458579939798,34.4
236.77705940386227,34.4
238.0146963202937,34.3
239.25880238175446,34.3
240.50941140255387,34.3
241.76655737374873,34.3
243.03027446406858,34.2
244.30059702084168,34.2
245.57755957093218,34.1
246.86119682167464,34.1
248.1515436618211,34.0
249.44863516248657,34.0
250.75250657810346,33.9
252.0631933473797,33.8
253.3807310942614,33.8
254.7051556289027,33.7
256.03650294863604,33.7
257.3748092389545,33.6
258.72011087449107,33.5
260.0724444200114,33.5
261.4318466314045,33.4
262.79835445668317,33.4
264.17200503698814,33.3
265.5528357075972,33.3
266.94088399894025,33.2
268.336187637619,33.1
269.7387845474336,33.1
271.1487128504106,33.0
272.56601086784315,33.0
273.9907171213279,32.9
275.4228703338166,32.8
276.86250943066517,32.7
278.30967354069315,32.7
279.764401997247,32.6
281.2267343392687,32.6
282.6967103123723,32.5
284.1743698699204,32.5
285.65975317411466,32.4
287.152900597083,32.2
288.6538527219809,32.2
290.16265034409145,32.1
291.67933447193553,32.0
293.203946328386,31.9
294.7365273517884,31.8
296.27711919708696,31.7
297.8257637369567,31.5
299.38250306294265,31.4
300.947379486601,31.4
302.52043554065347,31.4
304.1017139801383,31.3
305.69125778357716,31.3
307.2891101541398,31.3
308.8953145208197,31.2
310.5099145396145,31.2
312.1329540947119,31.2
313.76447729968413,31.2
315.40452849868336,31.1
317.0531522676519,31.1
318.71039341552853,31.0
320.3762969854716,30.9
322.05090825607795,30.8
323.7342727426186,30.7
325.4264361982722,30.6
327.1274446153702,30.6
328.83734422664674,30.5
330.55618150649445,30.5
332.28400317222986,30.5
334.02085618535915,30.5
335.76678775285944,30.5
337.52184532845695,30.5
339.28607661392135,30.5
341.0595295603587,30.4
342.84225236951676,30.3
344.63429349509414,30.2
346.4357016440579,30.2
348.24652577796684,30.2
350.06681511430224,30.2
351.8966191278073,30.3
353.7359875518278,30.3
355.5849703796693,30.3
357.44361786595016,30.3
359.3119805279728,30.3
361.1901091470929,30.3
363.0780547701014,30.3
364.9758687106112,30.4
366.8836025504522,30.4
368.80130814107446,30.5
370.72903760495365,30.5
372.66684333701346,30.5
374.6147780060434,30.5
376.57289455613636,30.5
378.54124620812286,30.6
380.5198864610201,30.6
382.50886909348526,30.7
384.5082481652772,30.9
386.51807801872604,31.0
388.53841328020957,31.1
390.56930886163985,31.1
392.6108199619517,31.2
394.6630020686084,31.2
396.7259109591041,31.2
398.7996027024853,31.2
400.8841336608706,31.3
402.9795604909844,31.3
405.0859401456969,31.4
407.20332987557106,31.4
409.331787230421,31.4
411.4713700608718,31.4
413.6221365199375,31.5
415.78414506459575,31.5
417.95745445738237,31.5
420.1421237679842,31.5
422.33821237484636,31.5
424.5457799667861,31.6
426.76488654461485,31.7
428.9955924227691,31.7
431.23795823094935,31.7
433.49204491576995,31.7
435.7579137424112,31.7
438.0356262962907,31.7
440.3252444847303,31.7
442.62683053864555,31.7
444.9404470142319,31.8
447.2661567946673,31.9
449.60402309182115,31.9
451.9541094479714,31.9
454.3164797375345,31.9
456.6911981687959,31.9
459.0783292856624,31.9
461.4779379694089,31.9
463.89008944044906,31.9
466.31484926010245,32.0
468.7522833323791,32.1
471.20245790577025,32.1
473.6654395750488,32.1
476.14129528307956,32.1
478.630092322638,32.1
481.1318983382419,32.1
483.6467813279844,32.1
486.1748096453894,32.1
488.7160520012619,32.1
491.27057746556244,32.1
493.8384554692794,32.2
496.4197558063182,32.3
499.01454863539806,32.4
501.6229044819588,32.4
504.24489424007766,32.4
506.88058917439554,32.4
509.53006092205686,32.4
512.1933814946506,32.4
514.8706232801756,32.4
517.5618590449992,32.4
520.2671619358439,32.4
522.9866054817683,32.4
525.7202635961694,32.4
528.4682105787901,32.4
531.230521117739,32.4
534.0072702915224,32.4
536.7985335710792,32.4
539.6043868218401,32.4
542.4249063057814,32.4
545.2601686835053,32.4
548.1102510163182,32.4
550.9752307683272,32.4
553.8551858085453,32.4
556.7501944130083,32.4
559.6603352669016,32.4
562.5856874666987,32.4
565.5263305223134,32.4
568.4823443592555,32.4
571.4538093208106,32.5
574.4408061702153,32.6
577.4434160928608,32.6
580.4617206984933,32.6
583.4958020234345,32.6
586.5457425328113,32.6
589.6116251227962,32.6
592.6935331228639,32.6
595.7915502980484,32.6
598.9057608512304,32.6
602.0362494254149,32.6
605.1831011060411,32.6
608.3464014232891,32.7
611.5262363544065,32.8
614.7226923260454,32.8
617.9358562166111,32.8
621.1658153586235,32.8
624.4126575410903,32.8
627.6764710118958,32.8
630.957344480193,32.8
634.2553671188238,32.8
637.5706285667327,32.8
640.9032189314127,32.8
644.2532287913472,32.8
647.6207491984753,32.8
651.0058716806659,32.9
654.4086882442045,32.9
657.8292913762976,32.9
661.2677740475787,32.9
664.7242297146454,32.9
668.1987523225889,32.9
671.6914363075575,32.9
675.2023765993158,32.9
678.7316686238282,32.9
682.2794083058518,32.9
685.8456920715438,32.9
689.4306168510824,32.9
693.0342800813003,32.9
696.6567797083366,32.9
700.2982141902914,32.9
703.9586824999124,32.9
707.6382841272731,32.9
711.3371190824884,32.9
715.0552878984242,32.9
718.7928916334344,32.9
722.5500318741055,32.8
726.3268107380181,32.8
730.123330876526,32.8
733.9396954775374,32.8
737.7760082683312,32.8
741.6323735183645,32.8
745.508896042117,32.8
749.4056812019327,32.8
753.3228349108862,32.8
757.2604636356614,32.8
761.2186743994453,32.8
765.1975747848361,32.8
769.1972729367671,32.9
773.2178775654501,32.9
777.2594979493206,32.9
781.3222439380205,32.9
785.406225955371,32.9
789.5115550023859,32.9
793.6383426602791,32.9
797.7867010935024,32.9
801.9567430527921,32.9
806.1485818782347,32.9
810.3623315023465,32.9
814.59810645317,32.9
818.8560218573906,32.9
823.1361934434566,33.0
827.4387375447371,33.0
831.7637711026708,33.1
836.1114116699566,33.1
840.4817774137397,33.1
844.8749871188272,33.1
849.2911601909162,33.1
853.7304166598383,33.1
858.1928771828257,33.1
862.6786630477819,33.1
867.1878961765907,33.1
871.7206991284164,33.1
876.2771951030477,33.1
880.8575079442367,33.1
885.4617621430697,33.1
890.0900828413493,33.1
894.742595834996,33.2
899.4194275774676,33.2
904.1207051831946,33.3
908.8465564310401,33.3
913.5971097677627,33.3
918.3724943115215,33.3
923.1728398553701,33.3
927.998276870799,33.3
932.8489365112713,33.3
937.7249506157918,33.3
942.6264517124897,33.3
947.5535730222193,33.3
952.5064484621864,33.3
957.4852126495767,33.3
962.4900009052299,33.3
967.5209492573013,33.3
972.5781944449744,33.3
977.6618739221665,33.3
982.772125861269,33.3
987.9090891569025,33.3
993.0729034296917,33.3
998.26370903006,33.3
1003.4816470420445,33.5
1008.7268592871307,33.6
1013.9994883281055,33.6
1019.2996774729368,33.6
1024.627570778662,33.6
1029.9833130553077,33.6
1035.3670498698243,33.6
1040.778927550043,33.6
1046.219093188652,33.6
1051.687694647196,33.6
1057.1848805600926,33.6
1062.7108003386745,33.6
1068.2656041752484,33.6
1073.849443047181,33.6
1079.4624687209969,33.6
1085.104833756507,33.5
1090.7766915109553,33.4
1096.4781961431852,33.3
1102.2095026178308,33.3
1107.9707667095288,33.3
1113.7621450071517,33.3
1119.5837949180645,33.4
1125.4358746724013,33.5
1131.3185433273702,33.6
1137.231960771571,33.6
1143.1762877293438,33.6
1149.1516857651375,33.6
1155.1583172879002,33.6
1161.1963455554942,33.6
1167.2659346791324,33.6
1173.3672496278396,33.6
1179.5004562329357,33.7
1185.6657211925422,33.8
1191.8632120761172,33.8
1198.0930973290035,33.8
1204.355546277011,33.8
1210.650729131018,33.8
1216.9788169915967,33.8
1223.3399818536654,33.8
1229.7343966111616,33.8
1236.162235061742,33.8
1242.6236719115057,33.8
1249.1188827797416,33.8
1255.6480442037073,33.8
1262.2113336434193,33.8
1268.8089294864806,33.8
1275.4410110529293,33.8
1282.1077586001115,33.8
1288.8093533275808,33.9
1295.5459773820237,34.0
1302.3178138622095,34.0
1309.1250468239675,34.0
1315.967861285188,34.0
1322.8464432308563,34.0
1329.7609796180998,34.0
1336.7116583812742,34.0
1343.6986684370715,34.0
1350.7221996896535,34.0
1357.782443035813,34.0
1364.879590370164,34.0
1372.0138345903551,34.0
1379.1853696023147,34.1
1386.3943903255179,34.1
1393.6410926982915,34.1
1400.9256736831292,34.1
1408.248331272053,34.1
1415.6092644919916,34.1
1423.0086734101894,34.1
1430.4467591396458,34.1
1437.9237238445805,34.1
1445.439770745928,34.1
1452.9951041268616,34.1
1460.589929338344,34.0
1468.224452804715,33.8
1475.898882029292,33.6
1483.6134256000173,33.5
1491.3682931951248,33.5
1499.1636955888393,33.6
1506.999844657106,33.7
1514.8769533833477,33.8
1522.7952358642551,33.8
1530.754907315605,33.8
1538.7561840781082,33.8
1546.799283623296,33.8
1554.8844245594228,33.8
1563.0118266374113,33.8
1571.181710756826,33.8
1579.3942989718767,33.7
1587.649814497453,33.7
1595.9484817151922,33.6
1604.2905261795772,33.5
1612.6761746240677,33.4
1621.1056549672617,33.3
1629.5791963190893,33.1
1638.097028987047,33.0
1646.6593844824454,32.9
1655.266495526711,32.9
1663.9185960577072,32.8
1672.6159212360947,32.8
1681.3587074517213,32.7
1690.1471923300487,32.6
1698.9816147386093,32.5
1707.8622147934998,32.5
1716.789233865905,32.4
1725.7629145886658,32.4
1734.7835008628629,32.3
1743.8512378644525,32.2
1752.9663720509295,32.0
1762.1291511680254,32.0
1771.3398242564415,31.9
1780.598641658619,31.9
1789.9058550255418,31.8
1799.2617173235774,31.7
1808.6664828413498,31.6
1818.1204071966588,31.6
1827.6237473434162,31.5
1837.1767615786375,31.5
1846.7797095494598,31.4
1856.4328522602,31.3
1866.1364520794475,31.3
1875.8907727471963,31.2
1885.6960793820124,31.2
1895.552638488241,31.1
1905.4607179632462,31.0
1915.4205871047022,30.9
1925.4325166178992,30.9
1935.4967786231095,30.8
1945.6136466629825,30.7
1955.783395709978,30.6
1966.006302173841,30.5
1976.282643909114,30.5
1986.6127002226892,30.5
1996.996751881399,30.5
2007.4350811196462,30.4
2017.927971647083,30.4
2028.4757086563097,30.3
2039.078578830634,30.3
2049.736870351861,30.2
2060.4508729081267,30.2
2071.22087770177,30.1
2082.0471774572497,30.1
2092.9300664290977,30.0
2103.8698404099196,30.0
2114.8667967384304,30.0
2125.9212343075446,30.0
2137.0334535724887,29.9
2148.2037565589744,29.9
2159.4324468714053,29.8
2170.71982970113,29.8
2182.0662118347364,29.7
2193.4719016623894,29.5
2204.937209186215,29.3
2216.4624460287228,29.2
2228.0479254412767,29.1
2239.6939623126154,29.1
2251.4008731773993,29.0
2263.168976224821,28.9
2274.9985913072546,28.7
2286.890039948944,28.5
2298.843645354747,28.4
2310.8597324189163,28.3
2322.9386277339318,28.2
2335.0806595993763,28.0
2347.2861580308577,27.8
2359.5554547689862,27.8
2371.8888832883777,27.7
2384.2867788067265,27.6
2396.7494782939148,27.5
2409.2773204811715,27.3
2421.8706458702773,27.0
2434.5297967428205,26.8
2447.2551171695004,26.5
2460.0469530194778,26.5
2472.905651969775,26.5
2485.8315635147337,26.5
2498.825038975499,26.5
2511.88643150958,26.6
2525.0160961204438,26.7
2538.2143896671673,26.8
2551.481670874133,26.9
2564.8183003407817,27.0
2578.224640551411,27.0
2591.7010558850307,27.1
2605.247912625263,27.1
2618.8655789702975,27.1
2632.5544250429093,27.1
2646.314822900502,27.1
2660.14714654523,27.0
2674.051771934164,26.9
2688.029076989506,26.9
2702.079441608862,26.9
2716.20324767557,26.9
2730.400879069075,26.9
2744.6727216753675,26.8
2759.0191633974646,26.6
2773.440594165967,26.5
2787.9374059496395,26.4
2802.509992766076,26.4
2817.1587506924047,26.4
2831.8840778760564,26.3
2846.686374545581,26.1
2861.5660430215316,25.9
2876.5234877273942,25.8
2891.5591152005823,25.7
2906.6733341034837,25.6
2921.8665552345788,25.5
2937.139191539587,25.4
2952.4916581227058,25.3
2967.9243722578863,25.4
2983.4377534001765,25.5
2999.0322231971227,25.6
3014.7082055002275,25.7
3030.466126376471,25.8
3046.306414119893,25.9
3062.229499263226,26.0
3078.2358145896155,26.1
3094.325795144359,26.1
3110.4998782467446,26.2
3126.7585035019356,26.2
3143.1021128129173,26.2
3159.5311503925072,26.2
3176.0460627754296,26.1
3192.6472988304513,26.1
3209.335309772584,26.0
3226.1105491753406,25.9
3242.973472983081,25.8
3259.924539523382,25.6
3276.9642095195077,25.2
3294.0929461029286,25.2
3311.311214825911,25.2
3328.6194836741684,25.2
3346.018223079582,25.1
3363.507905932988,25.2
3381.089007597027,25.3
3398.762005919066,25.5
3416.527381244194,25.6
3434.385616428264,25.5
3452.337196851022,25.4
3470.382610429304,25.3
3488.5223476302926,25.2
3506.7569014848486,25.0
3525.0867676009134,24.9
3543.512444176976,24.8
3562.034432015617,24.7
3580.6532345371147,24.6
3599.369357793143,24.4
3618.1833104805046,24.3
3637.095603954969,24.2
3656.1067522451726,24.1
3675.2172720665826,24.0
3694.4276828355482,23.9
3713.738506683413,23.6
3733.1502684707093,23.4
3752.6634958014215,23.3
3772.2787190373247,23.3
3791.9964713124127,23.3
3811.817288547367,23.2
3831.7417094641373,23.0
3851.7702756005806,22.8
3871.9035313251793,22.7
3892.1420238518376,22.6
3912.4863032547537,22.5
3932.936922483372,22.4
3953.4944373774106,22.2
3974.1594066819653,22.1
3994.9323920627126,21.9
4015.8139581211503,21.1
4036.8046724099613,20.2
4057.9051054484326,19.8
4079.115830737964,19.5
4100.437424777656,19.2
4121.870467079975,18.9
4143.41554018651,18.3
4165.0732296838005,17.7
4186.844124219257,17.5
4208.728815517151,17.4
4230.72789839472,17.2
4252.841970778305,17.0
4275.071633719623,16.8
4297.417491412092,16.6
4319.880151207261,16.4
4342.460223631314,16.2
4365.158322401661,16.0
4387.975064443623,15.9
4410.911069907196,15.8
4433.9669621839075,15.5
4457.1433679237725,15.2
4480.4409170523,15.0
4503.860242787635,14.8
4527.40198165776,14.6
4551.0667735177985,14.4
4574.855261567406,14.7
4598.768092368251,15.4
4622.80591586159,16.2
4646.969385385929,16.6
4671.25915769478,16.9
4695.675892974527,17.3
4720.220254862348,17.8
4744.892910464259,18.5
4769.694530373255,19.2
4794.625788687525,19.8
4819.68736302878,20.3
4844.87993456067,20.8
4870.204188007296,21.2
4895.660811671819,21.5
4921.250497455168,21.7
4946.973940874864,21.9
4972.8318410838865,22.0
4998.824900889706,22.2
5024.953826773381,22.3
5051.219328908747,22.4
5077.622121181736,22.4
5104.162921209768,22.4
5130.842450361258,22.4
5157.661433775227,22.4
5184.620600380999,22.4
5211.720682918039,22.4
5238.962417955835,22.3
5266.346545913939,22.2
5293.873811082085,22.1
5321.544961640422,22.0
5349.360749679845,21.8
5377.321931222439,21.5
5405.429266242027,21.2
5433.683518684824,21.0
5462.085456490198,20.7
5490.635851611563,20.4
5519.335480037329,20.1
5548.185121812011,19.8
5577.185561057427,19.6
5606.337585994012,19.3
5635.641988962242,19.0
5665.0995664441625,19.1
5694.7111190850455,19.3
5724.477451715144,19.5
5754.399373371566,19.6
5784.477697320285,19.8
5814.713241078208,20.0
5845.10682643542,20.1
5875.659279477514,20.2
5906.371430608045,20.3
5937.244114571097,20.4
5968.278170473975,20.5
5999.4744418100045,20.6
6030.833776481469,20.6
6062.357026822636,20.7
6094.045049622959,20.8
6125.898706150321,20.9
6157.918862174471,21.0
6190.106387990547,21.1
6222.462158442733,21.1
6254.987052948034,21.2
6287.681955520183,21.3
6320.547754793659,21.3
6353.585344047851,21.4
6386.795621231329,21.4
6420.179488986247,21.4
6453.7378546729,21.4
6487.471630394349,21.4
6521.381733021235,21.5
6555.469084216698,21.5
6589.734610461422,21.6
6624.179243078815,21.6
6658.80391826033,21.7
6693.609577090902,21.7
6728.597165574533,21.8
6763.767634659991,22.0
6799.1219402666875,22.1
6834.661043310619,22.2
6870.385909730507,22.3
6906.297510514049,22.4
6942.39682172431,22.4
6978.684824526248,22.3
7015.162505213385,22.2
7051.830855234612,22.1
7088.690871221135,22.1
7125.7435550135615,22.1
7162.989913689153,22.1
7200.430959589155,22.0
7238.067710346342,21.9
7275.901188912673,21.9
7313.932423587085,21.9
7352.162448043451,21.9
7390.59230135867,21.9
7429.22302804091,21.9
7468.055678057999,21.9
7507.091306865953,22.0
7546.330975437692,22.2
7585.775750291836,22.4
7625.426703521717,22.5
7665.284912824515,22.7
7705.351461530549,22.9
7745.627438632719,23.1
7786.113938816104,23.2
7826.81206248772,23.4
7867.722915806424,23.6
7908.847610712972,24.4
7950.187264960275,25.4
7991.743002143727,25.9
8033.515951731782,26.3
8075.507249096639,26.6
8117.718035545101,26.9
8160.149458349601,27.6
8202.80267077938,28.5
8245.67883213183,29.1
8288.77910776401,29.4
8332.104669124305,29.7
8375.656693784302,30.0
8419.436365470749,30.6
8463.444874097753,31.5
8507.683415799123,31.9
8552.153192960874,32.2
8596.855414253905,32.4
8641.791294666864,32.6
8686.962055539152,32.7
8732.36892459413,32.8
8778.01313597248,32.9
8823.895930265779,32.8
8870.018554550163,32.7
8916.382262420266,32.6
8962.988314023276,32.5
9009.83797609319,32.4
9056.932521985234,32.0
9104.273231710486,30.9
9151.861391970657,29.9
9199.698296193066,29.6
9247.785244565785,29.2
9296.12354407301,28.8
9344.714508530542,28.2
9393.559458621517,26.7
9442.659721932305,25.4
9492.016632988581,25.1
9541.631533291613,25.1
9591.505771354708,25.2
9641.64070273987,25.1
9692.037690094652,25.0
9742.698103189163,24.9
9793.623318953358,24.7
9844.814721514387,24.4
9896.27370223427,24.1
9948.001659747684,24.0
10000.0,24.0
10052.270136285486,24.0
10104.813489285681,24.0
10157.6314871081,24.1
10210.725565324987,24.1
10264.09716701231,24.1
10317.747742788988,24.1
10371.678750856474,24.1
10425.891657038128,24.0
10480.387934819217,23.7
10535.16906538697,23.2
10590.236537670813,22.9
10645.591848382772,22.6
10701.236502058211,22.4
10757.172011096769,22.2
10813.399895803414,21.9
10869.921684429703,21.7
10926.73891321545,22.0
10983.85312643042,22.4
11041.265876416248,22.3
11098.978723628681,22.1
11156.993236680037,22.2
11215.310992381786,22.3
11273.933575787378,22.5
11332.862580235347,22.6
11392.099607392682,22.6
11451.646267298307,22.5
11511.504178406769,22.4
11571.674967632372,22.0
11632.16027039332,21.6
11692.961730656129,21.5
11754.08100098034,21.2
11815.519742563505,20.8
11877.27962528627,20.4
11939.362327757724,20.0
12001.76953736107,19.6
12064.50295029953,19.2
12127.56427164241,18.7
12190.95521537136,18.1
12254.677504427105,17.8
12318.732870756214,17.6
12383.123055358106,17.2
12447.849808332432,16.9
12512.914888926687,16.9
12578.320065583976,16.8
12644.067115991029,16.7
12710.157827126544,16.6
12776.593995309939,16.3
12843.377426249857,15.9
12910.50993509343,15.2
12977.99334647565,14.3
13045.829494568892,13.4
13114.020223132724,13.4
13182.567385564074,13.3
13251.472844947652,12.9
13320.738474106534,12.3
13390.366155652993,11.9
13460.35778203982,11.5
13530.715255611682,11.3
13601.440488656775,9.2
13672.535403458849,6.1
13744.001932349513,5.5
13815.842017760702,6.2
13888.057612277411,9.0
13960.650678690825,11.6
14033.62319005172,12.2
14106.977129724035,12.5
14180.714491438697,13.2
14254.837279347976,14.2
14329.347508079869,15.0
14404.247202792812,15.7
14479.538399230763,16.1
14555.223143778607,16.7
14631.303493517702,17.7
14707.78151628175,18.7
14784.65929071304,19.3
14861.938906319014,19.4
14939.622463529,19.5
15017.712073751207,19.4
15096.209859430292,19.2
15175.117954104964,19.0
15254.438502465904,18.7
15334.173660414117,18.3
15414.325595119602,18.0
15494.896485080177,17.8
15575.88852018064,17.2
15657.303901752315,16.6
15739.1448426331,16.0
15821.413567227246,15.3
15904.112311566014,14.7
15987.243323368504,14.3
16070.808862102673,13.4
16154.811199046684,12.2
16239.252617350698,11.2
16324.135412099,10.6
16409.461890372313,10.0
16495.23437131044,9.4
16581.455186175313,8.9
16668.12667841462,8.6
16755.251203725067,8.2
