10.0,10.1
10.052270136285475,10.0
10.104813489285682,9.5
10.157631487108103,9.0
10.210725565324982,8.9
10.264097167012295,8.9
10.317747742789004,9.0
10.371678750856479,9.1
10.425891657038118,9.2
10.480387934819216,9.2
10.535169065386981,9.3
10.590236537670812,9.4
10.64559184838276,9.4
10.701236502058206,9.5
10.757172011096776,9.6
10.813399895803409,9.7
10.869921684429707,9.7
10.926738913215466,9.8
10.98385312643042,9.8
11.041265876416237,9.9
11.098978723628681,9.9
11.156993236680048,10.0
11.215310992381788,10.0
11.27393357578736,10.1
11.332862580235341,10.2
11.392099607392687,10.2
11.451646267298301,10.3
11.511504178406776,10.4
11.571674967632385,10.5
11.632160270393321,10.6
11.692961730656117,10.7
11.75408100098034,10.7
11.815519742563518,10.8
11.87727962528627,10.9
11.939362327757706,11.0
12.001769537361062,11.0
12.064502950299536,11.1
12.127564271642404,11.1
12.190955215371359,11.2
12.254677504427118,11.2
12.318732870756214,11.3
12.383123055358094,11.4
12.447849808332432,11.5
12.5129148889267,11.6
12.578320065583968,11.7
12.644067115991009,11.8
12.710157827126565,11.8
12.776593995309947,11.8
12.843377426249843,11.8
12.910509935093431,11.8
12.977993346475664,11.9
13.045829494568892,12.0
13.11402022313271,12.0
13.182567385564074,12.1
13.251472844947658,12.1
13.320738474106527,12.2
13.390366155653,12.2
13.460357782039841,12.3
13.530715255611682,12.3
13.601440488656761,12.4
13.672535403458848,12.4
13.744001932349526,12.5
13.815842017760701,12.5
13.888057612277397,12.6
13.960650678690818,12.7
14.033623190051728,12.8
14.10697712972403,12.8
14.180714491438705,12.9
14.25483727934799,13.0
14.32934750807987,13.2
14.404247202792797,13.3
14.479538399230764,13.4
14.55522314377862,13.4
14.631303493517702,13.5
14.707781516281727,13.5
14.784659290713032,13.6
14.861938906319022,13.6
14.939622463528993,13.7
15.017712073751214,13.7
15.096209859430308,13.8
15.175117954104964,13.8
15.254438502465888,13.9
15.334173660414118,13.9
15.414325595119617,14.0
15.494896485080169,14.1
15.575888520180618,14.2
15.65730390175234,14.3
15.73914484263311,14.4
15.821413567227237,14.5
15.904112311566013,14.5
15.98724332336852,14.6
16.070808862102673,14.7
16.154811199046666,14.7
16.239252617350697,14.8
16.324135412099007,14.9
16.409461890372306,14.9
16.495234371310413,15.0
16.58145518617534,15.0
16.668126678414627,15.1
16.755251203725052,15.2
16.84283113011666,15.2
16.930868837977105,15.3
17.01936672013636,15.4
17.108327181931763,15.5
17.197752641273365,15.6
17.28764552870969,15.7
17.378008287493753,15.7
17.4688433736495,15.8
17.560153256038525,15.9
17.651940416427212,16.0
17.744207349554188,16.0
17.836956563198083,16.0
17.93019057824573,16.1
18.023911928760675,16.1
18.118123162052047,16.2
18.21282683874379,16.3
18.30802553284428,16.3
18.403721831816252,16.3
18.499918336647156,16.3
18.59661766191982,16.3
18.69382243588356,16.4
18.791535300525574,16.5
18.889758911642755,16.6
18.98849593891389,16.6
19.08774906597221,16.7
19.187520990478333,16.8
19.287814424193606,16.8
19.388632093053765,16.9
19.48997673724305,17.0
19.591851111268685,17.1
19.69425798403576,17.1
19.79720013892245,17.2
19.90068037385568,17.2
20.004701501387192,17.3
20.109266348769967,17.4
20.214377758035074,17.5
20.320038586068932,17.5
20.426251704690927,17.6
20.533020000731486,17.6
20.64034637611054,17.7
20.748233747916412,17.7
20.856685048485062,17.8
20.965703225479817,17.9
21.075291241971485,18.0
21.185452076518878,18.1
21.296188723249774,18.2
21.407504191942323,18.3
21.519401508106792,18.3
21.631883713067854,18.4
21.744953864047204,18.5
21.858615034246718,18.5
21.972870312931903,18.6
22.087722805515906,18.6
22.203175633643916,18.7
22.319231935278008,18.7
22.435894864782412,18.8
22.553167593009288,18.8
22.671053307384867,18.9
22.789555211996095,19.0
22.908676527677724,19.1
23.028420492099883,19.2
23.148790359856015,19.3
23.26978940255137,19.3
23.391420908891938,19.4
23.51368818477381,19.5
23.63659455337303,19.6
23.760143355235964,19.6
23.884337948370025,19.7
24.009181708334992,19.7
24.134678028334722,19.8
24.260830319309434,19.8
24.387642010028344,19.9
24.515116547182902,20.0
24.64325739548046,20.1
24.772068037738443,20.1
24.901551974979007,20.1
25.031712726524198,20.1
25.162553830091625,20.1
25.294078841890578,20.2
25.426291336718684,20.3
25.559194908059133,20.4
25.692793168178262,20.4
25.827089748223784,20.5
25.96208829832347,20.6
26.097792487684362,20.7
26.234206004692496,20.8
26.371332557013133,20.8
26.5091758716916,20.9
26.647739695254497,20.9
26.787027793811582,21.0
26.9270439531581,21.0
27.06779197887776,21.1
27.209275696446046,21.1
27.351498951334275,21.2
27.494465609114105,21.2
27.638179555562576,21.3
27.782644696767733,21.4
27.92786495923483,21.4
28.07384428999299,21.5
28.220586656702505,21.6
28.368096047762684,21.7
28.516376472420284,21.8
28.66543196087842,21.9
28.815266564406134,21.9
28.965884355448516,22.0
29.11728942773738,22.1
29.26948589640251,22.2
29.42247789808359,22.2
29.57626959104251,22.2
29.730865155276486,22.2
29.88626879263161,22.2
30.04248472691713,22.3
30.19951720402016,22.3
30.357370492021133,22.4
30.516048881309793,22.4
30.675556684701824,22.5
30.835898237556027,22.6
30.99707789789224,22.6
31.15910004650967,22.7
31.321969087106055,22.8
31.485689446397288,22.9
31.650265574237824,23.0
31.815701943741516,23.1
31.98200305140326,23.2
32.14917341722119,23.3
32.31721758481955,23.3
32.486140121572134,23.4
32.655945618726484,23.4
32.82663869152868,23.5
32.99822397934869,23.6
33.170706145806605,23.6
33.34408987889928,23.6
33.51837989112781,23.7
33.69358091962557,23.7
33.86969772628702,23.7
34.04673509789711,23.7
34.224697846261364,23.8
34.40359080833668,23.9
34.58341884636283,23.9
34.764186847994516,24.0
34.94589972643436,24.0
35.12856242056629,24.1
35.312179895089876,24.3
35.496757140655234,24.4
35.68229917399868,24.4
35.86881103807908,24.5
36.05629780221492,24.5
36.24476456222205,24.6
36.434216440552284,24.7
36.6246585864325,24.8
36.81609617600466,24.8
37.00853441246656,24.8
37.2019785262131,24.8
37.39643377497855,24.8
37.591905443979435,24.8
37.788398846058186,24.9
37.985919321827524,24.9
38.184472239815605,25.0
38.384062996612016,25.0
38.584697017014335,25.1
38.786379754175634,25.2
38.98911668975273,25.2
39.1929133340551,25.3
39.39777522619469,25.4
39.60370793423646,25.5
39.810717055349734,25.6
40.0188082159603,25.6
40.227987071903335,25.6
40.43825930857721,25.6
40.64963064109788,25.7
40.8621068144543,25.8
41.075693603664625,25.9
41.29039681393302,25.9
41.506222280807584,26.0
41.72317587033889,26.0
41.94126347923944,26.1
42.16049103504393,26.1
42.38086449627034,26.2
42.60238985258197,26.2
42.825073124950116,26.3
43.04892036581776,26.3
43.27393765926414,26.3
43.500131121170035,26.3
43.727506899384,26.4
43.956071173889484,26.5
44.18583015697281,26.6
44.416790093392,26.7
44.648957260546474,26.8
44.88233796864779,26.9
45.116938560890986,26.9
45.35276541362708,27.0
45.58982493653644,27.0
45.82812357280281,27.0
46.067667799288614,27.0
46.308464126710895,27.0
46.55051909981832,27.1
46.793839297569036,27.1
47.03843133330949,27.2
47.28430185495417,27.2
47.531457545166376,27.3
47.77990512153967,27.3
48.02965133678067,27.3
48.28070297889241,27.3
48.53306687135893,27.3
48.78674987333074,27.3
49.041758879811184,27.5
49.298100821843896,27.6
49.55578266670119,27.7
49.81481141807335,27.7
50.07519411625915,27.7
50.336937838356974,27.7
50.60004969845742,27.7
50.86453684783644,27.8
51.13040647514984,27.9
51.39766580662862,28.0
51.66632210627541,28.0
51.93638267606184,28.1
52.20785485612707,28.2
52.48074602497726,28.2
52.75506359968615,28.2
53.030815036096584,28.3
53.308007829023246,28.4
53.58664951245627,28.4
53.866747659766084,28.4
54.148309883909214,28.4
54.431343837635225,28.4
54.7158572136947,28.5
55.00185774504835,28.6
55.28935320507712,28.6
55.57835140779364,28.6
55.86886020805435,28.6
56.160887501773274,28.6
56.45444122613637,28.6
56.74952935981742,28.7
57.04615992319485,28.7
57.34434097856969,28.7
57.64408063038476,28.8
57.94538702544487,28.9
58.24826835313831,28.9
58.552732845659456,28.9
58.85878877823242,28.9
59.166444469336014,28.9
59.475708280929936,28.9
59.786588618681876,29.0
60.0990939321961,29.1
60.41323271524305,29.1
60.72901350599024,29.1
61.046444887234294,29.1
61.365535486634215,29.1
61.686293976945976,29.3
62.008729076258064,29.4
62.332849548228545,29.4
62.658664202323344,29.4
62.98618189405547,29.4
63.315411525225876,29.4
63.64636204416533,29.4
63.979042445977655,29.4
64.31346177278421,29.4
64.64962911396958,29.5
64.98755360642885,29.6
65.32724443481563,29.6
65.66871083179183,29.6
66.01196207827876,29.6
66.35700750370908,29.6
66.7038564862806,29.6
67.05251845321108,29.6
67.40300288099445,29.6
67.75531929565844,29.6
68.1094772730234,29.6
68.46548643896274,29.7
68.82335646966433,29.8
69.18309709189363,29.8
69.54471808325809,29.8
69.90822927247277,29.8
70.27364053962762,29.8
70.6409618164559,29.8
71.01020308660422,29.8
71.38137438590384,29.8
71.75448580264342,29.8
72.12954747784322,29.8
72.50656960553087,29.8
72.88556243301818,29.8
73.26653626117992,29.8
73.64950144473359,29.8
74.03446839252094,29.8
74.42144756779092,29.8
74.810449488484,29.8
75.20148472751808,29.8
75.59456391307583,29.8
75.98969772889355,29.8
76.38689691455168,29.8
76.78617226576647,29.9
77.18753463468363,29.9
77.59099493017311,29.9
77.99656411812569,29.9
78.404253221751,29.9
78.8140733218772,29.9
79.226035557252,29.9
79.64015112484554,29.9
80.05643128015467,29.9
80.47488733750892,29.9
80.89553067037787,29.9
81.31837271168051,30.0
81.74342495409579,30.0
82.170698950375,30.1
82.60020631365589,30.1
83.03195871777821,30.1
83.46596789760103,30.1
83.90224564932171,30.1
84.34080383079642,30.1
84.78165436186265,30.1
85.22480922466286,30.1
85.67028046397054,30.1
86.11808018751721,30.1
86.56822056632171,30.1
87.020713835021,30.1
87.47557229220259,30.1
87.93280830073893,30.1
88.39243428812335,30.1
88.85446274680783,30.1
89.31890623454267,30.1
89.78577737471758,30.1
90.25508885670492,30.1
90.72685343620469,30.1
91.20108393559097,30.1
91.67779324426061,30.1
92.15699431898352,30.1
92.63870018425483,30.1
93.12292393264887,30.1
93.60967872517497,30.1
94.09897779163542,30.1
94.5908344309847,30.1
95.0852620116911,30.1
95.58227397210023,30.1
96.08188382079996,30.1
96.5841051369878,30.1
97.08895157083991,30.1
97.59643684388209,30.1
98.10657474936274,30.1
98.61937915262773,30.1
99.13486399149741,30.1
99.65304327664518,30.1
100.17393109197839,30.1
100.69754159502135,30.1
101.22388901729977,30.1
101.75298766472777,30.1
102.28485191799675,30.1
102.81949623296607,30.1
103.35693514105618,30.1
103.89718324964329,30.2
104.44025524245698,30.3
104.98616587997819,30.3
105.53492999984189,30.3
106.08656251723878,30.3
106.64107842532215,30.3
107.19849279561431,30.3
107.75882077841675,30.3
108.32207760322176,30.5
108.88827857912626,30.6
109.45743909524856,30.6
110.02957462114523,30.6
110.60470070723336,30.6
111.18283298521138,30.6
111.76398716848561,30.6
112.3481790525961,30.6
112.93542451564652,30.6
113.5257395187356,30.7
114.11914010639099,30.8
114.71564240700522,30.8
115.3152626332741,30.8
115.91801708263789,30.8
116.52392213772293,30.8
117.13299426678874,30.8
117.74525002417371,30.8
118.36070605074681,30.8
118.97937907435858,30.8
119.60128591029638,30.8
120.22644346174131,30.8
120.85486872022751,30.8
121.4865787661046,30.8
122.12159076900052,30.8
122.75992198829012,30.8
123.40158977356222,30.9
124.04661156509306,31.0
124.69500489431896,31.0
125.34678738431336,31.0
126.00197675026583,31.0
126.6605907999634,31.0
127.3226474342747,31.0
127.98816464763628,31.0
128.6571605285424,31.0
129.32965326003517,31.0
130.00566112020084,31.0
130.68520248266435,31.0
131.36829581709074,31.0
132.05495968968575,31.0
132.74521276370103,31.0
133.43907379994133,31.0
134.1365616572744,31.0
134.83769529314347,31.0
135.54249376408254,31.0
136.25097622623485,31.0
136.96316193587217,31.0
137.67907024992007,31.0
138.39872062648203,31.0
139.1221326253702,31.0
139.84932590863562,31.0
140.58032024110324,31.0
141.31513549090906,31.0
142.05379163003997,31.0
142.7963087348772,31.0
143.5427069867405,31.0
144.29300667243896,31.0
145.04722818481977,31.0
145.80539202332486,31.0
146.56751879454652,31.0
147.333629212788,31.0
148.1037441006266,31.0
148.87788438947953,31.0
149.65607112017267,31.0
150.43832544351253,31.0
151.2246686208618,31.0
152.01512202471548,31.0
152.80970713928414,31.0
153.6084455610754,31.0
154.41135899948313,31.0
155.218469277376,31.0
156.02979833169113,31.0
156.8453682140304,30.9
157.66520109125955,30.8
158.48931924611142,30.8
159.3177450777899,30.8
160.15050110258113,30.8
160.9876099544629,30.8
161.82909438572216,30.7
162.67497726757185,30.7
163.52528159077312,30.6
164.38003046626017,30.6
165.23924712576837,30.6
166.1029549224657,30.6
166.97117733158728,30.6
167.8439379510743,30.7
168.72126050221348,30.8
169.60316883028446,30.8
170.48968690520502,30.8
171.38083882218535,30.8
172.27664880238083,30.8
173.17714119355136,30.8
174.08234047072295,30.8
174.99227123685273,30.8
175.9069582234984,30.8
176.82642629148881,30.8
177.75070043160196,30.8
178.67980576524164,30.8
179.61376754512278,30.8
180.55261115595593,30.8
181.49636211513797,30.8
182.44504607344558,30.8
183.39868881573247,30.8
184.35731626163007,30.8
185.3209544662519,30.8
186.28962962090262,30.8
187.26336805378796,30.8
188.24219623073301,30.8
189.2261407558986,30.8
190.21522837250714,30.8
191.20948596356752,30.8
192.20894055260666,30.8
193.21361930440384,30.8
194.22354952572874,30.8
195.2387586660848,30.8
196.25927431845295,30.8
197.28512422004457,30.8
198.31633625305224,30.8
199.35293844541056,30.8
200.39495897155572,30.8
201.4424261531923,30.8
202.4953684600627,30.8
203.55381451072122,30.7
204.6177930733116,30.6
205.6873330663489,30.6
206.76246355950653,30.6
207.84321377440395,30.6
208.92961308540407,30.6
210.02169102040844,30.6
211.11947726166272,30.6
212.22300164656127,30.6
213.33229416845913,30.6
214.447384977487,30.6
215.5683043813707,30.6
216.69508284625502,30.6
217.8277509975314,30.6
218.9663396206716,30.6
220.1108796620618,30.6
221.26140222984722,30.6
222.41793859477394,30.6
223.5805201910423,30.6
224.74917861715863,30.6
225.9239456367954,30.6
227.10485317965416,30.6
228.29193334233327,30.6
229.48521838920135,30.6
230.68474075327168,30.5
231.89053303708724,30.4
233.102628013603,30.3
234.32105862708036,30.3
235.5458579939798,30.3
236.77705940386227,30.3
238.0146963202937,30.3
239.25880238175446,30.3
240.50941140255387,30.3
241.76655737374873,30.3
243.03027446406858,30.2
244.30059702084168,30.2
245.57755957093218,30.1
246.86119682167464,30.1
248.1515436618211,30.1
249.44863516248657,30.1
250.75250657810346,30.1
252.0631933473797,30.1
253.3807310942614,30.1
254.7051556289027,30.1
256.03650294863604,30.1
257.3748092389545,30.1
258.72011087449107,30.1
260.0724444200114,30.1
261.4318466314045,30.1
262.79835445668317,30.1
264.17200503698814,30.1
265.5528357075972,30.1
266.94088399894025,30.1
268.336187637619,30.1
269.7387845474336,30.1
271.1487128504106,30.1
272.56601086784315,30.1
273.9907171213279,30.1
275.4228703338166,30.1
276.86250943066517,30.1
278.30967354069315,30.1
279.764401997247,30.1
281.2267343392687,30.1
282.6967103123723,30.1
284.1743698699204,30.1
285.65975317411466,30.1
287.152900597083,30.1
288.6538527219809,30.1
290.16265034409145,30.1
291.67933447193553,30.1
293.203946328386,30.1
294.7365273517884,30.1
296.27711919708696,30.1
297.8257637369567,30.1
299.38250306294265,30.1
300.947379486601,30.1
302.52043554065347,30.1
304.1017139801383,30.1
305.69125778357716,30.1
307.2891101541398,30.1
308.8953145208197,30.1
310.5099145396145,30.1
312.1329540947119,30.1
313.76447729968413,30.1
315.40452849868336,30.1
317.0531522676519,30.1
318.71039341552853,30.1
320.3762969854716,30.1
322.05090825607795,30.1
323.7342727426186,30.1
325.4264361982722,30.1
327.1274446153702,30.1
328.83734422664674,30.1
330.55618150649445,30.1
332.28400317222986,30.1
334.02085618535915,30.1
335.76678775285944,30.1
337.52184532845695,30.1
339.28607661392135,30.1
341.0595295603587,30.0
342.84225236951676,29.9
344.63429349509414,29.9
346.4357016440579,29.9
348.24652577796684,29.9
350.06681511430224,29.9
351.8966191278073,29.9
353.7359875518278,29.9
355.5849703796693,29.9
357.44361786595016,29.9
359.3119805279728,29.9
361.1901091470929,29.9
363.0780547701014,29.9
364.9758687106112,29.9
366.8836025504522,29.9
368.80130814107446,29.9
370.72903760495365,29.9
372.66684333701346,29.9
374.6147780060434,29.9
376.57289455613636,29.9
378.54124620812286,29.9
380.5198864610201,29.9
382.50886909348526,29.8
384.5082481652772,29.8
386.51807801872604,29.8
388.53841328020957,29.8
390.56930886163985,29.8
392.6108199619517,29.8
394.6630020686084,29.8
396.7259109591041,29.7
398.7996027024853,29.6
400.8841336608706,29.6
402.9795604909844,29.6
405.0859401456969,29.6
407.20332987557106,29.6
409.331787230421,29.6
411.4713700608718,29.6
413.6221365199375,29.6
415.78414506459575,29.6
417.95745445738237,29.6
420.1421237679842,29.6
422.33821237484636,29.5
424.5457799667861,29.5
426.76488654461485,29.4
428.9955924227691,29.4
431.23795823094935,29.4
433.49204491576995,29.4
435.7579137424112,29.4
438.0356262962907,29.4
440.3252444847303,29.4
442.62683053864555,29.3
444.9404470142319,29.2
447.2661567946673,29.1
449.60402309182115,29.1
451.9541094479714,29.1
454.3164797375345,29.1
456.6911981687959,29.1
459.0783292856624,29.1
461.4779379694089,29.1
463.89008944044906,29.1
466.31484926010245,29.1
468.7522833323791,29.1
471.20245790577025,29.1
473.6654395750488,29.1
476.14129528307956,29.1
478.630092322638,29.1
481.1318983382419,29.1
483.6467813279844,29.1
486.1748096453894,29.1
488.7160520012619,29.0
491.27057746556244,28.9
493.8384554692794,28.9
496.4197558063182,28.9
499.01454863539806,28.9
501.6229044819588,28.9
504.24489424007766,28.8
506.88058917439554,28.8
509.53006092205686,28.7
512.1933814946506,28.7
514.8706232801756,28.6
517.5618590449992,28.6
520.2671619358439,28.6
522.9866054817683,28.6
525.7202635961694,28.6
528.4682105787901,28.6
531.230521117739,28.5
534.0072702915224,28.5
536.7985335710792,28.4
539.6043868218401,28.4
542.4249063057814,28.4
545.2601686835053,28.4
548.1102510163182,28.4
550.9752307683272,28.4
553.8551858085453,28.4
556.7501944130083,28.4
559.6603352669016,28.4
562.5856874666987,28.4
565.5263305223134,28.3
568.4823443592555,28.3
571.4538093208106,28.2
574.4408061702153,28.2
577.4434160928608,28.2
580.4617206984933,28.2
583.4958020234345,28.2
586.5457425328113,28.2
589.6116251227962,28.2
592.6935331228639,28.2
595.7915502980484,28.1
598.9057608512304,28.0
602.0362494254149,27.9
605.1831011060411,27.9
608.3464014232891,27.9
611.5262363544065,27.9
614.7226923260454,27.9
617.9358562166111,27.9
621.1658153586235,27.9
624.4126575410903,27.9
627.6764710118958,27.9
630.957344480193,27.8
634.2553671188238,27.7
637.5706285667327,27.7
640.9032189314127,27.7
644.2532287913472,27.7
647.6207491984753,27.7
651.0058716806659,27.7
654.4086882442045,27.7
657.8292913762976,27.7
661.2677740475787,27.7
664.7242297146454,27.7
668.1987523225889,27.7
671.6914363075575,27.7
675.2023765993158,27.7
678.7316686238282,27.7
682.2794083058518,27.7
685.8456920715438,27.6
689.4306168510824,27.5
693.0342800813003,27.5
696.6567797083366,27.5
700.2982141902914,27.5
703.9586824999124,27.5
707.6382841272731,27.5
711.3371190824884,27.5
715.0552878984242,27.5
718.7928916334344,27.5
722.5500318741055,27.5
726.3268107380181,27.5
730.123330876526,27.5
733.9396954775374,27.5
737.7760082683312,27.5
741.6323735183645,27.5
745.508896042117,27.5
749.4056812019327,27.5
753.3228349108862,27.5
757.2604636356614,27.6
761.2186743994453,27.6
765.1975747848361,27.7
769.1972729367671,27.7
773.2178775654501,27.7
777.2594979493206,27.7
781.3222439380205,27.7
785.406225955371,27.7
789.5115550023859,27.7
793.6383426602791,27.7
797.7867010935024,27.7
801.9567430527921,27.7
806.1485818782347,27.7
810.3623315023465,27.7
814.59810645317,27.7
818.8560218573906,27.7
823.1361934434566,27.7
827.4387375447371,27.7
831.7637711026708,27.7
836.1114116699566,27.7
840.4817774137397,27.7
844.8749871188272,27.7
849.2911601909162,27.7
853.7304166598383,27.7
858.1928771828257,27.7
862.6786630477819,27.6
867.1878961765907,27.5
871.7206991284164,27.5
876.2771951030477,27.5
880.8575079442367,27.5
885.4617621430697,27.5
890.0900828413493,27.5
894.742595834996,27.5
899.4194275774676,27.5
904.1207051831946,27.5
908.8465564310401,27.5
913.5971097677627,27.5
918.3724943115215,27.5
923.1728398553701,27.5
927.998276870799,27.5
932.8489365112713,27.5
937.7249506157918,27.5
942.6264517124897,27.5
947.5535730222193,27.5
952.5064484621864,27.5
957.4852126495767,27.5
962.4900009052299,27.5
967.5209492573013,27.5
972.5781944449744,27.5
977.6618739221665,27.5
982.772125861269,27.5
987.9090891569025,27.5
993.0729034296917,27.5
998.26370903006,27.5
1003.4816470420445,27.4
1008.7268592871307,27.3
1013.9994883281055,27.3
1019.2996774729368,27.3
1024.627570778662,27.3
1029.9833130553077,27.3
1035.3670498698243,27.3
1040.778927550043,27.3
1046.219093188652,27.3
1051.687694647196,27.2
1057.1848805600926,27.2
1062.7108003386745,27.2
1068.2656041752484,27.2
1073.849443047181,27.2
1079.4624687209969,27.2
1085.104833756507,27.2
1090.7766915109553,27.2
1096.4781961431852,27.1
1102.2095026178308,27.1
1107.9707667095288,27.0
1113.7621450071517,27.0
1119.5837949180645,26.9
1125.4358746724013,26.8
1131.3185433273702,26.8
1137.231960771571,26.8
1143.1762877293438,26.8
1149.1516857651375,26.8
1155.1583172879002,26.7
1161.1963455554942,26.6
1167.2659346791324,26.5
1173.3672496278396,26.4
1179.5004562329357,26.3
1185.6657211925422,26.2
1191.8632120761172,26.1
1198.0930973290035,26.1
1204.355546277011,26.0
1210.650729131018,26.0
1216.9788169915967,26.0
1223.3399818536654,26.0
1229.7343966111616,26.0
1236.162235061742,25.9
1242.6236719115057,25.9
1249.1188827797416,25.8
1255.6480442037073,25.7
1262.2113336434193,25.7
1268.8089294864806,25.6
1275.4410110529293,25.5
1282.1077586001115,25.4
1288.8093533275808,25.3
1295.5459773820237,25.2
1302.3178138622095,25.2
1309.1250468239675,25.1
1315.967861285188,25.0
1322.8464432308563,25.0
1329.7609796180998,24.9
1336.7116583812742,24.9
1343.6986684370715,24.8
1350.7221996896535,24.8
1357.782443035813,24.8
1364.879590370164,24.7
1372.0138345903551,24.6
1379.1853696023147,24.6
1386.3943903255179,24.6
1393.6410926982915,24.6
1400.9256736831292,24.6
1408.248331272053,24.6
1415.6092644919916,24.6
1423.0086734101894,24.5
1430.4467591396458,24.4
1437.9237238445805,24.3
1445.439770745928,24.3
1452.9951041268616,24.4
1460.589929338344,24.4
1468.224452804715,24.4
1475.898882029292,24.4
1483.6134256000173,24.4
1491.3682931951248,24.4
1499.1636955888393,24.3
1506.999844657106,24.2
1514.8769533833477,24.1
1522.7952358642551,24.2
1530.754907315605,24.3
1538.7561840781082,24.4
1546.799283623296,24.4
1554.8844245594228,24.4
1563.0118266374113,24.4
1571.181710756826,24.4
1579.3942989718767,24.4
1587.649814497453,24.5
1595.9484817151922,24.6
1604.2905261795772,24.6
1612.6761746240677,24.6
1621.1056549672617,24.6
1629.5791963190893,24.6
1638.097028987047,24.6
1646.6593844824454,24.6
1655.266495526711,24.6
1663.9185960577072,24.7
1672.6159212360947,24.8
1681.3587074517213,24.8
1690.1471923300487,24.8
1698.9816147386093,24.8
1707.8622147934998,24.8
1716.789233865905,24.8
1725.7629145886658,24.8
1734.7835008628629,24.8
1743.8512378644525,24.8
1752.9663720509295,24.8
1762.1291511680254,24.8
1771.3398242564415,24.8
1780.598641658619,24.8
1789.9058550255418,24.8
1799.2617173235774,24.7
1808.6664828413498,24.7
1818.1204071966588,24.6
1827.6237473434162,24.6
1837.1767615786375,24.6
1846.7797095494598,24.7
1856.4328522602,24.8
1866.1364520794475,24.8
1875.8907727471963,24.9
1885.6960793820124,24.9
1895.552638488241,24.8
1905.4607179632462,24.8
1915.4205871047022,24.8
1925.4325166178992,24.8
1935.4967786231095,24.8
1945.6136466629825,24.8
1955.783395709978,24.8
1966.006302173841,24.8
1976.282643909114,24.8
1986.6127002226892,24.8
1996.996751881399,24.8
2007.4350811196462,24.8
2017.927971647083,24.7
2028.4757086563097,24.7
2039.078578830634,24.6
2049.736870351861,24.6
2060.4508729081267,24.6
2071.22087770177,24.6
2082.0471774572497,24.5
2092.9300664290977,24.5
2103.8698404099196,24.4
2114.8667967384304,24.4
2125.9212343075446,24.3
2137.0334535724887,24.3
2148.2037565589744,24.2
2159.4324468714053,24.2
2170.71982970113,24.1
2182.0662118347364,24.0
2193.4719016623894,23.9
2204.937209186215,23.8
2216.4624460287228,23.8
2228.0479254412767,23.7
2239.6939623126154,23.7
2251.4008731773993,23.6
2263.168976224821,23.5
2274.9985913072546,23.5
2286.890039948944,23.4
2298.843645354747,23.3
2310.8597324189163,23.2
2322.9386277339318,23.1
2335.0806595993763,22.9
2347.2861580308577,22.7
2359.5554547689862,22.5
2371.8888832883777,22.4
2384.2867788067265,22.3
2396.7494782939148,22.2
2409.2773204811715,22.1
2421.8706458702773,21.9
2434.5297967428205,21.8
2447.2551171695004,21.7
2460.0469530194778,21.6
2472.905651969775,21.5
2485.8315635147337,21.4
2498.825038975499,21.4
2511.88643150958,21.3
2525.0160961204438,21.2
2538.2143896671673,21.2
2551.481670874133,21.1
2564.8183003407817,21.1
2578.224640551411,21.0
2591.7010558850307,21.0
2605.247912625263,20.9
2618.8655789702975,20.9
2632.5544250429093,20.8
2646.314822900502,20.8
2660.14714654523,20.8
2674.051771934164,20.8
2688.029076989506,20.8
2702.079441608862,20.8
2716.20324767557,20.8
2730.400879069075,20.8
2744.6727216753675,20.7
2759.0191633974646,20.6
2773.440594165967,20.4
2787.9374059496395,20.3
2802.509992766076,20.2
2817.1587506924047,20.1
2831.8840778760564,20.0
2846.686374545581,19.9
2861.5660430215316,19.5
2876.5234877273942,19.2
2891.5591152005823,19.0
2906.6733341034837,18.9
2921.8665552345788,18.9
2937.139191539587,18.8
2952.4916581227058,18.7
2967.9243722578863,18.7
2983.4377534001765,18.6
2999.0322231971227,18.6
3014.7082055002275,18.6
3030.466126376471,18.6
3046.306414119893,18.7
3062.229499263226,18.8
3078.2358145896155,19.1
3094.325795144359,19.4
3110.4998782467446,19.5
3126.7585035019356,19.7
3143.1021128129173,20.0
3159.5311503925072,20.3
3176.0460627754296,20.7
3192.6472988304513,21.0
3209.335309772584,21.2
3226.1105491753406,21.5
3242.973472983081,21.9
3259.924539523382,22.2
3276.9642095195077,22.5
3294.0929461029286,22.8
3311.311214825911,23.2
3328.6194836741684,23.7
3346.018223079582,24.4
3363.507905932988,24.8
3381.089007597027,24.9
3398.762005919066,25.1
3416.527381244194,25.2
3434.385616428264,25.6
3452.337196851022,25.9
3470.382610429304,26.0
3488.5223476302926,26.1
3506.7569014848486,26.2
3525.0867676009134,26.2
3543.512444176976,26.3
3562.034432015617,26.3
3580.6532345371147,26.3
3599.369357793143,26.3
3618.1833104805046,26.2
3637.095603954969,26.2
3656.1067522451726,26.1
3675.2172720665826,26.0
3694.4276828355482,25.9
3713.738506683413,25.6
3733.1502684707093,25.3
3752.6634958014215,25.0
3772.2787190373247,24.8
3791.9964713124127,24.7
3811.817288547367,24.6
3831.7417094641373,24.2
3851.7702756005806,23.8
3871.9035313251793,23.8
3892.1420238518376,23.7
3912.4863032547537,23.7
3932.936922483372,23.7
3953.4944373774106,23.6
3974.1594066819653,23.6
3994.9323920627126,23.5
4015.8139581211503,23.4
4036.8046724099613,23.2
4057.9051054484326,23.0
4079.115830737964,22.9
4100.437424777656,22.7
4121.870467079975,22.5
4143.41554018651,22.2
4165.0732296838005,21.9
4186.844124219257,21.6
4208.728815517151,21.4
4230.72789839472,21.2
4252.841970778305,21.1
4275.071633719623,20.8
4297.417491412092,20.4
4319.880151207261,20.2
4342.460223631314,20.0
4365.158322401661,19.8
4387.975064443623,19.6
4410.911069907196,19.0
4433.9669621839075,18.5
4457.1433679237725,18.4
4480.4409170523,18.3
4503.860242787635,18.2
4527.40198165776,18.1
4551.0667735177985,18.0
4574.855261567406,17.8
4598.768092368251,17.6
4622.80591586159,17.5
4646.969385385929,17.4
4671.25915769478,17.3
4695.675892974527,17.2
4720.220254862348,17.1
4744.892910464259,17.0
4769.694530373255,16.9
4794.625788687525,16.7
4819.68736302878,16.4
4844.87993456067,16.1
4870.204188007296,15.9
4895.660811671819,15.7
4921.250497455168,15.6
4946.973940874864,15.4
4972.8318410838865,15.2
4998.824900889706,15.0
5024.953826773381,14.8
5051.219328908747,14.5
5077.622121181736,14.4
5104.162921209768,14.2
5130.842450361258,14.1
5157.661433775227,13.9
5184.620600380999,13.7
5211.720682918039,13.5
5238.962417955835,13.4
5266.346545913939,13.2
5293.873811082085,13.1
5321.544961640422,13.0
5349.360749679845,12.9
5377.321931222439,12.7
5405.429266242027,12.6
5433.683518684824,12.5
5462.085456490198,12.4
5490.635851611563,12.3
5519.335480037329,12.2
5548.185121812011,12.0
5577.185561057427,11.7
5606.337585994012,11.5
5635.641988962242,11.4
5665.0995664441625,11.2
5694.7111190850455,11.1
5724.477451715144,10.8
5754.399373371566,10.5
5784.477697320285,10.2
5814.713241078208,10.0
5845.10682643542,9.9
5875.659279477514,9.9
5906.371430608045,9.9
5937.244114571097,9.8
5968.278170473975,9.8
5999.4744418100045,9.8
6030.833776481469,9.8
6062.357026822636,9.9
6094.045049622959,10.0
6125.898706150321,10.1
6157.918862174471,10.4
6190.106387990547,10.6
6222.462158442733,10.8
6254.987052948034,10.9
6287.681955520183,11.1
6320.547754793659,11.3
6353.585344047851,11.6
6386.795621231329,11.8
6420.179488986247,12.0
6453.7378546729,12.1
6487.471630394349,12.3
6521.381733021235,12.4
6555.469084216698,12.5
6589.734610461422,12.6
6624.179243078815,12.7
6658.80391826033,13.0
6693.609577090902,13.4
6728.597165574533,13.8
6763.767634659991,14.0
6799.1219402666875,14.2
6834.661043310619,14.3
6870.385909730507,14.4
6906.297510514049,14.5
6942.39682172431,14.6
6978.684824526248,14.7
7015.162505213385,14.8
7051.830855234612,14.8
7088.690871221135,14.8
7125.7435550135615,14.9
7162.989913689153,14.9
7200.430959589155,15.0
7238.067710346342,15.1
7275.901188912673,15.2
7313.932423587085,15.2
7352.162448043451,15.3
7390.59230135867,15.6
7429.22302804091,15.8
7468.055678057999,15.9
7507.091306865953,16.1
7546.330975437692,16.3
7585.775750291836,16.6
7625.426703521717,17.0
7665.284912824515,17.4
7705.351461530549,17.9
7745.627438632719,18.2
7786.113938816104,18.4
7826.81206248772,18.6
7867.722915806424,18.7
7908.847610712972,18.8
7950.187264960275,18.8
7991.743002143727,18.9
8033.515951731782,19.2
8075.507249096639,19.4
8117.718035545101,19.7
8160.149458349601,20.3
8202.80267077938,20.8
8245.67883213183,21.0
8288.77910776401,21.1
8332.104669124305,21.2
8375.656693784302,21.3
8419.436365470749,21.3
8463.444874097753,21.3
8507.683415799123,21.3
8552.153192960874,21.2
8596.855414253905,21.1
8641.791294666864,21.0
8686.962055539152,21.0
8732.36892459413,20.9
8778.01313597248,20.8
8823.895930265779,20.6
8870.018554550163,20.3
8916.382262420266,19.9
8962.988314023276,19.6
9009.83797609319,19.5
9056.932521985234,19.4
9104.273231710486,19.2
9151.861391970657,19.1
9199.698296193066,19.1
9247.785244565785,19.1
9296.12354407301,19.1
9344.714508530542,19.2
9393.559458621517,19.3
9442.659721932305,19.4
9492.016632988581,19.7
9541.631533291613,19.9
9591.505771354708,20.4
9641.64070273987,20.9
9692.037690094652,21.0
9742.698103189163,21.2
9793.623318953358,21.5
9844.814721514387,21.8
9896.27370223427,21.9
9948.001659747684,22.5
10000.0,23.1
10052.270136285486,23.3
10104.813489285681,23.4
10157.6314871081,23.5
10210.725565324987,23.6
10264.09716701231,23.8
10317.747742788988,24.0
10371.678750856474,24.1
10425.891657038128,24.1
10480.387934819217,24.0
10535.16906538697,23.9
10590.236537670813,23.8
10645.591848382772,23.8
10701.236502058211,23.7
10757.172011096769,23.6
10813.399895803414,23.1
10869.921684429703,22.4
10926.73891321545,21.8
10983.85312643042,21.4
11041.265876416248,21.0
11098.978723628681,20.7
11156.993236680037,19.7
11215.310992381786,18.5
11273.933575787378,17.7
11332.862580235347,17.1
11392.099607392682,16.7
11451.646267298307,16.3
11511.504178406769,15.7
11571.674967632372,14.0
11632.16027039332,12.6
11692.961730656129,12.2
11754.08100098034,11.7
11815.519742563505,11.3
11877.27962528627,11.1
11939.362327757724,10.7
12001.76953736107,10.3
12064.50295029953,10.1
12127.56427164241,9.9
12190.95521537136,9.8
12254.677504427105,9.6
12318.732870756214,9.4
12383.123055358106,8.9
12447.849808332432,8.5
12512.914888926687,8.2
12578.320065583976,7.7
12644.067115991029,7.3
12710.157827126544,7.0
12776.593995309939,6.0
12843.377426249857,5.1
12910.50993509343,4.4
12977.99334647565,3.8
13045.829494568892,3.5
13114.020223132724,3.9
13182.567385564074,4.4
13251.472844947652,5.0
13320.738474106534,5.8
13390.366155652993,6.4
13460.35778203982,6.5
13530.715255611682,6.4
13601.440488656775,6.2
13672.535403458849,5.9
13744.001932349513,6.2
13815.842017760702,6.6
13888.057612277411,7.7
13960.650678690825,8.8
14033.62319005172,9.2
14106.977129724035,9.4
14180.714491438697,9.7
14254.837279347976,10.0
14329.347508079869,10.8
14404.247202792812,11.5
14479.538399230763,11.8
14555.223143778607,12.1
14631.303493517702,12.2
14707.78151628175,12.1
14784.65929071304,12.0
14861.938906319014,11.9
14939.622463529,11.8
15017.712073751207,11.6
15096.209859430292,11.2
15175.117954104964,10.9
15254.438502465904,10.7
15334.173660414117,10.4
15414.325595119602,10.2
15494.896485080177,10.0
15575.88852018064,9.4
15657.303901752315,8.8
15739.1448426331,8.4
15821.413567227246,8.1
15904.112311566014,7.7
15987.243323368504,7.4
16070.808862102673,6.9
16154.811199046684,6.3
16239.252617350698,5.6
16324.135412099,5.0
16409.461890372313,5.9
16495.23437131044,7.4
16581.455186175313,8.0
16668.12667841462,8.6
16755.251203725067,8.7
