10.0,12.6
10.052270136285475,12.7
10.104813489285682,12.8
10.157631487108103,12.8
10.210725565324982,12.8
10.264097167012295,12.9
10.317747742789004,12.9
10.371678750856479,13.0
10.425891657038118,13.1
10.480387934819216,13.2
10.535169065386981,13.2
10.590236537670812,13.3
10.64559184838276,13.3
10.701236502058206,13.3
10.757172011096776,13.3
10.813399895803409,13.4
10.869921684429707,13.5
10.926738913215466,13.6
10.98385312643042,13.7
11.041265876416237,13.7
11.098978723628681,13.8
11.156993236680048,13.9
11.215310992381788,13.9
11.27393357578736,14.0
11.332862580235341,14.1
11.392099607392687,14.1
11.451646267298301,14.1
11.511504178406776,14.2
11.571674967632385,14.2
11.632160270393321,14.3
11.692961730656117,14.4
11.75408100098034,14.5
11.815519742563518,14.6
11.87727962528627,14.7
11.939362327757706,14.8
12.001769537361062,14.8
12.064502950299536,14.8
12.127564271642404,14.8
12.190955215371359,14.9
12.254677504427118,15.0
12.318732870756214,15.0
12.383123055358094,15.1
12.447849808332432,15.1
12.5129148889267,15.2
12.578320065583968,15.2
12.644067115991009,15.3
12.710157827126565,15.3
12.776593995309947,15.4
12.843377426249843,15.4
12.910509935093431,15.5
12.977993346475664,15.6
13.045829494568892,15.7
13.11402022313271,15.7
13.182567385564074,15.8
13.251472844947658,15.8
13.320738474106527,15.9
13.390366155653,15.9
13.460357782039841,15.9
13.530715255611682,15.9
13.601440488656761,16.0
13.672535403458848,16.1
13.744001932349526,16.2
13.815842017760701,16.3
13.888057612277397,16.3
13.960650678690818,16.4
14.033623190051728,16.5
14.10697712972403,16.5
14.180714491438705,16.6
14.25483727934799,16.6
14.32934750807987,16.7
14.404247202792797,16.7
14.479538399230764,16.8
14.55522314377862,16.9
14.631303493517702,17.0
14.707781516281727,17.0
14.784659290713032,17.1
14.861938906319022,17.2
14.939622463528993,17.3
15.017712073751214,17.4
15.096209859430308,17.5
15.175117954104964,17.5
15.254438502465888,17.6
15.334173660414118,17.6
15.414325595119617,17.6
15.494896485080169,17.6
15.575888520180618,17.7
15.65730390175234,17.7
15.73914484263311,17.8
15.821413567227237,17.9
15.904112311566013,17.9
15.98724332336852,17.9
16.070808862102673,18.0
16.154811199046666,18.0
16.239252617350697,18.1
16.324135412099007,18.2
16.409461890372306,18.3
16.495234371310413,18.4
16.58145518617534,18.4
16.668126678414627,18.5
16.755251203725052,18.6
16.84283113011666,18.7
16.930868837977105,18.8
17.01936672013636,18.9
17.108327181931763,19.0
17.197752641273365,19.0
17.28764552870969,19.0
17.378008287493753,19.1
17.4688433736495,19.1
17.560153256038525,19.1
17.651940416427212,19.1
17.744207349554188,19.1
17.836956563198083,19.2
17.93019057824573,19.2
18.023911928760675,19.3
18.118123162052047,19.3
18.21282683874379,19.4
18.30802553284428,19.5
18.403721831816252,19.6
18.499918336647156,19.7
18.59661766191982,19.7
18.69382243588356,19.8
18.791535300525574,19.9
18.889758911642755,20.0
18.98849593891389,20.1
19.08774906597221,20.1
19.187520990478333,20.2
19.287814424193606,20.2
19.388632093053765,20.3
19.48997673724305,20.3
19.591851111268685,20.4
19.69425798403576,20.4
19.79720013892245,20.5
19.90068037385568,20.6
20.004701501387192,20.6
20.109266348769967,20.7
20.214377758035074,20.7
20.320038586068932,20.7
20.426251704690927,20.7
20.533020000731486,20.8
20.64034637611054,20.9
20.748233747916412,21.0
20.856685048485062,21.0
20.965703225479817,21.1
21.075291241971485,21.2
21.185452076518878,21.3
21.296188723249774,21.4
21.407504191942323,21.5
21.519401508106792,21.6
21.631883713067854,21.6
21.744953864047204,21.6
21.858615034246718,21.7
21.972870312931903,21.7
22.087722805515906,21.8
22.203175633643916,21.9
22.319231935278008,21.9
22.435894864782412,22.0
22.553167593009288,22.0
22.671053307384867,22.1
22.789555211996095,22.1
22.908676527677724,22.1
23.028420492099883,22.2
23.148790359856015,22.2
23.26978940255137,22.3
23.391420908891938,22.4
23.51368818477381,22.5
23.63659455337303,22.6
23.760143355235964,22.6
23.884337948370025,22.7
24.009181708334992,22.7
24.134678028334722,22.8
24.260830319309434,22.8
24.387642010028344,22.9
24.515116547182902,22.9
24.64325739548046,23.0
24.772068037738443,23.0
24.901551974979007,23.1
25.031712726524198,23.2
25.162553830091625,23.2
25.294078841890578,23.3
25.426291336718684,23.3
25.559194908059133,23.3
25.692793168178262,23.4
25.827089748223784,23.5
25.96208829832347,23.5
26.097792487684362,23.6
26.234206004692496,23.7
26.371332557013133,23.8
26.5091758716916,23.9
26.647739695254497,23.9
26.787027793811582,24.0
26.9270439531581,24.0
27.06779197887776,24.1
27.209275696446046,24.1
27.351498951334275,24.2
27.494465609114105,24.2
27.638179555562576,24.3
27.782644696767733,24.4
27.92786495923483,24.5
28.07384428999299,24.6
28.220586656702505,24.7
28.368096047762684,24.7
28.516376472420284,24.8
28.66543196087842,24.8
28.815266564406134,24.8
28.965884355448516,24.8
29.11728942773738,24.9
29.26948589640251,24.9
29.42247789808359,25.0
29.57626959104251,25.1
29.730865155276486,25.2
29.88626879263161,25.3
30.04248472691713,25.3
30.19951720402016,25.4
30.357370492021133,25.4
30.516048881309793,25.5
30.675556684701824,25.5
30.835898237556027,25.6
30.99707789789224,25.7
31.15910004650967,25.7
31.321969087106055,25.7
31.485689446397288,25.7
31.650265574237824,25.7
31.815701943741516,25.8
31.98200305140326,25.9
32.14917341722119,26.0
32.31721758481955,26.0
32.486140121572134,26.1
32.655945618726484,26.2
32.82663869152868,26.3
32.99822397934869,26.4
33.170706145806605,26.4
33.34408987889928,26.5
33.51837989112781,26.5
33.69358091962557,26.6
33.86969772628702,26.6
34.04673509789711,26.6
34.224697846261364,26.6
34.40359080833668,26.6
34.58341884636283,26.7
34.764186847994516,26.7
34.94589972643436,26.8
35.12856242056629,26.8
35.312179895089876,26.9
35.496757140655234,27.0
35.68229917399868,27.1
35.86881103807908,27.2
36.05629780221492,27.3
36.24476456222205,27.4
36.434216440552284,27.4
36.6246585864325,27.4
36.81609617600466,27.4
37.00853441246656,27.5
37.2019785262131,27.5
37.39643377497855,27.6
37.591905443979435,27.7
37.788398846058186,27.7
37.985919321827524,27.8
38.184472239815605,27.8
38.384062996612016,27.8
38.584697017014335,27.8
38.786379754175634,27.9
38.98911668975273,27.9
39.1929133340551,28.0
39.39777522619469,28.0
39.60370793423646,28.1
39.810717055349734,28.1
40.0188082159603,28.1
40.227987071903335,28.1
40.43825930857721,28.1
40.64963064109788,28.2
40.8621068144543,28.2
41.075693603664625,28.3
41.29039681393302,28.5
41.506222280807584,28.6
41.72317587033889,28.6
41.94126347923944,28.7
42.16049103504393,28.7
42.38086449627034,28.8
42.60238985258197,28.8
42.825073124950116,28.8
43.04892036581776,28.9
43.27393765926414,29.0
43.500131121170035,29.0
43.727506899384,29.0
43.956071173889484,29.1
44.18583015697281,29.1
44.416790093392,29.1
44.648957260546474,29.1
44.88233796864779,29.1
45.116938560890986,29.2
45.35276541362708,29.2
45.58982493653644,29.3
45.82812357280281,29.4
46.067667799288614,29.5
46.308464126710895,29.5
46.55051909981832,29.5
46.793839297569036,29.5
47.03843133330949,29.5
47.28430185495417,29.6
47.531457545166376,29.7
47.77990512153967,29.8
48.02965133678067,29.9
48.28070297889241,29.9
48.53306687135893,30.0
48.78674987333074,30.0
49.041758879811184,30.0
49.298100821843896,30.0
49.55578266670119,30.1
49.81481141807335,30.1
50.07519411625915,30.2
50.336937838356974,30.3
50.60004969845742,30.3
50.86453684783644,30.3
51.13040647514984,30.3
51.39766580662862,30.3
51.66632210627541,30.3
51.93638267606184,30.4
52.20785485612707,30.5
52.48074602497726,30.5
52.75506359968615,30.5
53.030815036096584,30.5
53.308007829023246,30.5
53.58664951245627,30.6
53.866747659766084,30.7
54.148309883909214,30.7
54.431343837635225,30.7
54.7158572136947,30.7
55.00185774504835,30.7
55.28935320507712,30.7
55.57835140779364,30.7
55.86886020805435,30.7
56.160887501773274,30.7
56.45444122613637,30.8
56.74952935981742,30.8
57.04615992319485,30.9
57.34434097856969,30.9
57.64408063038476,30.9
57.94538702544487,30.9
58.24826835313831,30.9
58.552732845659456,30.9
58.85878877823242,30.9
59.166444469336014,30.9
59.475708280929936,30.9
59.786588618681876,30.9
60.0990939321961,30.9
60.41323271524305,30.9
60.72901350599024,30.9
61.046444887234294,30.9
61.365535486634215,30.9
61.686293976945976,30.9
62.008729076258064,30.9
62.332849548228545,30.9
62.658664202323344,30.9
62.98618189405547,30.9
63.315411525225876,30.9
63.64636204416533,30.9
63.979042445977655,30.9
64.31346177278421,30.8
64.64962911396958,30.7
64.98755360642885,30.7
65.32724443481563,30.7
65.66871083179183,30.7
66.01196207827876,30.6
66.35700750370908,30.6
66.7038564862806,30.5
67.05251845321108,30.5
67.40300288099445,30.5
67.75531929565844,30.5
68.1094772730234,30.5
68.46548643896274,30.4
68.82335646966433,30.3
69.18309709189363,30.3
69.54471808325809,30.2
69.90822927247277,30.2
70.27364053962762,30.2
70.6409618164559,30.1
71.01020308660422,30.0
71.38137438590384,29.8
71.75448580264342,29.7
72.12954747784322,29.6
72.50656960553087,29.5
72.88556243301818,29.4
73.26653626117992,29.3
73.64950144473359,29.2
74.03446839252094,29.2
74.42144756779092,29.1
74.810449488484,29.0
75.20148472751808,28.9
75.59456391307583,28.8
75.98969772889355,28.7
76.38689691455168,28.6
76.78617226576647,28.5
77.18753463468363,28.5
77.59099493017311,28.4
77.99656411812569,28.3
78.404253221751,28.2
78.8140733218772,28.1
79.226035557252,28.0
79.64015112484554,28.0
80.05643128015467,27.9
80.47488733750892,27.9
80.89553067037787,27.8
81.31837271168051,27.8
81.74342495409579,27.8
82.170698950375,27.8
82.60020631365589,27.8
83.03195871777821,27.8
83.46596789760103,27.7
83.90224564932171,27.6
84.34080383079642,27.6
84.78165436186265,27.6
85.22480922466286,27.6
85.67028046397054,27.6
86.11808018751721,27.5
86.56822056632171,27.4
87.020713835021,27.4
87.47557229220259,27.4
87.93280830073893,27.4
88.39243428812335,27.4
88.85446274680783,27.4
89.31890623454267,27.3
89.78577737471758,27.2
90.25508885670492,27.1
90.72685343620469,27.1
91.20108393559097,27.1
91.67779324426061,27.1
92.15699431898352,27.1
92.63870018425483,27.1
93.12292393264887,27.1
93.60967872517497,27.1
94.09897779163542,27.1
94.5908344309847,27.3
95.0852620116911,27.4
95.58227397210023,27.4
96.08188382079996,27.4
96.5841051369878,27.4
97.08895157083991,27.4
97.59643684388209,27.4
98.10657474936274,27.4
98.61937915262773,27.5
99.13486399149741,27.6
99.65304327664518,27.7
100.17393109197839,27.7
100.69754159502135,27.8
101.22388901729977,27.8
101.75298766472777,27.8
102.28485191799675,27.8
102.81949623296607,27.9
103.35693514105618,27.9
103.89718324964329,27.9
104.44025524245698,27.9
104.98616587997819,27.9
105.53492999984189,28.0
106.08656251723878,28.1
106.64107842532215,28.1
107.19849279561431,28.1
107.75882077841675,28.1
108.32207760322176,28.1
108.88827857912626,28.1
109.45743909524856,28.1
110.02957462114523,28.1
110.60470070723336,28.1
111.18283298521138,28.1
111.76398716848561,28.1
112.3481790525961,28.1
112.93542451564652,28.1
113.5257395187356,28.1
114.11914010639099,28.1
114.71564240700522,28.1
115.3152626332741,28.1
115.91801708263789,28.1
116.52392213772293,28.1
117.13299426678874,28.1
117.74525002417371,28.1
118.36070605074681,28.1
118.97937907435858,28.1
119.60128591029638,28.2
120.22644346174131,28.2
120.85486872022751,28.3
121.4865787661046,28.4
122.12159076900052,28.5
122.75992198829012,28.5
123.40158977356222,28.6
124.04661156509306,28.7
124.69500489431896,28.8
125.34678738431336,28.9
126.00197675026583,28.9
126.6605907999634,29.0
127.3226474342747,29.0
127.98816464763628,29.1
128.6571605285424,29.1
129.32965326003517,29.2
130.00566112020084,29.2
130.68520248266435,29.3
131.36829581709074,29.3
132.05495968968575,29.5
132.74521276370103,29.7
133.43907379994133,29.8
134.1365616572744,29.8
134.83769529314347,29.9
135.54249376408254,29.9
136.25097622623485,30.0
136.96316193587217,30.0
137.67907024992007,30.0
138.39872062648203,30.0
139.1221326253702,30.0
139.84932590863562,30.1
140.58032024110324,30.2
141.31513549090906,30.2
142.05379163003997,30.2
142.7963087348772,30.2
143.5427069867405,30.2
144.29300667243896,30.2
145.04722818481977,30.2
145.80539202332486,30.2
146.56751879454652,30.2
147.333629212788,30.2
148.1037441006266,30.2
148.87788438947953,30.2
149.65607112017267,30.2
150.43832544351253,30.1
151.2246686208618,30.1
152.01512202471548,30.0
152.80970713928414,29.9
153.6084455610754,29.9
154.41135899948313,29.8
155.218469277376,29.7
156.02979833169113,29.6
156.8453682140304,29.5
157.66520109125955,29.4
158.48931924611142,29.2
159.3177450777899,29.0
160.15050110258113,28.9
160.9876099544629,28.9
161.82909438572216,28.8
162.67497726757185,28.8
163.52528159077312,28.8
164.38003046626017,28.9
165.23924712576837,28.9
166.1029549224657,29.0
166.97117733158728,29.2
167.8439379510743,29.3
168.72126050221348,29.3
169.60316883028446,29.4
170.48968690520502,29.4
171.38083882218535,29.5
172.27664880238083,29.7
173.17714119355136,29.8
174.08234047072295,29.8
174.99227123685273,29.8
175.9069582234984,29.8
176.82642629148881,29.8
177.75070043160196,29.8
178.67980576524164,29.8
179.61376754512278,29.9
180.55261115595593,29.9
181.49636211513797,30.0
182.44504607344558,30.0
183.39868881573247,30.0
184.35731626163007,30.0
185.3209544662519,30.0
186.28962962090262,30.0
187.26336805378796,30.0
188.24219623073301,30.0
189.2261407558986,30.0
190.21522837250714,30.0
191.20948596356752,30.0
192.20894055260666,29.9
193.21361930440384,29.8
194.22354952572874,29.8
195.2387586660848,29.8
196.25927431845295,29.8
197.28512422004457,29.8
198.31633625305224,29.8
199.35293844541056,29.8
200.39495897155572,29.8
201.4424261531923,29.8
202.4953684600627,29.8
203.55381451072122,29.8
204.6177930733116,29.8
205.6873330663489,29.8
206.76246355950653,29.8
207.84321377440395,29.8
208.92961308540407,29.9
210.02169102040844,30.0
211.11947726166272,30.0
212.22300164656127,30.0
213.33229416845913,30.0
214.447384977487,30.0
215.5683043813707,30.0
216.69508284625502,30.1
217.8277509975314,30.2
218.9663396206716,30.2
220.1108796620618,30.2
221.26140222984722,30.3
222.41793859477394,30.3
223.5805201910423,30.3
224.74917861715863,30.3
225.9239456367954,30.4
227.10485317965416,30.4
228.29193334233327,30.5
229.48521838920135,30.6
230.68474075327168,30.6
231.89053303708724,30.7
233.102628013603,30.7
234.32105862708036,30.7
235.5458579939798,30.8
236.77705940386227,30.9
238.0146963202937,30.9
239.25880238175446,30.9
240.50941140255387,30.9
241.76655737374873,30.9
243.03027446406858,30.9
244.30059702084168,30.9
245.57755957093218,30.9
246.86119682167464,30.9
248.1515436618211,30.9
249.44863516248657,30.9
250.75250657810346,30.9
252.0631933473797,30.9
253.3807310942614,30.9
254.7051556289027,31.1
256.03650294863604,31.2
257.3748092389545,31.2
258.72011087449107,31.2
260.0724444200114,31.2
261.4318466314045,31.2
262.79835445668317,31.2
264.17200503698814,31.2
265.5528357075972,31.2
266.94088399894025,31.2
268.336187637619,31.2
269.7387845474336,31.2
271.1487128504106,31.2
272.56601086784315,31.2
273.9907171213279,31.2
275.4228703338166,31.2
276.86250943066517,31.2
278.30967354069315,31.2
279.764401997247,31.2
281.2267343392687,31.2
282.6967103123723,31.2
284.1743698699204,31.2
285.65975317411466,31.2
287.152900597083,31.2
288.6538527219809,31.2
290.16265034409145,31.2
291.67933447193553,31.2
293.203946328386,31.2
294.7365273517884,31.2
296.27711919708696,31.2
297.8257637369567,31.2
299.38250306294265,31.2
300.947379486601,31.2
302.52043554065347,31.2
304.1017139801383,31.2
305.69125778357716,31.2
307.2891101541398,31.2
308.8953145208197,31.2
310.5099145396145,31.2
312.1329540947119,31.2
313.76447729968413,31.2
315.40452849868336,31.2
317.0531522676519,31.2
318.71039341552853,31.2
320.3762969854716,31.2
322.05090825607795,31.2
323.7342727426186,31.2
325.4264361982722,31.2
327.1274446153702,31.2
328.83734422664674,31.2
330.55618150649445,31.2
332.28400317222986,31.2
334.02085618535915,31.2
335.76678775285944,31.2
337.52184532845695,31.2
339.28607661392135,31.2
341.0595295603587,31.2
342.84225236951676,31.2
344.63429349509414,31.2
346.4357016440579,31.2
348.24652577796684,31.2
350.06681511430224,31.2
351.8966191278073,31.2
353.7359875518278,31.2
355.5849703796693,31.2
357.44361786595016,31.2
359.3119805279728,31.2
361.1901091470929,31.2
363.0780547701014,31.2
364.9758687106112,31.3
366.8836025504522,31.4
368.80130814107446,31.4
370.72903760495365,31.4
372.66684333701346,31.4
374.6147780060434,31.4
376.57289455613636,31.4
378.54124620812286,31.4
380.5198864610201,31.4
382.50886909348526,31.4
384.5082481652772,31.4
386.51807801872604,31.4
388.53841328020957,31.4
390.56930886163985,31.4
392.6108199619517,31.4
394.6630020686084,31.4
396.7259109591041,31.4
398.7996027024853,31.4
400.8841336608706,31.4
402.9795604909844,31.4
405.0859401456969,31.4
407.20332987557106,31.4
409.331787230421,31.4
411.4713700608718,31.4
413.6221365199375,31.4
415.78414506459575,31.4
417.95745445738237,31.4
420.1421237679842,31.4
422.33821237484636,31.4
424.5457799667861,31.4
426.76488654461485,31.4
428.9955924227691,31.4
431.23795823094935,31.4
433.49204491576995,31.4
435.7579137424112,31.4
438.0356262962907,31.4
440.3252444847303,31.4
442.62683053864555,31.4
444.9404470142319,31.4
447.2661567946673,31.4
449.60402309182115,31.4
451.9541094479714,31.4
454.3164797375345,31.5
456.6911981687959,31.5
459.0783292856624,31.6
461.4779379694089,31.6
463.89008944044906,31.6
466.31484926010245,31.6
468.7522833323791,31.6
471.20245790577025,31.6
473.6654395750488,31.6
476.14129528307956,31.6
478.630092322638,31.6
481.1318983382419,31.6
483.6467813279844,31.7
486.1748096453894,31.7
488.7160520012619,31.7
491.27057746556244,31.7
493.8384554692794,31.7
496.4197558063182,31.7
499.01454863539806,31.7
501.6229044819588,31.7
504.24489424007766,31.7
506.88058917439554,31.7
509.53006092205686,31.7
512.1933814946506,31.7
514.8706232801756,31.7
517.5618590449992,31.7
520.2671619358439,31.8
522.9866054817683,31.9
525.7202635961694,31.9
528.4682105787901,31.9
531.230521117739,31.9
534.0072702915224,31.9
536.7985335710792,31.9
539.6043868218401,31.9
542.4249063057814,31.9
545.2601686835053,32.0
548.1102510163182,32.1
550.9752307683272,32.1
553.8551858085453,32.1
556.7501944130083,32.1
559.6603352669016,32.1
562.5856874666987,32.1
565.5263305223134,32.3
568.4823443592555,32.4
571.4538093208106,32.4
574.4408061702153,32.4
577.4434160928608,32.4
580.4617206984933,32.5
583.4958020234345,32.5
586.5457425328113,32.6
589.6116251227962,32.7
592.6935331228639,32.7
595.7915502980484,32.8
598.9057608512304,32.8
602.0362494254149,32.9
605.1831011060411,32.9
608.3464014232891,33.0
611.5262363544065,33.0
614.7226923260454,33.1
617.9358562166111,33.2
621.1658153586235,33.2
624.4126575410903,33.3
627.6764710118958,33.4
630.957344480193,33.5
634.2553671188238,33.6
637.5706285667327,33.7
640.9032189314127,33.7
644.2532287913472,33.9
647.6207491984753,34.0
651.0058716806659,34.0
654.4086882442045,34.0
657.8292913762976,34.0
661.2677740475787,33.9
664.7242297146454,33.9
668.1987523225889,33.8
671.6914363075575,33.7
675.2023765993158,33.6
678.7316686238282,33.4
682.2794083058518,33.2
685.8456920715438,33.0
689.4306168510824,32.8
693.0342800813003,32.7
696.6567797083366,32.4
700.2982141902914,31.7
703.9586824999124,31.1
707.6382841272731,30.9
711.3371190824884,30.7
715.0552878984242,30.5
718.7928916334344,30.3
722.5500318741055,30.0
726.3268107380181,29.8
730.123330876526,29.7
733.9396954775374,29.6
737.7760082683312,29.5
741.6323735183645,29.5
745.508896042117,29.5
749.4056812019327,29.5
753.3228349108862,29.5
757.2604636356614,29.7
761.2186743994453,29.8
765.1975747848361,29.8
769.1972729367671,29.8
773.2178775654501,29.8
777.2594979493206,29.8
781.3222439380205,29.8
785.406225955371,29.8
789.5115550023859,29.9
793.6383426602791,29.9
797.7867010935024,30.0
801.9567430527921,30.1
806.1485818782347,30.1
810.3623315023465,30.2
814.59810645317,30.2
818.8560218573906,30.3
823.1361934434566,30.4
827.4387375447371,30.5
831.7637711026708,30.5
836.1114116699566,30.6
840.4817774137397,30.6
844.8749871188272,30.7
849.2911601909162,30.7
853.7304166598383,30.7
858.1928771828257,30.7
862.6786630477819,30.7
867.1878961765907,30.7
871.7206991284164,30.7
876.2771951030477,30.6
880.8575079442367,30.5
885.4617621430697,30.4
890.0900828413493,30.4
894.742595834996,30.3
899.4194275774676,30.3
904.1207051831946,30.3
908.8465564310401,30.3
913.5971097677627,30.3
918.3724943115215,30.4
923.1728398553701,30.4
927.998276870799,30.5
932.8489365112713,30.6
937.7249506157918,30.6
942.6264517124897,30.7
947.5535730222193,30.8
952.5064484621864,30.8
957.4852126495767,30.9
962.4900009052299,30.9
967.5209492573013,30.9
972.5781944449744,31.1
977.6618739221665,31.2
982.772125861269,31.2
987.9090891569025,31.3
993.0729034296917,31.3
998.26370903006,31.4
1003.4816470420445,31.4
1008.7268592871307,31.4
1013.9994883281055,31.4
1019.2996774729368,31.4
1024.627570778662,31.4
1029.9833130553077,31.5
1035.3670498698243,31.6
1040.778927550043,31.6
1046.219093188652,31.6
1051.687694647196,31.6
1057.1848805600926,31.6
1062.7108003386745,31.6
1068.2656041752484,31.6
1073.849443047181,31.6
1079.4624687209969,31.6
1085.104833756507,31.6
1090.7766915109553,31.6
1096.4781961431852,31.6
1102.2095026178308,31.6
1107.9707667095288,31.6
1113.7621450071517,31.6
1119.5837949180645,31.6
1125.4358746724013,31.6
1131.3185433273702,31.6
1137.231960771571,31.5
1143.1762877293438,31.4
1149.1516857651375,31.4
1155.1583172879002,31.4
1161.1963455554942,31.4
1167.2659346791324,31.4
1173.3672496278396,31.4
1179.5004562329357,31.4
1185.6657211925422,31.4
1191.8632120761172,31.4
1198.0930973290035,31.4
1204.355546277011,31.3
1210.650729131018,31.3
1216.9788169915967,31.2
1223.3399818536654,31.2
1229.7343966111616,31.1
1236.162235061742,31.0
1242.6236719115057,30.9
1249.1188827797416,30.9
1255.6480442037073,30.9
1262.2113336434193,30.9
1268.8089294864806,30.9
1275.4410110529293,30.9
1282.1077586001115,30.9
1288.8093533275808,30.9
1295.5459773820237,30.9
1302.3178138622095,30.9
1309.1250468239675,30.8
1315.967861285188,30.7
1322.8464432308563,30.6
1329.7609796180998,30.5
1336.7116583812742,30.4
1343.6986684370715,30.3
1350.7221996896535,30.2
1357.782443035813,30.2
1364.879590370164,30.2
1372.0138345903551,30.2
1379.1853696023147,30.2
1386.3943903255179,30.2
1393.6410926982915,30.2
1400.9256736831292,30.2
1408.248331272053,30.2
1415.6092644919916,30.2
1423.0086734101894,30.1
1430.4467591396458,30.0
1437.9237238445805,30.0
1445.439770745928,30.0
1452.9951041268616,30.0
1460.589929338344,30.0
1468.224452804715,30.0
1475.898882029292,30.0
1483.6134256000173,30.0
1491.3682931951248,30.0
1499.1636955888393,30.0
1506.999844657106,30.0
1514.8769533833477,30.0
1522.7952358642551,30.0
1530.754907315605,30.0
1538.7561840781082,30.0
1546.799283623296,30.0
1554.8844245594228,30.1
1563.0118266374113,30.2
1571.181710756826,30.2
1579.3942989718767,30.2
1587.649814497453,30.2
1595.9484817151922,30.2
1604.2905261795772,30.2
1612.6761746240677,30.2
1621.1056549672617,30.2
1629.5791963190893,30.2
1638.097028987047,30.2
1646.6593844824454,30.2
1655.266495526711,30.2
1663.9185960577072,30.2
1672.6159212360947,30.2
1681.3587074517213,30.2
1690.1471923300487,30.2
1698.9816147386093,30.2
1707.8622147934998,30.2
1716.789233865905,30.2
1725.7629145886658,30.1
1734.7835008628629,30.1
1743.8512378644525,30.0
1752.9663720509295,30.0
1762.1291511680254,29.9
1771.3398242564415,29.9
1780.598641658619,29.8
1789.9058550255418,29.7
1799.2617173235774,29.6
1808.6664828413498,29.5
1818.1204071966588,29.4
1827.6237473434162,29.4
1837.1767615786375,29.3
1846.7797095494598,29.2
1856.4328522602,29.2
1866.1364520794475,29.1
1875.8907727471963,29.0
1885.6960793820124,28.9
1895.552638488241,28.8
1905.4607179632462,28.7
1915.4205871047022,28.6
1925.4325166178992,28.5
1935.4967786231095,28.3
1945.6136466629825,28.2
1955.783395709978,28.1
1966.006302173841,28.0
1976.282643909114,27.9
1986.6127002226892,27.7
1996.996751881399,27.6
2007.4350811196462,27.4
2017.927971647083,27.3
2028.4757086563097,27.1
2039.078578830634,26.8
2049.736870351861,26.6
2060.4508729081267,26.6
2071.22087770177,26.5
2082.0471774572497,26.4
2092.9300664290977,26.4
2103.8698404099196,26.4
2114.8667967384304,26.4
2125.9212343075446,26.5
2137.0334535724887,26.6
2148.2037565589744,26.7
2159.4324468714053,26.7
2170.71982970113,26.8
2182.0662118347364,26.8
2193.4719016623894,26.9
2204.937209186215,26.9
2216.4624460287228,26.8
2228.0479254412767,26.7
2239.6939623126154,26.7
2251.4008731773993,26.7
2263.168976224821,26.7
2274.9985913072546,26.6
2286.890039948944,26.5
2298.843645354747,26.3
2310.8597324189163,26.1
2322.9386277339318,25.9
2335.0806595993763,25.7
2347.2861580308577,25.5
2359.5554547689862,25.3
2371.8888832883777,25.1
2384.2867788067265,25.0
2396.7494782939148,24.8
2409.2773204811715,24.6
2421.8706458702773,24.5
2434.5297967428205,24.3
2447.2551171695004,24.1
2460.0469530194778,24.2
2472.905651969775,24.3
2485.8315635147337,24.4
2498.825038975499,24.5
2511.88643150958,24.6
2525.0160961204438,24.7
2538.2143896671673,24.8
2551.481670874133,24.7
2564.8183003407817,24.6
2578.224640551411,24.4
2591.7010558850307,24.4
2605.247912625263,24.3
2618.8655789702975,24.3
2632.5544250429093,24.3
2646.314822900502,24.3
2660.14714654523,24.4
2674.051771934164,24.4
2688.029076989506,24.5
2702.079441608862,24.7
2716.20324767557,24.8
2730.400879069075,24.8
2744.6727216753675,24.8
2759.0191633974646,24.8
2773.440594165967,24.8
2787.9374059496395,24.7
2802.509992766076,24.6
2817.1587506924047,24.5
2831.8840778760564,24.3
2846.686374545581,24.2
2861.5660430215316,24.1
2876.5234877273942,24.0
2891.5591152005823,23.9
2906.6733341034837,23.8
2921.8665552345788,23.7
2937.139191539587,23.6
2952.4916581227058,23.5
2967.9243722578863,23.4
2983.4377534001765,23.3
2999.0322231971227,23.3
3014.7082055002275,23.3
3030.466126376471,23.3
3046.306414119893,23.3
3062.229499263226,23.3
3078.2358145896155,23.5
3094.325795144359,23.6
3110.4998782467446,23.6
3126.7585035019356,23.6
3143.1021128129173,23.6
3159.5311503925072,23.6
3176.0460627754296,23.7
3192.6472988304513,23.8
3209.335309772584,23.8
3226.1105491753406,23.8
3242.973472983081,23.8
3259.924539523382,23.8
3276.9642095195077,23.8
3294.0929461029286,23.8
3311.311214825911,23.8
3328.6194836741684,23.8
3346.018223079582,23.8
3363.507905932988,23.7
3381.089007597027,23.7
3398.762005919066,23.6
3416.527381244194,23.6
3434.385616428264,23.5
3452.337196851022,23.5
3470.382610429304,23.4
3488.5223476302926,23.4
3506.7569014848486,23.3
3525.0867676009134,23.2
3543.512444176976,23.1
3562.034432015617,22.8
3580.6532345371147,22.6
3599.369357793143,22.6
3618.1833104805046,22.6
3637.095603954969,22.6
3656.1067522451726,22.5
3675.2172720665826,22.3
3694.4276828355482,22.1
3713.738506683413,21.9
3733.1502684707093,21.7
3752.6634958014215,21.6
3772.2787190373247,21.5
3791.9964713124127,21.5
3811.817288547367,21.4
3831.7417094641373,21.4
3851.7702756005806,21.5
3871.9035313251793,21.6
3892.1420238518376,21.6
3912.4863032547537,21.6
3932.936922483372,21.6
3953.4944373774106,21.6
3974.1594066819653,21.6
3994.9323920627126,21.8
4015.8139581211503,21.9
4036.8046724099613,21.9
4057.9051054484326,21.9
4079.115830737964,21.9
4100.437424777656,21.8
4121.870467079975,21.8
4143.41554018651,21.7
4165.0732296838005,21.7
4186.844124219257,21.7
4208.728815517151,21.7
4230.72789839472,21.6
4252.841970778305,21.6
4275.071633719623,21.6
4297.417491412092,21.5
4319.880151207261,21.4
4342.460223631314,21.2
4365.158322401661,21.1
4387.975064443623,21.1
4410.911069907196,21.0
4433.9669621839075,20.9
4457.1433679237725,20.8
4480.4409170523,20.8
4503.860242787635,20.7
4527.40198165776,20.6
4551.0667735177985,20.5
4574.855261567406,20.4
4598.768092368251,20.3
4622.80591586159,20.1
4646.969385385929,20.0
4671.25915769478,19.8
4695.675892974527,19.6
4720.220254862348,19.4
4744.892910464259,19.2
4769.694530373255,19.0
4794.625788687525,18.8
4819.68736302878,18.6
4844.87993456067,18.4
4870.204188007296,18.2
4895.660811671819,18.0
4921.250497455168,17.8
4946.973940874864,17.6
4972.8318410838865,17.5
4998.824900889706,17.4
5024.953826773381,17.3
5051.219328908747,17.1
5077.622121181736,16.7
5104.162921209768,16.4
5130.842450361258,16.3
5157.661433775227,15.9
5184.620600380999,15.6
5211.720682918039,15.5
5238.962417955835,15.4
5266.346545913939,15.3
5293.873811082085,15.2
5321.544961640422,14.6
5349.360749679845,14.0
5377.321931222439,14.0
5405.429266242027,14.0
5433.683518684824,14.0
5462.085456490198,14.0
5490.635851611563,14.0
5519.335480037329,14.0
5548.185121812011,14.0
5577.185561057427,14.0
5606.337585994012,13.9
5635.641988962242,13.9
5665.0995664441625,13.8
5694.7111190850455,13.7
5724.477451715144,13.7
5754.399373371566,13.8
5784.477697320285,13.8
5814.713241078208,13.8
5845.10682643542,13.7
5875.659279477514,13.7
5906.371430608045,13.6
5937.244114571097,13.5
5968.278170473975,13.4
5999.4744418100045,13.4
6030.833776481469,13.6
6062.357026822636,13.8
6094.045049622959,14.0
6125.898706150321,14.2
6157.918862174471,14.3
6190.106387990547,14.6
6222.462158442733,14.8
6254.987052948034,15.0
6287.681955520183,15.1
6320.547754793659,15.2
6353.585344047851,15.5
6386.795621231329,15.9
6420.179488986247,16.2
6453.7378546729,16.3
6487.471630394349,16.4
6521.381733021235,16.6
6555.469084216698,16.9
6589.734610461422,17.4
6624.179243078815,17.7
6658.80391826033,17.8
6693.609577090902,17.9
6728.597165574533,18.0
6763.767634659991,18.4
6799.1219402666875,18.8
6834.661043310619,19.0
6870.385909730507,19.1
6906.297510514049,19.2
6942.39682172431,19.3
6978.684824526248,19.6
7015.162505213385,19.9
7051.830855234612,20.1
7088.690871221135,20.3
7125.7435550135615,20.4
7162.989913689153,20.5
7200.430959589155,20.6
7238.067710346342,20.8
7275.901188912673,21.1
7313.932423587085,21.2
7352.162448043451,21.1
7390.59230135867,21.2
7429.22302804091,21.4
7468.055678057999,22.0
7507.091306865953,22.6
7546.330975437692,22.7
7585.775750291836,23.1
7625.426703521717,23.7
7665.284912824515,24.1
7705.351461530549,24.5
7745.627438632719,25.4
7786.113938816104,26.4
7826.81206248772,27.0
7867.722915806424,27.4
7908.847610712972,27.6
7950.187264960275,27.7
7991.743002143727,28.4
8033.515951731782,29.2
8075.507249096639,29.5
8117.718035545101,29.6
8160.149458349601,29.8
8202.80267077938,29.9
8245.67883213183,30.2
8288.77910776401,30.5
8332.104669124305,30.6
8375.656693784302,30.7
8419.436365470749,30.6
8463.444874097753,30.5
8507.683415799123,30.4
8552.153192960874,30.4
8596.855414253905,30.3
8641.791294666864,30.2
8686.962055539152,30.1
8732.36892459413,29.9
8778.01313597248,29.7
8823.895930265779,29.5
8870.018554550163,29.3
8916.382262420266,29.2
8962.988314023276,29.2
9009.83797609319,29.2
9056.932521985234,29.3
9104.273231710486,29.4
9151.861391970657,29.7
9199.698296193066,29.9
9247.785244565785,30.0
9296.12354407301,30.2
9344.714508530542,30.5
9393.559458621517,31.0
9442.659721932305,31.5
9492.016632988581,31.6
9541.631533291613,31.8
9591.505771354708,32.1
9641.64070273987,32.3
9692.037690094652,32.4
9742.698103189163,32.5
9793.623318953358,32.6
9844.814721514387,32.5
9896.27370223427,32.5
9948.001659747684,32.4
10000.0,32.3
10052.270136285486,32.2
10104.813489285681,32.0
10157.6314871081,31.8
10210.725565324987,31.6
10264.09716701231,31.2
10317.747742788988,30.5
10371.678750856474,30.1
10425.891657038128,29.8
10480.387934819217,29.6
10535.16906538697,29.4
10590.236537670813,28.9
10645.591848382772,28.1
10701.236502058211,27.6
10757.172011096769,27.4
10813.399895803414,27.1
10869.921684429703,26.8
10926.73891321545,26.5
10983.85312643042,25.8
11041.265876416248,25.0
11098.978723628681,24.6
11156.993236680037,24.3
11215.310992381786,23.9
11273.933575787378,23.3
11332.862580235347,21.5
11392.099607392682,19.6
11451.646267298307,18.3
11511.504178406769,17.3
11571.674967632372,16.9
11632.16027039332,16.3
11692.961730656129,14.4
11754.08100098034,12.7
11815.519742563505,12.3
11877.27962528627,11.8
11939.362327757724,11.3
12001.76953736107,10.7
12064.50295029953,9.8
12127.56427164241,9.1
12190.95521537136,8.9
12254.677504427105,8.6
12318.732870756214,8.2
12383.123055358106,8.0
12447.849808332432,7.9
12512.914888926687,7.5
12578.320065583976,7.2
12644.067115991029,7.0
12710.157827126544,6.8
12776.593995309939,6.9
12843.377426249857,7.2
12910.50993509343,7.7
12977.99334647565,8.1
13045.829494568892,8.4
13114.020223132724,9.0
13182.567385564074,9.5
13251.472844947652,9.8
13320.738474106534,10.0
13390.366155652993,10.2
13460.35778203982,10.5
13530.715255611682,11.5
13601.440488656775,12.4
13672.535403458849,12.7
13744.001932349513,13.3
13815.842017760702,14.1
13888.057612277411,14.5
13960.650678690825,14.9
14033.62319005172,15.6
14106.977129724035,16.2
14180.714491438697,16.5
14254.837279347976,16.8
14329.347508079869,17.1
14404.247202792812,17.3
14479.538399230763,17.4
14555.223143778607,17.5
14631.303493517702,17.6
14707.78151628175,17.5
14784.65929071304,17.1
14861.938906319014,16.6
14939.622463529,16.2
15017.712073751207,15.9
15096.209859430292,15.5
15175.117954104964,15.2
15254.438502465904,14.8
15334.173660414117,14.3
15414.325595119602,12.8
15494.896485080177,11.1
15575.88852018064,10.5
15657.303901752315,10.1
15739.1448426331,9.5
15821.413567227246,8.7
15904.112311566014,7.2
15987.243323368504,5.6
16070.808862102673,5.0
16154.811199046684,4.9
16239.252617350698,4.8
16324.135412099,4.7
16409.461890372313,4.3
16495.23437131044,3.9
16581.455186175313,3.6
16668.12667841462,3.1
16755.251203725067,2.6
