10.0,14.5
10.052270136285475,14.6
10.104813489285682,14.6
10.157631487108103,14.7
10.210725565324982,14.7
10.264097167012295,14.8
10.317747742789004,14.8
10.371678750856479,14.8
10.425891657038118,14.9
10.480387934819216,14.9
10.535169065386981,15.0
10.590236537670812,15.1
10.64559184838276,15.1
10.701236502058206,15.2
10.757172011096776,15.3
10.813399895803409,15.4
10.869921684429707,15.4
10.926738913215466,15.5
10.98385312643042,15.5
11.041265876416237,15.5
11.098978723628681,15.5
11.156993236680048,15.5
11.215310992381788,15.6
11.27393357578736,15.6
11.332862580235341,15.7
11.392099607392687,15.7
11.451646267298301,15.8
11.511504178406776,15.9
11.571674967632385,15.9
11.632160270393321,16.0
11.692961730656117,16.1
11.75408100098034,16.1
11.815519742563518,16.2
11.87727962528627,16.2
11.939362327757706,16.2
12.001769537361062,16.3
12.064502950299536,16.4
12.127564271642404,16.5
12.190955215371359,16.6
12.254677504427118,16.6
12.318732870756214,16.7
12.383123055358094,16.8
12.447849808332432,16.8
12.5129148889267,16.9
12.578320065583968,16.9
12.644067115991009,16.9
12.710157827126565,16.9
12.776593995309947,16.9
12.843377426249843,17.0
12.910509935093431,17.0
12.977993346475664,17.1
13.045829494568892,17.2
13.11402022313271,17.2
13.182567385564074,17.2
13.251472844947658,17.2
13.320738474106527,17.2
13.390366155653,17.3
13.460357782039841,17.4
13.530715255611682,17.5
13.601440488656761,17.5
13.672535403458848,17.6
13.744001932349526,17.7
13.815842017760701,17.7
13.888057612277397,17.8
13.960650678690818,17.9
14.033623190051728,17.9
14.10697712972403,17.9
14.180714491438705,17.9
14.25483727934799,17.9
14.32934750807987,18.0
14.404247202792797,18.1
14.479538399230764,18.2
14.55522314377862,18.2
14.631303493517702,18.3
14.707781516281727,18.3
14.784659290713032,18.4
14.861938906319022,18.4
14.939622463528993,18.4
15.017712073751214,18.4
15.096209859430308,18.5
15.175117954104964,18.5
15.254438502465888,18.6
15.334173660414118,18.7
15.414325595119617,18.8
15.494896485080169,18.9
15.575888520180618,19.0
15.65730390175234,19.0
15.73914484263311,19.1
15.821413567227237,19.1
15.904112311566013,19.1
15.98724332336852,19.1
16.070808862102673,19.2
16.154811199046666,19.2
16.239252617350697,19.3
16.324135412099007,19.4
16.409461890372306,19.4
16.495234371310413,19.5
16.58145518617534,19.5
16.668126678414627,19.6
16.755251203725052,19.6
16.84283113011666,19.6
16.930868837977105,19.6
17.01936672013636,19.7
17.108327181931763,19.7
17.197752641273365,19.8
17.28764552870969,19.9
17.378008287493753,20.0
17.4688433736495,20.1
17.560153256038525,20.1
17.651940416427212,20.1
17.744207349554188,20.1
17.836956563198083,20.2
17.93019057824573,20.2
18.023911928760675,20.3
18.118123162052047,20.4
18.21282683874379,20.5
18.30802553284428,20.5
18.403721831816252,20.5
18.499918336647156,20.5
18.59661766191982,20.5
18.69382243588356,20.5
18.791535300525574,20.6
18.889758911642755,20.6
18.98849593891389,20.7
19.08774906597221,20.7
19.187520990478333,20.8
19.287814424193606,20.8
19.388632093053765,20.8
19.48997673724305,20.8
19.591851111268685,20.9
19.69425798403576,20.9
19.79720013892245,21.0
19.90068037385568,21.0
20.004701501387192,21.1
20.109266348769967,21.2
20.214377758035074,21.2
20.320038586068932,21.3
20.426251704690927,21.3
20.533020000731486,21.4
20.64034637611054,21.5
20.748233747916412,21.5
20.856685048485062,21.6
20.965703225479817,21.7
21.075291241971485,21.7
21.185452076518878,21.8
21.296188723249774,21.9
21.407504191942323,21.9
21.519401508106792,21.9
21.631883713067854,21.9
21.744953864047204,21.9
21.858615034246718,21.9
21.972870312931903,21.9
22.087722805515906,21.9
22.203175633643916,22.0
22.319231935278008,22.0
22.435894864782412,22.1
22.553167593009288,22.1
22.671053307384867,22.2
22.789555211996095,22.2
22.908676527677724,22.2
23.028420492099883,22.3
23.148790359856015,22.3
23.26978940255137,22.4
23.391420908891938,22.4
23.51368818477381,22.4
23.63659455337303,22.4
23.760143355235964,22.5
23.884337948370025,22.5
24.009181708334992,22.6
24.134678028334722,22.7
24.260830319309434,22.8
24.387642010028344,22.9
24.515116547182902,22.9
24.64325739548046,22.9
24.772068037738443,23.0
24.901551974979007,23.0
25.031712726524198,23.1
25.162553830091625,23.1
25.294078841890578,23.1
25.426291336718684,23.1
25.559194908059133,23.1
25.692793168178262,23.2
25.827089748223784,23.2
25.96208829832347,23.2
26.097792487684362,23.2
26.234206004692496,23.2
26.371332557013133,23.3
26.5091758716916,23.4
26.647739695254497,23.4
26.787027793811582,23.4
26.9270439531581,23.4
27.06779197887776,23.4
27.209275696446046,23.5
27.351498951334275,23.6
27.494465609114105,23.6
27.638179555562576,23.6
27.782644696767733,23.6
27.92786495923483,23.6
28.07384428999299,23.8
28.220586656702505,23.9
28.368096047762684,23.9
28.516376472420284,23.9
28.66543196087842,23.9
28.815266564406134,23.9
28.965884355448516,23.9
29.11728942773738,23.9
29.26948589640251,24.0
29.42247789808359,24.1
29.57626959104251,24.1
29.730865155276486,24.1
29.88626879263161,24.1
30.04248472691713,24.1
30.19951720402016,24.2
30.357370492021133,24.3
30.516048881309793,24.3
30.675556684701824,24.3
30.835898237556027,24.3
30.99707789789224,24.3
31.15910004650967,24.3
31.321969087106055,24.4
31.485689446397288,24.4
31.650265574237824,24.4
31.815701943741516,24.4
31.98200305140326,24.4
32.14917341722119,24.4
32.31721758481955,24.4
32.486140121572134,24.5
32.655945618726484,24.6
32.82663869152868,24.6
32.99822397934869,24.6
33.170706145806605,24.6
33.34408987889928,24.6
33.51837989112781,24.6
33.69358091962557,24.6
33.86969772628702,24.7
34.04673509789711,24.8
34.224697846261364,24.8
34.40359080833668,24.8
34.58341884636283,24.8
34.764186847994516,24.8
34.94589972643436,24.8
35.12856242056629,25.0
35.312179895089876,25.1
35.496757140655234,25.1
35.68229917399868,25.1
35.86881103807908,25.1
36.05629780221492,25.1
36.24476456222205,25.1
36.434216440552284,25.1
36.6246585864325,25.1
36.81609617600466,25.2
37.00853441246656,25.3
37.2019785262131,25.3
37.39643377497855,25.3
37.591905443979435,25.3
37.788398846058186,25.3
37.985919321827524,25.3
38.184472239815605,25.3
38.384062996612016,25.3
38.584697017014335,25.3
38.786379754175634,25.3
38.98911668975273,25.3
39.1929133340551,25.4
39.39777522619469,25.5
39.60370793423646,25.5
39.810717055349734,25.5
40.0188082159603,25.5
40.227987071903335,25.5
40.43825930857721,25.5
40.64963064109788,25.5
40.8621068144543,25.5
41.075693603664625,25.6
41.29039681393302,25.6
41.506222280807584,25.6
41.72317587033889,25.6
41.94126347923944,25.6
42.16049103504393,25.6
42.38086449627034,25.6
42.60238985258197,25.6
42.825073124950116,25.6
43.04892036581776,25.6
43.27393765926414,25.6
43.500131121170035,25.6
43.727506899384,25.6
43.956071173889484,25.7
44.18583015697281,25.8
44.416790093392,25.8
44.648957260546474,25.8
44.88233796864779,25.8
45.116938560890986,25.8
45.35276541362708,25.8
45.58982493653644,25.8
45.82812357280281,25.8
46.067667799288614,25.8
46.308464126710895,25.8
46.55051909981832,25.8
46.793839297569036,25.8
47.03843133330949,25.8
47.28430185495417,25.8
47.531457545166376,25.8
47.77990512153967,25.9
48.02965133678067,26.0
48.28070297889241,26.0
48.53306687135893,26.0
48.78674987333074,26.0
49.041758879811184,26.0
49.298100821843896,26.0
49.55578266670119,26.0
49.81481141807335,26.0
50.07519411625915,26.0
50.336937838356974,26.0
50.60004969845742,26.0
50.86453684783644,26.0
51.13040647514984,26.0
51.39766580662862,26.0
51.66632210627541,26.0
51.93638267606184,26.0
52.20785485612707,26.0
52.48074602497726,26.0
52.75506359968615,26.0
53.030815036096584,26.1
53.308007829023246,26.2
53.58664951245627,26.2
53.866747659766084,26.2
54.148309883909214,26.2
54.431343837635225,26.2
54.7158572136947,26.2
55.00185774504835,26.2
55.28935320507712,26.2
55.57835140779364,26.2
55.86886020805435,26.2
56.160887501773274,26.2
56.45444122613637,26.2
56.74952935981742,26.2
57.04615992319485,26.2
57.34434097856969,26.2
57.64408063038476,26.2
57.94538702544487,26.2
58.24826835313831,26.2
58.552732845659456,26.2
58.85878877823242,26.2
59.166444469336014,26.2
59.475708280929936,26.2
59.786588618681876,26.2
60.0990939321961,26.2
60.41323271524305,26.2
60.72901350599024,26.2
61.046444887234294,26.2
61.365535486634215,26.2
61.686293976945976,26.2
62.008729076258064,26.2
62.332849548228545,26.2
62.658664202323344,26.2
62.98618189405547,26.2
63.315411525225876,26.2
63.64636204416533,26.2
63.979042445977655,26.2
64.31346177278421,26.2
64.64962911396958,26.4
64.98755360642885,26.5
65.32724443481563,26.5
65.66871083179183,26.5
66.01196207827876,26.5
66.35700750370908,26.5
66.7038564862806,26.5
67.05251845321108,26.5
67.40300288099445,26.5
67.75531929565844,26.5
68.1094772730234,26.5
68.46548643896274,26.5
68.82335646966433,26.5
69.18309709189363,26.5
69.54471808325809,26.5
69.90822927247277,26.5
70.27364053962762,26.5
70.6409618164559,26.5
71.01020308660422,26.5
71.38137438590384,26.5
71.75448580264342,26.5
72.12954747784322,26.5
72.50656960553087,26.5
72.88556243301818,26.5
73.26653626117992,26.5
73.64950144473359,26.5
74.03446839252094,26.5
74.42144756779092,26.5
74.810449488484,26.5
75.20148472751808,26.5
75.59456391307583,26.5
75.98969772889355,26.5
76.38689691455168,26.5
76.78617226576647,26.5
77.18753463468363,26.5
77.59099493017311,26.5
77.99656411812569,26.5
78.404253221751,26.5
78.8140733218772,26.5
79.226035557252,26.5
79.64015112484554,26.5
80.05643128015467,26.5
80.47488733750892,26.5
80.89553067037787,26.5
81.31837271168051,26.5
81.74342495409579,26.5
82.170698950375,26.5
82.60020631365589,26.5
83.03195871777821,26.5
83.46596789760103,26.5
83.90224564932171,26.5
84.34080383079642,26.4
84.78165436186265,26.3
85.22480922466286,26.2
85.67028046397054,26.2
86.11808018751721,26.2
86.56822056632171,26.2
87.020713835021,26.2
87.47557229220259,26.2
87.93280830073893,26.2
88.39243428812335,26.2
88.85446274680783,26.2
89.31890623454267,26.2
89.78577737471758,26.2
90.25508885670492,26.2
90.72685343620469,26.2
91.20108393559097,26.2
91.67779324426061,26.4
92.15699431898352,26.5
92.63870018425483,26.5
93.12292393264887,26.5
93.60967872517497,26.5
94.09897779163542,26.5
94.5908344309847,26.5
95.0852620116911,26.5
95.58227397210023,26.5
96.08188382079996,26.5
96.5841051369878,26.5
97.08895157083991,26.5
97.59643684388209,26.5
98.10657474936274,26.5
98.61937915262773,26.5
99.13486399149741,26.5
99.65304327664518,26.5
100.17393109197839,26.5
100.69754159502135,26.5
101.22388901729977,26.5
101.75298766472777,26.5
102.28485191799675,26.5
102.81949623296607,26.5
103.35693514105618,26.5
103.89718324964329,26.5
104.44025524245698,26.5
104.98616587997819,26.5
105.53492999984189,26.5
106.08656251723878,26.5
106.64107842532215,26.5
107.19849279561431,26.5
107.75882077841675,26.5
108.32207760322176,26.6
108.88827857912626,26.7
109.45743909524856,26.7
110.02957462114523,26.7
110.60470070723336,26.7
111.18283298521138,26.7
111.76398716848561,26.7
112.3481790525961,26.7
112.93542451564652,26.7
113.5257395187356,26.7
114.11914010639099,26.7
114.71564240700522,26.7
115.3152626332741,26.7
115.91801708263789,26.7
116.52392213772293,26.7
117.13299426678874,26.7
117.74525002417371,26.7
118.36070605074681,26.7
118.97937907435858,26.7
119.60128591029638,26.7
120.22644346174131,26.7
120.85486872022751,26.7
121.4865787661046,26.7
122.12159076900052,26.7
122.75992198829012,26.7
123.40158977356222,26.7
124.04661156509306,26.7
124.69500489431896,26.7
125.34678738431336,26.7
126.00197675026583,26.7
126.6605907999634,26.7
127.3226474342747,26.7
127.98816464763628,26.7
128.6571605285424,26.7
129.32965326003517,26.7
130.00566112020084,26.7
130.68520248266435,26.8
131.36829581709074,26.9
132.05495968968575,26.9
132.74521276370103,26.9
133.43907379994133,26.9
134.1365616572744,26.9
134.83769529314347,26.9
135.54249376408254,26.9
136.25097622623485,26.9
136.96316193587217,26.9
137.67907024992007,26.9
138.39872062648203,26.9
139.1221326253702,26.9
139.84932590863562,26.9
140.58032024110324,26.9
141.31513549090906,26.9
142.05379163003997,26.9
142.7963087348772,26.9
143.5427069867405,26.9
144.29300667243896,26.9
145.04722818481977,26.9
145.80539202332486,26.9
146.56751879454652,26.9
147.333629212788,26.9
148.1037441006266,26.9
148.87788438947953,26.9
149.65607112017267,26.9
150.43832544351253,26.9
151.2246686208618,26.9
152.01512202471548,26.9
152.80970713928414,26.9
153.6084455610754,26.9
154.41135899948313,26.9
155.218469277376,26.9
156.02979833169113,26.9
156.8453682140304,26.9
157.66520109125955,26.9
158.48931924611142,26.9
159.3177450777899,26.9
160.15050110258113,26.9
160.9876099544629,26.9
161.82909438572216,26.9
162.67497726757185,26.9
163.52528159077312,26.9
164.38003046626017,26.9
165.23924712576837,26.9
166.1029549224657,26.9
166.97117733158728,26.9
167.8439379510743,26.9
168.72126050221348,26.9
169.60316883028446,26.9
170.48968690520502,26.9
171.38083882218535,26.9
172.27664880238083,26.9
173.17714119355136,26.9
174.08234047072295,26.9
174.99227123685273,26.9
175.9069582234984,26.9
176.82642629148881,27.0
177.75070043160196,27.0
178.67980576524164,27.0
179.61376754512278,27.0
180.55261115595593,27.0
181.49636211513797,27.0
182.44504607344558,27.0
183.39868881573247,27.0
184.35731626163007,27.0
185.3209544662519,27.0
186.28962962090262,27.0
187.26336805378796,27.0
188.24219623073301,27.0
189.2261407558986,27.0
190.21522837250714,27.0
191.20948596356752,27.0
192.20894055260666,27.0
193.21361930440384,27.0
194.22354952572874,27.0
195.2387586660848,27.0
196.25927431845295,27.0
197.28512422004457,27.0
198.31633625305224,27.0
199.35293844541056,27.0
200.39495897155572,27.0
201.4424261531923,27.0
202.4953684600627,27.0
203.55381451072122,27.0
204.6177930733116,27.0
205.6873330663489,27.0
206.76246355950653,27.0
207.84321377440395,27.0
208.92961308540407,27.0
210.02169102040844,27.0
211.11947726166272,27.0
212.22300164656127,27.0
213.33229416845913,27.0
214.447384977487,27.0
215.5683043813707,27.0
216.69508284625502,27.0
217.8277509975314,27.0
218.9663396206716,27.0
220.1108796620618,27.0
221.26140222984722,27.0
222.41793859477394,27.0
223.5805201910423,27.0
224.74917861715863,27.0
225.9239456367954,27.0
227.10485317965416,27.0
228.29193334233327,27.0
229.48521838920135,27.0
230.68474075327168,27.0
231.89053303708724,27.0
233.102628013603,27.0
234.32105862708036,27.0
235.5458579939798,27.0
236.77705940386227,27.0
238.0146963202937,27.0
239.25880238175446,27.0
240.50941140255387,27.0
241.76655737374873,27.0
243.03027446406858,27.0
244.30059702084168,26.9
245.57755957093218,26.9
246.86119682167464,26.9
248.1515436618211,26.9
249.44863516248657,26.9
250.75250657810346,26.9
252.0631933473797,26.9
253.3807310942614,26.9
254.7051556289027,26.9
256.03650294863604,26.9
257.3748092389545,26.9
258.72011087449107,26.9
260.0724444200114,26.9
261.4318466314045,26.9
262.79835445668317,26.9
264.17200503698814,26.9
265.5528357075972,26.9
266.94088399894025,26.9
268.336187637619,26.9
269.7387845474336,26.9
271.1487128504106,26.9
272.56601086784315,26.9
273.9907171213279,26.9
275.4228703338166,26.9
276.86250943066517,26.9
278.30967354069315,26.9
279.764401997247,26.9
281.2267343392687,26.9
282.6967103123723,26.9
284.1743698699204,26.9
285.65975317411466,27.0
287.152900597083,27.0
288.6538527219809,27.0
290.16265034409145,27.0
291.67933447193553,27.0
293.203946328386,27.0
294.7365273517884,27.0
296.27711919708696,27.0
297.8257637369567,27.0
299.38250306294265,27.0
300.947379486601,27.0
302.52043554065347,27.0
304.1017139801383,27.0
305.69125778357716,27.0
307.2891101541398,27.0
308.8953145208197,27.0
310.5099145396145,27.0
312.1329540947119,27.0
313.76447729968413,27.0
315.40452849868336,27.0
317.0531522676519,27.0
318.71039341552853,27.0
320.3762969854716,27.0
322.05090825607795,27.0
323.7342727426186,27.0
325.4264361982722,27.0
327.1274446153702,27.0
328.83734422664674,27.0
330.55618150649445,27.1
332.28400317222986,27.2
334.02085618535915,27.2
335.76678775285944,27.2
337.52184532845695,27.2
339.28607661392135,27.2
341.0595295603587,27.2
342.84225236951676,27.2
344.63429349509414,27.2
346.4357016440579,27.2
348.24652577796684,27.2
350.06681511430224,27.2
351.8966191278073,27.2
353.7359875518278,27.2
355.5849703796693,27.2
357.44361786595016,27.2
359.3119805279728,27.2
361.1901091470929,27.2
363.0780547701014,27.1
364.9758687106112,27.0
366.8836025504522,27.0
368.80130814107446,27.0
370.72903760495365,27.0
372.66684333701346,27.0
374.6147780060434,27.0
376.57289455613636,27.0
378.54124620812286,27.0
380.5198864610201,27.0
382.50886909348526,27.0
384.5082481652772,27.0
386.51807801872604,26.9
388.53841328020957,26.9
390.56930886163985,26.9
392.6108199619517,26.9
394.6630020686084,26.9
396.7259109591041,26.9
398.7996027024853,26.9
400.8841336608706,26.9
402.9795604909844,26.9
405.0859401456969,26.9
407.20332987557106,26.9
409.331787230421,26.9
411.4713700608718,26.9
413.6221365199375,26.9
415.78414506459575,26.9
417.95745445738237,26.9
420.1421237679842,26.9
422.33821237484636,26.9
424.5457799667861,26.9
426.76488654461485,27.0
428.9955924227691,27.0
431.23795823094935,27.0
433.49204491576995,27.0
435.7579137424112,27.0
438.0356262962907,27.0
440.3252444847303,27.0
442.62683053864555,27.0
444.9404470142319,27.1
447.2661567946673,27.2
449.60402309182115,27.2
451.9541094479714,27.2
454.3164797375345,27.2
456.6911981687959,27.2
459.0783292856624,27.2
461.4779379694089,27.2
463.89008944044906,27.2
466.31484926010245,27.2
468.7522833323791,27.2
471.20245790577025,27.2
473.6654395750488,27.2
476.14129528307956,27.2
478.630092322638,27.2
481.1318983382419,27.2
483.6467813279844,27.2
486.1748096453894,27.2
488.7160520012619,27.2
491.27057746556244,27.2
493.8384554692794,27.2
496.4197558063182,27.2
499.01454863539806,27.2
501.6229044819588,27.1
504.24489424007766,27.0
506.88058917439554,27.0
509.53006092205686,27.0
512.1933814946506,27.0
514.8706232801756,27.0
517.5618590449992,27.0
520.2671619358439,27.0
522.9866054817683,26.9
525.7202635961694,26.9
528.4682105787901,26.8
531.230521117739,26.8
534.0072702915224,26.7
536.7985335710792,26.7
539.6043868218401,26.7
542.4249063057814,26.7
545.2601686835053,26.6
548.1102510163182,26.6
550.9752307683272,26.5
553.8551858085453,26.5
556.7501944130083,26.4
559.6603352669016,26.3
562.5856874666987,26.2
565.5263305223134,26.2
568.4823443592555,26.2
571.4538093208106,26.2
574.4408061702153,26.1
577.4434160928608,26.0
580.4617206984933,25.8
583.4958020234345,25.7
586.5457425328113,25.6
589.6116251227962,25.4
592.6935331228639,25.4
595.7915502980484,25.4
598.9057608512304,25.5
602.0362494254149,25.6
605.1831011060411,25.5
608.3464014232891,25.5
611.5262363544065,25.5
614.7226923260454,25.4
617.9358562166111,25.4
621.1658153586235,25.3
624.4126575410903,25.2
627.6764710118958,25.2
630.957344480193,25.1
634.2553671188238,25.0
637.5706285667327,24.9
640.9032189314127,24.8
644.2532287913472,24.7
647.6207491984753,24.7
651.0058716806659,24.6
654.4086882442045,24.5
657.8292913762976,24.5
661.2677740475787,24.4
664.7242297146454,24.4
668.1987523225889,24.3
671.6914363075575,24.3
675.2023765993158,24.2
678.7316686238282,24.2
682.2794083058518,24.1
685.8456920715438,24.0
689.4306168510824,23.9
693.0342800813003,23.8
696.6567797083366,23.7
700.2982141902914,23.7
703.9586824999124,23.6
707.6382841272731,23.5
711.3371190824884,23.4
715.0552878984242,23.3
718.7928916334344,23.3
722.5500318741055,23.2
726.3268107380181,23.2
730.123330876526,23.2
733.9396954775374,23.2
737.7760082683312,23.2
741.6323735183645,23.2
745.508896042117,23.2
749.4056812019327,23.1
753.3228349108862,23.1
757.2604636356614,23.1
761.2186743994453,23.1
765.1975747848361,23.1
769.1972729367671,23.1
773.2178775654501,23.1
777.2594979493206,23.1
781.3222439380205,23.1
785.406225955371,23.1
789.5115550023859,23.1
793.6383426602791,23.2
797.7867010935024,23.2
801.9567430527921,23.2
806.1485818782347,23.2
810.3623315023465,23.2
814.59810645317,23.2
818.8560218573906,23.2
823.1361934434566,23.3
827.4387375447371,23.3
831.7637711026708,23.4
836.1114116699566,23.4
840.4817774137397,23.4
844.8749871188272,23.5
849.2911601909162,23.6
853.7304166598383,23.8
858.1928771828257,23.9
862.6786630477819,23.9
867.1878961765907,23.9
871.7206991284164,23.9
876.2771951030477,23.8
880.8575079442367,23.8
885.4617621430697,23.8
890.0900828413493,23.9
894.742595834996,23.9
899.4194275774676,23.9
904.1207051831946,23.9
908.8465564310401,23.9
913.5971097677627,24.0
918.3724943115215,24.1
923.1728398553701,24.1
927.998276870799,24.2
932.8489365112713,24.2
937.7249506157918,24.2
942.6264517124897,24.3
947.5535730222193,24.3
952.5064484621864,24.4
957.4852126495767,24.4
962.4900009052299,24.4
967.5209492573013,24.5
972.5781944449744,24.6
977.6618739221665,24.8
982.772125861269,24.8
987.9090891569025,24.8
993.0729034296917,24.8
998.26370903006,24.7
1003.4816470420445,24.6
1008.7268592871307,24.5
1013.9994883281055,24.4
1019.2996774729368,24.1
1024.627570778662,23.8
1029.9833130553077,23.6
1035.3670498698243,23.4
1040.778927550043,23.6
1046.219093188652,23.9
1051.687694647196,24.1
1057.1848805600926,24.2
1062.7108003386745,24.3
1068.2656041752484,24.3
1073.849443047181,24.3
1079.4624687209969,24.4
1085.104833756507,24.5
1090.7766915109553,24.6
1096.4781961431852,24.6
1102.2095026178308,24.6
1107.9707667095288,24.5
1113.7621450071517,24.4
1119.5837949180645,24.4
1125.4358746724013,24.5
1131.3185433273702,24.5
1137.231960771571,24.5
1143.1762877293438,24.5
1149.1516857651375,24.6
1155.1583172879002,24.6
1161.1963455554942,24.5
1167.2659346791324,24.5
1173.3672496278396,24.4
1179.5004562329357,24.4
1185.6657211925422,24.3
1191.8632120761172,24.3
1198.0930973290035,24.2
1204.355546277011,24.2
1210.650729131018,24.1
1216.9788169915967,24.0
1223.3399818536654,24.0
1229.7343966111616,23.9
1236.162235061742,23.8
1242.6236719115057,23.7
1249.1188827797416,23.6
1255.6480442037073,23.5
1262.2113336434193,23.5
1268.8089294864806,23.4
1275.4410110529293,23.3
1282.1077586001115,23.2
1288.8093533275808,23.1
1295.5459773820237,23.0
1302.3178138622095,23.0
1309.1250468239675,22.9
1315.967861285188,22.8
1322.8464432308563,22.7
1329.7609796180998,22.6
1336.7116583812742,22.4
1343.6986684370715,22.2
1350.7221996896535,22.1
1357.782443035813,22.0
1364.879590370164,21.9
1372.0138345903551,21.8
1379.1853696023147,21.7
1386.3943903255179,21.6
1393.6410926982915,21.5
1400.9256736831292,21.5
1408.248331272053,21.4
1415.6092644919916,21.3
1423.0086734101894,21.1
1430.4467591396458,20.8
1437.9237238445805,20.7
1445.439770745928,20.6
1452.9951041268616,20.5
1460.589929338344,20.4
1468.224452804715,20.3
1475.898882029292,20.1
1483.6134256000173,19.9
1491.3682931951248,19.8
1499.1636955888393,19.7
1506.999844657106,19.6
1514.8769533833477,19.4
1522.7952358642551,19.3
1530.754907315605,19.1
1538.7561840781082,19.0
1546.799283623296,18.9
1554.8844245594228,18.8
1563.0118266374113,18.7
1571.181710756826,18.6
1579.3942989718767,18.6
1587.649814497453,18.6
1595.9484817151922,18.6
1604.2905261795772,18.6
1612.6761746240677,18.6
1621.1056549672617,18.6
1629.5791963190893,18.5
1638.097028987047,18.5
1646.6593844824454,18.4
1655.266495526711,18.3
1663.9185960577072,18.3
1672.6159212360947,18.2
1681.3587074517213,18.1
1690.1471923300487,18.1
1698.9816147386093,18.0
1707.8622147934998,18.0
1716.789233865905,17.9
1725.7629145886658,17.9
1734.7835008628629,17.8
1743.8512378644525,17.7
1752.9663720509295,17.6
1762.1291511680254,17.5
1771.3398242564415,17.5
1780.598641658619,17.4
1789.9058550255418,17.3
1799.2617173235774,17.2
1808.6664828413498,17.1
1818.1204071966588,17.1
1827.6237473434162,17.0
1837.1767615786375,17.0
1846.7797095494598,16.9
1856.4328522602,16.8
1866.1364520794475,16.6
1875.8907727471963,16.5
1885.6960793820124,16.5
1895.552638488241,16.4
1905.4607179632462,16.3
1915.4205871047022,16.2
1925.4325166178992,16.2
1935.4967786231095,16.4
1945.6136466629825,16.5
1955.783395709978,16.5
1966.006302173841,16.5
1976.282643909114,16.4
1986.6127002226892,16.2
1996.996751881399,16.0
2007.4350811196462,15.9
2017.927971647083,15.9
2028.4757086563097,15.8
2039.078578830634,15.8
2049.736870351861,15.8
2060.4508729081267,15.8
2071.22087770177,15.8
2082.0471774572497,15.8
2092.9300664290977,15.8
2103.8698404099196,15.8
2114.8667967384304,15.8
2125.9212343075446,15.8
2137.0334535724887,15.8
2148.2037565589744,15.8
2159.4324468714053,15.8
2170.71982970113,15.8
2182.0662118347364,15.7
2193.4719016623894,15.6
2204.937209186215,15.6
2216.4624460287228,15.6
2228.0479254412767,15.6
2239.6939623126154,15.6
2251.4008731773993,15.5
2263.168976224821,15.4
2274.9985913072546,15.4
2286.890039948944,15.3
2298.843645354747,15.2
2310.8597324189163,15.1
2322.9386277339318,15.0
2335.0806595993763,15.0
2347.2861580308577,14.9
2359.5554547689862,14.9
2371.8888832883777,14.9
2384.2867788067265,14.8
2396.7494782939148,14.8
2409.2773204811715,14.8
2421.8706458702773,14.7
2434.5297967428205,14.7
2447.2551171695004,14.7
2460.0469530194778,14.6
2472.905651969775,14.6
2485.8315635147337,14.6
2498.825038975499,14.6
2511.88643150958,14.6
2525.0160961204438,14.7
2538.2143896671673,14.8
2551.481670874133,14.8
2564.8183003407817,14.9
2578.224640551411,15.0
2591.7010558850307,15.1
2605.247912625263,15.2
2618.8655789702975,15.2
2632.5544250429093,15.2
2646.314822900502,15.3
2660.14714654523,15.3
2674.051771934164,15.4
2688.029076989506,15.4
2702.079441608862,15.5
2716.20324767557,15.5
2730.400879069075,15.6
2744.6727216753675,15.6
2759.0191633974646,15.7
2773.440594165967,15.7
2787.9374059496395,15.9
2802.509992766076,16.3
2817.1587506924047,16.6
2831.8840778760564,16.7
2846.686374545581,16.8
2861.5660430215316,16.9
2876.5234877273942,17.0
2891.5591152005823,17.1
2906.6733341034837,17.3
2921.8665552345788,17.5
2937.139191539587,17.6
2952.4916581227058,17.7
2967.9243722578863,17.8
2983.4377534001765,17.9
2999.0322231971227,18.0
3014.7082055002275,18.1
3030.466126376471,18.3
3046.306414119893,18.4
3062.229499263226,18.5
3078.2358145896155,18.6
3094.325795144359,18.7
3110.4998782467446,18.8
3126.7585035019356,18.9
3143.1021128129173,19.0
3159.5311503925072,19.1
3176.0460627754296,19.2
3192.6472988304513,19.3
3209.335309772584,19.5
3226.1105491753406,19.6
3242.973472983081,19.7
3259.924539523382,19.8
3276.9642095195077,19.9
3294.0929461029286,20.0
3311.311214825911,20.1
3328.6194836741684,20.1
3346.018223079582,20.2
3363.507905932988,20.3
3381.089007597027,20.4
3398.762005919066,20.5
3416.527381244194,20.6
3434.385616428264,20.6
3452.337196851022,20.7
3470.382610429304,20.8
3488.5223476302926,20.8
3506.7569014848486,20.7
3525.0867676009134,20.7
3543.512444176976,20.6
3562.034432015617,20.5
3580.6532345371147,20.4
3599.369357793143,20.3
3618.1833104805046,20.2
3637.095603954969,20.1
3656.1067522451726,20.0
3675.2172720665826,19.9
3694.4276828355482,19.8
3713.738506683413,19.7
3733.1502684707093,19.6
3752.6634958014215,19.5
3772.2787190373247,19.3
3791.9964713124127,19.2
3811.817288547367,19.1
3831.7417094641373,19.0
3851.7702756005806,18.9
3871.9035313251793,18.8
3892.1420238518376,18.7
3912.4863032547537,18.6
3932.936922483372,18.5
3953.4944373774106,18.4
3974.1594066819653,18.3
3994.9323920627126,18.2
4015.8139581211503,18.1
4036.8046724099613,18.0
4057.9051054484326,18.0
4079.115830737964,17.9
4100.437424777656,17.9
4121.870467079975,17.8
4143.41554018651,17.6
4165.0732296838005,17.4
4186.844124219257,17.2
4208.728815517151,17.1
4230.72789839472,17.0
4252.841970778305,16.9
4275.071633719623,16.8
4297.417491412092,16.6
4319.880151207261,16.4
4342.460223631314,16.3
4365.158322401661,16.1
4387.975064443623,16.0
4410.911069907196,15.7
4433.9669621839075,15.4
4457.1433679237725,15.2
4480.4409170523,15.0
4503.860242787635,14.8
4527.40198165776,14.6
4551.0667735177985,14.3
4574.855261567406,13.8
4598.768092368251,13.5
4622.80591586159,13.2
4646.969385385929,13.0
4671.25915769478,12.7
4695.675892974527,12.2
4720.220254862348,11.8
4744.892910464259,11.4
4769.694530373255,11.0
4794.625788687525,10.6
4819.68736302878,10.2
4844.87993456067,9.8
4870.204188007296,9.4
4895.660811671819,9.2
4921.250497455168,9.2
4946.973940874864,9.0
4972.8318410838865,8.8
4998.824900889706,8.6
5024.953826773381,8.6
5051.219328908747,8.6
5077.622121181736,8.7
5104.162921209768,8.8
5130.842450361258,8.9
5157.661433775227,9.1
5184.620600380999,9.2
5211.720682918039,9.4
5238.962417955835,9.5
5266.346545913939,9.9
5293.873811082085,10.4
5321.544961640422,10.4
5349.360749679845,10.4
5377.321931222439,10.6
5405.429266242027,11.0
5433.683518684824,11.3
5462.085456490198,11.6
5490.635851611563,12.0
5519.335480037329,12.2
5548.185121812011,12.3
5577.185561057427,12.4
5606.337585994012,12.5
5635.641988962242,12.6
5665.0995664441625,12.7
5694.7111190850455,12.7
5724.477451715144,12.6
5754.399373371566,12.4
5784.477697320285,12.2
5814.713241078208,12.0
5845.10682643542,11.9
5875.659279477514,11.9
5906.371430608045,11.8
5937.244114571097,11.7
5968.278170473975,11.5
5999.4744418100045,11.3
6030.833776481469,11.0
6062.357026822636,10.8
6094.045049622959,10.6
6125.898706150321,10.3
6157.918862174471,10.0
6190.106387990547,9.7
6222.462158442733,9.4
6254.987052948034,9.1
6287.681955520183,8.7
6320.547754793659,8.4
6353.585344047851,8.2
6386.795621231329,8.0
6420.179488986247,7.7
6453.7378546729,7.4
6487.471630394349,7.1
6521.381733021235,6.9
6555.469084216698,6.7
6589.734610461422,6.6
6624.179243078815,6.6
6658.80391826033,6.5
6693.609577090902,6.5
6728.597165574533,6.5
6763.767634659991,6.5
6799.1219402666875,6.5
6834.661043310619,6.5
6870.385909730507,6.5
6906.297510514049,6.5
6942.39682172431,6.5
6978.684824526248,6.5
7015.162505213385,6.5
7051.830855234612,6.4
7088.690871221135,6.4
7125.7435550135615,6.3
7162.989913689153,6.2
7200.430959589155,6.1
7238.067710346342,6.0
7275.901188912673,5.8
7313.932423587085,5.7
7352.162448043451,5.6
7390.59230135867,5.5
7429.22302804091,5.4
7468.055678057999,5.3
7507.091306865953,5.4
7546.330975437692,5.4
7585.775750291836,5.5
7625.426703521717,5.6
7665.284912824515,5.8
7705.351461530549,6.0
7745.627438632719,6.3
7786.113938816104,6.7
7826.81206248772,7.0
7867.722915806424,7.2
7908.847610712972,8.0
7950.187264960275,8.9
7991.743002143727,9.2
8033.515951731782,9.3
8075.507249096639,9.4
8117.718035545101,9.5
8160.149458349601,9.8
8202.80267077938,10.1
8245.67883213183,10.2
8288.77910776401,10.3
8332.104669124305,10.3
8375.656693784302,10.2
8419.436365470749,10.2
8463.444874097753,10.1
8507.683415799123,10.1
8552.153192960874,10.0
8596.855414253905,9.6
8641.791294666864,9.0
8686.962055539152,8.6
8732.36892459413,8.4
8778.01313597248,8.7
8823.895930265779,8.9
8870.018554550163,9.2
8916.382262420266,9.8
8962.988314023276,10.2
9009.83797609319,10.3
9056.932521985234,10.3
9104.273231710486,10.1
9151.861391970657,9.7
9199.698296193066,9.3
9247.785244565785,8.9
9296.12354407301,8.5
9344.714508530542,8.1
9393.559458621517,7.9
9442.659721932305,7.8
9492.016632988581,7.5
9541.631533291613,7.1
9591.505771354708,6.5
9641.64070273987,6.1
9692.037690094652,5.7
9742.698103189163,5.1
9793.623318953358,3.9
9844.814721514387,2.9
9896.27370223427,2.7
9948.001659747684,2.5
10000.0,2.4
10052.270136285486,2.4
10104.813489285681,2.5
10157.6314871081,2.6
10210.725565324987,2.8
10264.09716701231,3.0
10317.747742788988,3.3
10371.678750856474,3.6
10425.891657038128,3.8
10480.387934819217,4.0
10535.16906538697,4.1
10590.236537670813,4.4
10645.591848382772,4.8
10701.236502058211,5.0
10757.172011096769,5.1
10813.399895803414,5.2
10869.921684429703,5.3
10926.73891321545,5.7
10983.85312643042,6.2
11041.265876416248,6.4
11098.978723628681,6.5
11156.993236680037,6.5
11215.310992381786,6.6
11273.933575787378,6.5
11332.862580235347,6.3
11392.099607392682,6.2
11451.646267298307,6.0
11511.504178406769,5.8
11571.674967632372,5.7
11632.16027039332,5.5
11692.961730656129,5.4
11754.08100098034,5.2
11815.519742563505,4.9
11877.27962528627,4.7
11939.362327757724,4.5
12001.76953736107,4.4
12064.50295029953,4.4
12127.56427164241,4.4
12190.95521537136,4.5
12254.677504427105,4.6
12318.732870756214,4.6
12383.123055358106,4.6
12447.849808332432,4.6
12512.914888926687,4.6
12578.320065583976,4.6
12644.067115991029,4.6
12710.157827126544,4.7
12776.593995309939,4.9
12843.377426249857,5.0
12910.50993509343,5.2
12977.99334647565,5.4
13045.829494568892,5.5
13114.020223132724,5.4
13182.567385564074,5.4
13251.472844947652,5.4
13320.738474106534,5.5
13390.366155652993,5.5
13460.35778203982,5.5
13530.715255611682,5.4
13601.440488656775,5.2
13672.535403458849,4.9
13744.001932349513,4.6
13815.842017760702,4.7
13888.057612277411,4.6
13960.650678690825,4.4
14033.62319005172,4.1
14106.977129724035,3.8
14180.714491438697,3.3
14254.837279347976,3.3
14329.347508079869,5.0
14404.247202792812,6.8
14479.538399230763,7.8
14555.223143778607,9.1
14631.303493517702,9.9
14707.78151628175,10.5
14784.65929071304,10.8
14861.938906319014,11.1
14939.622463529,11.5
15017.712073751207,11.9
15096.209859430292,12.3
15175.117954104964,12.6
15254.438502465904,12.4
15334.173660414117,12.1
15414.325595119602,11.9
15494.896485080177,11.7
15575.88852018064,11.1
15657.303901752315,10.6
15739.1448426331,10.3
15821.413567227246,10.0
15904.112311566014,9.7
15987.243323368504,9.5
16070.808862102673,9.1
16154.811199046684,8.7
16239.252617350698,8.6
16324.135412099,8.6
16409.461890372313,9.2
16495.23437131044,9.8
16581.455186175313,10.0
16668.12667841462,10.2
16755.251203725067,10.3
