10.0,12.4
10.052270136285475,12.4
10.104813489285682,12.4
10.157631487108103,12.4
10.210725565324982,12.4
10.264097167012295,12.4
10.317747742789004,12.6
10.371678750856479,12.7
10.425891657038118,12.8
10.480387934819216,12.9
10.535169065386981,13.0
10.590236537670812,13.0
10.64559184838276,13.1
10.701236502058206,13.0
10.757172011096776,12.8
10.813399895803409,12.7
10.869921684429707,12.8
10.926738913215466,12.8
10.98385312643042,12.9
11.041265876416237,13.0
11.098978723628681,13.1
11.156993236680048,13.1
11.215310992381788,13.2
11.27393357578736,13.2
11.332862580235341,13.3
11.392099607392687,13.3
11.451646267298301,13.4
11.511504178406776,13.4
11.571674967632385,13.4
11.632160270393321,13.4
11.692961730656117,13.5
11.75408100098034,13.6
11.815519742563518,13.7
11.87727962528627,13.8
11.939362327757706,13.9
12.001769537361062,14.0
12.064502950299536,14.0
12.127564271642404,14.1
12.190955215371359,14.1
12.254677504427118,14.1
12.318732870756214,14.1
12.383123055358094,14.2
12.447849808332432,14.3
12.5129148889267,14.4
12.578320065583968,14.4
12.644067115991009,14.4
12.710157827126565,14.5
12.776593995309947,14.5
12.843377426249843,14.6
12.910509935093431,14.6
12.977993346475664,14.7
13.045829494568892,14.8
13.11402022313271,14.8
13.182567385564074,14.9
13.251472844947658,14.9
13.320738474106527,15.0
13.390366155653,15.0
13.460357782039841,15.1
13.530715255611682,15.2
13.601440488656761,15.3
13.672535403458848,15.4
13.744001932349526,15.4
13.815842017760701,15.5
13.888057612277397,15.5
13.960650678690818,15.5
14.033623190051728,15.6
14.10697712972403,15.6
14.180714491438705,15.7
14.25483727934799,15.7
14.32934750807987,15.8
14.404247202792797,15.8
14.479538399230764,15.8
14.55522314377862,15.8
14.631303493517702,15.9
14.707781516281727,15.9
14.784659290713032,16.0
14.861938906319022,16.0
14.939622463528993,16.1
15.017712073751214,16.2
15.096209859430308,16.3
15.175117954104964,16.4
15.254438502465888,16.4
15.334173660414118,16.5
15.414325595119617,16.6
15.494896485080169,16.7
15.575888520180618,16.7
15.65730390175234,16.7
15.73914484263311,16.7
15.821413567227237,16.8
15.904112311566013,16.8
15.98724332336852,16.9
16.070808862102673,16.9
16.154811199046666,17.0
16.239252617350697,17.0
16.324135412099007,17.0
16.409461890372306,17.0
16.495234371310413,17.1
16.58145518617534,17.1
16.668126678414627,17.2
16.755251203725052,17.3
16.84283113011666,17.3
16.930868837977105,17.4
17.01936672013636,17.5
17.108327181931763,17.6
17.197752641273365,17.7
17.28764552870969,17.8
17.378008287493753,17.8
17.4688433736495,17.9
17.560153256038525,18.0
17.651940416427212,18.1
17.744207349554188,18.1
17.836956563198083,18.1
17.93019057824573,18.1
18.023911928760675,18.1
18.118123162052047,18.1
18.21282683874379,18.2
18.30802553284428,18.2
18.403721831816252,18.3
18.499918336647156,18.3
18.59661766191982,18.4
18.69382243588356,18.5
18.791535300525574,18.6
18.889758911642755,18.6
18.98849593891389,18.6
19.08774906597221,18.6
19.187520990478333,18.6
19.287814424193606,18.7
19.388632093053765,18.8
19.48997673724305,18.9
19.591851111268685,19.0
19.69425798403576,19.0
19.79720013892245,19.1
19.90068037385568,19.1
20.004701501387192,19.2
20.109266348769967,19.3
20.214377758035074,19.3
20.320038586068932,19.3
20.426251704690927,19.3
20.533020000731486,19.4
20.64034637611054,19.4
20.748233747916412,19.4
20.856685048485062,19.5
20.965703225479817,19.6
21.075291241971485,19.7
21.185452076518878,19.7
21.296188723249774,19.8
21.407504191942323,19.8
21.519401508106792,19.8
21.631883713067854,19.8
21.744953864047204,19.9
21.858615034246718,19.9
21.972870312931903,20.0
22.087722805515906,20.1
22.203175633643916,20.2
22.319231935278008,20.3
22.435894864782412,20.4
22.553167593009288,20.4
22.671053307384867,20.5
22.789555211996095,20.5
22.908676527677724,20.5
23.028420492099883,20.6
23.148790359856015,20.6
23.26978940255137,20.7
23.391420908891938,20.7
23.51368818477381,20.8
23.63659455337303,20.8
23.760143355235964,20.8
23.884337948370025,20.9
24.009181708334992,20.9
24.134678028334722,21.0
24.260830319309434,21.0
24.387642010028344,21.0
24.515116547182902,21.1
24.64325739548046,21.2
24.772068037738443,21.3
24.901551974979007,21.3
25.031712726524198,21.4
25.162553830091625,21.5
25.294078841890578,21.5
25.426291336718684,21.5
25.559194908059133,21.5
25.692793168178262,21.6
25.827089748223784,21.6
25.96208829832347,21.7
26.097792487684362,21.8
26.234206004692496,21.9
26.371332557013133,21.9
26.5091758716916,21.9
26.647739695254497,21.9
26.787027793811582,21.9
26.9270439531581,22.0
27.06779197887776,22.0
27.209275696446046,22.0
27.351498951334275,22.0
27.494465609114105,22.1
27.638179555562576,22.2
27.782644696767733,22.2
27.92786495923483,22.2
28.07384428999299,22.2
28.220586656702505,22.2
28.368096047762684,22.2
28.516376472420284,22.2
28.66543196087842,22.3
28.815266564406134,22.3
28.965884355448516,22.4
29.11728942773738,22.4
29.26948589640251,22.6
29.42247789808359,22.7
29.57626959104251,22.7
29.730865155276486,22.7
29.88626879263161,22.7
30.04248472691713,22.7
30.19951720402016,22.7
30.357370492021133,22.7
30.516048881309793,22.8
30.675556684701824,22.9
30.835898237556027,22.9
30.99707789789224,22.9
31.15910004650967,22.9
31.321969087106055,22.9
31.485689446397288,22.9
31.650265574237824,22.9
31.815701943741516,22.9
31.98200305140326,22.9
32.14917341722119,22.9
32.31721758481955,22.9
32.486140121572134,23.0
32.655945618726484,23.1
32.82663869152868,23.1
32.99822397934869,23.1
33.170706145806605,23.1
33.34408987889928,23.1
33.51837989112781,23.1
33.69358091962557,23.1
33.86969772628702,23.1
34.04673509789711,23.1
34.224697846261364,23.0
34.40359080833668,22.9
34.58341884636283,23.0
34.764186847994516,23.0
34.94589972643436,23.1
35.12856242056629,23.1
35.312179895089876,23.1
35.496757140655234,23.1
35.68229917399868,23.1
35.86881103807908,23.1
36.05629780221492,23.2
36.24476456222205,23.2
36.434216440552284,23.3
36.6246585864325,23.4
36.81609617600466,23.4
37.00853441246656,23.5
37.2019785262131,23.5
37.39643377497855,23.6
37.591905443979435,23.6
37.788398846058186,23.6
37.985919321827524,23.8
38.184472239815605,23.9
38.384062996612016,23.9
38.584697017014335,23.9
38.786379754175634,23.9
38.98911668975273,23.9
39.1929133340551,23.9
39.39777522619469,23.9
39.60370793423646,23.9
39.810717055349734,23.9
40.0188082159603,24.0
40.227987071903335,24.0
40.43825930857721,24.1
40.64963064109788,24.2
40.8621068144543,24.3
41.075693603664625,24.3
41.29039681393302,24.3
41.506222280807584,24.3
41.72317587033889,24.3
41.94126347923944,24.3
42.16049103504393,24.3
42.38086449627034,24.3
42.60238985258197,24.4
42.825073124950116,24.4
43.04892036581776,24.5
43.27393765926414,24.5
43.500131121170035,24.6
43.727506899384,24.6
43.956071173889484,24.6
44.18583015697281,24.6
44.416790093392,24.7
44.648957260546474,24.8
44.88233796864779,24.9
45.116938560890986,24.9
45.35276541362708,25.0
45.58982493653644,25.1
45.82812357280281,25.2
46.067667799288614,25.3
46.308464126710895,25.4
46.55051909981832,25.5
46.793839297569036,25.6
47.03843133330949,25.6
47.28430185495417,25.7
47.531457545166376,25.8
47.77990512153967,25.8
48.02965133678067,25.9
48.28070297889241,25.9
48.53306687135893,26.0
48.78674987333074,26.0
49.041758879811184,26.1
49.298100821843896,26.2
49.55578266670119,26.3
49.81481141807335,26.4
50.07519411625915,26.5
50.336937838356974,26.5
50.60004969845742,26.5
50.86453684783644,26.5
51.13040647514984,26.5
51.39766580662862,26.5
51.66632210627541,26.5
51.93638267606184,26.5
52.20785485612707,26.5
52.48074602497726,26.5
52.75506359968615,26.5
53.030815036096584,26.5
53.308007829023246,26.5
53.58664951245627,26.5
53.866747659766084,26.5
54.148309883909214,26.5
54.431343837635225,26.5
54.7158572136947,26.5
55.00185774504835,26.5
55.28935320507712,26.4
55.57835140779364,26.3
55.86886020805435,26.2
56.160887501773274,26.2
56.45444122613637,26.2
56.74952935981742,26.2
57.04615992319485,26.2
57.34434097856969,26.2
57.64408063038476,26.2
57.94538702544487,26.2
58.24826835313831,26.3
58.552732845659456,26.4
58.85878877823242,26.5
59.166444469336014,26.6
59.475708280929936,26.6
59.786588618681876,26.7
60.0990939321961,26.8
60.41323271524305,26.9
60.72901350599024,27.0
61.046444887234294,27.0
61.365535486634215,27.1
61.686293976945976,27.2
62.008729076258064,27.2
62.332849548228545,27.3
62.658664202323344,27.4
62.98618189405547,27.5
63.315411525225876,27.6
63.64636204416533,27.6
63.979042445977655,27.7
64.31346177278421,27.8
64.64962911396958,27.9
64.98755360642885,28.0
65.32724443481563,28.0
65.66871083179183,28.1
66.01196207827876,28.1
66.35700750370908,28.2
66.7038564862806,28.2
67.05251845321108,28.3
67.40300288099445,28.3
67.75531929565844,28.4
68.1094772730234,28.4
68.46548643896274,28.4
68.82335646966433,28.4
69.18309709189363,28.5
69.54471808325809,28.6
69.90822927247277,28.7
70.27364053962762,28.8
70.6409618164559,28.8
71.01020308660422,28.9
71.38137438590384,28.9
71.75448580264342,28.9
72.12954747784322,29.0
72.50656960553087,29.1
72.88556243301818,29.1
73.26653626117992,29.1
73.64950144473359,29.1
74.03446839252094,29.2
74.42144756779092,29.2
74.810449488484,29.3
75.20148472751808,29.3
75.59456391307583,29.3
75.98969772889355,29.3
76.38689691455168,29.3
76.78617226576647,29.4
77.18753463468363,29.4
77.59099493017311,29.4
77.99656411812569,29.4
78.404253221751,29.4
78.8140733218772,29.4
79.226035557252,29.4
79.64015112484554,29.4
80.05643128015467,29.5
80.47488733750892,29.6
80.89553067037787,29.6
81.31837271168051,29.6
81.74342495409579,29.6
82.170698950375,29.6
82.60020631365589,29.6
83.03195871777821,29.7
83.46596789760103,29.7
83.90224564932171,29.8
84.34080383079642,29.8
84.78165436186265,29.9
85.22480922466286,30.0
85.67028046397054,30.0
86.11808018751721,30.0
86.56822056632171,30.0
87.020713835021,30.0
87.47557229220259,30.2
87.93280830073893,30.3
88.39243428812335,30.3
88.85446274680783,30.3
89.31890623454267,30.3
89.78577737471758,30.3
90.25508885670492,30.3
90.72685343620469,30.3
91.20108393559097,30.3
91.67779324426061,30.4
92.15699431898352,30.5
92.63870018425483,30.5
93.12292393264887,30.5
93.60967872517497,30.5
94.09897779163542,30.5
94.5908344309847,30.5
95.0852620116911,30.5
95.58227397210023,30.5
96.08188382079996,30.6
96.5841051369878,30.6
97.08895157083991,30.7
97.59643684388209,30.7
98.10657474936274,30.7
98.61937915262773,30.7
99.13486399149741,30.7
99.65304327664518,30.7
100.17393109197839,30.7
100.69754159502135,30.7
101.22388901729977,30.7
101.75298766472777,30.8
102.28485191799675,30.8
102.81949623296607,30.8
103.35693514105618,30.8
103.89718324964329,30.8
104.44025524245698,30.8
104.98616587997819,30.8
105.53492999984189,30.8
106.08656251723878,30.8
106.64107842532215,30.8
107.19849279561431,30.8
107.75882077841675,30.8
108.32207760322176,30.9
108.88827857912626,31.0
109.45743909524856,31.0
110.02957462114523,31.0
110.60470070723336,31.0
111.18283298521138,31.0
111.76398716848561,31.0
112.3481790525961,31.0
112.93542451564652,31.0
113.5257395187356,31.1
114.11914010639099,31.2
114.71564240700522,31.2
115.3152626332741,31.2
115.91801708263789,31.2
116.52392213772293,31.2
117.13299426678874,31.2
117.74525002417371,31.2
118.36070605074681,31.2
118.97937907435858,31.2
119.60128591029638,31.2
120.22644346174131,31.2
120.85486872022751,31.2
121.4865787661046,31.2
122.12159076900052,31.3
122.75992198829012,31.4
123.40158977356222,31.5
124.04661156509306,31.5
124.69500489431896,31.5
125.34678738431336,31.5
126.00197675026583,31.5
126.6605907999634,31.5
127.3226474342747,31.5
127.98816464763628,31.5
128.6571605285424,31.5
129.32965326003517,31.5
130.00566112020084,31.5
130.68520248266435,31.5
131.36829581709074,31.5
132.05495968968575,31.5
132.74521276370103,31.5
133.43907379994133,31.5
134.1365616572744,31.5
134.83769529314347,31.5
135.54249376408254,31.5
136.25097622623485,31.5
136.96316193587217,31.5
137.67907024992007,31.5
138.39872062648203,31.6
139.1221326253702,31.7
139.84932590863562,31.7
140.58032024110324,31.7
141.31513549090906,31.7
142.05379163003997,31.7
142.7963087348772,31.7
143.5427069867405,31.7
144.29300667243896,31.7
145.04722818481977,31.7
145.80539202332486,31.7
146.56751879454652,31.7
147.333629212788,31.7
148.1037441006266,31.7
148.87788438947953,31.7
149.65607112017267,31.7
150.43832544351253,31.7
151.2246686208618,31.7
152.01512202471548,31.7
152.80970713928414,31.7
153.6084455610754,31.7
154.41135899948313,31.7
155.218469277376,31.7
156.02979833169113,31.7
156.8453682140304,31.6
157.66520109125955,31.5
158.48931924611142,31.4
159.3177450777899,31.4
160.15050110258113,31.3
160.9876099544629,31.2
161.82909438572216,31.2
162.67497726757185,31.2
163.52528159077312,31.2
164.38003046626017,31.3
165.23924712576837,31.4
166.1029549224657,31.5
166.97117733158728,31.6
167.8439379510743,31.6
168.72126050221348,31.7
169.60316883028446,31.7
170.48968690520502,31.7
171.38083882218535,31.7
172.27664880238083,31.7
173.17714119355136,31.8
174.08234047072295,31.9
174.99227123685273,31.9
175.9069582234984,31.9
176.82642629148881,31.9
177.75070043160196,31.9
178.67980576524164,31.9
179.61376754512278,31.9
180.55261115595593,31.9
181.49636211513797,31.9
182.44504607344558,31.9
183.39868881573247,31.9
184.35731626163007,31.9
185.3209544662519,31.9
186.28962962090262,31.9
187.26336805378796,31.9
188.24219623073301,31.9
189.2261407558986,31.9
190.21522837250714,31.9
191.20948596356752,31.9
192.20894055260666,31.9
193.21361930440384,31.9
194.22354952572874,31.9
195.2387586660848,31.9
196.25927431845295,31.9
197.28512422004457,31.9
198.31633625305224,31.9
199.35293844541056,31.9
200.39495897155572,31.9
201.4424261531923,31.9
202.4953684600627,31.9
203.55381451072122,31.9
204.6177930733116,31.9
205.6873330663489,31.9
206.76246355950653,31.9
207.84321377440395,31.9
208.92961308540407,31.9
210.02169102040844,31.9
211.11947726166272,31.9
212.22300164656127,31.9
213.33229416845913,31.9
214.447384977487,31.9
215.5683043813707,31.9
216.69508284625502,31.9
217.8277509975314,31.9
218.9663396206716,31.9
220.1108796620618,31.9
221.26140222984722,31.9
222.41793859477394,31.9
223.5805201910423,31.9
224.74917861715863,31.9
225.9239456367954,31.9
227.10485317965416,31.9
228.29193334233327,31.9
229.48521838920135,31.9
230.68474075327168,31.9
231.89053303708724,31.9
233.102628013603,31.9
234.32105862708036,31.9
235.5458579939798,31.9
236.77705940386227,31.9
238.0146963202937,31.9
239.25880238175446,31.9
240.50941140255387,31.9
241.76655737374873,31.9
243.03027446406858,31.9
244.30059702084168,31.9
245.57755957093218,31.9
246.86119682167464,31.9
248.1515436618211,31.9
249.44863516248657,31.9
250.75250657810346,31.9
252.0631933473797,31.9
253.3807310942614,31.9
254.7051556289027,31.9
256.03650294863604,31.9
257.3748092389545,31.9
258.72011087449107,31.9
260.0724444200114,31.9
261.4318466314045,31.9
262.79835445668317,31.9
264.17200503698814,31.9
265.5528357075972,31.9
266.94088399894025,31.9
268.336187637619,31.9
269.7387845474336,31.9
271.1487128504106,31.9
272.56601086784315,31.9
273.9907171213279,31.9
275.4228703338166,31.9
276.86250943066517,31.9
278.30967354069315,31.9
279.764401997247,31.9
281.2267343392687,31.9
282.6967103123723,31.9
284.1743698699204,31.9
285.65975317411466,31.9
287.152900597083,31.9
288.6538527219809,31.9
290.16265034409145,31.9
291.67933447193553,31.9
293.203946328386,31.9
294.7365273517884,31.8
296.27711919708696,31.7
297.8257637369567,31.7
299.38250306294265,31.7
300.947379486601,31.7
302.52043554065347,31.7
304.1017139801383,31.7
305.69125778357716,31.7
307.2891101541398,31.7
308.8953145208197,31.7
310.5099145396145,31.7
312.1329540947119,31.7
313.76447729968413,31.7
315.40452849868336,31.7
317.0531522676519,31.7
318.71039341552853,31.7
320.3762969854716,31.7
322.05090825607795,31.7
323.7342727426186,31.6
325.4264361982722,31.5
327.1274446153702,31.5
328.83734422664674,31.5
330.55618150649445,31.5
332.28400317222986,31.5
334.02085618535915,31.5
335.76678775285944,31.5
337.52184532845695,31.5
339.28607661392135,31.5
341.0595295603587,31.4
342.84225236951676,31.3
344.63429349509414,31.2
346.4357016440579,31.2
348.24652577796684,31.2
350.06681511430224,31.2
351.8966191278073,31.2
353.7359875518278,31.2
355.5849703796693,31.2
357.44361786595016,31.2
359.3119805279728,31.1
361.1901091470929,31.0
363.0780547701014,31.0
364.9758687106112,31.0
366.8836025504522,31.0
368.80130814107446,31.0
370.72903760495365,31.0
372.66684333701346,31.0
374.6147780060434,31.0
376.57289455613636,31.0
378.54124620812286,31.0
380.5198864610201,31.0
382.50886909348526,30.9
384.5082481652772,30.8
386.51807801872604,30.8
388.53841328020957,30.8
390.56930886163985,30.8
392.6108199619517,30.8
394.6630020686084,30.8
396.7259109591041,30.7
398.7996027024853,30.7
400.8841336608706,30.7
402.9795604909844,30.7
405.0859401456969,30.7
407.20332987557106,30.7
409.331787230421,30.7
411.4713700608718,30.7
413.6221365199375,30.7
415.78414506459575,30.6
417.95745445738237,30.5
420.1421237679842,30.5
422.33821237484636,30.4
424.5457799667861,30.4
426.76488654461485,30.3
428.9955924227691,30.3
431.23795823094935,30.3
433.49204491576995,30.2
435.7579137424112,30.2
438.0356262962907,30.1
440.3252444847303,30.0
442.62683053864555,29.9
444.9404470142319,29.9
447.2661567946673,29.8
449.60402309182115,29.8
451.9541094479714,29.8
454.3164797375345,29.8
456.6911981687959,29.7
459.0783292856624,29.7
461.4779379694089,29.6
463.89008944044906,29.6
466.31484926010245,29.6
468.7522833323791,29.6
471.20245790577025,29.5
473.6654395750488,29.5
476.14129528307956,29.4
478.630092322638,29.4
481.1318983382419,29.3
483.6467813279844,29.3
486.1748096453894,29.2
488.7160520012619,29.2
491.27057746556244,29.1
493.8384554692794,29.1
496.4197558063182,29.0
499.01454863539806,29.0
501.6229044819588,28.9
504.24489424007766,28.8
506.88058917439554,28.7
509.53006092205686,28.6
512.1933814946506,28.6
514.8706232801756,28.5
517.5618590449992,28.4
520.2671619358439,28.4
522.9866054817683,28.3
525.7202635961694,28.2
528.4682105787901,28.2
531.230521117739,28.1
534.0072702915224,28.1
536.7985335710792,28.1
539.6043868218401,28.0
542.4249063057814,27.9
545.2601686835053,27.8
548.1102510163182,27.8
550.9752307683272,27.7
553.8551858085453,27.7
556.7501944130083,27.6
559.6603352669016,27.5
562.5856874666987,27.4
565.5263305223134,27.2
568.4823443592555,27.2
571.4538093208106,27.1
574.4408061702153,27.0
577.4434160928608,27.0
580.4617206984933,26.9
583.4958020234345,27.0
586.5457425328113,27.0
589.6116251227962,27.1
592.6935331228639,27.2
595.7915502980484,27.2
598.9057608512304,27.2
602.0362494254149,27.1
605.1831011060411,27.1
608.3464014232891,27.0
611.5262363544065,26.9
614.7226923260454,26.9
617.9358562166111,26.8
621.1658153586235,26.8
624.4126575410903,26.8
627.6764710118958,26.9
630.957344480193,26.9
634.2553671188238,26.9
637.5706285667327,26.9
640.9032189314127,26.9
644.2532287913472,26.9
647.6207491984753,27.0
651.0058716806659,27.0
654.4086882442045,27.0
657.8292913762976,27.0
661.2677740475787,27.0
664.7242297146454,27.0
668.1987523225889,27.0
671.6914363075575,27.0
675.2023765993158,27.0
678.7316686238282,27.0
682.2794083058518,27.0
685.8456920715438,27.0
689.4306168510824,27.0
693.0342800813003,27.0
696.6567797083366,27.0
700.2982141902914,27.0
703.9586824999124,27.0
707.6382841272731,27.0
711.3371190824884,27.0
715.0552878984242,27.0
718.7928916334344,27.0
722.5500318741055,27.0
726.3268107380181,27.0
730.123330876526,27.0
733.9396954775374,27.1
737.7760082683312,27.1
741.6323735183645,27.2
745.508896042117,27.2
749.4056812019327,27.2
753.3228349108862,27.2
757.2604636356614,27.1
761.2186743994453,27.1
765.1975747848361,27.0
769.1972729367671,26.9
773.2178775654501,26.8
777.2594979493206,26.5
781.3222439380205,26.1
785.406225955371,26.1
789.5115550023859,26.3
793.6383426602791,26.4
797.7867010935024,26.5
801.9567430527921,26.6
806.1485818782347,26.7
810.3623315023465,26.8
814.59810645317,26.8
818.8560218573906,26.9
823.1361934434566,27.0
827.4387375447371,27.1
831.7637711026708,27.2
836.1114116699566,27.3
840.4817774137397,27.4
844.8749871188272,27.5
849.2911601909162,27.6
853.7304166598383,27.7
858.1928771828257,27.8
862.6786630477819,27.9
867.1878961765907,27.9
871.7206991284164,28.0
876.2771951030477,28.0
880.8575079442367,28.1
885.4617621430697,28.1
890.0900828413493,28.2
894.742595834996,28.2
899.4194275774676,28.2
904.1207051831946,28.2
908.8465564310401,28.3
913.5971097677627,28.4
918.3724943115215,28.4
923.1728398553701,28.4
927.998276870799,28.4
932.8489365112713,28.5
937.7249506157918,28.5
942.6264517124897,28.5
947.5535730222193,28.5
952.5064484621864,28.5
957.4852126495767,28.5
962.4900009052299,28.6
967.5209492573013,28.6
972.5781944449744,28.6
977.6618739221665,28.6
982.772125861269,28.6
987.9090891569025,28.6
993.0729034296917,28.7
998.26370903006,28.7
1003.4816470420445,28.7
1008.7268592871307,28.7
1013.9994883281055,28.7
1019.2996774729368,28.7
1024.627570778662,28.7
1029.9833130553077,28.7
1035.3670498698243,28.7
1040.778927550043,28.7
1046.219093188652,28.7
1051.687694647196,28.7
1057.1848805600926,28.7
1062.7108003386745,28.6
1068.2656041752484,28.6
1073.849443047181,28.6
1079.4624687209969,28.6
1085.104833756507,28.5
1090.7766915109553,28.4
1096.4781961431852,28.3
1102.2095026178308,28.3
1107.9707667095288,28.2
1113.7621450071517,28.1
1119.5837949180645,28.0
1125.4358746724013,27.6
1131.3185433273702,27.1
1137.231960771571,26.7
1143.1762877293438,26.4
1149.1516857651375,26.2
1155.1583172879002,26.0
1161.1963455554942,24.9
1167.2659346791324,21.1
1173.3672496278396,18.6
1179.5004562329357,19.4
1185.6657211925422,20.2
1191.8632120761172,21.1
1198.0930973290035,21.9
1204.355546277011,22.7
1210.650729131018,23.4
1216.9788169915967,24.0
1223.3399818536654,24.3
1229.7343966111616,24.5
1236.162235061742,24.9
1242.6236719115057,25.2
1249.1188827797416,25.5
1255.6480442037073,25.8
1262.2113336434193,26.1
1268.8089294864806,26.2
1275.4410110529293,26.3
1282.1077586001115,26.4
1288.8093533275808,26.5
1295.5459773820237,26.5
1302.3178138622095,26.5
1309.1250468239675,26.5
1315.967861285188,26.5
1322.8464432308563,26.5
1329.7609796180998,26.5
1336.7116583812742,26.5
1343.6986684370715,26.5
1350.7221996896535,26.5
1357.782443035813,26.5
1364.879590370164,26.5
1372.0138345903551,26.6
1379.1853696023147,26.7
1386.3943903255179,26.7
1393.6410926982915,26.7
1400.9256736831292,26.7
1408.248331272053,26.7
1415.6092644919916,26.7
1423.0086734101894,26.6
1430.4467591396458,26.4
1437.9237238445805,26.1
1445.439770745928,25.8
1452.9951041268616,25.8
1460.589929338344,25.8
1468.224452804715,25.8
1475.898882029292,25.8
1483.6134256000173,25.9
1491.3682931951248,26.0
1499.1636955888393,26.0
1506.999844657106,26.1
1514.8769533833477,26.1
1522.7952358642551,26.1
1530.754907315605,26.1
1538.7561840781082,26.1
1546.799283623296,26.1
1554.8844245594228,26.1
1563.0118266374113,26.0
1571.181710756826,26.0
1579.3942989718767,26.0
1587.649814497453,26.0
1595.9484817151922,26.0
1604.2905261795772,26.1
1612.6761746240677,26.2
1621.1056549672617,26.2
1629.5791963190893,26.1
1638.097028987047,26.1
1646.6593844824454,26.0
1655.266495526711,25.9
1663.9185960577072,25.9
1672.6159212360947,25.8
1681.3587074517213,25.7
1690.1471923300487,25.7
1698.9816147386093,25.7
1707.8622147934998,25.7
1716.789233865905,25.9
1725.7629145886658,26.1
1734.7835008628629,26.1
1743.8512378644525,26.2
1752.9663720509295,26.3
1762.1291511680254,26.3
1771.3398242564415,26.5
1780.598641658619,26.7
1789.9058550255418,26.9
1799.2617173235774,26.9
1808.6664828413498,26.9
1818.1204071966588,26.9
1827.6237473434162,26.8
1837.1767615786375,26.7
1846.7797095494598,26.3
1856.4328522602,25.9
1866.1364520794475,25.4
1875.8907727471963,24.9
1885.6960793820124,24.7
1895.552638488241,24.4
1905.4607179632462,23.7
1915.4205871047022,23.3
1925.4325166178992,23.3
1935.4967786231095,23.4
1945.6136466629825,23.9
1955.783395709978,24.4
1966.006302173841,24.7
1976.282643909114,24.9
1986.6127002226892,25.0
1996.996751881399,25.2
2007.4350811196462,25.4
2017.927971647083,25.6
2028.4757086563097,25.8
2039.078578830634,26.0
2049.736870351861,26.2
2060.4508729081267,26.4
2071.22087770177,26.6
2082.0471774572497,26.8
2092.9300664290977,27.0
2103.8698404099196,27.2
2114.8667967384304,27.4
2125.9212343075446,27.5
2137.0334535724887,27.5
2148.2037565589744,27.6
2159.4324468714053,27.7
2170.71982970113,27.8
2182.0662118347364,27.9
2193.4719016623894,27.9
2204.937209186215,28.0
2216.4624460287228,28.0
2228.0479254412767,28.1
2239.6939623126154,28.1
2251.4008731773993,28.1
2263.168976224821,28.1
2274.9985913072546,28.2
2286.890039948944,28.2
2298.843645354747,28.4
2310.8597324189163,28.5
2322.9386277339318,28.6
2335.0806595993763,28.7
2347.2861580308577,28.7
2359.5554547689862,28.8
2371.8888832883777,28.8
2384.2867788067265,28.8
2396.7494782939148,28.8
2409.2773204811715,28.9
2421.8706458702773,28.9
2434.5297967428205,28.9
2447.2551171695004,28.9
2460.0469530194778,28.9
2472.905651969775,28.9
2485.8315635147337,28.8
2498.825038975499,28.7
2511.88643150958,28.6
2525.0160961204438,28.5
2538.2143896671673,28.5
2551.481670874133,28.4
2564.8183003407817,28.3
2578.224640551411,28.2
2591.7010558850307,28.1
2605.247912625263,28.1
2618.8655789702975,28.0
2632.5544250429093,28.0
2646.314822900502,27.9
2660.14714654523,27.8
2674.051771934164,27.4
2688.029076989506,27.0
2702.079441608862,26.9
2716.20324767557,26.9
2730.400879069075,26.9
2744.6727216753675,26.8
2759.0191633974646,26.6
2773.440594165967,26.4
2787.9374059496395,26.2
2802.509992766076,26.0
2817.1587506924047,25.9
2831.8840778760564,25.8
2846.686374545581,25.6
2861.5660430215316,25.3
2876.5234877273942,25.1
2891.5591152005823,24.9
2906.6733341034837,24.8
2921.8665552345788,24.8
2937.139191539587,24.7
2952.4916581227058,24.6
2967.9243722578863,24.5
2983.4377534001765,24.5
2999.0322231971227,24.4
3014.7082055002275,24.4
3030.466126376471,24.4
3046.306414119893,24.4
3062.229499263226,24.4
3078.2358145896155,24.4
3094.325795144359,24.4
3110.4998782467446,24.4
3126.7585035019356,24.4
3143.1021128129173,24.4
3159.5311503925072,24.4
3176.0460627754296,24.4
3192.6472988304513,24.3
3209.335309772584,24.3
3226.1105491753406,24.2
3242.973472983081,24.2
3259.924539523382,24.1
3276.9642095195077,24.0
3294.0929461029286,24.0
3311.311214825911,23.9
3328.6194836741684,23.8
3346.018223079582,23.7
3363.507905932988,23.6
3381.089007597027,23.5
3398.762005919066,23.4
3416.527381244194,23.4
3434.385616428264,23.4
3452.337196851022,23.4
3470.382610429304,23.4
3488.5223476302926,23.4
3506.7569014848486,23.5
3525.0867676009134,23.5
3543.512444176976,23.6
3562.034432015617,23.6
3580.6532345371147,23.6
3599.369357793143,23.6
3618.1833104805046,23.6
3637.095603954969,23.6
3656.1067522451726,23.6
3675.2172720665826,23.6
3694.4276828355482,23.5
3713.738506683413,23.3
3733.1502684707093,23.2
3752.6634958014215,23.1
3772.2787190373247,23.1
3791.9964713124127,23.0
3811.817288547367,22.9
3831.7417094641373,22.4
3851.7702756005806,22.0
3871.9035313251793,21.9
3892.1420238518376,21.9
3912.4863032547537,21.8
3932.936922483372,21.7
3953.4944373774106,21.5
3974.1594066819653,21.3
3994.9323920627126,21.1
4015.8139581211503,20.8
4036.8046724099613,20.6
4057.9051054484326,20.3
4079.115830737964,20.0
4100.437424777656,19.8
4121.870467079975,19.6
4143.41554018651,19.3
4165.0732296838005,18.8
4186.844124219257,18.5
4208.728815517151,18.6
4230.72789839472,19.1
4252.841970778305,19.2
4275.071633719623,19.4
4297.417491412092,19.6
4319.880151207261,19.9
4342.460223631314,20.2
4365.158322401661,20.3
4387.975064443623,20.2
4410.911069907196,20.0
4433.9669621839075,19.7
4457.1433679237725,19.5
4480.4409170523,19.4
4503.860242787635,19.3
4527.40198165776,19.2
4551.0667735177985,19.2
4574.855261567406,19.1
4598.768092368251,19.0
4622.80591586159,18.9
4646.969385385929,18.8
4671.25915769478,18.7
4695.675892974527,18.6
4720.220254862348,18.5
4744.892910464259,18.5
4769.694530373255,18.4
4794.625788687525,18.3
4819.68736302878,18.2
4844.87993456067,18.2
4870.204188007296,18.1
4895.660811671819,18.1
4921.250497455168,18.0
4946.973940874864,18.0
4972.8318410838865,17.9
4998.824900889706,17.8
5024.953826773381,17.8
5051.219328908747,17.7
5077.622121181736,17.6
5104.162921209768,17.6
5130.842450361258,17.6
5157.661433775227,17.7
5184.620600380999,17.7
5211.720682918039,17.7
5238.962417955835,17.8
5266.346545913939,17.8
5293.873811082085,17.8
5321.544961640422,17.9
5349.360749679845,17.9
5377.321931222439,18.0
5405.429266242027,18.0
5433.683518684824,18.0
5462.085456490198,18.1
5490.635851611563,18.1
5519.335480037329,18.1
5548.185121812011,18.2
5577.185561057427,18.2
5606.337585994012,18.3
5635.641988962242,18.4
5665.0995664441625,18.4
5694.7111190850455,18.7
5724.477451715144,19.3
5754.399373371566,19.9
5784.477697320285,20.5
5814.713241078208,21.1
5845.10682643542,21.4
5875.659279477514,21.6
5906.371430608045,21.7
5937.244114571097,21.9
5968.278170473975,22.0
5999.4744418100045,22.3
6030.833776481469,22.6
6062.357026822636,22.7
6094.045049622959,22.8
6125.898706150321,22.7
6157.918862174471,22.7
6190.106387990547,22.6
6222.462158442733,22.6
6254.987052948034,22.5
6287.681955520183,22.6
6320.547754793659,22.5
6353.585344047851,22.4
6386.795621231329,22.1
6420.179488986247,21.8
6453.7378546729,21.7
6487.471630394349,21.6
6521.381733021235,21.4
6555.469084216698,21.2
6589.734610461422,21.0
6624.179243078815,20.9
6658.80391826033,20.9
6693.609577090902,21.0
6728.597165574533,21.0
6763.767634659991,21.0
6799.1219402666875,21.0
6834.661043310619,20.9
6870.385909730507,20.9
6906.297510514049,20.9
6942.39682172431,20.9
6978.684824526248,20.9
7015.162505213385,21.0
7051.830855234612,21.0
7088.690871221135,21.0
7125.7435550135615,21.0
7162.989913689153,21.0
7200.430959589155,21.1
7238.067710346342,21.2
7275.901188912673,21.3
7313.932423587085,21.7
7352.162448043451,22.1
7390.59230135867,22.5
7429.22302804091,22.8
7468.055678057999,23.1
7507.091306865953,23.4
7546.330975437692,23.7
7585.775750291836,24.2
7625.426703521717,24.6
7665.284912824515,25.1
7705.351461530549,25.6
7745.627438632719,26.1
7786.113938816104,26.5
7826.81206248772,26.7
7867.722915806424,27.5
7908.847610712972,28.7
7950.187264960275,29.8
7991.743002143727,30.4
8033.515951731782,30.8
8075.507249096639,31.1
8117.718035545101,31.4
8160.149458349601,32.0
8202.80267077938,32.6
8245.67883213183,32.8
8288.77910776401,32.9
8332.104669124305,33.0
8375.656693784302,33.1
8419.436365470749,33.2
8463.444874097753,33.4
8507.683415799123,33.5
8552.153192960874,33.6
8596.855414253905,33.6
8641.791294666864,33.5
8686.962055539152,33.5
8732.36892459413,33.4
8778.01313597248,33.4
8823.895930265779,33.3
8870.018554550163,33.2
8916.382262420266,33.0
8962.988314023276,32.8
9009.83797609319,32.7
9056.932521985234,32.5
9104.273231710486,32.3
9151.861391970657,32.2
9199.698296193066,32.1
9247.785244565785,32.0
9296.12354407301,31.9
9344.714508530542,31.8
9393.559458621517,31.3
9442.659721932305,30.7
9492.016632988581,30.0
9541.631533291613,29.4
9591.505771354708,29.2
9641.64070273987,28.4
9692.037690094652,27.4
9742.698103189163,26.7
9793.623318953358,24.8
9844.814721514387,23.1
9896.27370223427,22.8
9948.001659747684,22.4
10000.0,21.9
10052.270136285486,21.6
10104.813489285681,21.6
10157.6314871081,21.6
10210.725565324987,21.7
10264.09716701231,22.1
10317.747742788988,22.6
10371.678750856474,22.8
10425.891657038128,22.9
10480.387934819217,23.0
10535.16906538697,23.1
10590.236537670813,23.2
10645.591848382772,23.3
10701.236502058211,23.4
10757.172011096769,23.4
10813.399895803414,23.5
10869.921684429703,23.6
10926.73891321545,23.5
10983.85312643042,23.2
11041.265876416248,23.0
11098.978723628681,22.8
11156.993236680037,22.3
11215.310992381786,21.6
11273.933575787378,20.8
11332.862580235347,20.1
11392.099607392682,19.4
11451.646267298307,18.7
11511.504178406769,18.0
11571.674967632372,17.2
11632.16027039332,16.5
11692.961730656129,16.3
11754.08100098034,16.6
11815.519742563505,16.7
11877.27962528627,16.8
11939.362327757724,16.8
12001.76953736107,16.9
12064.50295029953,16.9
12127.56427164241,16.9
12190.95521537136,16.9
12254.677504427105,16.9
12318.732870756214,16.8
12383.123055358106,15.6
12447.849808332432,14.8
12512.914888926687,14.1
12578.320065583976,13.3
12644.067115991029,12.8
12710.157827126544,12.3
12776.593995309939,9.2
12843.377426249857,5.9
12910.50993509343,5.0
12977.99334647565,5.9
13045.829494568892,8.5
13114.020223132724,8.8
13182.567385564074,9.1
13251.472844947652,9.6
13320.738474106534,12.1
13390.366155652993,16.5
13460.35778203982,18.8
13530.715255611682,17.7
13601.440488656775,16.9
13672.535403458849,17.6
13744.001932349513,18.0
13815.842017760702,17.9
13888.057612277411,17.6
13960.650678690825,17.4
14033.62319005172,17.2
14106.977129724035,17.1
14180.714491438697,17.0
14254.837279347976,16.8
14329.347508079869,16.6
14404.247202792812,16.0
14479.538399230763,15.8
14555.223143778607,15.8
14631.303493517702,15.9
14707.78151628175,15.9
14784.65929071304,16.0
14861.938906319014,16.0
14939.622463529,16.2
15017.712073751207,16.4
15096.209859430292,16.5
15175.117954104964,16.5
15254.438502465904,16.5
15334.173660414117,16.5
15414.325595119602,16.5
15494.896485080177,16.6
15575.88852018064,16.7
15657.303901752315,16.7
15739.1448426331,16.9
15821.413567227246,17.2
15904.112311566014,17.5
15987.243323368504,17.7
16070.808862102673,18.0
16154.811199046684,18.2
16239.252617350698,18.4
16324.135412099,18.6
16409.461890372313,18.9
16495.23437131044,19.2
16581.455186175313,19.3
16668.12667841462,19.4
16755.251203725067,19.4
