10.0,14.4
10.052270136285475,14.5
10.104813489285682,14.5
10.157631487108103,14.5
10.210725565324982,14.5
10.264097167012295,14.4
10.317747742789004,14.4
10.371678750856479,14.5
10.425891657038118,14.5
10.480387934819216,14.6
10.535169065386981,14.6
10.590236537670812,14.7
10.64559184838276,14.7
10.701236502058206,14.8
10.757172011096776,14.9
10.813399895803409,15.0
10.869921684429707,15.1
10.926738913215466,15.1
10.98385312643042,15.2
11.041265876416237,15.3
11.098978723628681,15.4
11.156993236680048,15.4
11.215310992381788,15.4
11.27393357578736,15.4
11.332862580235341,15.5
11.392099607392687,15.5
11.451646267298301,15.6
11.511504178406776,15.6
11.571674967632385,15.7
11.632160270393321,15.7
11.692961730656117,15.8
11.75408100098034,15.8
11.815519742563518,15.9
11.87727962528627,16.0
11.939362327757706,16.1
12.001769537361062,16.1
12.064502950299536,16.1
12.127564271642404,16.1
12.190955215371359,16.2
12.254677504427118,16.3
12.318732870756214,16.4
12.383123055358094,16.5
12.447849808332432,16.5
12.5129148889267,16.6
12.578320065583968,16.6
12.644067115991009,16.6
12.710157827126565,16.7
12.776593995309947,16.7
12.843377426249843,16.8
12.910509935093431,16.8
12.977993346475664,16.9
13.045829494568892,16.9
13.11402022313271,16.9
13.182567385564074,17.0
13.251472844947658,17.0
13.320738474106527,17.1
13.390366155653,17.1
13.460357782039841,17.1
13.530715255611682,17.1
13.601440488656761,17.2
13.672535403458848,17.2
13.744001932349526,17.3
13.815842017760701,17.4
13.888057612277397,17.5
13.960650678690818,17.6
14.033623190051728,17.7
14.10697712972403,17.7
14.180714491438705,17.8
14.25483727934799,17.8
14.32934750807987,17.8
14.404247202792797,17.9
14.479538399230764,18.0
14.55522314377862,18.0
14.631303493517702,18.0
14.707781516281727,18.1
14.784659290713032,18.1
14.861938906319022,18.1
14.939622463528993,18.1
15.017712073751214,18.1
15.096209859430308,18.2
15.175117954104964,18.2
15.254438502465888,18.3
15.334173660414118,18.3
15.414325595119617,18.4
15.494896485080169,18.5
15.575888520180618,18.6
15.65730390175234,18.7
15.73914484263311,18.8
15.821413567227237,18.8
15.904112311566013,18.8
15.98724332336852,18.8
16.070808862102673,18.9
16.154811199046666,19.0
16.239252617350697,19.0
16.324135412099007,19.0
16.409461890372306,19.0
16.495234371310413,19.1
16.58145518617534,19.1
16.668126678414627,19.2
16.755251203725052,19.2
16.84283113011666,19.3
16.930868837977105,19.3
17.01936672013636,19.3
17.108327181931763,19.3
17.197752641273365,19.3
17.28764552870969,19.4
17.378008287493753,19.4
17.4688433736495,19.5
17.560153256038525,19.6
17.651940416427212,19.7
17.744207349554188,19.7
17.836956563198083,19.7
17.93019057824573,19.7
18.023911928760675,19.8
18.118123162052047,19.9
18.21282683874379,19.9
18.30802553284428,19.9
18.403721831816252,19.9
18.499918336647156,19.9
18.59661766191982,19.9
18.69382243588356,20.1
18.791535300525574,20.2
18.889758911642755,20.2
18.98849593891389,20.3
19.08774906597221,20.3
19.187520990478333,20.4
19.287814424193606,20.4
19.388632093053765,20.4
19.48997673724305,20.5
19.591851111268685,20.6
19.69425798403576,20.6
19.79720013892245,20.6
19.90068037385568,20.6
20.004701501387192,20.6
20.109266348769967,20.7
20.214377758035074,20.7
20.320038586068932,20.7
20.426251704690927,20.7
20.533020000731486,20.7
20.64034637611054,20.7
20.748233747916412,20.7
20.856685048485062,20.8
20.965703225479817,20.9
21.075291241971485,21.0
21.185452076518878,21.0
21.296188723249774,21.1
21.407504191942323,21.1
21.519401508106792,21.1
21.631883713067854,21.3
21.744953864047204,21.4
21.858615034246718,21.4
21.972870312931903,21.4
22.087722805515906,21.4
22.203175633643916,21.4
22.319231935278008,21.4
22.435894864782412,21.5
22.553167593009288,21.6
22.671053307384867,21.6
22.789555211996095,21.6
22.908676527677724,21.6
23.028420492099883,21.7
23.148790359856015,21.7
23.26978940255137,21.8
23.391420908891938,21.8
23.51368818477381,21.8
23.63659455337303,21.8
23.760143355235964,21.8
23.884337948370025,21.9
24.009181708334992,21.9
24.134678028334722,21.9
24.260830319309434,22.0
24.387642010028344,22.1
24.515116547182902,22.1
24.64325739548046,22.1
24.772068037738443,22.1
24.901551974979007,22.1
25.031712726524198,22.1
25.162553830091625,22.1
25.294078841890578,22.1
25.426291336718684,22.1
25.559194908059133,22.2
25.692793168178262,22.2
25.827089748223784,22.3
25.96208829832347,22.3
26.097792487684362,22.3
26.234206004692496,22.4
26.371332557013133,22.5
26.5091758716916,22.6
26.647739695254497,22.6
26.787027793811582,22.6
26.9270439531581,22.6
27.06779197887776,22.6
27.209275696446046,22.7
27.351498951334275,22.8
27.494465609114105,22.8
27.638179555562576,22.8
27.782644696767733,22.8
27.92786495923483,22.8
28.07384428999299,22.8
28.220586656702505,22.8
28.368096047762684,22.8
28.516376472420284,22.8
28.66543196087842,22.9
28.815266564406134,22.9
28.965884355448516,23.0
29.11728942773738,23.0
29.26948589640251,23.0
29.42247789808359,23.1
29.57626959104251,23.1
29.730865155276486,23.1
29.88626879263161,23.1
30.04248472691713,23.1
30.19951720402016,23.1
30.357370492021133,23.1
30.516048881309793,23.2
30.675556684701824,23.3
30.835898237556027,23.3
30.99707789789224,23.3
31.15910004650967,23.3
31.321969087106055,23.3
31.485689446397288,23.4
31.650265574237824,23.5
31.815701943741516,23.5
31.98200305140326,23.5
32.14917341722119,23.5
32.31721758481955,23.5
32.486140121572134,23.5
32.655945618726484,23.5
32.82663869152868,23.5
32.99822397934869,23.5
33.170706145806605,23.6
33.34408987889928,23.7
33.51837989112781,23.8
33.69358091962557,23.8
33.86969772628702,23.8
34.04673509789711,23.8
34.224697846261364,23.8
34.40359080833668,23.8
34.58341884636283,23.9
34.764186847994516,23.9
34.94589972643436,24.0
35.12856242056629,24.0
35.312179895089876,24.0
35.496757140655234,24.0
35.68229917399868,24.0
35.86881103807908,24.0
36.05629780221492,24.0
36.24476456222205,24.1
36.434216440552284,24.2
36.6246585864325,24.2
36.81609617600466,24.2
37.00853441246656,24.2
37.2019785262131,24.2
37.39643377497855,24.2
37.591905443979435,24.2
37.788398846058186,24.2
37.985919321827524,24.2
38.184472239815605,24.3
38.384062996612016,24.3
38.584697017014335,24.3
38.786379754175634,24.3
38.98911668975273,24.3
39.1929133340551,24.3
39.39777522619469,24.3
39.60370793423646,24.3
39.810717055349734,24.3
40.0188082159603,24.3
40.227987071903335,24.4
40.43825930857721,24.5
40.64963064109788,24.5
40.8621068144543,24.5
41.075693603664625,24.5
41.29039681393302,24.5
41.506222280807584,24.5
41.72317587033889,24.5
41.94126347923944,24.5
42.16049103504393,24.6
42.38086449627034,24.7
42.60238985258197,24.7
42.825073124950116,24.7
43.04892036581776,24.7
43.27393765926414,24.7
43.500131121170035,24.7
43.727506899384,24.7
43.956071173889484,24.7
44.18583015697281,24.7
44.416790093392,24.7
44.648957260546474,24.7
44.88233796864779,24.8
45.116938560890986,24.8
45.35276541362708,24.9
45.58982493653644,24.9
45.82812357280281,24.9
46.067667799288614,24.9
46.308464126710895,24.9
46.55051909981832,24.9
46.793839297569036,24.9
47.03843133330949,24.9
47.28430185495417,24.9
47.531457545166376,24.9
47.77990512153967,24.9
48.02965133678067,24.9
48.28070297889241,24.9
48.53306687135893,24.9
48.78674987333074,25.0
49.041758879811184,25.1
49.298100821843896,25.2
49.55578266670119,25.2
49.81481141807335,25.2
50.07519411625915,25.2
50.336937838356974,25.2
50.60004969845742,25.2
50.86453684783644,25.2
51.13040647514984,25.2
51.39766580662862,25.2
51.66632210627541,25.2
51.93638267606184,25.2
52.20785485612707,25.3
52.48074602497726,25.4
52.75506359968615,25.4
53.030815036096584,25.4
53.308007829023246,25.4
53.58664951245627,25.4
53.866747659766084,25.4
54.148309883909214,25.4
54.431343837635225,25.4
54.7158572136947,25.4
55.00185774504835,25.4
55.28935320507712,25.4
55.57835140779364,25.4
55.86886020805435,25.4
56.160887501773274,25.4
56.45444122613637,25.4
56.74952935981742,25.5
57.04615992319485,25.6
57.34434097856969,25.6
57.64408063038476,25.6
57.94538702544487,25.6
58.24826835313831,25.6
58.552732845659456,25.6
58.85878877823242,25.6
59.166444469336014,25.6
59.475708280929936,25.6
59.786588618681876,25.6
60.0990939321961,25.6
60.41323271524305,25.6
60.72901350599024,25.6
61.046444887234294,25.6
61.365535486634215,25.6
61.686293976945976,25.6
62.008729076258064,25.6
62.332849548228545,25.6
62.658664202323344,25.6
62.98618189405547,25.7
63.315411525225876,25.7
63.64636204416533,25.7
63.979042445977655,25.7
64.31346177278421,25.7
64.64962911396958,25.7
64.98755360642885,25.7
65.32724443481563,25.7
65.66871083179183,25.7
66.01196207827876,25.7
66.35700750370908,25.7
66.7038564862806,25.7
67.05251845321108,25.7
67.40300288099445,25.7
67.75531929565844,25.7
68.1094772730234,25.7
68.46548643896274,25.7
68.82335646966433,25.7
69.18309709189363,25.7
69.54471808325809,25.7
69.90822927247277,25.7
70.27364053962762,25.7
70.6409618164559,25.7
71.01020308660422,25.7
71.38137438590384,25.6
71.75448580264342,25.6
72.12954747784322,25.6
72.50656960553087,25.6
72.88556243301818,25.6
73.26653626117992,25.6
73.64950144473359,25.5
74.03446839252094,25.4
74.42144756779092,25.3
74.810449488484,25.3
75.20148472751808,25.2
75.59456391307583,25.2
75.98969772889355,25.1
76.38689691455168,25.0
76.78617226576647,24.9
77.18753463468363,24.9
77.59099493017311,24.9
77.99656411812569,24.9
78.404253221751,24.9
78.8140733218772,24.9
79.226035557252,24.9
79.64015112484554,24.9
80.05643128015467,25.1
80.47488733750892,25.2
80.89553067037787,25.2
81.31837271168051,25.2
81.74342495409579,25.2
82.170698950375,25.2
82.60020631365589,25.2
83.03195871777821,25.3
83.46596789760103,25.3
83.90224564932171,25.4
84.34080383079642,25.5
84.78165436186265,25.6
85.22480922466286,25.6
85.67028046397054,25.6
86.11808018751721,25.6
86.56822056632171,25.6
87.020713835021,25.6
87.47557229220259,25.6
87.93280830073893,25.6
88.39243428812335,25.6
88.85446274680783,25.6
89.31890623454267,25.6
89.78577737471758,25.6
90.25508885670492,25.6
90.72685343620469,25.5
91.20108393559097,25.4
91.67779324426061,25.3
92.15699431898352,25.2
92.63870018425483,25.1
93.12292393264887,24.9
93.60967872517497,24.7
94.09897779163542,24.6
94.5908344309847,24.5
95.0852620116911,24.5
95.58227397210023,24.4
96.08188382079996,24.3
96.5841051369878,24.3
97.08895157083991,24.3
97.59643684388209,24.3
98.10657474936274,24.4
98.61937915262773,24.5
99.13486399149741,24.6
99.65304327664518,24.6
100.17393109197839,24.7
100.69754159502135,24.8
101.22388901729977,24.8
101.75298766472777,24.9
102.28485191799675,24.9
102.81949623296607,24.9
103.35693514105618,25.0
103.89718324964329,25.1
104.44025524245698,25.2
104.98616587997819,25.2
105.53492999984189,25.2
106.08656251723878,25.2
106.64107842532215,25.3
107.19849279561431,25.4
107.75882077841675,25.4
108.32207760322176,25.4
108.88827857912626,25.4
109.45743909524856,25.4
110.02957462114523,25.4
110.60470070723336,25.4
111.18283298521138,25.4
111.76398716848561,25.5
112.3481790525961,25.6
112.93542451564652,25.6
113.5257395187356,25.6
114.11914010639099,25.6
114.71564240700522,25.6
115.3152626332741,25.6
115.91801708263789,25.6
116.52392213772293,25.6
117.13299426678874,25.6
117.74525002417371,25.6
118.36070605074681,25.6
118.97937907435858,25.7
119.60128591029638,25.7
120.22644346174131,25.7
120.85486872022751,25.7
121.4865787661046,25.7
122.12159076900052,25.7
122.75992198829012,25.7
123.40158977356222,25.7
124.04661156509306,25.7
124.69500489431896,25.7
125.34678738431336,25.7
126.00197675026583,25.7
126.6605907999634,25.7
127.3226474342747,25.7
127.98816464763628,25.7
128.6571605285424,25.7
129.32965326003517,25.7
130.00566112020084,25.7
130.68520248266435,25.7
131.36829581709074,25.7
132.05495968968575,25.7
132.74521276370103,25.7
133.43907379994133,25.7
134.1365616572744,25.7
134.83769529314347,25.7
135.54249376408254,25.7
136.25097622623485,25.7
136.96316193587217,25.7
137.67907024992007,25.7
138.39872062648203,25.7
139.1221326253702,25.7
139.84932590863562,25.7
140.58032024110324,25.7
141.31513549090906,25.7
142.05379163003997,25.8
142.7963087348772,25.9
143.5427069867405,25.9
144.29300667243896,25.9
145.04722818481977,25.9
145.80539202332486,25.9
146.56751879454652,25.9
147.333629212788,25.9
148.1037441006266,25.9
148.87788438947953,25.9
149.65607112017267,25.9
150.43832544351253,25.9
151.2246686208618,25.9
152.01512202471548,25.9
152.80970713928414,25.9
153.6084455610754,25.9
154.41135899948313,25.9
155.218469277376,25.9
156.02979833169113,25.9
156.8453682140304,25.9
157.66520109125955,25.9
158.48931924611142,25.9
159.3177450777899,25.9
160.15050110258113,25.9
160.9876099544629,25.8
161.82909438572216,25.7
162.67497726757185,25.7
163.52528159077312,25.7
164.38003046626017,25.7
165.23924712576837,25.7
166.1029549224657,25.6
166.97117733158728,25.6
167.8439379510743,25.6
168.72126050221348,25.7
169.60316883028446,25.7
170.48968690520502,25.7
171.38083882218535,25.7
172.27664880238083,25.7
173.17714119355136,25.7
174.08234047072295,25.7
174.99227123685273,25.7
175.9069582234984,25.7
176.82642629148881,25.7
177.75070043160196,25.7
178.67980576524164,25.7
179.61376754512278,25.7
180.55261115595593,25.7
181.49636211513797,25.7
182.44504607344558,25.7
183.39868881573247,25.7
184.35731626163007,25.7
185.3209544662519,25.7
186.28962962090262,25.7
187.26336805378796,25.7
188.24219623073301,25.7
189.2261407558986,25.7
190.21522837250714,25.7
191.20948596356752,25.7
192.20894055260666,25.7
193.21361930440384,25.7
194.22354952572874,25.7
195.2387586660848,25.7
196.25927431845295,25.7
197.28512422004457,25.7
198.31633625305224,25.7
199.35293844541056,25.7
200.39495897155572,25.7
201.4424261531923,25.7
202.4953684600627,25.7
203.55381451072122,25.7
204.6177930733116,25.7
205.6873330663489,25.7
206.76246355950653,25.7
207.84321377440395,25.7
208.92961308540407,25.7
210.02169102040844,25.7
211.11947726166272,25.6
212.22300164656127,25.6
213.33229416845913,25.6
214.447384977487,25.6
215.5683043813707,25.6
216.69508284625502,25.6
217.8277509975314,25.6
218.9663396206716,25.6
220.1108796620618,25.6
221.26140222984722,25.6
222.41793859477394,25.6
223.5805201910423,25.6
224.74917861715863,25.6
225.9239456367954,25.6
227.10485317965416,25.6
228.29193334233327,25.6
229.48521838920135,25.6
230.68474075327168,25.6
231.89053303708724,25.6
233.102628013603,25.6
234.32105862708036,25.6
235.5458579939798,25.6
236.77705940386227,25.6
238.0146963202937,25.6
239.25880238175446,25.6
240.50941140255387,25.6
241.76655737374873,25.6
243.03027446406858,25.6
244.30059702084168,25.6
245.57755957093218,25.6
246.86119682167464,25.6
248.1515436618211,25.6
249.44863516248657,25.5
250.75250657810346,25.4
252.0631933473797,25.4
253.3807310942614,25.4
254.7051556289027,25.4
256.03650294863604,25.4
257.3748092389545,25.4
258.72011087449107,25.4
260.0724444200114,25.4
261.4318466314045,25.4
262.79835445668317,25.4
264.17200503698814,25.4
265.5528357075972,25.4
266.94088399894025,25.4
268.336187637619,25.4
269.7387845474336,25.4
271.1487128504106,25.4
272.56601086784315,25.4
273.9907171213279,25.4
275.4228703338166,25.4
276.86250943066517,25.4
278.30967354069315,25.4
279.764401997247,25.4
281.2267343392687,25.4
282.6967103123723,25.4
284.1743698699204,25.4
285.65975317411466,25.4
287.152900597083,25.4
288.6538527219809,25.3
290.16265034409145,25.2
291.67933447193553,25.2
293.203946328386,25.2
294.7365273517884,25.2
296.27711919708696,25.2
297.8257637369567,25.2
299.38250306294265,25.2
300.947379486601,25.2
302.52043554065347,25.2
304.1017139801383,25.2
305.69125778357716,25.2
307.2891101541398,25.2
308.8953145208197,25.1
310.5099145396145,25.1
312.1329540947119,25.0
313.76447729968413,24.9
315.40452849868336,24.8
317.0531522676519,24.8
318.71039341552853,24.7
320.3762969854716,24.7
322.05090825607795,24.7
323.7342727426186,24.7
325.4264361982722,24.7
327.1274446153702,24.7
328.83734422664674,24.7
330.55618150649445,24.7
332.28400317222986,24.7
334.02085618535915,24.7
335.76678775285944,24.7
337.52184532845695,24.7
339.28607661392135,24.7
341.0595295603587,24.7
342.84225236951676,24.7
344.63429349509414,24.7
346.4357016440579,24.7
348.24652577796684,24.7
350.06681511430224,24.7
351.8966191278073,24.6
353.7359875518278,24.5
355.5849703796693,24.4
357.44361786595016,24.4
359.3119805279728,24.3
361.1901091470929,24.3
363.0780547701014,24.3
364.9758687106112,24.3
366.8836025504522,24.3
368.80130814107446,24.3
370.72903760495365,24.3
372.66684333701346,24.3
374.6147780060434,24.3
376.57289455613636,24.3
378.54124620812286,24.3
380.5198864610201,24.3
382.50886909348526,24.3
384.5082481652772,24.3
386.51807801872604,24.3
388.53841328020957,24.3
390.56930886163985,24.3
392.6108199619517,24.3
394.6630020686084,24.3
396.7259109591041,24.3
398.7996027024853,24.3
400.8841336608706,24.3
402.9795604909844,24.3
405.0859401456969,24.3
407.20332987557106,24.2
409.331787230421,24.2
411.4713700608718,24.2
413.6221365199375,24.2
415.78414506459575,24.2
417.95745445738237,24.2
420.1421237679842,24.2
422.33821237484636,24.2
424.5457799667861,24.2
426.76488654461485,24.2
428.9955924227691,24.2
431.23795823094935,24.2
433.49204491576995,24.2
435.7579137424112,24.2
438.0356262962907,24.2
440.3252444847303,24.2
442.62683053864555,24.1
444.9404470142319,24.0
447.2661567946673,24.0
449.60402309182115,24.0
451.9541094479714,24.0
454.3164797375345,24.0
456.6911981687959,24.0
459.0783292856624,24.0
461.4779379694089,24.0
463.89008944044906,24.0
466.31484926010245,24.0
468.7522833323791,24.0
471.20245790577025,24.0
473.6654395750488,24.0
476.14129528307956,24.0
478.630092322638,24.0
481.1318983382419,23.9
483.6467813279844,23.8
486.1748096453894,23.8
488.7160520012619,23.8
491.27057746556244,23.8
493.8384554692794,23.8
496.4197558063182,23.8
499.01454863539806,23.8
501.6229044819588,23.8
504.24489424007766,23.8
506.88058917439554,23.8
509.53006092205686,23.8
512.1933814946506,23.8
514.8706232801756,23.7
517.5618590449992,23.6
520.2671619358439,23.5
522.9866054817683,23.5
525.7202635961694,23.5
528.4682105787901,23.5
531.230521117739,23.5
534.0072702915224,23.5
536.7985335710792,23.5
539.6043868218401,23.4
542.4249063057814,23.3
545.2601686835053,23.3
548.1102510163182,23.3
550.9752307683272,23.3
553.8551858085453,23.3
556.7501944130083,23.3
559.6603352669016,23.3
562.5856874666987,23.2
565.5263305223134,23.2
568.4823443592555,23.1
571.4538093208106,23.1
574.4408061702153,23.0
577.4434160928608,22.9
580.4617206984933,22.8
583.4958020234345,22.6
586.5457425328113,22.5
589.6116251227962,22.4
592.6935331228639,22.3
595.7915502980484,22.2
598.9057608512304,22.1
602.0362494254149,22.1
605.1831011060411,22.1
608.3464014232891,22.1
611.5262363544065,22.1
614.7226923260454,22.1
617.9358562166111,22.1
621.1658153586235,22.1
624.4126575410903,22.2
627.6764710118958,22.4
630.957344480193,22.5
634.2553671188238,22.6
637.5706285667327,22.7
640.9032189314127,22.8
644.2532287913472,22.8
647.6207491984753,22.9
651.0058716806659,23.0
654.4086882442045,23.0
657.8292913762976,23.0
661.2677740475787,23.0
664.7242297146454,23.0
668.1987523225889,23.0
671.6914363075575,23.0
675.2023765993158,23.0
678.7316686238282,23.0
682.2794083058518,23.0
685.8456920715438,22.9
689.4306168510824,22.8
693.0342800813003,22.8
696.6567797083366,22.8
700.2982141902914,22.8
703.9586824999124,22.8
707.6382841272731,22.7
711.3371190824884,22.6
715.0552878984242,22.6
718.7928916334344,22.6
722.5500318741055,22.6
726.3268107380181,22.6
730.123330876526,22.6
733.9396954775374,22.6
737.7760082683312,22.6
741.6323735183645,22.6
745.508896042117,22.6
749.4056812019327,22.6
753.3228349108862,22.6
757.2604636356614,22.6
761.2186743994453,22.6
765.1975747848361,22.7
769.1972729367671,22.8
773.2178775654501,22.8
777.2594979493206,22.8
781.3222439380205,22.8
785.406225955371,22.8
789.5115550023859,22.8
793.6383426602791,22.8
797.7867010935024,22.8
801.9567430527921,22.8
806.1485818782347,22.8
810.3623315023465,22.9
814.59810645317,23.0
818.8560218573906,23.0
823.1361934434566,23.0
827.4387375447371,23.0
831.7637711026708,23.0
836.1114116699566,23.0
840.4817774137397,23.0
844.8749871188272,23.1
849.2911601909162,23.1
853.7304166598383,23.1
858.1928771828257,23.1
862.6786630477819,23.1
867.1878961765907,23.1
871.7206991284164,23.1
876.2771951030477,23.1
880.8575079442367,23.2
885.4617621430697,23.3
890.0900828413493,23.3
894.742595834996,23.3
899.4194275774676,23.3
904.1207051831946,23.3
908.8465564310401,23.3
913.5971097677627,23.3
918.3724943115215,23.3
923.1728398553701,23.3
927.998276870799,23.3
932.8489365112713,23.3
937.7249506157918,23.3
942.6264517124897,23.3
947.5535730222193,23.3
952.5064484621864,23.3
957.4852126495767,23.3
962.4900009052299,23.3
967.5209492573013,23.3
972.5781944449744,23.3
977.6618739221665,23.3
982.772125861269,23.3
987.9090891569025,23.3
993.0729034296917,23.4
998.26370903006,23.5
1003.4816470420445,23.5
1008.7268592871307,23.5
1013.9994883281055,23.5
1019.2996774729368,23.5
1024.627570778662,23.5
1029.9833130553077,23.5
1035.3670498698243,23.5
1040.778927550043,23.5
1046.219093188652,23.5
1051.687694647196,23.5
1057.1848805600926,23.5
1062.7108003386745,23.5
1068.2656041752484,23.5
1073.849443047181,23.5
1079.4624687209969,23.5
1085.104833756507,23.4
1090.7766915109553,23.3
1096.4781961431852,23.2
1102.2095026178308,23.2
1107.9707667095288,23.1
1113.7621450071517,23.1
1119.5837949180645,23.1
1125.4358746724013,23.1
1131.3185433273702,23.1
1137.231960771571,23.0
1143.1762877293438,23.0
1149.1516857651375,23.0
1155.1583172879002,22.9
1161.1963455554942,22.8
1167.2659346791324,22.7
1173.3672496278396,22.6
1179.5004562329357,22.5
1185.6657211925422,22.4
1191.8632120761172,22.3
1198.0930973290035,22.2
1204.355546277011,22.2
1210.650729131018,22.1
1216.9788169915967,22.0
1223.3399818536654,22.0
1229.7343966111616,21.9
1236.162235061742,21.9
1242.6236719115057,21.8
1249.1188827797416,21.8
1255.6480442037073,21.7
1262.2113336434193,21.7
1268.8089294864806,21.6
1275.4410110529293,21.6
1282.1077586001115,21.6
1288.8093533275808,21.6
1295.5459773820237,21.5
1302.3178138622095,21.4
1309.1250468239675,21.3
1315.967861285188,21.1
1322.8464432308563,21.0
1329.7609796180998,20.9
1336.7116583812742,20.8
1343.6986684370715,20.8
1350.7221996896535,20.7
1357.782443035813,20.7
1364.879590370164,20.6
1372.0138345903551,20.6
1379.1853696023147,20.5
1386.3943903255179,20.5
1393.6410926982915,20.4
1400.9256736831292,20.4
1408.248331272053,20.4
1415.6092644919916,20.4
1423.0086734101894,20.4
1430.4467591396458,20.4
1437.9237238445805,20.4
1445.439770745928,20.4
1452.9951041268616,20.4
1460.589929338344,20.4
1468.224452804715,20.4
1475.898882029292,20.4
1483.6134256000173,20.4
1491.3682931951248,20.4
1499.1636955888393,20.4
1506.999844657106,20.3
1514.8769533833477,20.2
1522.7952358642551,20.2
1530.754907315605,20.2
1538.7561840781082,20.2
1546.799283623296,20.2
1554.8844245594228,20.2
1563.0118266374113,20.2
1571.181710756826,20.2
1579.3942989718767,20.3
1587.649814497453,20.4
1595.9484817151922,20.4
1604.2905261795772,20.4
1612.6761746240677,20.4
1621.1056549672617,20.4
1629.5791963190893,20.5
1638.097028987047,20.5
1646.6593844824454,20.6
1655.266495526711,20.6
1663.9185960577072,20.7
1672.6159212360947,20.8
1681.3587074517213,20.9
1690.1471923300487,20.9
1698.9816147386093,20.9
1707.8622147934998,20.9
1716.789233865905,20.9
1725.7629145886658,21.0
1734.7835008628629,21.1
1743.8512378644525,21.2
1752.9663720509295,21.2
1762.1291511680254,21.3
1771.3398242564415,21.4
1780.598641658619,21.4
1789.9058550255418,21.4
1799.2617173235774,21.5
1808.6664828413498,21.5
1818.1204071966588,21.6
1827.6237473434162,21.6
1837.1767615786375,21.6
1846.7797095494598,21.6
1856.4328522602,21.7
1866.1364520794475,21.8
1875.8907727471963,22.0
1885.6960793820124,22.1
1895.552638488241,22.2
1905.4607179632462,22.3
1915.4205871047022,22.4
1925.4325166178992,22.5
1935.4967786231095,22.5
1945.6136466629825,22.6
1955.783395709978,22.7
1966.006302173841,22.8
1976.282643909114,22.8
1986.6127002226892,22.8
1996.996751881399,22.8
2007.4350811196462,22.8
2017.927971647083,22.8
2028.4757086563097,22.8
2039.078578830634,22.8
2049.736870351861,22.9
2060.4508729081267,23.0
2071.22087770177,23.1
2082.0471774572497,23.1
2092.9300664290977,23.1
2103.8698404099196,23.1
2114.8667967384304,23.0
2125.9212343075446,23.0
2137.0334535724887,23.0
2148.2037565589744,23.1
2159.4324468714053,23.3
2170.71982970113,23.4
2182.0662118347364,23.5
2193.4719016623894,23.5
2204.937209186215,23.5
2216.4624460287228,23.4
2228.0479254412767,23.4
2239.6939623126154,23.3
2251.4008731773993,23.2
2263.168976224821,23.0
2274.9985913072546,23.0
2286.890039948944,23.2
2298.843645354747,23.5
2310.8597324189163,23.7
2322.9386277339318,23.8
2335.0806595993763,23.8
2347.2861580308577,23.8
2359.5554547689862,23.8
2371.8888832883777,23.8
2384.2867788067265,23.8
2396.7494782939148,23.7
2409.2773204811715,23.6
2421.8706458702773,23.3
2434.5297967428205,23.1
2447.2551171695004,23.1
2460.0469530194778,23.1
2472.905651969775,23.1
2485.8315635147337,23.1
2498.825038975499,23.0
2511.88643150958,23.0
2525.0160961204438,23.0
2538.2143896671673,23.0
2551.481670874133,23.0
2564.8183003407817,22.9
2578.224640551411,22.9
2591.7010558850307,22.8
2605.247912625263,22.8
2618.8655789702975,22.7
2632.5544250429093,22.7
2646.314822900502,22.6
2660.14714654523,22.5
2674.051771934164,22.2
2688.029076989506,21.9
2702.079441608862,21.8
2716.20324767557,21.8
2730.400879069075,21.8
2744.6727216753675,21.7
2759.0191633974646,21.6
2773.440594165967,21.4
2787.9374059496395,21.3
2802.509992766076,21.2
2817.1587506924047,21.1
2831.8840778760564,21.0
2846.686374545581,20.9
2861.5660430215316,20.8
2876.5234877273942,20.7
2891.5591152005823,20.6
2906.6733341034837,20.5
2921.8665552345788,20.4
2937.139191539587,20.3
2952.4916581227058,20.2
2967.9243722578863,20.0
2983.4377534001765,19.8
2999.0322231971227,19.7
3014.7082055002275,19.7
3030.466126376471,19.7
3046.306414119893,19.7
3062.229499263226,19.7
3078.2358145896155,19.7
3094.325795144359,19.7
3110.4998782467446,19.7
3126.7585035019356,19.6
3143.1021128129173,19.6
3159.5311503925072,19.5
3176.0460627754296,19.4
3192.6472988304513,19.3
3209.335309772584,19.2
3226.1105491753406,19.1
3242.973472983081,19.0
3259.924539523382,18.9
3276.9642095195077,18.8
3294.0929461029286,18.6
3311.311214825911,18.4
3328.6194836741684,18.3
3346.018223079582,18.4
3363.507905932988,18.5
3381.089007597027,18.5
3398.762005919066,18.5
3416.527381244194,18.4
3434.385616428264,18.4
3452.337196851022,18.3
3470.382610429304,18.3
3488.5223476302926,18.2
3506.7569014848486,18.1
3525.0867676009134,18.0
3543.512444176976,18.0
3562.034432015617,18.0
3580.6532345371147,17.9
3599.369357793143,17.8
3618.1833104805046,17.6
3637.095603954969,17.4
3656.1067522451726,17.3
3675.2172720665826,17.2
3694.4276828355482,17.1
3713.738506683413,16.9
3733.1502684707093,16.8
3752.6634958014215,16.7
3772.2787190373247,16.6
3791.9964713124127,16.6
3811.817288547367,16.7
3831.7417094641373,16.8
3851.7702756005806,16.9
3871.9035313251793,17.0
3892.1420238518376,17.1
3912.4863032547537,17.2
3932.936922483372,17.6
3953.4944373774106,18.0
3974.1594066819653,18.1
3994.9323920627126,18.2
4015.8139581211503,18.3
4036.8046724099613,18.3
4057.9051054484326,18.3
4079.115830737964,18.3
4100.437424777656,18.3
4121.870467079975,18.2
4143.41554018651,18.1
4165.0732296838005,18.1
4186.844124219257,18.0
4208.728815517151,18.0
4230.72789839472,18.0
4252.841970778305,17.9
4275.071633719623,17.8
4297.417491412092,17.7
4319.880151207261,17.7
4342.460223631314,17.6
4365.158322401661,17.6
4387.975064443623,17.6
4410.911069907196,17.6
4433.9669621839075,17.6
4457.1433679237725,17.6
4480.4409170523,17.6
4503.860242787635,17.6
4527.40198165776,17.6
4551.0667735177985,17.5
4574.855261567406,17.5
4598.768092368251,17.4
4622.80591586159,17.3
4646.969385385929,17.2
4671.25915769478,17.1
4695.675892974527,16.9
4720.220254862348,16.7
4744.892910464259,16.6
4769.694530373255,16.5
4794.625788687525,16.4
4819.68736302878,16.2
4844.87993456067,15.9
4870.204188007296,15.6
4895.660811671819,15.4
4921.250497455168,15.3
4946.973940874864,15.2
4972.8318410838865,15.1
4998.824900889706,14.9
5024.953826773381,14.7
5051.219328908747,14.6
5077.622121181736,14.5
5104.162921209768,14.4
5130.842450361258,14.3
5157.661433775227,14.2
5184.620600380999,14.1
5211.720682918039,14.0
5238.962417955835,14.0
5266.346545913939,14.0
5293.873811082085,14.0
5321.544961640422,14.0
5349.360749679845,14.0
5377.321931222439,14.0
5405.429266242027,14.0
5433.683518684824,14.0
5462.085456490198,14.0
5490.635851611563,14.0
5519.335480037329,14.0
5548.185121812011,14.0
5577.185561057427,14.0
5606.337585994012,14.0
5635.641988962242,14.0
5665.0995664441625,14.1
5694.7111190850455,14.2
5724.477451715144,14.3
5754.399373371566,14.3
5784.477697320285,14.4
5814.713241078208,14.5
5845.10682643542,14.7
5875.659279477514,14.8
5906.371430608045,15.0
5937.244114571097,15.1
5968.278170473975,15.2
5999.4744418100045,15.3
6030.833776481469,15.3
6062.357026822636,15.4
6094.045049622959,15.5
6125.898706150321,15.6
6157.918862174471,15.8
6190.106387990547,15.9
6222.462158442733,16.1
6254.987052948034,16.2
6287.681955520183,16.4
6320.547754793659,16.5
6353.585344047851,16.6
6386.795621231329,16.7
6420.179488986247,16.8
6453.7378546729,16.9
6487.471630394349,17.0
6521.381733021235,17.0
6555.469084216698,17.2
6589.734610461422,17.3
6624.179243078815,17.4
6658.80391826033,17.6
6693.609577090902,17.9
6728.597165574533,18.2
6763.767634659991,18.4
6799.1219402666875,18.6
6834.661043310619,18.7
6870.385909730507,18.8
6906.297510514049,18.9
6942.39682172431,19.0
6978.684824526248,19.1
7015.162505213385,19.2
7051.830855234612,19.2
7088.690871221135,19.2
7125.7435550135615,19.3
7162.989913689153,19.3
7200.430959589155,19.3
7238.067710346342,19.3
7275.901188912673,19.3
7313.932423587085,19.2
7352.162448043451,19.2
7390.59230135867,19.2
7429.22302804091,19.1
7468.055678057999,19.0
7507.091306865953,19.0
7546.330975437692,19.0
7585.775750291836,19.0
7625.426703521717,19.0
7665.284912824515,19.1
7705.351461530549,19.1
7745.627438632719,19.2
7786.113938816104,19.2
7826.81206248772,19.3
7867.722915806424,19.3
7908.847610712972,19.4
7950.187264960275,19.5
7991.743002143727,19.6
8033.515951731782,19.7
8075.507249096639,19.7
8117.718035545101,19.8
8160.149458349601,19.8
8202.80267077938,19.9
8245.67883213183,19.9
8288.77910776401,19.9
8332.104669124305,19.9
8375.656693784302,19.9
8419.436365470749,19.9
8463.444874097753,19.9
8507.683415799123,20.1
8552.153192960874,20.2
8596.855414253905,20.3
8641.791294666864,20.4
8686.962055539152,20.5
8732.36892459413,20.8
8778.01313597248,21.1
8823.895930265779,21.2
8870.018554550163,21.4
8916.382262420266,21.9
8962.988314023276,22.3
9009.83797609319,22.4
9056.932521985234,22.5
9104.273231710486,22.6
9151.861391970657,22.6
9199.698296193066,22.6
9247.785244565785,22.6
9296.12354407301,22.5
9344.714508530542,22.4
9393.559458621517,21.9
9442.659721932305,21.5
9492.016632988581,21.2
9541.631533291613,20.9
9591.505771354708,20.6
9641.64070273987,20.3
9692.037690094652,19.9
9742.698103189163,19.3
9793.623318953358,18.6
9844.814721514387,18.0
9896.27370223427,17.5
9948.001659747684,17.0
10000.0,16.6
10052.270136285486,16.2
10104.813489285681,15.9
10157.6314871081,15.2
10210.725565324987,14.4
10264.09716701231,13.8
10317.747742788988,13.5
10371.678750856474,13.2
10425.891657038128,12.9
10480.387934819217,12.0
10535.16906538697,10.8
10590.236537670813,10.1
10645.591848382772,9.5
10701.236502058211,9.1
10757.172011096769,8.7
10813.399895803414,7.9
10869.921684429703,6.6
10926.73891321545,5.7
10983.85312643042,5.2
11041.265876416248,4.8
11098.978723628681,4.5
11156.993236680037,3.7
11215.310992381786,2.9
11273.933575787378,2.6
11332.862580235347,3.3
11392.099607392682,4.0
11451.646267298307,4.1
11511.504178406769,4.4
11571.674967632372,4.7
11632.16027039332,4.9
11692.961730656129,5.2
11754.08100098034,5.5
11815.519742563505,5.6
11877.27962528627,5.7
11939.362327757724,5.9
12001.76953736107,6.1
12064.50295029953,6.2
12127.56427164241,6.8
12190.95521537136,7.5
12254.677504427105,7.9
12318.732870756214,8.3
12383.123055358106,8.7
12447.849808332432,9.1
12512.914888926687,9.8
12578.320065583976,10.4
12644.067115991029,10.7
12710.157827126544,11.2
12776.593995309939,11.6
12843.377426249857,11.8
12910.50993509343,12.3
12977.99334647565,13.1
13045.829494568892,13.5
13114.020223132724,13.8
13182.567385564074,14.0
13251.472844947652,14.2
13320.738474106534,14.7
13390.366155652993,15.1
13460.35778203982,15.2
13530.715255611682,15.2
13601.440488656775,15.1
13672.535403458849,15.0
13744.001932349513,14.9
13815.842017760702,14.8
13888.057612277411,14.5
13960.650678690825,14.2
14033.62319005172,14.0
14106.977129724035,13.8
14180.714491438697,13.8
14254.837279347976,13.7
14329.347508079869,13.6
14404.247202792812,13.5
14479.538399230763,13.3
14555.223143778607,13.1
14631.303493517702,12.2
14707.78151628175,11.1
14784.65929071304,10.5
14861.938906319014,10.0
14939.622463529,9.6
15017.712073751207,9.3
15096.209859430292,9.0
15175.117954104964,8.9
15254.438502465904,9.0
15334.173660414117,9.2
15414.325595119602,9.3
15494.896485080177,9.4
15575.88852018064,9.5
15657.303901752315,9.4
15739.1448426331,9.3
15821.413567227246,9.1
15904.112311566014,9.0
15987.243323368504,9.0
16070.808862102673,9.0
16154.811199046684,9.1
16239.252617350698,9.2
16324.135412099,9.4
16409.461890372313,9.9
16495.23437131044,10.3
16581.455186175313,10.4
16668.12667841462,10.5
16755.251203725067,10.6
