10.0,34.0
10.052270136285475,34.1
10.104813489285682,34.1
10.157631487108103,34.2
10.210725565324982,34.2
10.264097167012295,34.3
10.317747742789004,34.3
10.371678750856479,34.3
10.425891657038118,34.3
10.480387934819216,34.4
10.535169065386981,34.4
10.590236537670812,34.5
10.64559184838276,34.6
10.701236502058206,34.7
10.757172011096776,34.8
10.813399895803409,34.9
10.869921684429707,34.9
10.926738913215466,35.0
10.98385312643042,35.0
11.041265876416237,35.1
11.098978723628681,35.2
11.156993236680048,35.2
11.215310992381788,35.2
11.27393357578736,35.2
11.332862580235341,35.2
11.392099607392687,35.3
11.451646267298301,35.3
11.511504178406776,35.4
11.571674967632385,35.4
11.632160270393321,35.5
11.692961730656117,35.6
11.75408100098034,35.7
11.815519742563518,35.8
11.87727962528627,35.9
11.939362327757706,36.0
12.001769537361062,36.0
12.064502950299536,36.0
12.127564271642404,36.0
12.190955215371359,36.1
12.254677504427118,36.1
12.318732870756214,36.2
12.383123055358094,36.3
12.447849808332432,36.3
12.5129148889267,36.4
12.578320065583968,36.5
12.644067115991009,36.5
12.710157827126565,36.5
12.776593995309947,36.5
12.843377426249843,36.5
12.910509935093431,36.5
12.977993346475664,36.6
13.045829494568892,36.7
13.11402022313271,36.7
13.182567385564074,36.8
13.251472844947658,36.8
13.320738474106527,36.9
13.390366155653,36.9
13.460357782039841,36.9
13.530715255611682,37.0
13.601440488656761,37.0
13.672535403458848,37.1
13.744001932349526,37.2
13.815842017760701,37.2
13.888057612277397,37.3
13.960650678690818,37.4
14.033623190051728,37.5
14.10697712972403,37.5
14.180714491438705,37.6
14.25483727934799,37.6
14.32934750807987,37.6
14.404247202792797,37.6
14.479538399230764,37.7
14.55522314377862,37.7
14.631303493517702,37.8
14.707781516281727,37.8
14.784659290713032,37.9
14.861938906319022,37.9
14.939622463528993,37.9
15.017712073751214,37.9
15.096209859430308,38.0
15.175117954104964,38.0
15.254438502465888,38.1
15.334173660414118,38.2
15.414325595119617,38.3
15.494896485080169,38.4
15.575888520180618,38.5
15.65730390175234,38.5
15.73914484263311,38.6
15.821413567227237,38.6
15.904112311566013,38.6
15.98724332336852,38.6
16.070808862102673,38.7
16.154811199046666,38.8
16.239252617350697,38.8
16.324135412099007,38.8
16.409461890372306,38.8
16.495234371310413,38.8
16.58145518617534,38.9
16.668126678414627,38.9
16.755251203725052,39.0
16.84283113011666,39.0
16.930868837977105,39.1
17.01936672013636,39.1
17.108327181931763,39.1
17.197752641273365,39.1
17.28764552870969,39.2
17.378008287493753,39.2
17.4688433736495,39.3
17.560153256038525,39.4
17.651940416427212,39.5
17.744207349554188,39.5
17.836956563198083,39.5
17.93019057824573,39.5
18.023911928760675,39.7
18.118123162052047,39.8
18.21282683874379,39.8
18.30802553284428,39.8
18.403721831816252,39.8
18.499918336647156,39.8
18.59661766191982,39.8
18.69382243588356,39.9
18.791535300525574,40.0
18.889758911642755,40.0
18.98849593891389,40.1
19.08774906597221,40.1
19.187520990478333,40.2
19.287814424193606,40.2
19.388632093053765,40.2
19.48997673724305,40.2
19.591851111268685,40.3
19.69425798403576,40.3
19.79720013892245,40.3
19.90068037385568,40.3
20.004701501387192,40.4
20.109266348769967,40.5
20.214377758035074,40.5
20.320038586068932,40.5
20.426251704690927,40.5
20.533020000731486,40.5
20.64034637611054,40.5
20.748233747916412,40.5
20.856685048485062,40.6
20.965703225479817,40.7
21.075291241971485,40.8
21.185452076518878,40.9
21.296188723249774,41.0
21.407504191942323,41.0
21.519401508106792,41.0
21.631883713067854,41.1
21.744953864047204,41.2
21.858615034246718,41.2
21.972870312931903,41.2
22.087722805515906,41.2
22.203175633643916,41.2
22.319231935278008,41.2
22.435894864782412,41.3
22.553167593009288,41.4
22.671053307384867,41.4
22.789555211996095,41.4
22.908676527677724,41.4
23.028420492099883,41.4
23.148790359856015,41.5
23.26978940255137,41.5
23.391420908891938,41.5
23.51368818477381,41.5
23.63659455337303,41.5
23.760143355235964,41.6
23.884337948370025,41.6
24.009181708334992,41.7
24.134678028334722,41.7
24.260830319309434,41.8
24.387642010028344,41.9
24.515116547182902,41.9
24.64325739548046,41.9
24.772068037738443,41.9
24.901551974979007,41.9
25.031712726524198,41.9
25.162553830091625,41.9
25.294078841890578,41.9
25.426291336718684,41.9
25.559194908059133,42.0
25.692793168178262,42.1
25.827089748223784,42.2
25.96208829832347,42.2
26.097792487684362,42.2
26.234206004692496,42.2
26.371332557013133,42.3
26.5091758716916,42.4
26.647739695254497,42.4
26.787027793811582,42.4
26.9270439531581,42.4
27.06779197887776,42.4
27.209275696446046,42.5
27.351498951334275,42.6
27.494465609114105,42.6
27.638179555562576,42.6
27.782644696767733,42.6
27.92786495923483,42.6
28.07384428999299,42.6
28.220586656702505,42.6
28.368096047762684,42.6
28.516376472420284,42.6
28.66543196087842,42.6
28.815266564406134,42.7
28.965884355448516,42.7
29.11728942773738,42.7
29.26948589640251,42.7
29.42247789808359,42.7
29.57626959104251,42.8
29.730865155276486,42.9
29.88626879263161,42.9
30.04248472691713,42.9
30.19951720402016,42.9
30.357370492021133,42.9
30.516048881309793,43.0
30.675556684701824,43.1
30.835898237556027,43.1
30.99707789789224,43.1
31.15910004650967,43.1
31.321969087106055,43.1
31.485689446397288,43.1
31.650265574237824,43.1
31.815701943741516,43.1
31.98200305140326,43.1
32.14917341722119,43.1
32.31721758481955,43.1
32.486140121572134,43.3
32.655945618726484,43.4
32.82663869152868,43.4
32.99822397934869,43.4
33.170706145806605,43.4
33.34408987889928,43.4
33.51837989112781,43.4
33.69358091962557,43.4
33.86969772628702,43.5
34.04673509789711,43.6
34.224697846261364,43.6
34.40359080833668,43.6
34.58341884636283,43.6
34.764186847994516,43.6
34.94589972643436,43.6
35.12856242056629,43.6
35.312179895089876,43.6
35.496757140655234,43.6
35.68229917399868,43.7
35.86881103807908,43.8
36.05629780221492,43.8
36.24476456222205,43.8
36.434216440552284,43.8
36.6246585864325,43.8
36.81609617600466,43.8
37.00853441246656,43.8
37.2019785262131,43.8
37.39643377497855,43.8
37.591905443979435,43.8
37.788398846058186,43.8
37.985919321827524,43.8
38.184472239815605,43.8
38.384062996612016,43.8
38.584697017014335,43.9
38.786379754175634,43.9
38.98911668975273,43.9
39.1929133340551,43.9
39.39777522619469,43.9
39.60370793423646,43.9
39.810717055349734,43.9
40.0188082159603,43.9
40.227987071903335,43.9
40.43825930857721,43.9
40.64963064109788,43.9
40.8621068144543,44.0
41.075693603664625,44.1
41.29039681393302,44.1
41.506222280807584,44.1
41.72317587033889,44.1
41.94126347923944,44.1
42.16049103504393,44.1
42.38086449627034,44.1
42.60238985258197,44.1
42.825073124950116,44.1
43.04892036581776,44.1
43.27393765926414,44.1
43.500131121170035,44.1
43.727506899384,44.1
43.956071173889484,44.1
44.18583015697281,44.1
44.416790093392,44.1
44.648957260546474,44.1
44.88233796864779,44.2
45.116938560890986,44.2
45.35276541362708,44.3
45.58982493653644,44.3
45.82812357280281,44.3
46.067667799288614,44.3
46.308464126710895,44.3
46.55051909981832,44.3
46.793839297569036,44.3
47.03843133330949,44.3
47.28430185495417,44.3
47.531457545166376,44.3
47.77990512153967,44.3
48.02965133678067,44.3
48.28070297889241,44.3
48.53306687135893,44.3
48.78674987333074,44.3
49.041758879811184,44.3
49.298100821843896,44.3
49.55578266670119,44.3
49.81481141807335,44.3
50.07519411625915,44.3
50.336937838356974,44.3
50.60004969845742,44.4
50.86453684783644,44.5
51.13040647514984,44.5
51.39766580662862,44.5
51.66632210627541,44.5
51.93638267606184,44.5
52.20785485612707,44.5
52.48074602497726,44.5
52.75506359968615,44.5
53.030815036096584,44.5
53.308007829023246,44.5
53.58664951245627,44.5
53.866747659766084,44.5
54.148309883909214,44.5
54.431343837635225,44.5
54.7158572136947,44.5
55.00185774504835,44.5
55.28935320507712,44.5
55.57835140779364,44.5
55.86886020805435,44.5
56.160887501773274,44.5
56.45444122613637,44.5
56.74952935981742,44.5
57.04615992319485,44.5
57.34434097856969,44.5
57.64408063038476,44.5
57.94538702544487,44.5
58.24826835313831,44.5
58.552732845659456,44.5
58.85878877823242,44.5
59.166444469336014,44.5
59.475708280929936,44.5
59.786588618681876,44.5
60.0990939321961,44.5
60.41323271524305,44.5
60.72901350599024,44.5
61.046444887234294,44.5
61.365535486634215,44.5
61.686293976945976,44.5
62.008729076258064,44.5
62.332849548228545,44.5
62.658664202323344,44.5
62.98618189405547,44.5
63.315411525225876,44.5
63.64636204416533,44.5
63.979042445977655,44.5
64.31346177278421,44.5
64.64962911396958,44.5
64.98755360642885,44.5
65.32724443481563,44.5
65.66871083179183,44.5
66.01196207827876,44.5
66.35700750370908,44.5
66.7038564862806,44.5
67.05251845321108,44.5
67.40300288099445,44.5
67.75531929565844,44.5
68.1094772730234,44.5
68.46548643896274,44.5
68.82335646966433,44.5
69.18309709189363,44.5
69.54471808325809,44.5
69.90822927247277,44.5
70.27364053962762,44.5
70.6409618164559,44.5
71.01020308660422,44.5
71.38137438590384,44.5
71.75448580264342,44.5
72.12954747784322,44.5
72.50656960553087,44.5
72.88556243301818,44.5
73.26653626117992,44.5
73.64950144473359,44.5
74.03446839252094,44.5
74.42144756779092,44.5
74.810449488484,44.5
75.20148472751808,44.5
75.59456391307583,44.5
75.98969772889355,44.5
76.38689691455168,44.5
76.78617226576647,44.5
77.18753463468363,44.5
77.59099493017311,44.5
77.99656411812569,44.5
78.404253221751,44.5
78.8140733218772,44.5
79.226035557252,44.5
79.64015112484554,44.5
80.05643128015467,44.5
80.47488733750892,44.5
80.89553067037787,44.5
81.31837271168051,44.5
81.74342495409579,44.5
82.170698950375,44.5
82.60020631365589,44.5
83.03195871777821,44.5
83.46596789760103,44.5
83.90224564932171,44.5
84.34080383079642,44.5
84.78165436186265,44.5
85.22480922466286,44.5
85.67028046397054,44.5
86.11808018751721,44.5
86.56822056632171,44.5
87.020713835021,44.5
87.47557229220259,44.5
87.93280830073893,44.5
88.39243428812335,44.5
88.85446274680783,44.5
89.31890623454267,44.5
89.78577737471758,44.5
90.25508885670492,44.5
90.72685343620469,44.5
91.20108393559097,44.5
91.67779324426061,44.5
92.15699431898352,44.5
92.63870018425483,44.4
93.12292393264887,44.3
93.60967872517497,44.3
94.09897779163542,44.3
94.5908344309847,44.3
95.0852620116911,44.3
95.58227397210023,44.3
96.08188382079996,44.3
96.5841051369878,44.3
97.08895157083991,44.3
97.59643684388209,44.3
98.10657474936274,44.3
98.61937915262773,44.3
99.13486399149741,44.3
99.65304327664518,44.3
100.17393109197839,44.3
100.69754159502135,44.3
101.22388901729977,44.3
101.75298766472777,44.3
102.28485191799675,44.2
102.81949623296607,44.2
103.35693514105618,44.1
103.89718324964329,44.1
104.44025524245698,44.1
104.98616587997819,44.1
105.53492999984189,44.1
106.08656251723878,44.1
106.64107842532215,44.1
107.19849279561431,44.1
107.75882077841675,44.1
108.32207760322176,44.1
108.88827857912626,44.1
109.45743909524856,44.0
110.02957462114523,43.9
110.60470070723336,43.9
111.18283298521138,43.9
111.76398716848561,43.9
112.3481790525961,43.9
112.93542451564652,43.9
113.5257395187356,43.9
114.11914010639099,43.9
114.71564240700522,43.9
115.3152626332741,43.8
115.91801708263789,43.8
116.52392213772293,43.8
117.13299426678874,43.8
117.74525002417371,43.7
118.36070605074681,43.6
118.97937907435858,43.6
119.60128591029638,43.6
120.22644346174131,43.6
120.85486872022751,43.5
121.4865787661046,43.5
122.12159076900052,43.4
122.75992198829012,43.3
123.40158977356222,43.2
124.04661156509306,43.1
124.69500489431896,43.1
125.34678738431336,43.1
126.00197675026583,43.1
126.6605907999634,43.1
127.3226474342747,43.1
127.98816464763628,43.1
128.6571605285424,43.0
129.32965326003517,43.0
130.00566112020084,42.9
130.68520248266435,42.9
131.36829581709074,43.0
132.05495968968575,43.1
132.74521276370103,43.1
133.43907379994133,43.1
134.1365616572744,43.1
134.83769529314347,43.1
135.54249376408254,43.1
136.25097622623485,43.1
136.96316193587217,43.1
137.67907024992007,43.1
138.39872062648203,43.3
139.1221326253702,43.4
139.84932590863562,43.4
140.58032024110324,43.4
141.31513549090906,43.4
142.05379163003997,43.4
142.7963087348772,43.4
143.5427069867405,43.4
144.29300667243896,43.4
145.04722818481977,43.4
145.80539202332486,43.4
146.56751879454652,43.4
147.333629212788,43.4
148.1037441006266,43.4
148.87788438947953,43.4
149.65607112017267,43.4
150.43832544351253,43.4
151.2246686208618,43.4
152.01512202471548,43.4
152.80970713928414,43.4
153.6084455610754,43.4
154.41135899948313,43.4
155.218469277376,43.4
156.02979833169113,43.4
156.8453682140304,43.4
157.66520109125955,43.4
158.48931924611142,43.4
159.3177450777899,43.4
160.15050110258113,43.4
160.9876099544629,43.4
161.82909438572216,43.3
162.67497726757185,43.2
163.52528159077312,43.1
164.38003046626017,43.0
165.23924712576837,43.0
166.1029549224657,42.9
166.97117733158728,42.8
167.8439379510743,42.8
168.72126050221348,42.7
169.60316883028446,42.6
170.48968690520502,42.6
171.38083882218535,42.6
172.27664880238083,42.6
173.17714119355136,42.6
174.08234047072295,42.6
174.99227123685273,42.6
175.9069582234984,42.6
176.82642629148881,42.6
177.75070043160196,42.6
178.67980576524164,42.6
179.61376754512278,42.6
180.55261115595593,42.5
181.49636211513797,42.4
182.44504607344558,42.4
183.39868881573247,42.4
184.35731626163007,42.4
185.3209544662519,42.4
186.28962962090262,42.3
187.26336805378796,42.2
188.24219623073301,42.1
189.2261407558986,42.0
190.21522837250714,42.0
191.20948596356752,41.9
192.20894055260666,41.9
193.21361930440384,41.8
194.22354952572874,41.8
195.2387586660848,41.7
196.25927431845295,41.7
197.28512422004457,41.8
198.31633625305224,41.9
199.35293844541056,41.9
200.39495897155572,41.9
201.4424261531923,41.9
202.4953684600627,41.9
203.55381451072122,41.9
204.6177930733116,41.9
205.6873330663489,41.9
206.76246355950653,41.9
207.84321377440395,41.9
208.92961308540407,41.9
210.02169102040844,41.9
211.11947726166272,41.9
212.22300164656127,41.9
213.33229416845913,41.9
214.447384977487,41.9
215.5683043813707,41.9
216.69508284625502,41.9
217.8277509975314,41.9
218.9663396206716,41.9
220.1108796620618,41.9
221.26140222984722,41.9
222.41793859477394,41.9
223.5805201910423,41.9
224.74917861715863,41.9
225.9239456367954,41.9
227.10485317965416,41.8
228.29193334233327,41.7
229.48521838920135,41.7
230.68474075327168,41.7
231.89053303708724,41.7
233.102628013603,41.7
234.32105862708036,41.7
235.5458579939798,41.6
236.77705940386227,41.6
238.0146963202937,41.5
239.25880238175446,41.5
240.50941140255387,41.4
241.76655737374873,41.4
243.03027446406858,41.4
244.30059702084168,41.4
245.57755957093218,41.4
246.86119682167464,41.4
248.1515436618211,41.4
249.44863516248657,41.3
250.75250657810346,41.2
252.0631933473797,41.2
253.3807310942614,41.2
254.7051556289027,41.2
256.03650294863604,41.2
257.3748092389545,41.2
258.72011087449107,41.2
260.0724444200114,41.2
261.4318466314045,41.2
262.79835445668317,41.2
264.17200503698814,41.1
265.5528357075972,41.0
266.94088399894025,41.0
268.336187637619,41.0
269.7387845474336,41.0
271.1487128504106,41.0
272.56601086784315,41.0
273.9907171213279,41.0
275.4228703338166,41.0
276.86250943066517,41.0
278.30967354069315,41.0
279.764401997247,41.0
281.2267343392687,41.0
282.6967103123723,41.0
284.1743698699204,41.0
285.65975317411466,41.0
287.152900597083,41.0
288.6538527219809,40.9
290.16265034409145,40.8
291.67933447193553,40.7
293.203946328386,40.7
294.7365273517884,40.7
296.27711919708696,40.7
297.8257637369567,40.6
299.38250306294265,40.5
300.947379486601,40.5
302.52043554065347,40.5
304.1017139801383,40.5
305.69125778357716,40.5
307.2891101541398,40.5
308.8953145208197,40.5
310.5099145396145,40.5
312.1329540947119,40.5
313.76447729968413,40.4
315.40452849868336,40.3
317.0531522676519,40.3
318.71039341552853,40.3
320.3762969854716,40.3
322.05090825607795,40.3
323.7342727426186,40.3
325.4264361982722,40.3
327.1274446153702,40.2
328.83734422664674,40.2
330.55618150649445,40.2
332.28400317222986,40.2
334.02085618535915,40.2
335.76678775285944,40.2
337.52184532845695,40.2
339.28607661392135,40.2
341.0595295603587,40.2
342.84225236951676,40.2
344.63429349509414,40.2
346.4357016440579,40.1
348.24652577796684,40.1
350.06681511430224,40.0
351.8966191278073,40.0
353.7359875518278,40.0
355.5849703796693,40.0
357.44361786595016,40.0
359.3119805279728,40.0
361.1901091470929,40.0
363.0780547701014,40.0
364.9758687106112,40.0
366.8836025504522,40.0
368.80130814107446,40.0
370.72903760495365,39.9
372.66684333701346,39.8
374.6147780060434,39.8
376.57289455613636,39.8
378.54124620812286,39.8
380.5198864610201,39.8
382.50886909348526,39.8
384.5082481652772,39.8
386.51807801872604,39.7
388.53841328020957,39.6
390.56930886163985,39.5
392.6108199619517,39.5
394.6630020686084,39.5
396.7259109591041,39.5
398.7996027024853,39.5
400.8841336608706,39.5
402.9795604909844,39.5
405.0859401456969,39.5
407.20332987557106,39.5
409.331787230421,39.5
411.4713700608718,39.5
413.6221365199375,39.5
415.78414506459575,39.5
417.95745445738237,39.5
420.1421237679842,39.5
422.33821237484636,39.5
424.5457799667861,39.5
426.76488654461485,39.5
428.9955924227691,39.5
431.23795823094935,39.5
433.49204491576995,39.5
435.7579137424112,39.5
438.0356262962907,39.5
440.3252444847303,39.5
442.62683053864555,39.5
444.9404470142319,39.5
447.2661567946673,39.5
449.60402309182115,39.5
451.9541094479714,39.5
454.3164797375345,39.5
456.6911981687959,39.5
459.0783292856624,39.5
461.4779379694089,39.5
463.89008944044906,39.5
466.31484926010245,39.5
468.7522833323791,39.5
471.20245790577025,39.5
473.6654395750488,39.5
476.14129528307956,39.5
478.630092322638,39.5
481.1318983382419,39.5
483.6467813279844,39.5
486.1748096453894,39.5
488.7160520012619,39.5
491.27057746556244,39.5
493.8384554692794,39.5
496.4197558063182,39.5
499.01454863539806,39.5
501.6229044819588,39.5
504.24489424007766,39.5
506.88058917439554,39.5
509.53006092205686,39.5
512.1933814946506,39.5
514.8706232801756,39.5
517.5618590449992,39.5
520.2671619358439,39.5
522.9866054817683,39.5
525.7202635961694,39.5
528.4682105787901,39.5
531.230521117739,39.5
534.0072702915224,39.5
536.7985335710792,39.5
539.6043868218401,39.5
542.4249063057814,39.5
545.2601686835053,39.5
548.1102510163182,39.5
550.9752307683272,39.5
553.8551858085453,39.5
556.7501944130083,39.5
559.6603352669016,39.5
562.5856874666987,39.5
565.5263305223134,39.5
568.4823443592555,39.5
571.4538093208106,39.5
574.4408061702153,39.5
577.4434160928608,39.5
580.4617206984933,39.5
583.4958020234345,39.5
586.5457425328113,39.5
589.6116251227962,39.5
592.6935331228639,39.5
595.7915502980484,39.5
598.9057608512304,39.5
602.0362494254149,39.5
605.1831011060411,39.5
608.3464014232891,39.5
611.5262363544065,39.5
614.7226923260454,39.5
617.9358562166111,39.5
621.1658153586235,39.5
624.4126575410903,39.5
627.6764710118958,39.5
630.957344480193,39.4
634.2553671188238,39.3
637.5706285667327,39.3
640.9032189314127,39.3
644.2532287913472,39.3
647.6207491984753,39.3
651.0058716806659,39.3
654.4086882442045,39.3
657.8292913762976,39.3
661.2677740475787,39.3
664.7242297146454,39.3
668.1987523225889,39.3
671.6914363075575,39.3
675.2023765993158,39.3
678.7316686238282,39.3
682.2794083058518,39.3
685.8456920715438,39.3
689.4306168510824,39.3
693.0342800813003,39.3
696.6567797083366,39.3
700.2982141902914,39.4
703.9586824999124,39.5
707.6382841272731,39.5
711.3371190824884,39.5
715.0552878984242,39.5
718.7928916334344,39.5
722.5500318741055,39.5
726.3268107380181,39.5
730.123330876526,39.5
733.9396954775374,39.5
737.7760082683312,39.5
741.6323735183645,39.5
745.508896042117,39.5
749.4056812019327,39.5
753.3228349108862,39.5
757.2604636356614,39.5
761.2186743994453,39.5
765.1975747848361,39.5
769.1972729367671,39.5
773.2178775654501,39.5
777.2594979493206,39.5
781.3222439380205,39.5
785.406225955371,39.5
789.5115550023859,39.5
793.6383426602791,39.5
797.7867010935024,39.5
801.9567430527921,39.5
806.1485818782347,39.5
810.3623315023465,39.5
814.59810645317,39.5
818.8560218573906,39.4
823.1361934434566,39.3
827.4387375447371,39.3
831.7637711026708,39.3
836.1114116699566,39.3
840.4817774137397,39.3
844.8749871188272,39.3
849.2911601909162,39.2
853.7304166598383,39.2
858.1928771828257,39.1
862.6786630477819,39.1
867.1878961765907,39.1
871.7206991284164,39.0
876.2771951030477,39.0
880.8575079442367,38.9
885.4617621430697,38.9
890.0900828413493,38.8
894.742595834996,38.8
899.4194275774676,38.7
904.1207051831946,38.7
908.8465564310401,38.6
913.5971097677627,38.6
918.3724943115215,38.5
923.1728398553701,38.4
927.998276870799,38.3
932.8489365112713,38.2
937.7249506157918,38.2
942.6264517124897,38.1
947.5535730222193,38.0
952.5064484621864,37.9
957.4852126495767,37.9
962.4900009052299,38.0
967.5209492573013,38.2
972.5781944449744,38.3
977.6618739221665,38.5
982.772125861269,38.6
987.9090891569025,38.7
993.0729034296917,38.8
998.26370903006,38.8
1003.4816470420445,38.9
1008.7268592871307,38.9
1013.9994883281055,39.0
1019.2996774729368,39.0
1024.627570778662,39.1
1029.9833130553077,39.1
1035.3670498698243,39.1
1040.778927550043,39.2
1046.219093188652,39.3
1051.687694647196,39.3
1057.1848805600926,39.3
1062.7108003386745,39.3
1068.2656041752484,39.3
1073.849443047181,39.3
1079.4624687209969,39.3
1085.104833756507,39.2
1090.7766915109553,39.1
1096.4781961431852,39.1
1102.2095026178308,39.1
1107.9707667095288,39.1
1113.7621450071517,39.1
1119.5837949180645,39.0
1125.4358746724013,38.9
1131.3185433273702,38.9
1137.231960771571,38.9
1143.1762877293438,38.9
1149.1516857651375,38.9
1155.1583172879002,38.8
1161.1963455554942,38.8
1167.2659346791324,38.7
1173.3672496278396,38.6
1179.5004562329357,38.5
1185.6657211925422,38.5
1191.8632120761172,38.4
1198.0930973290035,38.3
1204.355546277011,38.2
1210.650729131018,38.1
1216.9788169915967,38.0
1223.3399818536654,38.0
1229.7343966111616,37.9
1236.162235061742,37.8
1242.6236719115057,37.8
1249.1188827797416,37.7
1255.6480442037073,37.7
1262.2113336434193,37.6
1268.8089294864806,37.6
1275.4410110529293,37.5
1282.1077586001115,37.5
1288.8093533275808,37.4
1295.5459773820237,37.3
1302.3178138622095,37.2
1309.1250468239675,37.1
1315.967861285188,36.9
1322.8464432308563,36.8
1329.7609796180998,36.7
1336.7116583812742,36.6
1343.6986684370715,36.6
1350.7221996896535,36.5
1357.782443035813,36.5
1364.879590370164,36.4
1372.0138345903551,36.4
1379.1853696023147,36.3
1386.3943903255179,36.2
1393.6410926982915,36.1
1400.9256736831292,36.0
1408.248331272053,35.9
1415.6092644919916,35.8
1423.0086734101894,35.7
1430.4467591396458,35.4
1437.9237238445805,35.2
1445.439770745928,35.2
1452.9951041268616,35.2
1460.589929338344,35.2
1468.224452804715,35.2
1475.898882029292,35.2
1483.6134256000173,35.2
1491.3682931951248,35.2
1499.1636955888393,35.1
1506.999844657106,35.0
1514.8769533833477,35.0
1522.7952358642551,35.0
1530.754907315605,35.0
1538.7561840781082,35.0
1546.799283623296,35.0
1554.8844245594228,35.0
1563.0118266374113,35.0
1571.181710756826,35.0
1579.3942989718767,35.0
1587.649814497453,35.0
1595.9484817151922,34.9
1604.2905261795772,34.8
1612.6761746240677,34.8
1621.1056549672617,34.8
1629.5791963190893,34.8
1638.097028987047,34.8
1646.6593844824454,34.8
1655.266495526711,34.8
1663.9185960577072,34.8
1672.6159212360947,34.8
1681.3587074517213,34.7
1690.1471923300487,34.6
1698.9816147386093,34.5
1707.8622147934998,34.5
1716.789233865905,34.5
1725.7629145886658,34.5
1734.7835008628629,34.4
1743.8512378644525,34.3
1752.9663720509295,34.3
1762.1291511680254,34.3
1771.3398242564415,34.3
1780.598641658619,34.3
1789.9058550255418,34.2
1799.2617173235774,34.1
1808.6664828413498,34.1
1818.1204071966588,34.1
1827.6237473434162,34.1
1837.1767615786375,34.1
1846.7797095494598,34.0
1856.4328522602,33.9
1866.1364520794475,33.8
1875.8907727471963,33.8
1885.6960793820124,33.8
1895.552638488241,33.8
1905.4607179632462,33.8
1915.4205871047022,33.8
1925.4325166178992,33.8
1935.4967786231095,33.8
1945.6136466629825,33.7
1955.783395709978,33.6
1966.006302173841,33.6
1976.282643909114,33.6
1986.6127002226892,33.6
1996.996751881399,33.6
2007.4350811196462,33.6
2017.927971647083,33.6
2028.4757086563097,33.6
2039.078578830634,33.6
2049.736870351861,33.6
2060.4508729081267,33.6
2071.22087770177,33.6
2082.0471774572497,33.6
2092.9300664290977,33.6
2103.8698404099196,33.7
2114.8667967384304,33.8
2125.9212343075446,33.8
2137.0334535724887,33.8
2148.2037565589744,33.9
2159.4324468714053,33.9
2170.71982970113,33.9
2182.0662118347364,33.9
2193.4719016623894,34.0
2204.937209186215,34.1
2216.4624460287228,34.1
2228.0479254412767,34.1
2239.6939623126154,34.1
2251.4008731773993,34.0
2263.168976224821,34.0
2274.9985913072546,33.9
2286.890039948944,33.8
2298.843645354747,33.7
2310.8597324189163,33.6
2322.9386277339318,33.4
2335.0806595993763,33.1
2347.2861580308577,32.9
2359.5554547689862,32.8
2371.8888832883777,32.7
2384.2867788067265,32.7
2396.7494782939148,32.6
2409.2773204811715,32.5
2421.8706458702773,32.3
2434.5297967428205,32.2
2447.2551171695004,32.1
2460.0469530194778,32.0
2472.905651969775,31.9
2485.8315635147337,31.7
2498.825038975499,31.6
2511.88643150958,31.5
2525.0160961204438,31.4
2538.2143896671673,31.3
2551.481670874133,31.2
2564.8183003407817,31.2
2578.224640551411,31.2
2591.7010558850307,31.2
2605.247912625263,31.2
2618.8655789702975,31.1
2632.5544250429093,31.1
2646.314822900502,31.0
2660.14714654523,31.0
2674.051771934164,31.0
2688.029076989506,30.9
2702.079441608862,30.9
2716.20324767557,30.8
2730.400879069075,30.7
2744.6727216753675,30.6
2759.0191633974646,30.5
2773.440594165967,30.4
2787.9374059496395,30.3
2802.509992766076,30.3
2817.1587506924047,30.2
2831.8840778760564,30.1
2846.686374545581,30.0
2861.5660430215316,29.7
2876.5234877273942,29.4
2891.5591152005823,29.2
2906.6733341034837,29.1
2921.8665552345788,29.0
2937.139191539587,29.0
2952.4916581227058,29.2
2967.9243722578863,29.3
2983.4377534001765,29.5
2999.0322231971227,29.7
3014.7082055002275,29.8
3030.466126376471,29.8
3046.306414119893,29.8
3062.229499263226,29.8
3078.2358145896155,29.8
3094.325795144359,29.8
3110.4998782467446,29.8
3126.7585035019356,29.8
3143.1021128129173,29.8
3159.5311503925072,29.8
3176.0460627754296,29.7
3192.6472988304513,29.6
3209.335309772584,29.5
3226.1105491753406,29.4
3242.973472983081,29.4
3259.924539523382,29.3
3276.9642095195077,29.2
3294.0929461029286,29.2
3311.311214825911,29.1
3328.6194836741684,29.1
3346.018223079582,29.1
3363.507905932988,29.1
3381.089007597027,29.0
3398.762005919066,28.9
3416.527381244194,28.8
3434.385616428264,28.7
3452.337196851022,28.7
3470.382610429304,28.6
3488.5223476302926,28.5
3506.7569014848486,28.4
3525.0867676009134,28.3
3543.512444176976,28.2
3562.034432015617,28.1
3580.6532345371147,27.8
3599.369357793143,27.5
3618.1833104805046,27.3
3637.095603954969,27.0
3656.1067522451726,26.8
3675.2172720665826,26.6
3694.4276828355482,26.4
3713.738506683413,26.1
3733.1502684707093,25.7
3752.6634958014215,25.4
3772.2787190373247,25.2
3791.9964713124127,25.1
3811.817288547367,25.0
3831.7417094641373,24.8
3851.7702756005806,24.5
3871.9035313251793,24.2
3892.1420238518376,24.0
3912.4863032547537,23.9
3932.936922483372,23.8
3953.4944373774106,23.6
3974.1594066819653,23.5
3994.9323920627126,23.4
4015.8139581211503,23.2
4036.8046724099613,23.0
4057.9051054484326,22.7
4079.115830737964,22.5
4100.437424777656,22.4
4121.870467079975,22.3
4143.41554018651,22.1
4165.0732296838005,21.8
4186.844124219257,21.6
4208.728815517151,21.6
4230.72789839472,21.5
4252.841970778305,21.4
4275.071633719623,21.1
4297.417491412092,20.3
4319.880151207261,19.7
4342.460223631314,19.3
4365.158322401661,19.1
4387.975064443623,18.9
4410.911069907196,18.5
4433.9669621839075,18.0
4457.1433679237725,17.8
4480.4409170523,17.7
4503.860242787635,17.6
4527.40198165776,17.6
4551.0667735177985,17.6
4574.855261567406,17.7
4598.768092368251,17.7
4622.80591586159,17.7
4646.969385385929,17.7
4671.25915769478,17.7
4695.675892974527,17.7
4720.220254862348,17.7
4744.892910464259,17.7
4769.694530373255,17.7
4794.625788687525,17.9
4819.68736302878,18.0
4844.87993456067,18.2
4870.204188007296,18.4
4895.660811671819,18.7
4921.250497455168,19.0
4946.973940874864,19.3
4972.8318410838865,19.6
4998.824900889706,20.0
5024.953826773381,20.2
5051.219328908747,20.5
5077.622121181736,20.7
5104.162921209768,21.0
5130.842450361258,21.5
5157.661433775227,21.9
5184.620600380999,22.2
5211.720682918039,22.3
5238.962417955835,22.5
5266.346545913939,23.0
5293.873811082085,23.4
5321.544961640422,23.5
5349.360749679845,23.6
5377.321931222439,23.7
5405.429266242027,23.8
5433.683518684824,23.8
5462.085456490198,23.8
5490.635851611563,23.8
5519.335480037329,23.7
5548.185121812011,23.5
5577.185561057427,23.2
5606.337585994012,23.1
5635.641988962242,22.9
5665.0995664441625,22.8
5694.7111190850455,22.7
5724.477451715144,22.5
5754.399373371566,22.3
5784.477697320285,22.2
5814.713241078208,22.2
5845.10682643542,22.2
5875.659279477514,22.1
5906.371430608045,22.0
5937.244114571097,21.7
5968.278170473975,21.4
5999.4744418100045,21.3
6030.833776481469,21.2
6062.357026822636,21.3
6094.045049622959,21.6
6125.898706150321,21.9
6157.918862174471,22.3
6190.106387990547,22.7
6222.462158442733,23.0
6254.987052948034,23.3
6287.681955520183,23.5
6320.547754793659,23.7
6353.585344047851,23.8
6386.795621231329,23.9
6420.179488986247,24.0
6453.7378546729,24.2
6487.471630394349,24.3
6521.381733021235,24.4
6555.469084216698,24.6
6589.734610461422,24.7
6624.179243078815,24.8
6658.80391826033,24.9
6693.609577090902,25.0
6728.597165574533,25.1
6763.767634659991,25.2
6799.1219402666875,25.3
6834.661043310619,25.4
6870.385909730507,25.4
6906.297510514049,25.5
6942.39682172431,25.5
6978.684824526248,25.6
7015.162505213385,25.7
7051.830855234612,25.7
7088.690871221135,25.7
7125.7435550135615,25.7
7162.989913689153,25.7
7200.430959589155,25.7
7238.067710346342,25.7
7275.901188912673,25.9
7313.932423587085,26.4
7352.162448043451,26.9
7390.59230135867,27.1
7429.22302804091,27.3
7468.055678057999,27.4
7507.091306865953,27.5
7546.330975437692,27.5
7585.775750291836,27.6
7625.426703521717,27.8
7665.284912824515,27.9
7705.351461530549,28.0
7745.627438632719,28.1
7786.113938816104,28.2
7826.81206248772,28.3
7867.722915806424,28.4
7908.847610712972,28.4
7950.187264960275,28.6
7991.743002143727,28.8
8033.515951731782,28.9
8075.507249096639,29.0
8117.718035545101,29.2
8160.149458349601,29.6
8202.80267077938,30.0
8245.67883213183,30.1
8288.77910776401,30.2
8332.104669124305,30.2
8375.656693784302,30.2
8419.436365470749,30.2
8463.444874097753,30.2
8507.683415799123,30.2
8552.153192960874,30.1
8596.855414253905,30.0
8641.791294666864,29.9
8686.962055539152,29.9
8732.36892459413,29.8
8778.01313597248,29.8
8823.895930265779,29.7
8870.018554550163,29.6
8916.382262420266,29.4
8962.988314023276,29.3
9009.83797609319,29.3
9056.932521985234,29.3
9104.273231710486,29.3
9151.861391970657,29.2
9199.698296193066,29.2
9247.785244565785,29.1
9296.12354407301,29.1
9344.714508530542,29.2
9393.559458621517,29.3
9442.659721932305,29.4
9492.016632988581,29.4
9541.631533291613,29.5
9591.505771354708,29.6
9641.64070273987,29.7
9692.037690094652,29.8
9742.698103189163,29.8
9793.623318953358,29.8
9844.814721514387,29.8
9896.27370223427,29.9
9948.001659747684,30.0
10000.0,30.2
10052.270136285486,30.4
10104.813489285681,30.5
10157.6314871081,30.6
10210.725565324987,30.7
10264.09716701231,30.9
10317.747742788988,31.2
10371.678750856474,31.3
10425.891657038128,31.4
10480.387934819217,31.3
10535.16906538697,31.2
10590.236537670813,31.1
10645.591848382772,31.1
10701.236502058211,31.0
10757.172011096769,30.9
10813.399895803414,30.5
10869.921684429703,29.9
10926.73891321545,29.5
10983.85312643042,29.2
11041.265876416248,28.8
11098.978723628681,28.5
11156.993236680037,27.4
11215.310992381786,25.9
11273.933575787378,25.0
11332.862580235347,24.4
11392.099607392682,23.8
11451.646267298307,23.2
11511.504178406769,22.5
11571.674967632372,20.2
11632.16027039332,18.3
11692.961730656129,17.9
11754.08100098034,17.3
11815.519742563505,16.4
11877.27962528627,15.6
11939.362327757724,14.5
12001.76953736107,13.6
12064.50295029953,13.2
12127.56427164241,12.9
12190.95521537136,12.5
12254.677504427105,12.1
12318.732870756214,11.7
12383.123055358106,11.1
12447.849808332432,10.6
12512.914888926687,10.4
12578.320065583976,10.2
12644.067115991029,10.0
12710.157827126544,9.8
12776.593995309939,9.6
12843.377426249857,9.3
12910.50993509343,9.0
12977.99334647565,8.9
13045.829494568892,8.8
13114.020223132724,8.7
13182.567385564074,8.1
13251.472844947652,7.8
13320.738474106534,9.4
13390.366155652993,12.5
13460.35778203982,14.3
13530.715255611682,14.4
13601.440488656775,14.6
13672.535403458849,14.7
13744.001932349513,14.8
13815.842017760702,14.8
13888.057612277411,14.8
13960.650678690825,14.7
14033.62319005172,14.6
14106.977129724035,14.5
14180.714491438697,14.1
14254.837279347976,13.7
14329.347508079869,13.4
14404.247202792812,13.2
14479.538399230763,12.9
14555.223143778607,12.7
14631.303493517702,12.0
14707.78151628175,11.3
14784.65929071304,10.9
14861.938906319014,10.7
14939.622463529,10.7
15017.712073751207,10.6
15096.209859430292,10.4
15175.117954104964,10.2
15254.438502465904,10.0
15334.173660414117,9.7
15414.325595119602,9.3
15494.896485080177,8.9
15575.88852018064,8.0
15657.303901752315,7.1
15739.1448426331,6.3
15821.413567227246,5.8
15904.112311566014,6.6
15987.243323368504,7.2
16070.808862102673,7.5
16154.811199046684,7.7
16239.252617350698,8.1
16324.135412099,8.5
16409.461890372313,8.6
16495.23437131044,8.6
16581.455186175313,8.6
16668.12667841462,8.6
16755.251203725067,8.6
