10.0,16.2
10.052270136285475,16.1
10.104813489285682,15.1
10.157631487108103,14.0
10.210725565324982,13.8
10.264097167012295,13.8
10.317747742789004,13.9
10.371678750856479,14.0
10.425891657038118,14.0
10.480387934819216,14.0
10.535169065386981,14.0
10.590236537670812,14.0
10.64559184838276,14.1
10.701236502058206,14.1
10.757172011096776,14.1
10.813399895803409,14.1
10.869921684429707,14.1
10.926738913215466,14.1
10.98385312643042,14.1
11.041265876416237,14.1
11.098978723628681,14.2
11.156993236680048,14.3
11.215310992381788,14.3
11.27393357578736,14.3
11.332862580235341,14.3
11.392099607392687,14.3
11.451646267298301,14.3
11.511504178406776,14.3
11.571674967632385,14.3
11.632160270393321,14.3
11.692961730656117,14.4
11.75408100098034,14.4
11.815519742563518,14.5
11.87727962528627,14.5
11.939362327757706,14.5
12.001769537361062,14.5
12.064502950299536,14.5
12.127564271642404,14.5
12.190955215371359,14.5
12.254677504427118,14.5
12.318732870756214,14.6
12.383123055358094,14.7
12.447849808332432,14.8
12.5129148889267,14.8
12.578320065583968,14.8
12.644067115991009,14.8
12.710157827126565,14.8
12.776593995309947,14.8
12.843377426249843,14.9
12.910509935093431,15.0
12.977993346475664,15.0
13.045829494568892,15.0
13.11402022313271,15.0
13.182567385564074,15.0
13.251472844947658,15.0
13.320738474106527,15.0
13.390366155653,15.0
13.460357782039841,15.0
13.530715255611682,15.0
13.601440488656761,15.0
13.672535403458848,15.0
13.744001932349526,15.1
13.815842017760701,15.2
13.888057612277397,15.2
13.960650678690818,15.2
14.033623190051728,15.2
14.10697712972403,15.2
14.180714491438705,15.2
14.25483727934799,15.2
14.32934750807987,15.2
14.404247202792797,15.2
14.479538399230764,15.2
14.55522314377862,15.3
14.631303493517702,15.3
14.707781516281727,15.3
14.784659290713032,15.3
14.861938906319022,15.3
14.939622463528993,15.3
15.017712073751214,15.3
15.096209859430308,15.3
15.175117954104964,15.3
15.254438502465888,15.3
15.334173660414118,15.3
15.414325595119617,15.3
15.494896485080169,15.4
15.575888520180618,15.5
15.65730390175234,15.5
15.73914484263311,15.5
15.821413567227237,15.5
15.904112311566013,15.5
15.98724332336852,15.5
16.070808862102673,15.5
16.154811199046666,15.5
16.239252617350697,15.5
16.324135412099007,15.5
16.409461890372306,15.5
16.495234371310413,15.5
16.58145518617534,15.5
16.668126678414627,15.5
16.755251203725052,15.5
16.84283113011666,15.5
16.930868837977105,15.5
17.01936672013636,15.5
17.108327181931763,15.5
17.197752641273365,15.5
17.28764552870969,15.6
17.378008287493753,15.7
17.4688433736495,15.7
17.560153256038525,15.7
17.651940416427212,15.7
17.744207349554188,15.7
17.836956563198083,15.7
17.93019057824573,15.7
18.023911928760675,15.7
18.118123162052047,15.7
18.21282683874379,15.7
18.30802553284428,15.7
18.403721831816252,15.7
18.499918336647156,15.7
18.59661766191982,15.7
18.69382243588356,15.7
18.791535300525574,15.7
18.889758911642755,15.7
18.98849593891389,15.7
19.08774906597221,15.7
19.187520990478333,15.7
19.287814424193606,15.7
19.388632093053765,15.7
19.48997673724305,15.7
19.591851111268685,15.7
19.69425798403576,15.7
19.79720013892245,15.7
19.90068037385568,15.7
20.004701501387192,15.7
20.109266348769967,15.7
20.214377758035074,15.7
20.320038586068932,15.7
20.426251704690927,15.7
20.533020000731486,15.7
20.64034637611054,15.8
20.748233747916412,15.9
20.856685048485062,15.8
20.965703225479817,15.8
21.075291241971485,15.8
21.185452076518878,15.8
21.296188723249774,15.7
21.407504191942323,15.7
21.519401508106792,15.7
21.631883713067854,15.7
21.744953864047204,15.7
21.858615034246718,15.7
21.972870312931903,15.7
22.087722805515906,15.7
22.203175633643916,15.7
22.319231935278008,15.7
22.435894864782412,15.7
22.553167593009288,15.7
22.671053307384867,15.7
22.789555211996095,15.7
22.908676527677724,15.7
23.028420492099883,15.8
23.148790359856015,15.8
23.26978940255137,15.8
23.391420908891938,15.8
23.51368818477381,15.8
23.63659455337303,15.9
23.760143355235964,16.1
23.884337948370025,16.2
24.009181708334992,16.3
24.134678028334722,16.5
24.260830319309434,16.6
24.387642010028344,16.7
24.515116547182902,16.8
24.64325739548046,16.9
24.772068037738443,16.9
24.901551974979007,17.0
25.031712726524198,17.0
25.162553830091625,17.1
25.294078841890578,17.1
25.426291336718684,17.1
25.559194908059133,17.2
25.692793168178262,17.2
25.827089748223784,17.3
25.96208829832347,17.4
26.097792487684362,17.5
26.234206004692496,17.6
26.371332557013133,17.6
26.5091758716916,17.7
26.647739695254497,17.7
26.787027793811582,17.8
26.9270439531581,17.8
27.06779197887776,17.8
27.209275696446046,17.8
27.351498951334275,17.8
27.494465609114105,17.9
27.638179555562576,17.9
27.782644696767733,17.9
27.92786495923483,17.9
28.07384428999299,17.9
28.220586656702505,17.9
28.368096047762684,18.0
28.516376472420284,18.1
28.66543196087842,18.3
28.815266564406134,18.5
28.965884355448516,18.6
29.11728942773738,18.7
29.26948589640251,18.8
29.42247789808359,19.0
29.57626959104251,19.1
29.730865155276486,19.1
29.88626879263161,19.2
30.04248472691713,19.2
30.19951720402016,19.3
30.357370492021133,19.4
30.516048881309793,19.4
30.675556684701824,19.5
30.835898237556027,19.5
30.99707789789224,19.5
31.15910004650967,19.5
31.321969087106055,19.5
31.485689446397288,19.5
31.650265574237824,19.5
31.815701943741516,19.5
31.98200305140326,19.5
32.14917341722119,19.5
32.31721758481955,19.5
32.486140121572134,19.5
32.655945618726484,19.5
32.82663869152868,19.4
32.99822397934869,19.3
33.170706145806605,19.3
33.34408987889928,19.2
33.51837989112781,19.2
33.69358091962557,19.1
33.86969772628702,19.1
34.04673509789711,19.0
34.224697846261364,18.9
34.40359080833668,18.8
34.58341884636283,18.8
34.764186847994516,18.7
34.94589972643436,18.7
35.12856242056629,18.6
35.312179895089876,18.6
35.496757140655234,18.6
35.68229917399868,18.6
35.86881103807908,18.6
36.05629780221492,18.6
36.24476456222205,18.6
36.434216440552284,18.7
36.6246585864325,18.8
36.81609617600466,18.9
37.00853441246656,18.9
37.2019785262131,19.0
37.39643377497855,19.1
37.591905443979435,19.3
37.788398846058186,19.4
37.985919321827524,19.5
38.184472239815605,19.6
38.384062996612016,19.7
38.584697017014335,19.9
38.786379754175634,20.0
38.98911668975273,20.1
39.1929133340551,20.2
39.39777522619469,20.2
39.60370793423646,20.3
39.810717055349734,20.3
40.0188082159603,20.3
40.227987071903335,20.3
40.43825930857721,20.3
40.64963064109788,20.3
40.8621068144543,20.3
41.075693603664625,20.3
41.29039681393302,20.3
41.506222280807584,20.3
41.72317587033889,20.3
41.94126347923944,20.3
42.16049103504393,20.3
42.38086449627034,20.3
42.60238985258197,20.3
42.825073124950116,20.3
43.04892036581776,20.3
43.27393765926414,20.3
43.500131121170035,20.2
43.727506899384,20.2
43.956071173889484,20.2
44.18583015697281,20.1
44.416790093392,20.1
44.648957260546474,20.1
44.88233796864779,20.1
45.116938560890986,20.1
45.35276541362708,20.1
45.58982493653644,20.1
45.82812357280281,20.1
46.067667799288614,20.1
46.308464126710895,20.1
46.55051909981832,20.1
46.793839297569036,20.1
47.03843133330949,20.1
47.28430185495417,20.1
47.531457545166376,20.2
47.77990512153967,20.2
48.02965133678067,20.3
48.28070297889241,20.3
48.53306687135893,20.3
48.78674987333074,20.3
49.041758879811184,20.3
49.298100821843896,20.3
49.55578266670119,20.3
49.81481141807335,20.4
50.07519411625915,20.5
50.336937838356974,20.5
50.60004969845742,20.5
50.86453684783644,20.5
51.13040647514984,20.5
51.39766580662862,20.5
51.66632210627541,20.5
51.93638267606184,20.5
52.20785485612707,20.5
52.48074602497726,20.5
52.75506359968615,20.5
53.030815036096584,20.5
53.308007829023246,20.5
53.58664951245627,20.5
53.866747659766084,20.5
54.148309883909214,20.5
54.431343837635225,20.5
54.7158572136947,20.5
55.00185774504835,20.5
55.28935320507712,20.5
55.57835140779364,20.5
55.86886020805435,20.4
56.160887501773274,20.4
56.45444122613637,20.3
56.74952935981742,20.3
57.04615992319485,20.3
57.34434097856969,20.3
57.64408063038476,20.3
57.94538702544487,20.3
58.24826835313831,20.3
58.552732845659456,20.3
58.85878877823242,20.3
59.166444469336014,20.3
59.475708280929936,20.3
59.786588618681876,20.2
60.0990939321961,20.2
60.41323271524305,20.2
60.72901350599024,20.2
61.046444887234294,20.2
61.365535486634215,20.2
61.686293976945976,20.2
62.008729076258064,20.2
62.332849548228545,20.2
62.658664202323344,20.2
62.98618189405547,20.2
63.315411525225876,20.2
63.64636204416533,20.2
63.979042445977655,20.2
64.31346177278421,20.2
64.64962911396958,20.2
64.98755360642885,20.2
65.32724443481563,20.2
65.66871083179183,20.3
66.01196207827876,20.3
66.35700750370908,20.3
66.7038564862806,20.3
67.05251845321108,20.3
67.40300288099445,20.3
67.75531929565844,20.3
68.1094772730234,20.3
68.46548643896274,20.3
68.82335646966433,20.3
69.18309709189363,20.3
69.54471808325809,20.3
69.90822927247277,20.3
70.27364053962762,20.3
70.6409618164559,20.3
71.01020308660422,20.3
71.38137438590384,20.3
71.75448580264342,20.2
72.12954747784322,20.2
72.50656960553087,20.2
72.88556243301818,20.2
73.26653626117992,20.2
73.64950144473359,20.2
74.03446839252094,20.1
74.42144756779092,20.1
74.810449488484,20.1
75.20148472751808,20.1
75.59456391307583,20.1
75.98969772889355,20.1
76.38689691455168,20.1
76.78617226576647,20.1
77.18753463468363,20.1
77.59099493017311,20.1
77.99656411812569,20.1
78.404253221751,20.1
78.8140733218772,20.1
79.226035557252,20.1
79.64015112484554,20.1
80.05643128015467,20.1
80.47488733750892,20.1
80.89553067037787,20.1
81.31837271168051,20.1
81.74342495409579,20.1
82.170698950375,20.1
82.60020631365589,20.1
83.03195871777821,20.1
83.46596789760103,20.2
83.90224564932171,20.2
84.34080383079642,20.3
84.78165436186265,20.3
85.22480922466286,20.3
85.67028046397054,20.3
86.11808018751721,20.3
86.56822056632171,20.3
87.020713835021,20.3
87.47557229220259,20.3
87.93280830073893,20.3
88.39243428812335,20.3
88.85446274680783,20.3
89.31890623454267,20.3
89.78577737471758,20.3
90.25508885670492,20.3
90.72685343620469,20.3
91.20108393559097,20.3
91.67779324426061,20.3
92.15699431898352,20.3
92.63870018425483,20.3
93.12292393264887,20.3
93.60967872517497,20.3
94.09897779163542,20.3
94.5908344309847,20.3
95.0852620116911,20.3
95.58227397210023,20.3
96.08188382079996,20.3
96.5841051369878,20.3
97.08895157083991,20.3
97.59643684388209,20.3
98.10657474936274,20.3
98.61937915262773,20.3
99.13486399149741,20.3
99.65304327664518,20.3
100.17393109197839,20.3
100.69754159502135,20.3
101.22388901729977,20.3
101.75298766472777,20.3
102.28485191799675,20.3
102.81949623296607,20.3
103.35693514105618,20.3
103.89718324964329,20.3
104.44025524245698,20.3
104.98616587997819,20.3
105.53492999984189,20.3
106.08656251723878,20.3
106.64107842532215,20.3
107.19849279561431,20.3
107.75882077841675,20.3
108.32207760322176,20.3
108.88827857912626,20.3
109.45743909524856,20.3
110.02957462114523,20.3
110.60470070723336,20.3
111.18283298521138,20.3
111.76398716848561,20.3
112.3481790525961,20.3
112.93542451564652,20.3
113.5257395187356,20.3
114.11914010639099,20.3
114.71564240700522,20.3
115.3152626332741,20.3
115.91801708263789,20.3
116.52392213772293,20.3
117.13299426678874,20.3
117.74525002417371,20.3
118.36070605074681,20.3
118.97937907435858,20.3
119.60128591029638,20.3
120.22644346174131,20.3
120.85486872022751,20.3
121.4865787661046,20.3
122.12159076900052,20.3
122.75992198829012,20.3
123.40158977356222,20.3
124.04661156509306,20.3
124.69500489431896,20.3
125.34678738431336,20.3
126.00197675026583,20.3
126.6605907999634,20.3
127.3226474342747,20.3
127.98816464763628,20.3
128.6571605285424,20.3
129.32965326003517,20.3
130.00566112020084,20.3
130.68520248266435,20.3
131.36829581709074,20.3
132.05495968968575,20.3
132.74521276370103,20.3
133.43907379994133,20.3
134.1365616572744,20.3
134.83769529314347,20.3
135.54249376408254,20.3
136.25097622623485,20.3
136.96316193587217,20.3
137.67907024992007,20.3
138.39872062648203,20.3
139.1221326253702,20.3
139.84932590863562,20.3
140.58032024110324,20.3
141.31513549090906,20.3
142.05379163003997,20.3
142.7963087348772,20.3
143.5427069867405,20.3
144.29300667243896,20.3
145.04722818481977,20.3
145.80539202332486,20.3
146.56751879454652,20.3
147.333629212788,20.3
148.1037441006266,20.3
148.87788438947953,20.3
149.65607112017267,20.3
150.43832544351253,20.3
151.2246686208618,20.3
152.01512202471548,20.3
152.80970713928414,20.2
153.6084455610754,20.2
154.41135899948313,20.2
155.218469277376,20.2
156.02979833169113,20.2
156.8453682140304,20.2
157.66520109125955,20.2
158.48931924611142,20.2
159.3177450777899,20.2
160.15050110258113,20.2
160.9876099544629,20.2
161.82909438572216,20.2
162.67497726757185,20.2
163.52528159077312,20.2
164.38003046626017,20.3
165.23924712576837,20.3
166.1029549224657,20.3
166.97117733158728,20.3
167.8439379510743,20.3
168.72126050221348,20.3
169.60316883028446,20.3
170.48968690520502,20.3
171.38083882218535,20.3
172.27664880238083,20.3
173.17714119355136,20.3
174.08234047072295,20.3
174.99227123685273,20.3
175.9069582234984,20.3
176.82642629148881,20.3
177.75070043160196,20.3
178.67980576524164,20.3
179.61376754512278,20.3
180.55261115595593,20.3
181.49636211513797,20.3
182.44504607344558,20.3
183.39868881573247,20.3
184.35731626163007,20.3
185.3209544662519,20.3
186.28962962090262,20.3
187.26336805378796,20.3
188.24219623073301,20.3
189.2261407558986,20.3
190.21522837250714,20.3
191.20948596356752,20.3
192.20894055260666,20.3
193.21361930440384,20.3
194.22354952572874,20.3
195.2387586660848,20.3
196.25927431845295,20.3
197.28512422004457,20.3
198.31633625305224,20.3
199.35293844541056,20.3
200.39495897155572,20.3
201.4424261531923,20.3
202.4953684600627,20.3
203.55381451072122,20.3
204.6177930733116,20.3
205.6873330663489,20.3
206.76246355950653,20.3
207.84321377440395,20.3
208.92961308540407,20.3
210.02169102040844,20.3
211.11947726166272,20.2
212.22300164656127,20.2
213.33229416845913,20.2
214.447384977487,20.2
215.5683043813707,20.2
216.69508284625502,20.2
217.8277509975314,20.2
218.9663396206716,20.2
220.1108796620618,20.2
221.26140222984722,20.2
222.41793859477394,20.2
223.5805201910423,20.2
224.74917861715863,20.2
225.9239456367954,20.2
227.10485317965416,20.2
228.29193334233327,20.2
229.48521838920135,20.1
230.68474075327168,20.0
231.89053303708724,20.0
233.102628013603,20.1
234.32105862708036,20.2
235.5458579939798,20.1
236.77705940386227,20.1
238.0146963202937,20.0
239.25880238175446,20.0
240.50941140255387,20.0
241.76655737374873,20.0
243.03027446406858,20.0
244.30059702084168,20.0
245.57755957093218,20.0
246.86119682167464,20.0
248.1515436618211,20.0
249.44863516248657,20.0
250.75250657810346,20.0
252.0631933473797,20.0
253.3807310942614,20.0
254.7051556289027,20.1
256.03650294863604,20.2
257.3748092389545,20.2
258.72011087449107,20.2
260.0724444200114,20.2
261.4318466314045,20.2
262.79835445668317,20.2
264.17200503698814,20.2
265.5528357075972,20.2
266.94088399894025,20.2
268.336187637619,20.2
269.7387845474336,20.2
271.1487128504106,20.2
272.56601086784315,20.2
273.9907171213279,20.2
275.4228703338166,20.3
276.86250943066517,20.3
278.30967354069315,20.3
279.764401997247,20.2
281.2267343392687,20.2
282.6967103123723,20.1
284.1743698699204,20.1
285.65975317411466,20.1
287.152900597083,20.1
288.6538527219809,20.1
290.16265034409145,20.1
291.67933447193553,20.1
293.203946328386,20.1
294.7365273517884,20.1
296.27711919708696,20.1
297.8257637369567,20.1
299.38250306294265,20.1
300.947379486601,20.1
302.52043554065347,20.1
304.1017139801383,20.1
305.69125778357716,20.1
307.2891101541398,20.1
308.8953145208197,20.1
310.5099145396145,20.1
312.1329540947119,20.1
313.76447729968413,20.1
315.40452849868336,20.1
317.0531522676519,20.1
318.71039341552853,20.1
320.3762969854716,20.1
322.05090825607795,20.1
323.7342727426186,20.1
325.4264361982722,20.1
327.1274446153702,20.1
328.83734422664674,20.1
330.55618150649445,20.1
332.28400317222986,20.1
334.02085618535915,20.1
335.76678775285944,20.1
337.52184532845695,20.1
339.28607661392135,20.1
341.0595295603587,20.1
342.84225236951676,20.1
344.63429349509414,20.1
346.4357016440579,20.1
348.24652577796684,20.1
350.06681511430224,20.1
351.8966191278073,20.1
353.7359875518278,20.1
355.5849703796693,20.1
357.44361786595016,20.1
359.3119805279728,20.1
361.1901091470929,20.1
363.0780547701014,20.1
364.9758687106112,20.1
366.8836025504522,20.1
368.80130814107446,20.1
370.72903760495365,20.1
372.66684333701346,20.1
374.6147780060434,20.1
376.57289455613636,20.1
378.54124620812286,20.1
380.5198864610201,20.1
382.50886909348526,20.1
384.5082481652772,20.1
386.51807801872604,20.1
388.53841328020957,20.1
390.56930886163985,20.1
392.6108199619517,20.1
394.6630020686084,20.0
396.7259109591041,20.0
398.7996027024853,20.0
400.8841336608706,20.0
402.9795604909844,20.0
405.0859401456969,20.0
407.20332987557106,20.0
409.331787230421,20.0
411.4713700608718,20.0
413.6221365199375,20.0
415.78414506459575,20.0
417.95745445738237,20.0
420.1421237679842,20.0
422.33821237484636,20.0
424.5457799667861,19.9
426.76488654461485,19.9
428.9955924227691,19.9
431.23795823094935,19.9
433.49204491576995,19.9
435.7579137424112,19.9
438.0356262962907,19.9
440.3252444847303,19.9
442.62683053864555,19.9
444.9404470142319,19.9
447.2661567946673,19.9
449.60402309182115,19.9
451.9541094479714,19.9
454.3164797375345,19.9
456.6911981687959,19.9
459.0783292856624,19.9
461.4779379694089,19.9
463.89008944044906,19.9
466.31484926010245,19.8
468.7522833323791,19.8
471.20245790577025,19.8
473.6654395750488,19.8
476.14129528307956,19.8
478.630092322638,19.8
481.1318983382419,19.8
483.6467813279844,19.8
486.1748096453894,19.8
488.7160520012619,19.8
491.27057746556244,19.8
493.8384554692794,19.8
496.4197558063182,19.7
499.01454863539806,19.6
501.6229044819588,19.6
504.24489424007766,19.6
506.88058917439554,19.6
509.53006092205686,19.6
512.1933814946506,19.6
514.8706232801756,19.6
517.5618590449992,19.6
520.2671619358439,19.5
522.9866054817683,19.5
525.7202635961694,19.5
528.4682105787901,19.4
531.230521117739,19.4
534.0072702915224,19.3
536.7985335710792,19.3
539.6043868218401,19.3
542.4249063057814,19.3
545.2601686835053,19.4
548.1102510163182,19.4
550.9752307683272,19.4
553.8551858085453,19.4
556.7501944130083,19.4
559.6603352669016,19.4
562.5856874666987,19.4
565.5263305223134,19.5
568.4823443592555,19.5
571.4538093208106,19.5
574.4408061702153,19.5
577.4434160928608,19.5
580.4617206984933,19.5
583.4958020234345,19.5
586.5457425328113,19.5
589.6116251227962,19.5
592.6935331228639,19.5
595.7915502980484,19.5
598.9057608512304,19.5
602.0362494254149,19.5
605.1831011060411,19.5
608.3464014232891,19.7
611.5262363544065,19.8
614.7226923260454,19.8
617.9358562166111,19.8
621.1658153586235,19.8
624.4126575410903,19.8
627.6764710118958,19.8
630.957344480193,19.8
634.2553671188238,19.9
637.5706285667327,19.9
640.9032189314127,20.0
644.2532287913472,20.1
647.6207491984753,20.1
651.0058716806659,20.2
654.4086882442045,20.2
657.8292913762976,20.2
661.2677740475787,20.2
664.7242297146454,20.2
668.1987523225889,20.2
671.6914363075575,20.2
675.2023765993158,20.2
678.7316686238282,20.2
682.2794083058518,20.2
685.8456920715438,20.2
689.4306168510824,20.2
693.0342800813003,20.2
696.6567797083366,20.2
700.2982141902914,20.2
703.9586824999124,20.2
707.6382841272731,20.1
711.3371190824884,20.0
715.0552878984242,20.0
718.7928916334344,20.0
722.5500318741055,20.0
726.3268107380181,20.0
730.123330876526,19.9
733.9396954775374,19.8
737.7760082683312,19.8
741.6323735183645,19.8
745.508896042117,19.8
749.4056812019327,19.7
753.3228349108862,19.6
757.2604636356614,19.6
761.2186743994453,19.6
765.1975747848361,19.6
769.1972729367671,19.5
773.2178775654501,19.5
777.2594979493206,19.5
781.3222439380205,19.5
785.406225955371,19.5
789.5115550023859,19.6
793.6383426602791,19.6
797.7867010935024,19.6
801.9567430527921,19.6
806.1485818782347,19.6
810.3623315023465,19.6
814.59810645317,19.7
818.8560218573906,19.8
823.1361934434566,19.8
827.4387375447371,19.8
831.7637711026708,19.8
836.1114116699566,19.8
840.4817774137397,19.8
844.8749871188272,19.8
849.2911601909162,19.8
853.7304166598383,19.8
858.1928771828257,19.8
862.6786630477819,19.8
867.1878961765907,19.8
871.7206991284164,19.8
876.2771951030477,19.8
880.8575079442367,19.8
885.4617621430697,19.8
890.0900828413493,19.8
894.742595834996,19.8
899.4194275774676,19.8
904.1207051831946,19.8
908.8465564310401,19.8
913.5971097677627,19.8
918.3724943115215,19.7
923.1728398553701,19.6
927.998276870799,19.5
932.8489365112713,19.6
937.7249506157918,19.7
942.6264517124897,19.8
947.5535730222193,19.8
952.5064484621864,19.8
957.4852126495767,19.8
962.4900009052299,19.8
967.5209492573013,19.7
972.5781944449744,19.6
977.6618739221665,19.6
982.772125861269,19.6
987.9090891569025,19.5
993.0729034296917,19.5
998.26370903006,19.5
1003.4816470420445,19.4
1008.7268592871307,19.3
1013.9994883281055,19.2
1019.2996774729368,19.1
1024.627570778662,19.1
1029.9833130553077,19.1
1035.3670498698243,19.1
1040.778927550043,19.1
1046.219093188652,19.2
1051.687694647196,19.2
1057.1848805600926,19.2
1062.7108003386745,19.2
1068.2656041752484,19.2
1073.849443047181,19.2
1079.4624687209969,19.3
1085.104833756507,19.3
1090.7766915109553,19.3
1096.4781961431852,19.3
1102.2095026178308,19.2
1107.9707667095288,19.2
1113.7621450071517,19.1
1119.5837949180645,19.1
1125.4358746724013,19.1
1131.3185433273702,19.1
1137.231960771571,19.0
1143.1762877293438,19.0
1149.1516857651375,19.0
1155.1583172879002,18.9
1161.1963455554942,18.8
1167.2659346791324,18.7
1173.3672496278396,18.6
1179.5004562329357,18.5
1185.6657211925422,18.4
1191.8632120761172,18.3
1198.0930973290035,18.2
1204.355546277011,18.2
1210.650729131018,18.1
1216.9788169915967,18.0
1223.3399818536654,18.0
1229.7343966111616,17.9
1236.162235061742,17.8
1242.6236719115057,17.7
1249.1188827797416,17.6
1255.6480442037073,17.6
1262.2113336434193,17.6
1268.8089294864806,17.7
1275.4410110529293,17.7
1282.1077586001115,17.7
1288.8093533275808,17.7
1295.5459773820237,17.7
1302.3178138622095,17.7
1309.1250468239675,17.8
1315.967861285188,17.8
1322.8464432308563,17.8
1329.7609796180998,17.8
1336.7116583812742,17.9
1343.6986684370715,17.9
1350.7221996896535,17.9
1357.782443035813,17.9
1364.879590370164,17.8
1372.0138345903551,17.8
1379.1853696023147,17.7
1386.3943903255179,17.7
1393.6410926982915,17.6
1400.9256736831292,17.6
1408.248331272053,17.6
1415.6092644919916,17.6
1423.0086734101894,17.5
1430.4467591396458,17.4
1437.9237238445805,17.3
1445.439770745928,17.2
1452.9951041268616,17.1
1460.589929338344,17.0
1468.224452804715,16.9
1475.898882029292,16.7
1483.6134256000173,16.7
1491.3682931951248,16.7
1499.1636955888393,16.7
1506.999844657106,16.7
1514.8769533833477,16.7
1522.7952358642551,16.7
1530.754907315605,16.6
1538.7561840781082,16.6
1546.799283623296,16.6
1554.8844245594228,16.6
1563.0118266374113,16.6
1571.181710756826,16.6
1579.3942989718767,16.6
1587.649814497453,16.7
1595.9484817151922,16.7
1604.2905261795772,16.8
1612.6761746240677,16.8
1621.1056549672617,16.9
1629.5791963190893,16.9
1638.097028987047,16.9
1646.6593844824454,16.9
1655.266495526711,16.9
1663.9185960577072,16.9
1672.6159212360947,16.9
1681.3587074517213,16.8
1690.1471923300487,16.7
1698.9816147386093,16.7
1707.8622147934998,16.7
1716.789233865905,16.7
1725.7629145886658,16.7
1734.7835008628629,16.7
1743.8512378644525,16.7
1752.9663720509295,16.7
1762.1291511680254,16.7
1771.3398242564415,16.7
1780.598641658619,16.8
1789.9058550255418,16.9
1799.2617173235774,16.9
1808.6664828413498,17.0
1818.1204071966588,17.0
1827.6237473434162,17.1
1837.1767615786375,17.3
1846.7797095494598,17.4
1856.4328522602,17.4
1866.1364520794475,17.4
1875.8907727471963,17.4
1885.6960793820124,17.4
1895.552638488241,17.3
1905.4607179632462,17.2
1915.4205871047022,17.1
1925.4325166178992,17.1
1935.4967786231095,17.1
1945.6136466629825,17.1
1955.783395709978,17.0
1966.006302173841,16.9
1976.282643909114,16.8
1986.6127002226892,16.8
1996.996751881399,16.9
2007.4350811196462,16.9
2017.927971647083,16.9
2028.4757086563097,17.0
2039.078578830634,17.0
2049.736870351861,17.0
2060.4508729081267,17.0
2071.22087770177,17.1
2082.0471774572497,17.1
2092.9300664290977,17.1
2103.8698404099196,17.2
2114.8667967384304,17.1
2125.9212343075446,17.1
2137.0334535724887,17.0
2148.2037565589744,16.9
2159.4324468714053,16.8
2170.71982970113,16.8
2182.0662118347364,16.7
2193.4719016623894,16.6
2204.937209186215,16.5
2216.4624460287228,16.5
2228.0479254412767,16.4
2239.6939623126154,16.3
2251.4008731773993,16.2
2263.168976224821,16.2
2274.9985913072546,16.1
2286.890039948944,16.0
2298.843645354747,15.7
2310.8597324189163,15.5
2322.9386277339318,15.3
2335.0806595993763,15.2
2347.2861580308577,15.1
2359.5554547689862,15.0
2371.8888832883777,14.9
2384.2867788067265,14.8
2396.7494782939148,14.7
2409.2773204811715,14.7
2421.8706458702773,14.6
2434.5297967428205,14.5
2447.2551171695004,14.4
2460.0469530194778,14.3
2472.905651969775,14.2
2485.8315635147337,14.1
2498.825038975499,14.0
2511.88643150958,14.0
2525.0160961204438,13.9
2538.2143896671673,13.8
2551.481670874133,13.7
2564.8183003407817,13.6
2578.224640551411,13.4
2591.7010558850307,13.3
2605.247912625263,13.1
2618.8655789702975,13.0
2632.5544250429093,12.9
2646.314822900502,12.9
2660.14714654523,12.8
2674.051771934164,12.7
2688.029076989506,12.6
2702.079441608862,12.6
2716.20324767557,12.6
2730.400879069075,12.7
2744.6727216753675,12.8
2759.0191633974646,12.9
2773.440594165967,12.9
2787.9374059496395,12.9
2802.509992766076,12.9
2817.1587506924047,12.9
2831.8840778760564,12.8
2846.686374545581,12.7
2861.5660430215316,12.4
2876.5234877273942,12.0
2891.5591152005823,11.8
2906.6733341034837,11.7
2921.8665552345788,11.6
2937.139191539587,11.6
2952.4916581227058,11.6
2967.9243722578863,11.6
2983.4377534001765,11.6
2999.0322231971227,11.6
3014.7082055002275,11.5
3030.466126376471,11.4
3046.306414119893,11.4
3062.229499263226,11.4
3078.2358145896155,11.5
3094.325795144359,11.6
3110.4998782467446,11.7
3126.7585035019356,11.7
3143.1021128129173,11.7
3159.5311503925072,11.7
3176.0460627754296,11.7
3192.6472988304513,11.6
3209.335309772584,11.6
3226.1105491753406,11.5
3242.973472983081,11.4
3259.924539523382,11.2
3276.9642095195077,11.2
3294.0929461029286,11.3
3311.311214825911,11.4
3328.6194836741684,11.4
3346.018223079582,11.4
3363.507905932988,11.4
3381.089007597027,11.4
3398.762005919066,11.4
3416.527381244194,11.5
3434.385616428264,11.5
3452.337196851022,11.7
3470.382610429304,11.8
3488.5223476302926,11.9
3506.7569014848486,11.9
3525.0867676009134,11.9
3543.512444176976,11.9
3562.034432015617,11.8
3580.6532345371147,11.7
3599.369357793143,11.6
3618.1833104805046,11.5
3637.095603954969,11.5
3656.1067522451726,11.4
3675.2172720665826,11.4
3694.4276828355482,11.3
3713.738506683413,11.2
3733.1502684707093,11.2
3752.6634958014215,11.2
3772.2787190373247,11.2
3791.9964713124127,11.2
3811.817288547367,11.2
3831.7417094641373,11.2
3851.7702756005806,11.2
3871.9035313251793,11.2
3892.1420238518376,11.2
3912.4863032547537,11.2
3932.936922483372,11.3
3953.4944373774106,11.3
3974.1594066819653,11.4
3994.9323920627126,11.5
4015.8139581211503,11.6
4036.8046724099613,11.6
4057.9051054484326,11.6
4079.115830737964,11.6
4100.437424777656,11.6
4121.870467079975,11.7
4143.41554018651,11.8
4165.0732296838005,11.9
4186.844124219257,12.0
4208.728815517151,12.0
4230.72789839472,12.1
4252.841970778305,12.0
4275.071633719623,11.9
4297.417491412092,11.8
4319.880151207261,11.8
4342.460223631314,11.7
4365.158322401661,11.7
4387.975064443623,11.7
4410.911069907196,11.7
4433.9669621839075,11.7
4457.1433679237725,11.6
4480.4409170523,11.6
4503.860242787635,11.6
4527.40198165776,11.5
4551.0667735177985,11.5
4574.855261567406,11.5
4598.768092368251,11.6
4622.80591586159,11.6
4646.969385385929,11.5
4671.25915769478,11.4
4695.675892974527,11.4
4720.220254862348,11.4
4744.892910464259,11.5
4769.694530373255,11.6
4794.625788687525,11.6
4819.68736302878,11.6
4844.87993456067,11.6
4870.204188007296,11.6
4895.660811671819,11.7
4921.250497455168,11.7
4946.973940874864,11.8
4972.8318410838865,11.8
4998.824900889706,11.8
5024.953826773381,11.9
5051.219328908747,11.9
5077.622121181736,11.9
5104.162921209768,11.8
5130.842450361258,11.7
5157.661433775227,11.7
5184.620600380999,11.9
5211.720682918039,12.1
5238.962417955835,12.2
5266.346545913939,12.3
5293.873811082085,12.3
5321.544961640422,12.4
5349.360749679845,12.3
5377.321931222439,12.2
5405.429266242027,12.0
5433.683518684824,11.8
5462.085456490198,11.6
5490.635851611563,11.4
5519.335480037329,11.2
5548.185121812011,10.6
5577.185561057427,9.9
5606.337585994012,9.6
5635.641988962242,9.5
5665.0995664441625,9.5
5694.7111190850455,9.4
5724.477451715144,9.4
5754.399373371566,9.4
5784.477697320285,9.4
5814.713241078208,9.1
5845.10682643542,8.8
5875.659279477514,8.7
5906.371430608045,8.5
5937.244114571097,8.3
5968.278170473975,8.2
5999.4744418100045,8.1
6030.833776481469,8.0
6062.357026822636,8.0
6094.045049622959,8.6
6125.898706150321,9.4
6157.918862174471,9.8
6190.106387990547,10.7
6222.462158442733,11.6
6254.987052948034,11.8
6287.681955520183,11.9
6320.547754793659,12.1
6353.585344047851,12.2
6386.795621231329,12.4
6420.179488986247,12.5
6453.7378546729,12.5
6487.471630394349,12.4
6521.381733021235,12.4
6555.469084216698,12.3
6589.734610461422,12.4
6624.179243078815,12.6
6658.80391826033,12.8
6693.609577090902,13.0
6728.597165574533,13.3
6763.767634659991,13.6
6799.1219402666875,13.9
6834.661043310619,14.2
6870.385909730507,14.5
6906.297510514049,14.4
6942.39682172431,14.5
6978.684824526248,14.5
7015.162505213385,14.6
7051.830855234612,14.6
7088.690871221135,14.7
7125.7435550135615,14.6
7162.989913689153,14.5
7200.430959589155,14.4
7238.067710346342,14.3
7275.901188912673,14.1
7313.932423587085,13.9
7352.162448043451,13.8
7390.59230135867,13.7
7429.22302804091,13.5
7468.055678057999,13.0
7507.091306865953,12.7
7546.330975437692,12.5
7585.775750291836,12.5
7625.426703521717,12.6
7665.284912824515,12.7
7705.351461530549,12.7
7745.627438632719,12.8
7786.113938816104,12.9
7826.81206248772,12.9
7867.722915806424,12.9
7908.847610712972,12.9
7950.187264960275,12.8
7991.743002143727,12.8
8033.515951731782,12.8
8075.507249096639,12.8
8117.718035545101,13.0
8160.149458349601,13.3
8202.80267077938,13.7
8245.67883213183,13.8
8288.77910776401,13.8
8332.104669124305,13.7
8375.656693784302,13.5
8419.436365470749,13.2
8463.444874097753,12.9
8507.683415799123,12.6
8552.153192960874,12.2
8596.855414253905,11.2
8641.791294666864,9.6
8686.962055539152,8.6
8732.36892459413,8.2
8778.01313597248,7.9
8823.895930265779,7.6
8870.018554550163,6.3
8916.382262420266,4.5
8962.988314023276,3.2
9009.83797609319,3.1
9056.932521985234,3.9
9104.273231710486,5.2
9151.861391970657,6.5
9199.698296193066,7.9
9247.785244565785,9.1
9296.12354407301,9.4
9344.714508530542,9.9
9393.559458621517,10.7
9442.659721932305,11.5
9492.016632988581,12.2
9541.631533291613,12.7
9591.505771354708,13.0
9641.64070273987,13.4
9692.037690094652,13.8
9742.698103189163,13.8
9793.623318953358,13.7
9844.814721514387,13.5
9896.27370223427,13.3
9948.001659747684,12.9
10000.0,12.4
10052.270136285486,12.0
10104.813489285681,11.7
10157.6314871081,10.5
10210.725565324987,8.9
10264.09716701231,8.0
10317.747742788988,7.2
10371.678750856474,6.6
10425.891657038128,6.1
10480.387934819217,4.9
10535.16906538697,2.9
10590.236537670813,1.7
10645.591848382772,2.0
10701.236502058211,2.5
10757.172011096769,2.6
10813.399895803414,2.7
10869.921684429703,2.8
10926.73891321545,2.8
10983.85312643042,2.8
11041.265876416248,2.8
11098.978723628681,2.7
11156.993236680037,2.2
11215.310992381786,1.5
11273.933575787378,1.1
11332.862580235347,1.8
11392.099607392682,2.9
11451.646267298307,3.2
11511.504178406769,3.6
11571.674967632372,3.9
11632.16027039332,4.0
11692.961730656129,4.1
11754.08100098034,4.1
11815.519742563505,4.1
11877.27962528627,4.0
11939.362327757724,3.8
12001.76953736107,3.5
12064.50295029953,3.3
12127.56427164241,3.0
12190.95521537136,2.7
12254.677504427105,2.3
12318.732870756214,2.0
12383.123055358106,1.5
12447.849808332432,1.0
12512.914888926687,1.0
12578.320065583976,1.2
12644.067115991029,1.6
12710.157827126544,2.2
12776.593995309939,2.6
12843.377426249857,2.8
12910.50993509343,3.2
12977.99334647565,3.5
13045.829494568892,3.4
13114.020223132724,4.0
13182.567385564074,5.2
13251.472844947652,5.9
13320.738474106534,6.1
13390.366155652993,6.2
13460.35778203982,6.4
13530.715255611682,6.5
13601.440488656775,6.6
13672.535403458849,6.8
13744.001932349513,6.9
13815.842017760702,6.8
13888.057612277411,6.7
13960.650678690825,6.7
14033.62319005172,6.8
14106.977129724035,7.0
14180.714491438697,7.1
14254.837279347976,7.0
14329.347508079869,7.2
14404.247202792812,7.7
14479.538399230763,8.1
14555.223143778607,8.4
14631.303493517702,8.8
14707.78151628175,9.0
14784.65929071304,9.2
14861.938906319014,9.4
14939.622463529,9.6
15017.712073751207,9.7
15096.209859430292,9.8
15175.117954104964,10.0
15254.438502465904,10.4
15334.173660414117,11.0
15414.325595119602,11.4
15494.896485080177,11.8
15575.88852018064,12.1
15657.303901752315,12.4
15739.1448426331,12.8
15821.413567227246,13.1
15904.112311566014,13.3
15987.243323368504,13.5
16070.808862102673,13.6
16154.811199046684,13.7
16239.252617350698,13.7
16324.135412099,13.8
16409.461890372313,13.8
16495.23437131044,13.7
16581.455186175313,13.6
16668.12667841462,13.5
16755.251203725067,13.2
