10.0,19.2
10.052270136285475,19.3
10.104813489285682,19.3
10.157631487108103,19.3
10.210725565324982,19.3
10.264097167012295,19.3
10.317747742789004,19.3
10.371678750856479,19.3
10.425891657038118,19.3
10.480387934819216,19.3
10.535169065386981,19.3
10.590236537670812,19.3
10.64559184838276,19.3
10.701236502058206,19.3
10.757172011096776,19.3
10.813399895803409,19.3
10.869921684429707,19.3
10.926738913215466,19.3
10.98385312643042,19.3
11.041265876416237,19.4
11.098978723628681,19.5
11.156993236680048,19.5
11.215310992381788,19.5
11.27393357578736,19.5
11.332862580235341,19.5
11.392099607392687,19.5
11.451646267298301,19.5
11.511504178406776,19.5
11.571674967632385,19.5
11.632160270393321,19.5
11.692961730656117,19.5
11.75408100098034,19.5
11.815519742563518,19.5
11.87727962528627,19.5
11.939362327757706,19.5
12.001769537361062,19.5
12.064502950299536,19.5
12.127564271642404,19.5
12.190955215371359,19.5
12.254677504427118,19.5
12.318732870756214,19.5
12.383123055358094,19.5
12.447849808332432,19.5
12.5129148889267,19.5
12.578320065583968,19.5
12.644067115991009,19.5
12.710157827126565,19.5
12.776593995309947,19.5
12.843377426249843,19.5
12.910509935093431,19.5
12.977993346475664,19.6
13.045829494568892,19.7
13.11402022313271,19.7
13.182567385564074,19.7
13.251472844947658,19.7
13.320738474106527,19.7
13.390366155653,19.7
13.460357782039841,19.7
13.530715255611682,19.7
13.601440488656761,19.7
13.672535403458848,19.7
13.744001932349526,19.7
13.815842017760701,19.7
13.888057612277397,19.7
13.960650678690818,19.7
14.033623190051728,19.7
14.10697712972403,19.7
14.180714491438705,19.7
14.25483727934799,19.7
14.32934750807987,19.7
14.404247202792797,19.7
14.479538399230764,19.7
14.55522314377862,19.7
14.631303493517702,19.7
14.707781516281727,19.7
14.784659290713032,19.7
14.861938906319022,19.7
14.939622463528993,19.7
15.017712073751214,19.7
15.096209859430308,19.7
15.175117954104964,19.7
15.254438502465888,19.7
15.334173660414118,19.7
15.414325595119617,19.7
15.494896485080169,19.7
15.575888520180618,19.7
15.65730390175234,19.7
15.73914484263311,19.7
15.821413567227237,19.7
15.904112311566013,19.7
15.98724332336852,19.7
16.070808862102673,19.8
16.154811199046666,19.8
16.239252617350697,19.8
16.324135412099007,19.8
16.409461890372306,19.8
16.495234371310413,19.8
16.58145518617534,19.8
16.668126678414627,19.8
16.755251203725052,19.8
16.84283113011666,19.8
16.930868837977105,19.8
17.01936672013636,19.8
17.108327181931763,19.8
17.197752641273365,19.8
17.28764552870969,19.8
17.378008287493753,19.8
17.4688433736495,19.8
17.560153256038525,19.8
17.651940416427212,19.8
17.744207349554188,19.8
17.836956563198083,19.8
17.93019057824573,19.8
18.023911928760675,19.8
18.118123162052047,19.8
18.21282683874379,19.8
18.30802553284428,19.8
18.403721831816252,19.8
18.499918336647156,19.8
18.59661766191982,19.8
18.69382243588356,19.8
18.791535300525574,19.8
18.889758911642755,19.8
18.98849593891389,19.8
19.08774906597221,19.8
19.187520990478333,19.8
19.287814424193606,19.8
19.388632093053765,19.8
19.48997673724305,19.8
19.591851111268685,19.8
19.69425798403576,19.8
19.79720013892245,19.8
19.90068037385568,19.8
20.004701501387192,19.8
20.109266348769967,19.8
20.214377758035074,19.8
20.320038586068932,19.8
20.426251704690927,19.8
20.533020000731486,19.8
20.64034637611054,19.8
20.748233747916412,19.8
20.856685048485062,19.8
20.965703225479817,19.8
21.075291241971485,19.9
21.185452076518878,20.0
21.296188723249774,20.0
21.407504191942323,20.0
21.519401508106792,20.0
21.631883713067854,20.0
21.744953864047204,20.0
21.858615034246718,20.0
21.972870312931903,20.0
22.087722805515906,20.0
22.203175633643916,20.0
22.319231935278008,20.0
22.435894864782412,20.0
22.553167593009288,20.0
22.671053307384867,20.0
22.789555211996095,20.0
22.908676527677724,20.0
23.028420492099883,20.0
23.148790359856015,20.0
23.26978940255137,20.0
23.391420908891938,20.0
23.51368818477381,20.0
23.63659455337303,20.0
23.760143355235964,20.0
23.884337948370025,20.0
24.009181708334992,20.0
24.134678028334722,20.0
24.260830319309434,20.0
24.387642010028344,20.0
24.515116547182902,20.0
24.64325739548046,20.0
24.772068037738443,20.0
24.901551974979007,20.0
25.031712726524198,20.0
25.162553830091625,20.0
25.294078841890578,20.0
25.426291336718684,20.0
25.559194908059133,20.0
25.692793168178262,20.0
25.827089748223784,20.0
25.96208829832347,20.0
26.097792487684362,20.0
26.234206004692496,20.0
26.371332557013133,20.0
26.5091758716916,20.0
26.647739695254497,20.0
26.787027793811582,20.0
26.9270439531581,20.0
27.06779197887776,20.0
27.209275696446046,20.0
27.351498951334275,20.0
27.494465609114105,20.0
27.638179555562576,20.0
27.782644696767733,20.0
27.92786495923483,20.0
28.07384428999299,20.0
28.220586656702505,20.0
28.368096047762684,20.0
28.516376472420284,20.0
28.66543196087842,20.0
28.815266564406134,20.0
28.965884355448516,20.0
29.11728942773738,20.0
29.26948589640251,20.0
29.42247789808359,20.0
29.57626959104251,20.0
29.730865155276486,20.0
29.88626879263161,20.0
30.04248472691713,20.0
30.19951720402016,20.0
30.357370492021133,20.0
30.516048881309793,20.0
30.675556684701824,20.0
30.835898237556027,20.0
30.99707789789224,20.0
31.15910004650967,20.0
31.321969087106055,20.0
31.485689446397288,20.1
31.650265574237824,20.2
31.815701943741516,20.2
31.98200305140326,20.2
32.14917341722119,20.2
32.31721758481955,20.2
32.486140121572134,20.2
32.655945618726484,20.2
32.82663869152868,20.2
32.99822397934869,20.2
33.170706145806605,20.2
33.34408987889928,20.2
33.51837989112781,20.2
33.69358091962557,20.2
33.86969772628702,20.3
34.04673509789711,20.4
34.224697846261364,20.4
34.40359080833668,20.4
34.58341884636283,20.4
34.764186847994516,20.4
34.94589972643436,20.4
35.12856242056629,20.4
35.312179895089876,20.4
35.496757140655234,20.4
35.68229917399868,20.4
35.86881103807908,20.4
36.05629780221492,20.4
36.24476456222205,20.4
36.434216440552284,20.4
36.6246585864325,20.4
36.81609617600466,20.4
37.00853441246656,20.4
37.2019785262131,20.4
37.39643377497855,20.4
37.591905443979435,20.4
37.788398846058186,20.4
37.985919321827524,20.4
38.184472239815605,20.4
38.384062996612016,20.4
38.584697017014335,20.4
38.786379754175634,20.4
38.98911668975273,20.4
39.1929133340551,20.4
39.39777522619469,20.4
39.60370793423646,20.4
39.810717055349734,20.4
40.0188082159603,20.4
40.227987071903335,20.4
40.43825930857721,20.4
40.64963064109788,20.4
40.8621068144543,20.4
41.075693603664625,20.4
41.29039681393302,20.4
41.506222280807584,20.4
41.72317587033889,20.4
41.94126347923944,20.4
42.16049103504393,20.4
42.38086449627034,20.4
42.60238985258197,20.4
42.825073124950116,20.4
43.04892036581776,20.4
43.27393765926414,20.4
43.500131121170035,20.4
43.727506899384,20.4
43.956071173889484,20.4
44.18583015697281,20.4
44.416790093392,20.4
44.648957260546474,20.4
44.88233796864779,20.4
45.116938560890986,20.4
45.35276541362708,20.4
45.58982493653644,20.4
45.82812357280281,20.4
46.067667799288614,20.4
46.308464126710895,20.4
46.55051909981832,20.4
46.793839297569036,20.4
47.03843133330949,20.4
47.28430185495417,20.4
47.531457545166376,20.4
47.77990512153967,20.4
48.02965133678067,20.4
48.28070297889241,20.4
48.53306687135893,20.4
48.78674987333074,20.4
49.041758879811184,20.4
49.298100821843896,20.4
49.55578266670119,20.6
49.81481141807335,20.7
50.07519411625915,20.7
50.336937838356974,20.7
50.60004969845742,20.7
50.86453684783644,20.7
51.13040647514984,20.7
51.39766580662862,20.7
51.66632210627541,20.7
51.93638267606184,20.7
52.20785485612707,20.7
52.48074602497726,20.7
52.75506359968615,20.7
53.030815036096584,20.7
53.308007829023246,20.7
53.58664951245627,20.7
53.866747659766084,20.7
54.148309883909214,20.7
54.431343837635225,20.7
54.7158572136947,20.7
55.00185774504835,20.7
55.28935320507712,20.7
55.57835140779364,20.7
55.86886020805435,20.7
56.160887501773274,20.7
56.45444122613637,20.8
56.74952935981742,20.9
57.04615992319485,20.9
57.34434097856969,20.9
57.64408063038476,20.9
57.94538702544487,20.9
58.24826835313831,20.9
58.552732845659456,20.9
58.85878877823242,20.9
59.166444469336014,20.9
59.475708280929936,20.9
59.786588618681876,20.9
60.0990939321961,20.9
60.41323271524305,20.9
60.72901350599024,20.9
61.046444887234294,20.9
61.365535486634215,20.9
61.686293976945976,20.9
62.008729076258064,20.9
62.332849548228545,20.9
62.658664202323344,20.9
62.98618189405547,20.9
63.315411525225876,20.9
63.64636204416533,20.9
63.979042445977655,20.9
64.31346177278421,20.9
64.64962911396958,20.9
64.98755360642885,20.9
65.32724443481563,20.9
65.66871083179183,20.9
66.01196207827876,20.9
66.35700750370908,20.9
66.7038564862806,20.9
67.05251845321108,20.9
67.40300288099445,20.9
67.75531929565844,20.9
68.1094772730234,20.9
68.46548643896274,20.9
68.82335646966433,20.9
69.18309709189363,20.9
69.54471808325809,20.9
69.90822927247277,20.9
70.27364053962762,20.9
70.6409618164559,20.9
71.01020308660422,20.9
71.38137438590384,20.9
71.75448580264342,20.9
72.12954747784322,20.9
72.50656960553087,20.9
72.88556243301818,20.9
73.26653626117992,20.9
73.64950144473359,20.9
74.03446839252094,20.9
74.42144756779092,20.9
74.810449488484,20.9
75.20148472751808,20.9
75.59456391307583,20.9
75.98969772889355,20.9
76.38689691455168,20.9
76.78617226576647,20.9
77.18753463468363,20.9
77.59099493017311,20.9
77.99656411812569,20.9
78.404253221751,20.9
78.8140733218772,20.9
79.226035557252,20.9
79.64015112484554,20.9
80.05643128015467,20.9
80.47488733750892,20.9
80.89553067037787,20.9
81.31837271168051,20.9
81.74342495409579,20.9
82.170698950375,20.9
82.60020631365589,20.9
83.03195871777821,20.9
83.46596789760103,20.9
83.90224564932171,20.9
84.34080383079642,20.9
84.78165436186265,20.9
85.22480922466286,20.9
85.67028046397054,20.9
86.11808018751721,20.9
86.56822056632171,20.9
87.020713835021,20.9
87.47557229220259,20.9
87.93280830073893,20.9
88.39243428812335,20.9
88.85446274680783,20.9
89.31890623454267,20.9
89.78577737471758,20.9
90.25508885670492,20.9
90.72685343620469,20.9
91.20108393559097,20.9
91.67779324426061,20.9
92.15699431898352,20.9
92.63870018425483,20.9
93.12292393264887,20.9
93.60967872517497,20.9
94.09897779163542,20.9
94.5908344309847,20.9
95.0852620116911,20.9
95.58227397210023,20.9
96.08188382079996,20.9
96.5841051369878,20.9
97.08895157083991,20.9
97.59643684388209,20.9
98.10657474936274,20.9
98.61937915262773,20.9
99.13486399149741,20.9
99.65304327664518,20.9
100.17393109197839,20.9
100.69754159502135,20.9
101.22388901729977,20.9
101.75298766472777,20.9
102.28485191799675,20.9
102.81949623296607,20.9
103.35693514105618,20.9
103.89718324964329,20.9
104.44025524245698,20.9
104.98616587997819,20.9
105.53492999984189,20.9
106.08656251723878,20.9
106.64107842532215,20.9
107.19849279561431,20.9
107.75882077841675,20.9
108.32207760322176,20.9
108.88827857912626,20.9
109.45743909524856,20.9
110.02957462114523,20.9
110.60470070723336,20.9
111.18283298521138,20.9
111.76398716848561,20.9
112.3481790525961,20.9
112.93542451564652,20.9
113.5257395187356,20.9
114.11914010639099,20.9
114.71564240700522,20.9
115.3152626332741,20.9
115.91801708263789,20.9
116.52392213772293,20.9
117.13299426678874,20.9
117.74525002417371,20.9
118.36070605074681,20.9
118.97937907435858,20.9
119.60128591029638,20.9
120.22644346174131,20.9
120.85486872022751,20.9
121.4865787661046,20.9
122.12159076900052,20.9
122.75992198829012,20.9
123.40158977356222,20.9
124.04661156509306,20.9
124.69500489431896,20.9
125.34678738431336,20.9
126.00197675026583,20.9
126.6605907999634,20.9
127.3226474342747,20.9
127.98816464763628,20.9
128.6571605285424,20.9
129.32965326003517,20.9
130.00566112020084,20.9
130.68520248266435,20.9
131.36829581709074,20.9
132.05495968968575,20.9
132.74521276370103,20.9
133.43907379994133,20.9
134.1365616572744,20.9
134.83769529314347,20.9
135.54249376408254,20.9
136.25097622623485,20.9
136.96316193587217,20.9
137.67907024992007,20.9
138.39872062648203,20.9
139.1221326253702,20.9
139.84932590863562,20.9
140.58032024110324,20.9
141.31513549090906,20.9
142.05379163003997,20.9
142.7963087348772,20.9
143.5427069867405,20.9
144.29300667243896,20.9
145.04722818481977,20.9
145.80539202332486,20.9
146.56751879454652,20.9
147.333629212788,20.9
148.1037441006266,20.9
148.87788438947953,20.9
149.65607112017267,20.9
150.43832544351253,20.9
151.2246686208618,20.9
152.01512202471548,20.9
152.80970713928414,20.9
153.6084455610754,20.9
154.41135899948313,20.9
155.218469277376,20.9
156.02979833169113,20.9
156.8453682140304,20.9
157.66520109125955,20.9
158.48931924611142,20.9
159.3177450777899,20.9
160.15050110258113,20.9
160.9876099544629,20.9
161.82909438572216,20.9
162.67497726757185,20.9
163.52528159077312,20.8
164.38003046626017,20.7
165.23924712576837,20.7
166.1029549224657,20.8
166.97117733158728,20.8
167.8439379510743,20.9
168.72126050221348,20.9
169.60316883028446,20.9
170.48968690520502,20.9
171.38083882218535,20.8
172.27664880238083,20.7
173.17714119355136,20.7
174.08234047072295,20.7
174.99227123685273,20.7
175.9069582234984,20.7
176.82642629148881,20.7
177.75070043160196,20.7
178.67980576524164,20.7
179.61376754512278,20.7
180.55261115595593,20.7
181.49636211513797,20.7
182.44504607344558,20.7
183.39868881573247,20.7
184.35731626163007,20.7
185.3209544662519,20.7
186.28962962090262,20.7
187.26336805378796,20.7
188.24219623073301,20.7
189.2261407558986,20.7
190.21522837250714,20.7
191.20948596356752,20.7
192.20894055260666,20.7
193.21361930440384,20.7
194.22354952572874,20.7
195.2387586660848,20.7
196.25927431845295,20.7
197.28512422004457,20.7
198.31633625305224,20.7
199.35293844541056,20.7
200.39495897155572,20.7
201.4424261531923,20.7
202.4953684600627,20.7
203.55381451072122,20.7
204.6177930733116,20.7
205.6873330663489,20.7
206.76246355950653,20.7
207.84321377440395,20.7
208.92961308540407,20.7
210.02169102040844,20.7
211.11947726166272,20.7
212.22300164656127,20.7
213.33229416845913,20.7
214.447384977487,20.7
215.5683043813707,20.7
216.69508284625502,20.7
217.8277509975314,20.7
218.9663396206716,20.7
220.1108796620618,20.7
221.26140222984722,20.7
222.41793859477394,20.7
223.5805201910423,20.7
224.74917861715863,20.7
225.9239456367954,20.7
227.10485317965416,20.7
228.29193334233327,20.7
229.48521838920135,20.7
230.68474075327168,20.7
231.89053303708724,20.7
233.102628013603,20.7
234.32105862708036,20.7
235.5458579939798,20.7
236.77705940386227,20.7
238.0146963202937,20.7
239.25880238175446,20.7
240.50941140255387,20.7
241.76655737374873,20.7
243.03027446406858,20.7
244.30059702084168,20.7
245.57755957093218,20.7
246.86119682167464,20.7
248.1515436618211,20.7
249.44863516248657,20.7
250.75250657810346,20.7
252.0631933473797,20.7
253.3807310942614,20.7
254.7051556289027,20.7
256.03650294863604,20.7
257.3748092389545,20.7
258.72011087449107,20.8
260.0724444200114,20.9
261.4318466314045,20.9
262.79835445668317,20.9
264.17200503698814,20.9
265.5528357075972,20.9
266.94088399894025,20.9
268.336187637619,20.9
269.7387845474336,20.9
271.1487128504106,20.9
272.56601086784315,20.9
273.9907171213279,20.9
275.4228703338166,20.9
276.86250943066517,20.9
278.30967354069315,20.9
279.764401997247,20.9
281.2267343392687,20.9
282.6967103123723,20.9
284.1743698699204,20.9
285.65975317411466,20.9
287.152900597083,20.9
288.6538527219809,20.9
290.16265034409145,20.9
291.67933447193553,20.9
293.203946328386,20.9
294.7365273517884,20.9
296.27711919708696,20.9
297.8257637369567,20.9
299.38250306294265,20.9
300.947379486601,20.9
302.52043554065347,20.9
304.1017139801383,20.9
305.69125778357716,20.9
307.2891101541398,20.9
308.8953145208197,20.9
310.5099145396145,20.9
312.1329540947119,20.9
313.76447729968413,20.9
315.40452849868336,20.9
317.0531522676519,20.9
318.71039341552853,20.9
320.3762969854716,20.9
322.05090825607795,20.9
323.7342727426186,20.9
325.4264361982722,20.9
327.1274446153702,20.9
328.83734422664674,20.9
330.55618150649445,20.9
332.28400317222986,20.9
334.02085618535915,20.9
335.76678775285944,20.9
337.52184532845695,20.9
339.28607661392135,20.9
341.0595295603587,20.9
342.84225236951676,20.9
344.63429349509414,20.9
346.4357016440579,20.9
348.24652577796684,20.9
350.06681511430224,20.9
351.8966191278073,20.9
353.7359875518278,20.9
355.5849703796693,20.9
357.44361786595016,20.9
359.3119805279728,20.9
361.1901091470929,20.9
363.0780547701014,20.9
364.9758687106112,20.9
366.8836025504522,20.9
368.80130814107446,20.9
370.72903760495365,20.9
372.66684333701346,20.9
374.6147780060434,20.9
376.57289455613636,20.9
378.54124620812286,20.9
380.5198864610201,20.9
382.50886909348526,20.9
384.5082481652772,20.9
386.51807801872604,20.9
388.53841328020957,20.9
390.56930886163985,20.9
392.6108199619517,20.9
394.6630020686084,20.9
396.7259109591041,20.9
398.7996027024853,20.9
400.8841336608706,20.9
402.9795604909844,20.9
405.0859401456969,20.9
407.20332987557106,20.9
409.331787230421,20.9
411.4713700608718,20.9
413.6221365199375,20.9
415.78414506459575,20.9
417.95745445738237,20.9
420.1421237679842,20.9
422.33821237484636,20.9
424.5457799667861,20.9
426.76488654461485,20.9
428.9955924227691,20.9
431.23795823094935,20.9
433.49204491576995,20.9
435.7579137424112,20.9
438.0356262962907,20.9
440.3252444847303,20.9
442.62683053864555,20.9
444.9404470142319,21.0
447.2661567946673,21.1
449.60402309182115,21.1
451.9541094479714,21.1
454.3164797375345,21.1
456.6911981687959,21.1
459.0783292856624,21.1
461.4779379694089,21.1
463.89008944044906,21.1
466.31484926010245,21.1
468.7522833323791,21.1
471.20245790577025,21.1
473.6654395750488,21.1
476.14129528307956,21.1
478.630092322638,21.1
481.1318983382419,21.1
483.6467813279844,21.1
486.1748096453894,21.1
488.7160520012619,21.1
491.27057746556244,21.1
493.8384554692794,21.1
496.4197558063182,21.1
499.01454863539806,21.1
501.6229044819588,21.1
504.24489424007766,21.1
506.88058917439554,21.1
509.53006092205686,21.1
512.1933814946506,21.1
514.8706232801756,21.1
517.5618590449992,21.1
520.2671619358439,21.1
522.9866054817683,21.1
525.7202635961694,21.1
528.4682105787901,21.1
531.230521117739,21.1
534.0072702915224,21.1
536.7985335710792,21.1
539.6043868218401,21.1
542.4249063057814,21.1
545.2601686835053,21.0
548.1102510163182,21.0
550.9752307683272,20.9
553.8551858085453,20.9
556.7501944130083,20.9
559.6603352669016,20.9
562.5856874666987,20.9
565.5263305223134,20.9
568.4823443592555,20.9
571.4538093208106,20.9
574.4408061702153,20.9
577.4434160928608,20.9
580.4617206984933,20.9
583.4958020234345,20.9
586.5457425328113,20.9
589.6116251227962,20.9
592.6935331228639,20.9
595.7915502980484,20.9
598.9057608512304,20.9
602.0362494254149,20.9
605.1831011060411,20.9
608.3464014232891,20.9
611.5262363544065,20.8
614.7226923260454,20.7
617.9358562166111,20.7
621.1658153586235,20.7
624.4126575410903,20.7
627.6764710118958,20.8
630.957344480193,20.9
634.2553671188238,20.9
637.5706285667327,20.9
640.9032189314127,20.9
644.2532287913472,20.9
647.6207491984753,20.9
651.0058716806659,20.9
654.4086882442045,20.9
657.8292913762976,20.9
661.2677740475787,21.0
664.7242297146454,21.1
668.1987523225889,21.1
671.6914363075575,21.1
675.2023765993158,21.1
678.7316686238282,21.1
682.2794083058518,21.2
685.8456920715438,21.2
689.4306168510824,21.2
693.0342800813003,21.2
696.6567797083366,21.2
700.2982141902914,21.3
703.9586824999124,21.4
707.6382841272731,21.4
711.3371190824884,21.4
715.0552878984242,21.4
718.7928916334344,21.4
722.5500318741055,21.4
726.3268107380181,21.4
730.123330876526,21.5
733.9396954775374,21.5
737.7760082683312,21.6
741.6323735183645,21.7
745.508896042117,21.8
749.4056812019327,21.8
753.3228349108862,21.8
757.2604636356614,21.8
761.2186743994453,21.8
765.1975747848361,21.9
769.1972729367671,22.0
773.2178775654501,22.1
777.2594979493206,22.1
781.3222439380205,22.1
785.406225955371,22.2
789.5115550023859,22.2
793.6383426602791,22.3
797.7867010935024,22.3
801.9567430527921,22.3
806.1485818782347,22.4
810.3623315023465,22.4
814.59810645317,22.5
818.8560218573906,22.5
823.1361934434566,22.6
827.4387375447371,22.7
831.7637711026708,22.8
836.1114116699566,22.9
840.4817774137397,22.9
844.8749871188272,23.0
849.2911601909162,23.1
853.7304166598383,23.1
858.1928771828257,23.2
862.6786630477819,23.2
867.1878961765907,23.2
871.7206991284164,23.3
876.2771951030477,23.3
880.8575079442367,23.3
885.4617621430697,23.4
890.0900828413493,23.4
894.742595834996,23.5
899.4194275774676,23.5
904.1207051831946,23.6
908.8465564310401,23.6
913.5971097677627,23.7
918.3724943115215,23.7
923.1728398553701,23.7
927.998276870799,23.7
932.8489365112713,23.7
937.7249506157918,23.8
942.6264517124897,23.8
947.5535730222193,23.9
952.5064484621864,23.9
957.4852126495767,24.0
962.4900009052299,24.1
967.5209492573013,24.1
972.5781944449744,24.1
977.6618739221665,24.1
982.772125861269,24.1
987.9090891569025,24.2
993.0729034296917,24.2
998.26370903006,24.2
1003.4816470420445,24.3
1008.7268592871307,24.4
1013.9994883281055,24.5
1019.2996774729368,24.5
1024.627570778662,24.5
1029.9833130553077,24.6
1035.3670498698243,24.6
1040.778927550043,24.7
1046.219093188652,24.8
1051.687694647196,24.8
1057.1848805600926,24.8
1062.7108003386745,24.8
1068.2656041752484,24.8
1073.849443047181,24.8
1079.4624687209969,24.8
1085.104833756507,24.8
1090.7766915109553,24.9
1096.4781961431852,24.9
1102.2095026178308,25.0
1107.9707667095288,25.0
1113.7621450071517,25.0
1119.5837949180645,25.0
1125.4358746724013,25.0
1131.3185433273702,25.0
1137.231960771571,24.9
1143.1762877293438,24.8
1149.1516857651375,24.8
1155.1583172879002,24.8
1161.1963455554942,24.8
1167.2659346791324,24.8
1173.3672496278396,24.7
1179.5004562329357,24.6
1185.6657211925422,24.6
1191.8632120761172,24.6
1198.0930973290035,24.6
1204.355546277011,24.7
1210.650729131018,24.8
1216.9788169915967,24.8
1223.3399818536654,24.8
1229.7343966111616,24.8
1236.162235061742,24.8
1242.6236719115057,24.8
1249.1188827797416,24.8
1255.6480442037073,24.7
1262.2113336434193,24.6
1268.8089294864806,24.5
1275.4410110529293,24.5
1282.1077586001115,24.5
1288.8093533275808,24.4
1295.5459773820237,24.3
1302.3178138622095,24.2
1309.1250468239675,24.1
1315.967861285188,24.0
1322.8464432308563,23.8
1329.7609796180998,23.6
1336.7116583812742,23.5
1343.6986684370715,23.5
1350.7221996896535,23.6
1357.782443035813,23.7
1364.879590370164,23.7
1372.0138345903551,23.7
1379.1853696023147,23.7
1386.3943903255179,23.6
1393.6410926982915,23.6
1400.9256736831292,23.6
1408.248331272053,23.7
1415.6092644919916,23.8
1423.0086734101894,23.9
1430.4467591396458,23.9
1437.9237238445805,23.9
1445.439770745928,24.0
1452.9951041268616,24.1
1460.589929338344,24.1
1468.224452804715,24.0
1475.898882029292,23.9
1483.6134256000173,23.9
1491.3682931951248,23.9
1499.1636955888393,24.0
1506.999844657106,24.1
1514.8769533833477,24.1
1522.7952358642551,24.2
1530.754907315605,24.3
1538.7561840781082,24.3
1546.799283623296,24.3
1554.8844245594228,24.3
1563.0118266374113,24.2
1571.181710756826,24.2
1579.3942989718767,24.1
1587.649814497453,24.0
1595.9484817151922,23.9
1604.2905261795772,23.8
1612.6761746240677,23.8
1621.1056549672617,23.7
1629.5791963190893,23.7
1638.097028987047,23.7
1646.6593844824454,23.6
1655.266495526711,23.5
1663.9185960577072,23.3
1672.6159212360947,23.2
1681.3587074517213,23.2
1690.1471923300487,23.2
1698.9816147386093,23.2
1707.8622147934998,23.1
1716.789233865905,23.1
1725.7629145886658,23.0
1734.7835008628629,22.9
1743.8512378644525,22.8
1752.9663720509295,22.7
1762.1291511680254,22.6
1771.3398242564415,22.5
1780.598641658619,22.4
1789.9058550255418,22.3
1799.2617173235774,22.0
1808.6664828413498,21.8
1818.1204071966588,21.6
1827.6237473434162,21.5
1837.1767615786375,21.5
1846.7797095494598,21.5
1856.4328522602,21.4
1866.1364520794475,21.2
1875.8907727471963,21.0
1885.6960793820124,20.8
1895.552638488241,20.7
1905.4607179632462,20.5
1915.4205871047022,20.4
1925.4325166178992,20.1
1935.4967786231095,19.3
1945.6136466629825,18.7
1955.783395709978,18.6
1966.006302173841,18.6
1976.282643909114,18.6
1986.6127002226892,18.5
1996.996751881399,18.4
2007.4350811196462,18.3
2017.927971647083,18.2
2028.4757086563097,18.0
2039.078578830634,17.9
2049.736870351861,17.8
2060.4508729081267,17.8
2071.22087770177,17.7
2082.0471774572497,17.7
2092.9300664290977,17.6
2103.8698404099196,17.5
2114.8667967384304,17.5
2125.9212343075446,17.5
2137.0334535724887,17.5
2148.2037565589744,17.5
2159.4324468714053,17.5
2170.71982970113,17.4
2182.0662118347364,17.2
2193.4719016623894,17.0
2204.937209186215,16.8
2216.4624460287228,16.7
2228.0479254412767,16.6
2239.6939623126154,16.4
2251.4008731773993,16.3
2263.168976224821,16.3
2274.9985913072546,16.2
2286.890039948944,16.1
2298.843645354747,15.9
2310.8597324189163,15.7
2322.9386277339318,15.6
2335.0806595993763,15.6
2347.2861580308577,15.5
2359.5554547689862,15.5
2371.8888832883777,15.4
2384.2867788067265,15.3
2396.7494782939148,15.1
2409.2773204811715,14.9
2421.8706458702773,14.7
2434.5297967428205,14.6
2447.2551171695004,14.4
2460.0469530194778,14.2
2472.905651969775,14.2
2485.8315635147337,14.1
2498.825038975499,14.1
2511.88643150958,14.0
2525.0160961204438,13.9
2538.2143896671673,13.8
2551.481670874133,13.7
2564.8183003407817,13.7
2578.224640551411,13.6
2591.7010558850307,13.6
2605.247912625263,13.7
2618.8655789702975,13.7
2632.5544250429093,13.8
2646.314822900502,13.8
2660.14714654523,13.9
2674.051771934164,13.9
2688.029076989506,13.9
2702.079441608862,13.9
2716.20324767557,13.9
2730.400879069075,13.9
2744.6727216753675,13.8
2759.0191633974646,13.6
2773.440594165967,13.3
2787.9374059496395,13.1
2802.509992766076,13.0
2817.1587506924047,12.9
2831.8840778760564,12.8
2846.686374545581,12.7
2861.5660430215316,12.6
2876.5234877273942,12.5
2891.5591152005823,12.5
2906.6733341034837,12.6
2921.8665552345788,12.7
2937.139191539587,12.8
2952.4916581227058,12.8
2967.9243722578863,12.9
2983.4377534001765,12.9
2999.0322231971227,12.9
3014.7082055002275,12.9
3030.466126376471,12.9
3046.306414119893,12.8
3062.229499263226,12.8
3078.2358145896155,12.7
3094.325795144359,12.7
3110.4998782467446,12.6
3126.7585035019356,12.6
3143.1021128129173,12.5
3159.5311503925072,12.4
3176.0460627754296,12.3
3192.6472988304513,12.2
3209.335309772584,12.0
3226.1105491753406,11.9
3242.973472983081,11.9
3259.924539523382,11.8
3276.9642095195077,11.8
3294.0929461029286,11.8
3311.311214825911,11.8
3328.6194836741684,11.7
3346.018223079582,11.7
3363.507905932988,11.6
3381.089007597027,11.6
3398.762005919066,11.6
3416.527381244194,11.6
3434.385616428264,11.5
3452.337196851022,11.3
3470.382610429304,11.0
3488.5223476302926,10.8
3506.7569014848486,10.6
3525.0867676009134,10.4
3543.512444176976,10.2
3562.034432015617,10.2
3580.6532345371147,10.3
3599.369357793143,10.4
3618.1833104805046,10.4
3637.095603954969,10.4
3656.1067522451726,10.3
3675.2172720665826,10.3
3694.4276828355482,10.2
3713.738506683413,10.1
3733.1502684707093,10.0
3752.6634958014215,9.8
3772.2787190373247,9.6
3791.9964713124127,9.6
3811.817288547367,9.6
3831.7417094641373,9.7
3851.7702756005806,9.6
3871.9035313251793,9.6
3892.1420238518376,9.6
3912.4863032547537,9.5
3932.936922483372,9.8
3953.4944373774106,10.3
3974.1594066819653,10.4
3994.9323920627126,10.5
4015.8139581211503,10.5
4036.8046724099613,10.6
4057.9051054484326,10.6
4079.115830737964,10.8
4100.437424777656,10.9
4121.870467079975,11.1
4143.41554018651,11.3
4165.0732296838005,11.5
4186.844124219257,11.6
4208.728815517151,11.7
4230.72789839472,11.8
4252.841970778305,11.8
4275.071633719623,11.8
4297.417491412092,11.8
4319.880151207261,11.7
4342.460223631314,11.6
4365.158322401661,11.5
4387.975064443623,11.5
4410.911069907196,11.4
4433.9669621839075,11.4
4457.1433679237725,11.3
4480.4409170523,11.2
4503.860242787635,11.1
4527.40198165776,10.5
4551.0667735177985,9.9
4574.855261567406,9.8
4598.768092368251,9.7
4622.80591586159,9.7
4646.969385385929,9.6
4671.25915769478,9.5
4695.675892974527,9.4
4720.220254862348,9.2
4744.892910464259,8.9
4769.694530373255,8.6
4794.625788687525,8.3
4819.68736302878,7.9
4844.87993456067,7.7
4870.204188007296,7.5
4895.660811671819,7.2
4921.250497455168,6.8
4946.973940874864,6.5
4972.8318410838865,6.4
4998.824900889706,6.3
5024.953826773381,6.2
5051.219328908747,6.0
5077.622121181736,5.6
5104.162921209768,5.2
5130.842450361258,5.1
5157.661433775227,5.0
5184.620600380999,4.9
5211.720682918039,4.9
5238.962417955835,4.9
5266.346545913939,4.8
5293.873811082085,4.7
5321.544961640422,4.7
5349.360749679845,4.9
5377.321931222439,4.9
5405.429266242027,5.0
5433.683518684824,5.0
5462.085456490198,5.1
5490.635851611563,5.1
5519.335480037329,5.0
5548.185121812011,4.9
5577.185561057427,4.9
5606.337585994012,4.9
5635.641988962242,4.9
5665.0995664441625,5.0
5694.7111190850455,5.1
5724.477451715144,5.2
5754.399373371566,5.3
5784.477697320285,5.6
5814.713241078208,6.2
5845.10682643542,6.5
5875.659279477514,6.7
5906.371430608045,6.9
5937.244114571097,7.1
5968.278170473975,7.4
5999.4744418100045,7.8
6030.833776481469,8.2
6062.357026822636,8.6
6094.045049622959,9.0
6125.898706150321,9.5
6157.918862174471,9.8
6190.106387990547,10.5
6222.462158442733,11.1
6254.987052948034,11.2
6287.681955520183,11.4
6320.547754793659,11.5
6353.585344047851,11.7
6386.795621231329,11.9
6420.179488986247,12.1
6453.7378546729,12.3
6487.471630394349,12.4
6521.381733021235,12.5
6555.469084216698,12.5
6589.734610461422,12.6
6624.179243078815,12.6
6658.80391826033,12.5
6693.609577090902,12.5
6728.597165574533,12.4
6763.767634659991,12.3
6799.1219402666875,12.2
6834.661043310619,12.1
6870.385909730507,11.8
6906.297510514049,11.4
6942.39682172431,11.2
6978.684824526248,11.0
7015.162505213385,10.8
7051.830855234612,10.6
7088.690871221135,10.3
7125.7435550135615,9.6
7162.989913689153,9.0
7200.430959589155,8.9
7238.067710346342,8.8
7275.901188912673,8.5
7313.932423587085,8.2
7352.162448043451,7.8
7390.59230135867,7.1
7429.22302804091,6.5
7468.055678057999,6.3
7507.091306865953,6.1
7546.330975437692,5.8
7585.775750291836,5.4
7625.426703521717,5.2
7665.284912824515,5.0
7705.351461530549,4.9
7745.627438632719,4.6
7786.113938816104,4.4
7826.81206248772,4.5
7867.722915806424,4.7
7908.847610712972,4.9
7950.187264960275,5.1
7991.743002143727,5.4
8033.515951731782,5.6
8075.507249096639,5.7
8117.718035545101,5.8
8160.149458349601,6.2
8202.80267077938,6.6
8245.67883213183,6.7
8288.77910776401,6.7
8332.104669124305,6.8
8375.656693784302,6.8
8419.436365470749,6.8
8463.444874097753,6.7
8507.683415799123,6.7
8552.153192960874,6.6
8596.855414253905,6.5
8641.791294666864,6.4
8686.962055539152,6.3
8732.36892459413,6.1
8778.01313597248,6.0
8823.895930265779,5.9
8870.018554550163,6.0
8916.382262420266,6.2
8962.988314023276,6.3
9009.83797609319,6.4
9056.932521985234,6.5
9104.273231710486,6.6
9151.861391970657,6.7
9199.698296193066,6.9
9247.785244565785,7.1
9296.12354407301,7.2
9344.714508530542,7.1
9393.559458621517,6.9
9442.659721932305,6.7
9492.016632988581,6.6
9541.631533291613,6.4
9591.505771354708,6.0
9641.64070273987,5.4
9692.037690094652,4.5
9742.698103189163,3.8
9793.623318953358,3.6
9844.814721514387,3.2
9896.27370223427,2.9
9948.001659747684,2.8
10000.0,3.1
10052.270136285486,3.7
10104.813489285681,4.1
10157.6314871081,4.4
10210.725565324987,4.7
10264.09716701231,5.8
10317.747742788988,6.8
10371.678750856474,7.0
10425.891657038128,7.2
10480.387934819217,7.4
10535.16906538697,7.6
10590.236537670813,7.9
10645.591848382772,8.2
10701.236502058211,8.6
10757.172011096769,8.9
10813.399895803414,9.0
10869.921684429703,9.0
10926.73891321545,9.1
10983.85312643042,9.1
11041.265876416248,9.0
11098.978723628681,8.9
11156.993236680037,8.8
11215.310992381786,8.7
11273.933575787378,8.3
11332.862580235347,7.8
11392.099607392682,7.6
11451.646267298307,7.3
11511.504178406769,7.0
11571.674967632372,6.7
11632.16027039332,6.5
11692.961730656129,6.3
11754.08100098034,6.1
11815.519742563505,6.0
11877.27962528627,5.8
11939.362327757724,5.6
12001.76953736107,5.6
12064.50295029953,5.6
12127.56427164241,5.6
12190.95521537136,5.6
12254.677504427105,5.5
12318.732870756214,5.5
12383.123055358106,5.4
12447.849808332432,5.3
12512.914888926687,5.2
12578.320065583976,5.0
12644.067115991029,4.8
12710.157827126544,4.0
12776.593995309939,3.2
12843.377426249857,3.1
12910.50993509343,3.0
12977.99334647565,3.0
13045.829494568892,2.9
13114.020223132724,2.8
13182.567385564074,2.9
13251.472844947652,3.0
13320.738474106534,3.0
13390.366155652993,3.1
13460.35778203982,3.1
13530.715255611682,3.1
13601.440488656775,3.1
13672.535403458849,3.1
13744.001932349513,3.0
13815.842017760702,2.8
13888.057612277411,2.6
13960.650678690825,2.4
14033.62319005172,2.3
14106.977129724035,2.1
14180.714491438697,2.2
14254.837279347976,2.2
14329.347508079869,2.2
14404.247202792812,2.2
14479.538399230763,2.2
14555.223143778607,2.1
14631.303493517702,1.9
14707.78151628175,1.7
14784.65929071304,1.2
14861.938906319014,0.8
14939.622463529,0.8
15017.712073751207,0.8
15096.209859430292,0.8
15175.117954104964,0.8
15254.438502465904,1.3
15334.173660414117,2.1
15414.325595119602,2.6
15494.896485080177,3.5
15575.88852018064,4.3
15657.303901752315,4.5
15739.1448426331,5.3
15821.413567227246,6.4
15904.112311566014,7.0
15987.243323368504,7.4
16070.808862102673,7.7
16154.811199046684,8.5
16239.252617350698,9.3
16324.135412099,9.7
16409.461890372313,10.0
16495.23437131044,10.3
16581.455186175313,10.6
16668.12667841462,10.9
16755.251203725067,11.2
