10.0,23.5
10.052270136285475,23.5
10.104813489285682,23.5
10.157631487108103,23.6
10.210725565324982,23.6
10.264097167012295,23.7
10.317747742789004,23.7
10.371678750856479,23.8
10.425891657038118,23.8
10.480387934819216,23.8
10.535169065386981,23.8
10.590236537670812,23.9
10.64559184838276,24.0
10.701236502058206,24.0
10.757172011096776,24.0
10.813399895803409,24.0
10.869921684429707,24.0
10.926738913215466,24.0
10.98385312643042,24.0
11.041265876416237,24.1
11.098978723628681,24.2
11.156993236680048,24.3
11.215310992381788,24.4
11.27393357578736,24.5
11.332862580235341,24.5
11.392099607392687,24.5
11.451646267298301,24.5
11.511504178406776,24.6
11.571674967632385,24.7
11.632160270393321,24.7
11.692961730656117,24.7
11.75408100098034,24.7
11.815519742563518,24.7
11.87727962528627,24.8
11.939362327757706,24.9
12.001769537361062,24.9
12.064502950299536,25.0
12.127564271642404,25.0
12.190955215371359,25.0
12.254677504427118,25.0
12.318732870756214,25.0
12.383123055358094,25.1
12.447849808332432,25.2
12.5129148889267,25.2
12.578320065583968,25.2
12.644067115991009,25.2
12.710157827126565,25.3
12.776593995309947,25.3
12.843377426249843,25.4
12.910509935093431,25.4
12.977993346475664,25.4
13.045829494568892,25.4
13.11402022313271,25.4
13.182567385564074,25.5
13.251472844947658,25.5
13.320738474106527,25.6
13.390366155653,25.8
13.460357782039841,25.9
13.530715255611682,25.9
13.601440488656761,25.9
13.672535403458848,25.9
13.744001932349526,26.0
13.815842017760701,26.1
13.888057612277397,26.1
13.960650678690818,26.1
14.033623190051728,26.1
14.10697712972403,26.1
14.180714491438705,26.1
14.25483727934799,26.1
14.32934750807987,26.2
14.404247202792797,26.3
14.479538399230764,26.4
14.55522314377862,26.4
14.631303493517702,26.4
14.707781516281727,26.4
14.784659290713032,26.5
14.861938906319022,26.6
14.939622463528993,26.6
15.017712073751214,26.6
15.096209859430308,26.6
15.175117954104964,26.6
15.254438502465888,26.7
15.334173660414118,26.8
15.414325595119617,26.8
15.494896485080169,26.8
15.575888520180618,26.8
15.65730390175234,27.0
15.73914484263311,27.1
15.821413567227237,27.1
15.904112311566013,27.1
15.98724332336852,27.1
16.070808862102673,27.1
16.154811199046666,27.1
16.239252617350697,27.1
16.324135412099007,27.2
16.409461890372306,27.3
16.495234371310413,27.4
16.58145518617534,27.4
16.668126678414627,27.5
16.755251203725052,27.5
16.84283113011666,27.5
16.930868837977105,27.6
17.01936672013636,27.6
17.108327181931763,27.6
17.197752641273365,27.6
17.28764552870969,27.6
17.378008287493753,27.7
17.4688433736495,27.8
17.560153256038525,27.8
17.651940416427212,27.8
17.744207349554188,27.8
17.836956563198083,27.8
17.93019057824573,27.8
18.023911928760675,27.9
18.118123162052047,28.0
18.21282683874379,28.0
18.30802553284428,28.0
18.403721831816252,28.0
18.499918336647156,28.0
18.59661766191982,28.2
18.69382243588356,28.3
18.791535300525574,28.3
18.889758911642755,28.3
18.98849593891389,28.3
19.08774906597221,28.3
19.187520990478333,28.4
19.287814424193606,28.5
19.388632093053765,28.5
19.48997673724305,28.5
19.591851111268685,28.5
19.69425798403576,28.5
19.79720013892245,28.5
19.90068037385568,28.5
20.004701501387192,28.6
20.109266348769967,28.7
20.214377758035074,28.7
20.320038586068932,28.8
20.426251704690927,28.8
20.533020000731486,28.8
20.64034637611054,28.8
20.748233747916412,28.8
20.856685048485062,28.8
20.965703225479817,28.9
21.075291241971485,29.0
21.185452076518878,29.0
21.296188723249774,29.0
21.407504191942323,29.0
21.519401508106792,29.0
21.631883713067854,29.1
21.744953864047204,29.2
21.858615034246718,29.2
21.972870312931903,29.2
22.087722805515906,29.2
22.203175633643916,29.2
22.319231935278008,29.3
22.435894864782412,29.4
22.553167593009288,29.5
22.671053307384867,29.5
22.789555211996095,29.5
22.908676527677724,29.5
23.028420492099883,29.6
23.148790359856015,29.6
23.26978940255137,29.7
23.391420908891938,29.7
23.51368818477381,29.7
23.63659455337303,29.7
23.760143355235964,29.8
23.884337948370025,29.8
24.009181708334992,29.9
24.134678028334722,29.9
24.260830319309434,29.9
24.387642010028344,29.9
24.515116547182902,29.9
24.64325739548046,29.9
24.772068037738443,29.9
24.901551974979007,30.0
25.031712726524198,30.0
25.162553830091625,30.0
25.294078841890578,30.0
25.426291336718684,30.0
25.559194908059133,30.0
25.692793168178262,30.0
25.827089748223784,30.0
25.96208829832347,30.1
26.097792487684362,30.2
26.234206004692496,30.2
26.371332557013133,30.2
26.5091758716916,30.2
26.647739695254497,30.2
26.787027793811582,30.3
26.9270439531581,30.4
27.06779197887776,30.4
27.209275696446046,30.4
27.351498951334275,30.4
27.494465609114105,30.4
27.638179555562576,30.4
27.782644696767733,30.4
27.92786495923483,30.4
28.07384428999299,30.5
28.220586656702505,30.6
28.368096047762684,30.6
28.516376472420284,30.6
28.66543196087842,30.6
28.815266564406134,30.6
28.965884355448516,30.6
29.11728942773738,30.6
29.26948589640251,30.8
29.42247789808359,30.9
29.57626959104251,30.9
29.730865155276486,30.9
29.88626879263161,30.9
30.04248472691713,30.9
30.19951720402016,30.9
30.357370492021133,30.9
30.516048881309793,30.9
30.675556684701824,30.9
30.835898237556027,30.9
30.99707789789224,30.9
31.15910004650967,30.9
31.321969087106055,31.0
31.485689446397288,31.1
31.650265574237824,31.1
31.815701943741516,31.1
31.98200305140326,31.1
32.14917341722119,31.1
32.31721758481955,31.1
32.486140121572134,31.1
32.655945618726484,31.1
32.82663869152868,31.1
32.99822397934869,31.1
33.170706145806605,31.2
33.34408987889928,31.2
33.51837989112781,31.3
33.69358091962557,31.3
33.86969772628702,31.3
34.04673509789711,31.3
34.224697846261364,31.3
34.40359080833668,31.3
34.58341884636283,31.3
34.764186847994516,31.3
34.94589972643436,31.3
35.12856242056629,31.3
35.312179895089876,31.3
35.496757140655234,31.3
35.68229917399868,31.4
35.86881103807908,31.4
36.05629780221492,31.4
36.24476456222205,31.4
36.434216440552284,31.4
36.6246585864325,31.4
36.81609617600466,31.4
37.00853441246656,31.4
37.2019785262131,31.4
37.39643377497855,31.4
37.591905443979435,31.4
37.788398846058186,31.4
37.985919321827524,31.4
38.184472239815605,31.4
38.384062996612016,31.4
38.584697017014335,31.4
38.786379754175634,31.4
38.98911668975273,31.4
39.1929133340551,31.4
39.39777522619469,31.4
39.60370793423646,31.4
39.810717055349734,31.4
40.0188082159603,31.4
40.227987071903335,31.4
40.43825930857721,31.4
40.64963064109788,31.4
40.8621068144543,31.4
41.075693603664625,31.4
41.29039681393302,31.4
41.506222280807584,31.4
41.72317587033889,31.4
41.94126347923944,31.4
42.16049103504393,31.4
42.38086449627034,31.4
42.60238985258197,31.5
42.825073124950116,31.6
43.04892036581776,31.6
43.27393765926414,31.6
43.500131121170035,31.6
43.727506899384,31.6
43.956071173889484,31.6
44.18583015697281,31.6
44.416790093392,31.6
44.648957260546474,31.6
44.88233796864779,31.6
45.116938560890986,31.6
45.35276541362708,31.6
45.58982493653644,31.5
45.82812357280281,31.4
46.067667799288614,31.4
46.308464126710895,31.4
46.55051909981832,31.4
46.793839297569036,31.4
47.03843133330949,31.4
47.28430185495417,31.4
47.531457545166376,31.4
47.77990512153967,31.4
48.02965133678067,31.4
48.28070297889241,31.4
48.53306687135893,31.4
48.78674987333074,31.4
49.041758879811184,31.4
49.298100821843896,31.4
49.55578266670119,31.4
49.81481141807335,31.4
50.07519411625915,31.4
50.336937838356974,31.4
50.60004969845742,31.4
50.86453684783644,31.4
51.13040647514984,31.4
51.39766580662862,31.4
51.66632210627541,31.4
51.93638267606184,31.4
52.20785485612707,31.3
52.48074602497726,31.3
52.75506359968615,31.3
53.030815036096584,31.3
53.308007829023246,31.3
53.58664951245627,31.3
53.866747659766084,31.3
54.148309883909214,31.3
54.431343837635225,31.3
54.7158572136947,31.3
55.00185774504835,31.3
55.28935320507712,31.2
55.57835140779364,31.1
55.86886020805435,31.1
56.160887501773274,31.1
56.45444122613637,31.1
56.74952935981742,31.1
57.04615992319485,31.1
57.34434097856969,31.1
57.64408063038476,31.1
57.94538702544487,31.1
58.24826835313831,31.1
58.552732845659456,31.1
58.85878877823242,31.1
59.166444469336014,31.1
59.475708280929936,31.1
59.786588618681876,31.1
60.0990939321961,31.1
60.41323271524305,31.1
60.72901350599024,31.1
61.046444887234294,31.1
61.365535486634215,31.1
61.686293976945976,31.0
62.008729076258064,30.9
62.332849548228545,30.9
62.658664202323344,30.9
62.98618189405547,30.9
63.315411525225876,30.9
63.64636204416533,30.9
63.979042445977655,30.9
64.31346177278421,30.8
64.64962911396958,30.7
64.98755360642885,30.6
65.32724443481563,30.5
65.66871083179183,30.4
66.01196207827876,30.4
66.35700750370908,30.4
66.7038564862806,30.4
67.05251845321108,30.3
67.40300288099445,30.3
67.75531929565844,30.2
68.1094772730234,30.2
68.46548643896274,30.1
68.82335646966433,30.0
69.18309709189363,29.9
69.54471808325809,29.9
69.90822927247277,29.8
70.27364053962762,29.8
70.6409618164559,29.7
71.01020308660422,29.7
71.38137438590384,29.6
71.75448580264342,29.5
72.12954747784322,29.4
72.50656960553087,29.3
72.88556243301818,29.2
73.26653626117992,29.1
73.64950144473359,29.0
74.03446839252094,28.8
74.42144756779092,28.7
74.810449488484,28.6
75.20148472751808,28.6
75.59456391307583,28.5
75.98969772889355,28.4
76.38689691455168,28.3
76.78617226576647,28.1
77.18753463468363,28.0
77.59099493017311,27.9
77.99656411812569,27.8
78.404253221751,27.7
78.8140733218772,27.6
79.226035557252,27.6
79.64015112484554,27.5
80.05643128015467,27.5
80.47488733750892,27.5
80.89553067037787,27.4
81.31837271168051,27.3
81.74342495409579,27.2
82.170698950375,27.1
82.60020631365589,27.1
83.03195871777821,27.1
83.46596789760103,27.1
83.90224564932171,27.1
84.34080383079642,27.0
84.78165436186265,26.9
85.22480922466286,26.8
85.67028046397054,26.7
86.11808018751721,26.6
86.56822056632171,26.6
87.020713835021,26.6
87.47557229220259,26.6
87.93280830073893,26.6
88.39243428812335,26.6
88.85446274680783,26.6
89.31890623454267,26.6
89.78577737471758,26.5
90.25508885670492,26.4
90.72685343620469,26.4
91.20108393559097,26.4
91.67779324426061,26.5
92.15699431898352,26.6
92.63870018425483,26.6
93.12292393264887,26.6
93.60967872517497,26.6
94.09897779163542,26.6
94.5908344309847,26.7
95.0852620116911,26.8
95.58227397210023,26.8
96.08188382079996,26.8
96.5841051369878,26.8
97.08895157083991,26.8
97.59643684388209,26.8
98.10657474936274,26.9
98.61937915262773,27.0
99.13486399149741,27.1
99.65304327664518,27.2
100.17393109197839,27.3
100.69754159502135,27.4
101.22388901729977,27.5
101.75298766472777,27.6
102.28485191799675,27.7
102.81949623296607,27.7
103.35693514105618,27.8
103.89718324964329,27.9
104.44025524245698,27.9
104.98616587997819,28.0
105.53492999984189,28.1
106.08656251723878,28.2
106.64107842532215,28.3
107.19849279561431,28.3
107.75882077841675,28.3
108.32207760322176,28.3
108.88827857912626,28.3
109.45743909524856,28.3
110.02957462114523,28.3
110.60470070723336,28.3
111.18283298521138,28.3
111.76398716848561,28.3
112.3481790525961,28.3
112.93542451564652,28.3
113.5257395187356,28.3
114.11914010639099,28.3
114.71564240700522,28.3
115.3152626332741,28.3
115.91801708263789,28.3
116.52392213772293,28.4
117.13299426678874,28.5
117.74525002417371,28.5
118.36070605074681,28.5
118.97937907435858,28.5
119.60128591029638,28.6
120.22644346174131,28.7
120.85486872022751,28.7
121.4865787661046,28.7
122.12159076900052,28.7
122.75992198829012,28.7
123.40158977356222,28.7
124.04661156509306,28.7
124.69500489431896,28.7
125.34678738431336,28.8
126.00197675026583,28.8
126.6605907999634,28.9
127.3226474342747,28.9
127.98816464763628,29.0
128.6571605285424,29.0
129.32965326003517,29.0
130.00566112020084,29.0
130.68520248266435,29.1
131.36829581709074,29.1
132.05495968968575,29.2
132.74521276370103,29.3
133.43907379994133,29.4
134.1365616572744,29.5
134.83769529314347,29.5
135.54249376408254,29.6
136.25097622623485,29.7
136.96316193587217,29.7
137.67907024992007,29.7
138.39872062648203,29.7
139.1221326253702,29.7
139.84932590863562,29.7
140.58032024110324,29.7
141.31513549090906,29.7
142.05379163003997,29.7
142.7963087348772,29.7
143.5427069867405,29.6
144.29300667243896,29.5
145.04722818481977,29.5
145.80539202332486,29.5
146.56751879454652,29.5
147.333629212788,29.5
148.1037441006266,29.4
148.87788438947953,29.3
149.65607112017267,29.2
150.43832544351253,29.2
151.2246686208618,29.2
152.01512202471548,29.2
152.80970713928414,29.1
153.6084455610754,29.0
154.41135899948313,28.9
155.218469277376,28.8
156.02979833169113,28.7
156.8453682140304,28.6
157.66520109125955,28.5
158.48931924611142,28.3
159.3177450777899,28.1
160.15050110258113,28.0
160.9876099544629,27.8
161.82909438572216,27.6
162.67497726757185,27.4
163.52528159077312,27.3
164.38003046626017,27.1
165.23924712576837,26.9
166.1029549224657,26.8
166.97117733158728,26.6
167.8439379510743,26.8
168.72126050221348,27.0
169.60316883028446,27.2
170.48968690520502,27.3
171.38083882218535,27.4
172.27664880238083,27.5
173.17714119355136,27.6
174.08234047072295,27.8
174.99227123685273,27.9
175.9069582234984,28.0
176.82642629148881,28.1
177.75070043160196,28.2
178.67980576524164,28.2
179.61376754512278,28.3
180.55261115595593,28.3
181.49636211513797,28.3
182.44504607344558,28.3
183.39868881573247,28.3
184.35731626163007,28.2
185.3209544662519,28.1
186.28962962090262,28.0
187.26336805378796,28.0
188.24219623073301,27.9
189.2261407558986,27.9
190.21522837250714,27.8
191.20948596356752,27.8
192.20894055260666,27.7
193.21361930440384,27.6
194.22354952572874,27.6
195.2387586660848,27.5
196.25927431845295,27.5
197.28512422004457,27.5
198.31633625305224,27.4
199.35293844541056,27.3
200.39495897155572,27.2
201.4424261531923,27.1
202.4953684600627,27.0
203.55381451072122,26.9
204.6177930733116,26.8
205.6873330663489,26.7
206.76246355950653,26.7
207.84321377440395,26.6
208.92961308540407,26.5
210.02169102040844,26.5
211.11947726166272,26.4
212.22300164656127,26.4
213.33229416845913,26.3
214.447384977487,26.3
215.5683043813707,26.2
216.69508284625502,26.2
217.8277509975314,26.1
218.9663396206716,26.1
220.1108796620618,26.0
221.26140222984722,25.9
222.41793859477394,25.8
223.5805201910423,25.7
224.74917861715863,25.6
225.9239456367954,25.5
227.10485317965416,25.4
228.29193334233327,25.2
229.48521838920135,25.1
230.68474075327168,25.1
231.89053303708724,25.0
233.102628013603,25.0
234.32105862708036,24.9
235.5458579939798,24.9
236.77705940386227,24.8
238.0146963202937,24.7
239.25880238175446,24.6
240.50941140255387,24.6
241.76655737374873,24.5
243.03027446406858,24.4
244.30059702084168,24.3
245.57755957093218,24.2
246.86119682167464,24.1
248.1515436618211,24.1
249.44863516248657,24.0
250.75250657810346,23.9
252.0631933473797,23.8
253.3807310942614,23.7
254.7051556289027,23.6
256.03650294863604,23.6
257.3748092389545,23.5
258.72011087449107,23.4
260.0724444200114,23.4
261.4318466314045,23.3
262.79835445668317,23.2
264.17200503698814,23.1
265.5528357075972,23.0
266.94088399894025,23.0
268.336187637619,23.0
269.7387845474336,23.0
271.1487128504106,22.9
272.56601086784315,22.9
273.9907171213279,22.8
275.4228703338166,22.8
276.86250943066517,22.7
278.30967354069315,22.6
279.764401997247,22.6
281.2267343392687,22.5
282.6967103123723,22.5
284.1743698699204,22.5
285.65975317411466,22.5
287.152900597083,22.5
288.6538527219809,22.5
290.16265034409145,22.5
291.67933447193553,22.5
293.203946328386,22.5
294.7365273517884,22.4
296.27711919708696,22.3
297.8257637369567,22.3
299.38250306294265,22.3
300.947379486601,22.3
302.52043554065347,22.3
304.1017139801383,22.3
305.69125778357716,22.3
307.2891101541398,22.3
308.8953145208197,22.4
310.5099145396145,22.4
312.1329540947119,22.5
313.76447729968413,22.5
315.40452849868336,22.5
317.0531522676519,22.5
318.71039341552853,22.5
320.3762969854716,22.5
322.05090825607795,22.5
323.7342727426186,22.6
325.4264361982722,22.6
327.1274446153702,22.6
328.83734422664674,22.6
330.55618150649445,22.6
332.28400317222986,22.6
334.02085618535915,22.6
335.76678775285944,22.7
337.52184532845695,22.7
339.28607661392135,22.8
341.0595295603587,22.8
342.84225236951676,22.8
344.63429349509414,22.8
346.4357016440579,22.8
348.24652577796684,22.9
350.06681511430224,23.0
351.8966191278073,23.0
353.7359875518278,23.0
355.5849703796693,23.0
357.44361786595016,23.0
359.3119805279728,23.2
361.1901091470929,23.3
363.0780547701014,23.3
364.9758687106112,23.3
366.8836025504522,23.3
368.80130814107446,23.3
370.72903760495365,23.3
372.66684333701346,23.3
374.6147780060434,23.3
376.57289455613636,23.4
378.54124620812286,23.4
380.5198864610201,23.5
382.50886909348526,23.5
384.5082481652772,23.5
386.51807801872604,23.5
388.53841328020957,23.6
390.56930886163985,23.6
392.6108199619517,23.7
394.6630020686084,23.7
396.7259109591041,23.7
398.7996027024853,23.7
400.8841336608706,23.7
402.9795604909844,23.8
405.0859401456969,23.8
407.20332987557106,23.8
409.331787230421,23.8
411.4713700608718,23.8
413.6221365199375,23.8
415.78414506459575,23.8
417.95745445738237,23.9
420.1421237679842,24.0
422.33821237484636,24.0
424.5457799667861,24.0
426.76488654461485,24.0
428.9955924227691,24.0
431.23795823094935,24.0
433.49204491576995,24.0
435.7579137424112,24.0
438.0356262962907,24.1
440.3252444847303,24.2
442.62683053864555,24.2
444.9404470142319,24.2
447.2661567946673,24.2
449.60402309182115,24.2
451.9541094479714,24.2
454.3164797375345,24.2
456.6911981687959,24.2
459.0783292856624,24.3
461.4779379694089,24.4
463.89008944044906,24.5
466.31484926010245,24.5
468.7522833323791,24.5
471.20245790577025,24.5
473.6654395750488,24.5
476.14129528307956,24.5
478.630092322638,24.5
481.1318983382419,24.5
483.6467813279844,24.6
486.1748096453894,24.7
488.7160520012619,24.7
491.27057746556244,24.7
493.8384554692794,24.7
496.4197558063182,24.7
499.01454863539806,24.7
501.6229044819588,24.7
504.24489424007766,24.7
506.88058917439554,24.7
509.53006092205686,24.8
512.1933814946506,24.9
514.8706232801756,24.9
517.5618590449992,24.9
520.2671619358439,24.9
522.9866054817683,24.9
525.7202635961694,24.9
528.4682105787901,24.9
531.230521117739,24.9
534.0072702915224,24.9
536.7985335710792,24.9
539.6043868218401,24.9
542.4249063057814,24.9
545.2601686835053,24.9
548.1102510163182,24.9
550.9752307683272,24.9
553.8551858085453,24.9
556.7501944130083,24.9
559.6603352669016,24.9
562.5856874666987,24.9
565.5263305223134,24.9
568.4823443592555,24.9
571.4538093208106,24.9
574.4408061702153,24.9
577.4434160928608,24.9
580.4617206984933,24.9
583.4958020234345,24.9
586.5457425328113,24.9
589.6116251227962,24.9
592.6935331228639,24.9
595.7915502980484,24.9
598.9057608512304,24.9
602.0362494254149,24.9
605.1831011060411,24.9
608.3464014232891,24.9
611.5262363544065,25.0
614.7226923260454,25.0
617.9358562166111,25.0
621.1658153586235,25.0
624.4126575410903,25.0
627.6764710118958,25.0
630.957344480193,25.0
634.2553671188238,25.0
637.5706285667327,25.0
640.9032189314127,25.0
644.2532287913472,25.0
647.6207491984753,25.0
651.0058716806659,25.0
654.4086882442045,25.0
657.8292913762976,25.0
661.2677740475787,25.0
664.7242297146454,25.0
668.1987523225889,25.0
671.6914363075575,25.0
675.2023765993158,25.0
678.7316686238282,25.1
682.2794083058518,25.2
685.8456920715438,25.2
689.4306168510824,25.2
693.0342800813003,25.2
696.6567797083366,25.2
700.2982141902914,25.2
703.9586824999124,25.2
707.6382841272731,25.2
711.3371190824884,25.2
715.0552878984242,25.2
718.7928916334344,25.2
722.5500318741055,25.2
726.3268107380181,25.2
730.123330876526,25.2
733.9396954775374,25.3
737.7760082683312,25.3
741.6323735183645,25.4
745.508896042117,25.4
749.4056812019327,25.4
753.3228349108862,25.4
757.2604636356614,25.4
761.2186743994453,25.4
765.1975747848361,25.4
769.1972729367671,25.4
773.2178775654501,25.4
777.2594979493206,25.4
781.3222439380205,25.4
785.406225955371,25.4
789.5115550023859,25.5
793.6383426602791,25.6
797.7867010935024,25.6
801.9567430527921,25.6
806.1485818782347,25.6
810.3623315023465,25.6
814.59810645317,25.6
818.8560218573906,25.6
823.1361934434566,25.6
827.4387375447371,25.6
831.7637711026708,25.6
836.1114116699566,25.6
840.4817774137397,25.6
844.8749871188272,25.6
849.2911601909162,25.6
853.7304166598383,25.6
858.1928771828257,25.6
862.6786630477819,25.6
867.1878961765907,25.6
871.7206991284164,25.6
876.2771951030477,25.6
880.8575079442367,25.6
885.4617621430697,25.6
890.0900828413493,25.6
894.742595834996,25.6
899.4194275774676,25.6
904.1207051831946,25.6
908.8465564310401,25.6
913.5971097677627,25.6
918.3724943115215,25.5
923.1728398553701,25.4
927.998276870799,25.4
932.8489365112713,25.4
937.7249506157918,25.4
942.6264517124897,25.4
947.5535730222193,25.4
952.5064484621864,25.4
957.4852126495767,25.4
962.4900009052299,25.4
967.5209492573013,25.4
972.5781944449744,25.4
977.6618739221665,25.4
982.772125861269,25.4
987.9090891569025,25.4
993.0729034296917,25.4
998.26370903006,25.4
1003.4816470420445,25.4
1008.7268592871307,25.4
1013.9994883281055,25.4
1019.2996774729368,25.4
1024.627570778662,25.4
1029.9833130553077,25.4
1035.3670498698243,25.4
1040.778927550043,25.4
1046.219093188652,25.4
1051.687694647196,25.4
1057.1848805600926,25.4
1062.7108003386745,25.4
1068.2656041752484,25.4
1073.849443047181,25.4
1079.4624687209969,25.4
1085.104833756507,25.3
1090.7766915109553,25.2
1096.4781961431852,25.2
1102.2095026178308,25.2
1107.9707667095288,25.2
1113.7621450071517,25.2
1119.5837949180645,25.2
1125.4358746724013,25.2
1131.3185433273702,25.1
1137.231960771571,25.1
1143.1762877293438,25.0
1149.1516857651375,25.0
1155.1583172879002,24.9
1161.1963455554942,24.9
1167.2659346791324,24.8
1173.3672496278396,24.7
1179.5004562329357,24.6
1185.6657211925422,24.6
1191.8632120761172,24.5
1198.0930973290035,24.5
1204.355546277011,24.5
1210.650729131018,24.5
1216.9788169915967,24.5
1223.3399818536654,24.6
1229.7343966111616,24.7
1236.162235061742,24.7
1242.6236719115057,24.7
1249.1188827797416,24.7
1255.6480442037073,24.7
1262.2113336434193,24.7
1268.8089294864806,24.7
1275.4410110529293,24.7
1282.1077586001115,24.7
1288.8093533275808,24.7
1295.5459773820237,24.7
1302.3178138622095,24.6
1309.1250468239675,24.5
1315.967861285188,24.5
1322.8464432308563,24.5
1329.7609796180998,24.5
1336.7116583812742,24.4
1343.6986684370715,24.4
1350.7221996896535,24.3
1357.782443035813,24.2
1364.879590370164,24.1
1372.0138345903551,24.0
1379.1853696023147,24.0
1386.3943903255179,24.0
1393.6410926982915,24.0
1400.9256736831292,24.0
1408.248331272053,24.0
1415.6092644919916,24.0
1423.0086734101894,23.9
1430.4467591396458,23.8
1437.9237238445805,23.8
1445.439770745928,23.8
1452.9951041268616,23.8
1460.589929338344,23.8
1468.224452804715,23.8
1475.898882029292,23.8
1483.6134256000173,23.8
1491.3682931951248,23.8
1499.1636955888393,23.8
1506.999844657106,23.8
1514.8769533833477,23.8
1522.7952358642551,23.8
1530.754907315605,23.8
1538.7561840781082,23.8
1546.799283623296,23.8
1554.8844245594228,23.8
1563.0118266374113,23.8
1571.181710756826,23.8
1579.3942989718767,23.9
1587.649814497453,24.0
1595.9484817151922,24.0
1604.2905261795772,24.0
1612.6761746240677,24.0
1621.1056549672617,24.1
1629.5791963190893,24.2
1638.097028987047,24.2
1646.6593844824454,24.2
1655.266495526711,24.2
1663.9185960577072,24.4
1672.6159212360947,24.5
1681.3587074517213,24.5
1690.1471923300487,24.5
1698.9816147386093,24.5
1707.8622147934998,24.5
1716.789233865905,24.5
1725.7629145886658,24.5
1734.7835008628629,24.5
1743.8512378644525,24.5
1752.9663720509295,24.5
1762.1291511680254,24.5
1771.3398242564415,24.5
1780.598641658619,24.5
1789.9058550255418,24.5
1799.2617173235774,24.5
1808.6664828413498,24.5
1818.1204071966588,24.5
1827.6237473434162,24.5
1837.1767615786375,24.5
1846.7797095494598,24.5
1856.4328522602,24.5
1866.1364520794475,24.5
1875.8907727471963,24.5
1885.6960793820124,24.5
1895.552638488241,24.4
1905.4607179632462,24.3
1915.4205871047022,24.2
1925.4325166178992,24.1
1935.4967786231095,24.0
1945.6136466629825,24.0
1955.783395709978,24.0
1966.006302173841,24.0
1976.282643909114,23.9
1986.6127002226892,23.9
1996.996751881399,23.8
2007.4350811196462,23.8
2017.927971647083,23.8
2028.4757086563097,23.8
2039.078578830634,23.8
2049.736870351861,23.8
2060.4508729081267,23.8
2071.22087770177,23.8
2082.0471774572497,23.8
2092.9300664290977,23.7
2103.8698404099196,23.7
2114.8667967384304,23.7
2125.9212343075446,23.7
2137.0334535724887,23.7
2148.2037565589744,23.6
2159.4324468714053,23.6
2170.71982970113,23.5
2182.0662118347364,23.5
2193.4719016623894,23.5
2204.937209186215,23.4
2216.4624460287228,23.4
2228.0479254412767,23.3
2239.6939623126154,23.3
2251.4008731773993,23.2
2263.168976224821,23.0
2274.9985913072546,22.8
2286.890039948944,22.7
2298.843645354747,22.6
2310.8597324189163,22.6
2322.9386277339318,22.5
2335.0806595993763,22.4
2347.2861580308577,22.2
2359.5554547689862,22.0
2371.8888832883777,21.9
2384.2867788067265,21.8
2396.7494782939148,21.7
2409.2773204811715,21.5
2421.8706458702773,21.3
2434.5297967428205,21.1
2447.2551171695004,21.0
2460.0469530194778,20.9
2472.905651969775,20.8
2485.8315635147337,20.6
2498.825038975499,20.4
2511.88643150958,20.3
2525.0160961204438,20.2
2538.2143896671673,20.1
2551.481670874133,20.0
2564.8183003407817,20.0
2578.224640551411,19.9
2591.7010558850307,19.9
2605.247912625263,19.8
2618.8655789702975,19.8
2632.5544250429093,19.7
2646.314822900502,19.7
2660.14714654523,19.6
2674.051771934164,19.5
2688.029076989506,19.4
2702.079441608862,19.3
2716.20324767557,19.2
2730.400879069075,19.1
2744.6727216753675,19.0
2759.0191633974646,18.8
2773.440594165967,18.7
2787.9374059496395,18.6
2802.509992766076,18.6
2817.1587506924047,18.5
2831.8840778760564,18.4
2846.686374545581,18.2
2861.5660430215316,17.9
2876.5234877273942,17.6
2891.5591152005823,17.5
2906.6733341034837,17.5
2921.8665552345788,17.5
2937.139191539587,17.4
2952.4916581227058,17.2
2967.9243722578863,17.1
2983.4377534001765,17.1
2999.0322231971227,17.1
3014.7082055002275,17.1
3030.466126376471,17.0
3046.306414119893,16.9
3062.229499263226,16.8
3078.2358145896155,16.8
3094.325795144359,16.8
3110.4998782467446,16.8
3126.7585035019356,16.8
3143.1021128129173,16.8
3159.5311503925072,16.8
3176.0460627754296,16.8
3192.6472988304513,16.8
3209.335309772584,16.8
3226.1105491753406,16.8
3242.973472983081,16.8
3259.924539523382,16.8
3276.9642095195077,16.8
3294.0929461029286,16.7
3311.311214825911,16.6
3328.6194836741684,16.6
3346.018223079582,16.6
3363.507905932988,16.6
3381.089007597027,16.5
3398.762005919066,16.4
3416.527381244194,16.4
3434.385616428264,16.4
3452.337196851022,16.4
3470.382610429304,16.4
3488.5223476302926,16.4
3506.7569014848486,16.4
3525.0867676009134,16.4
3543.512444176976,16.4
3562.034432015617,16.4
3580.6532345371147,16.3
3599.369357793143,16.3
3618.1833104805046,16.2
3637.095603954969,16.2
3656.1067522451726,16.1
3675.2172720665826,16.1
3694.4276828355482,16.1
3713.738506683413,16.1
3733.1502684707093,16.1
3752.6634958014215,16.1
3772.2787190373247,16.2
3791.9964713124127,16.3
3811.817288547367,16.4
3831.7417094641373,16.5
3851.7702756005806,16.7
3871.9035313251793,16.9
3892.1420238518376,17.1
3912.4863032547537,17.2
3932.936922483372,17.4
3953.4944373774106,17.6
3974.1594066819653,17.8
3994.9323920627126,17.9
4015.8139581211503,18.1
4036.8046724099613,18.2
4057.9051054484326,18.3
4079.115830737964,18.5
4100.437424777656,18.6
4121.870467079975,18.7
4143.41554018651,18.7
4165.0732296838005,18.7
4186.844124219257,18.6
4208.728815517151,18.6
4230.72789839472,18.5
4252.841970778305,18.4
4275.071633719623,18.3
4297.417491412092,18.1
4319.880151207261,18.0
4342.460223631314,17.9
4365.158322401661,17.8
4387.975064443623,17.7
4410.911069907196,17.5
4433.9669621839075,17.2
4457.1433679237725,17.1
4480.4409170523,17.0
4503.860242787635,16.9
4527.40198165776,16.8
4551.0667735177985,16.4
4574.855261567406,15.9
4598.768092368251,15.7
4622.80591586159,15.5
4646.969385385929,15.3
4671.25915769478,15.0
4695.675892974527,14.5
4720.220254862348,14.1
4744.892910464259,13.9
4769.694530373255,13.7
4794.625788687525,13.5
4819.68736302878,13.3
4844.87993456067,13.0
4870.204188007296,12.6
4895.660811671819,12.3
4921.250497455168,11.9
4946.973940874864,11.6
4972.8318410838865,11.4
4998.824900889706,11.2
5024.953826773381,10.9
5051.219328908747,10.6
5077.622121181736,10.3
5104.162921209768,10.1
5130.842450361258,9.9
5157.661433775227,9.7
5184.620600380999,9.5
5211.720682918039,9.3
5238.962417955835,9.0
5266.346545913939,8.7
5293.873811082085,8.6
5321.544961640422,8.5
5349.360749679845,8.4
5377.321931222439,8.3
5405.429266242027,8.3
5433.683518684824,8.3
5462.085456490198,8.3
5490.635851611563,8.3
5519.335480037329,8.2
5548.185121812011,8.1
5577.185561057427,8.0
5606.337585994012,8.0
5635.641988962242,8.0
5665.0995664441625,8.2
5694.7111190850455,8.3
5724.477451715144,8.4
5754.399373371566,8.5
5784.477697320285,8.6
5814.713241078208,8.8
5845.10682643542,9.0
5875.659279477514,9.1
5906.371430608045,9.3
5937.244114571097,9.5
5968.278170473975,9.6
5999.4744418100045,9.8
6030.833776481469,10.1
6062.357026822636,10.4
6094.045049622959,10.7
6125.898706150321,10.9
6157.918862174471,11.2
6190.106387990547,11.4
6222.462158442733,11.6
6254.987052948034,11.9
6287.681955520183,12.1
6320.547754793659,12.3
6353.585344047851,12.4
6386.795621231329,12.6
6420.179488986247,12.8
6453.7378546729,12.9
6487.471630394349,13.2
6521.381733021235,13.4
6555.469084216698,13.6
6589.734610461422,13.7
6624.179243078815,13.7
6658.80391826033,13.8
6693.609577090902,13.9
6728.597165574533,14.2
6763.767634659991,14.4
6799.1219402666875,14.5
6834.661043310619,14.6
6870.385909730507,14.6
6906.297510514049,14.7
6942.39682172431,14.7
6978.684824526248,14.7
7015.162505213385,14.7
7051.830855234612,14.7
7088.690871221135,14.7
7125.7435550135615,14.7
7162.989913689153,14.7
7200.430959589155,14.7
7238.067710346342,14.7
7275.901188912673,14.6
7313.932423587085,14.6
7352.162448043451,14.5
7390.59230135867,14.5
7429.22302804091,14.4
7468.055678057999,14.3
7507.091306865953,14.2
7546.330975437692,14.1
7585.775750291836,14.0
7625.426703521717,14.0
7665.284912824515,14.0
7705.351461530549,14.0
7745.627438632719,14.1
7786.113938816104,14.2
7826.81206248772,14.2
7867.722915806424,14.2
7908.847610712972,14.3
7950.187264960275,14.5
7991.743002143727,14.6
8033.515951731782,14.7
8075.507249096639,14.8
8117.718035545101,14.9
8160.149458349601,15.2
8202.80267077938,15.6
8245.67883213183,15.7
8288.77910776401,15.9
8332.104669124305,16.0
8375.656693784302,16.1
8419.436365470749,16.1
8463.444874097753,16.1
8507.683415799123,16.3
8552.153192960874,16.5
8596.855414253905,16.6
8641.791294666864,16.8
8686.962055539152,17.0
8732.36892459413,17.3
8778.01313597248,17.4
8823.895930265779,17.5
8870.018554550163,17.5
8916.382262420266,17.5
8962.988314023276,17.5
9009.83797609319,17.4
9056.932521985234,17.3
9104.273231710486,17.3
9151.861391970657,17.2
9199.698296193066,17.2
9247.785244565785,17.1
9296.12354407301,17.1
9344.714508530542,17.0
9393.559458621517,16.9
9442.659721932305,16.8
9492.016632988581,16.8
9541.631533291613,16.8
9591.505771354708,17.0
9641.64070273987,17.2
9692.037690094652,17.3
9742.698103189163,17.4
9793.623318953358,17.4
9844.814721514387,17.5
9896.27370223427,17.6
9948.001659747684,17.9
10000.0,18.3
10052.270136285486,18.4
10104.813489285681,18.5
10157.6314871081,18.5
10210.725565324987,18.5
10264.09716701231,18.5
10317.747742788988,18.5
10371.678750856474,18.5
10425.891657038128,18.4
10480.387934819217,18.3
10535.16906538697,18.1
10590.236537670813,18.0
10645.591848382772,17.8
10701.236502058211,17.7
10757.172011096769,17.6
10813.399895803414,17.0
10869.921684429703,16.3
10926.73891321545,15.8
10983.85312643042,15.4
11041.265876416248,15.2
11098.978723628681,15.0
11156.993236680037,14.6
11215.310992381786,14.3
11273.933575787378,14.2
11332.862580235347,14.1
11392.099607392682,14.0
11451.646267298307,13.9
11511.504178406769,13.8
11571.674967632372,13.7
11632.16027039332,13.7
11692.961730656129,13.6
11754.08100098034,13.4
11815.519742563505,13.1
11877.27962528627,12.9
11939.362327757724,12.6
12001.76953736107,12.4
12064.50295029953,12.2
12127.56427164241,11.9
12190.95521537136,11.5
12254.677504427105,11.3
12318.732870756214,11.2
12383.123055358106,11.1
12447.849808332432,11.1
12512.914888926687,11.1
12578.320065583976,11.0
12644.067115991029,10.9
12710.157827126544,10.8
12776.593995309939,10.4
12843.377426249857,10.0
12910.50993509343,9.7
12977.99334647565,9.5
13045.829494568892,9.3
13114.020223132724,9.1
13182.567385564074,8.5
13251.472844947652,8.0
13320.738474106534,8.0
13390.366155652993,8.0
13460.35778203982,8.0
13530.715255611682,7.9
13601.440488656775,7.8
13672.535403458849,7.3
13744.001932349513,6.9
13815.842017760702,7.1
13888.057612277411,7.4
13960.650678690825,7.6
14033.62319005172,8.2
14106.977129724035,8.9
14180.714491438697,9.3
14254.837279347976,9.5
14329.347508079869,10.2
14404.247202792812,10.8
14479.538399230763,10.9
14555.223143778607,11.0
14631.303493517702,11.1
14707.78151628175,11.0
14784.65929071304,10.9
14861.938906319014,10.8
14939.622463529,10.7
15017.712073751207,10.6
15096.209859430292,10.1
15175.117954104964,9.6
15254.438502465904,9.2
15334.173660414117,8.8
15414.325595119602,8.5
15494.896485080177,8.3
15575.88852018064,7.9
15657.303901752315,7.5
15739.1448426331,7.2
15821.413567227246,7.0
15904.112311566014,6.8
15987.243323368504,6.6
16070.808862102673,6.4
16154.811199046684,6.3
16239.252617350698,6.3
16324.135412099,6.2
16409.461890372313,6.7
16495.23437131044,7.3
16581.455186175313,7.6
16668.12667841462,8.1
16755.251203725067,8.6
