10.0,31.9
10.052270136285475,32.0
10.104813489285682,32.0
10.157631487108103,32.0
10.210725565324982,32.0
10.264097167012295,32.0
10.317747742789004,32.0
10.371678750856479,32.0
10.425891657038118,32.0
10.480387934819216,32.0
10.535169065386981,32.0
10.590236537670812,32.0
10.64559184838276,32.0
10.701236502058206,32.0
10.757172011096776,32.0
10.813399895803409,32.1
10.869921684429707,32.1
10.926738913215466,32.1
10.98385312643042,32.1
11.041265876416237,32.1
11.098978723628681,32.1
11.156993236680048,32.1
11.215310992381788,32.1
11.27393357578736,32.1
11.332862580235341,32.1
11.392099607392687,32.1
11.451646267298301,32.1
11.511504178406776,32.2
11.571674967632385,32.3
11.632160270393321,32.3
11.692961730656117,32.3
11.75408100098034,32.3
11.815519742563518,32.3
11.87727962528627,32.3
11.939362327757706,32.3
12.001769537361062,32.3
12.064502950299536,32.3
12.127564271642404,32.3
12.190955215371359,32.3
12.254677504427118,32.3
12.318732870756214,32.3
12.383123055358094,32.3
12.447849808332432,32.4
12.5129148889267,32.5
12.578320065583968,32.5
12.644067115991009,32.5
12.710157827126565,32.5
12.776593995309947,32.5
12.843377426249843,32.5
12.910509935093431,32.5
12.977993346475664,32.5
13.045829494568892,32.5
13.11402022313271,32.5
13.182567385564074,32.5
13.251472844947658,32.5
13.320738474106527,32.5
13.390366155653,32.5
13.460357782039841,32.5
13.530715255611682,32.5
13.601440488656761,32.5
13.672535403458848,32.5
13.744001932349526,32.5
13.815842017760701,32.5
13.888057612277397,32.5
13.960650678690818,32.7
14.033623190051728,32.8
14.10697712972403,32.8
14.180714491438705,32.8
14.25483727934799,32.8
14.32934750807987,32.8
14.404247202792797,32.8
14.479538399230764,32.8
14.55522314377862,32.8
14.631303493517702,32.8
14.707781516281727,32.8
14.784659290713032,32.8
14.861938906319022,32.8
14.939622463528993,32.8
15.017712073751214,32.8
15.096209859430308,32.8
15.175117954104964,32.8
15.254438502465888,32.8
15.334173660414118,32.8
15.414325595119617,32.8
15.494896485080169,32.8
15.575888520180618,32.8
15.65730390175234,32.9
15.73914484263311,33.0
15.821413567227237,33.0
15.904112311566013,33.0
15.98724332336852,33.0
16.070808862102673,33.0
16.154811199046666,33.0
16.239252617350697,33.0
16.324135412099007,33.0
16.409461890372306,33.0
16.495234371310413,33.0
16.58145518617534,33.0
16.668126678414627,33.0
16.755251203725052,33.0
16.84283113011666,33.0
16.930868837977105,33.0
17.01936672013636,33.0
17.108327181931763,33.0
17.197752641273365,33.0
17.28764552870969,33.0
17.378008287493753,33.0
17.4688433736495,33.0
17.560153256038525,33.0
17.651940416427212,33.0
17.744207349554188,33.0
17.836956563198083,33.0
17.93019057824573,33.0
18.023911928760675,33.0
18.118123162052047,33.0
18.21282683874379,33.0
18.30802553284428,33.0
18.403721831816252,33.0
18.499918336647156,33.0
18.59661766191982,33.1
18.69382243588356,33.2
18.791535300525574,33.2
18.889758911642755,33.2
18.98849593891389,33.2
19.08774906597221,33.2
19.187520990478333,33.2
19.287814424193606,33.2
19.388632093053765,33.2
19.48997673724305,33.2
19.591851111268685,33.2
19.69425798403576,33.2
19.79720013892245,33.2
19.90068037385568,33.2
20.004701501387192,33.2
20.109266348769967,33.2
20.214377758035074,33.2
20.320038586068932,33.2
20.426251704690927,33.2
20.533020000731486,33.2
20.64034637611054,33.2
20.748233747916412,33.2
20.856685048485062,33.2
20.965703225479817,33.2
21.075291241971485,33.2
21.185452076518878,33.2
21.296188723249774,33.2
21.407504191942323,33.2
21.519401508106792,33.2
21.631883713067854,33.2
21.744953864047204,33.2
21.858615034246718,33.2
21.972870312931903,33.2
22.087722805515906,33.2
22.203175633643916,33.2
22.319231935278008,33.2
22.435894864782412,33.2
22.553167593009288,33.2
22.671053307384867,33.2
22.789555211996095,33.2
22.908676527677724,33.2
23.028420492099883,33.2
23.148790359856015,33.2
23.26978940255137,33.2
23.391420908891938,33.2
23.51368818477381,33.2
23.63659455337303,33.2
23.760143355235964,33.2
23.884337948370025,33.2
24.009181708334992,33.2
24.134678028334722,33.2
24.260830319309434,33.2
24.387642010028344,33.2
24.515116547182902,33.2
24.64325739548046,33.2
24.772068037738443,33.2
24.901551974979007,33.2
25.031712726524198,33.2
25.162553830091625,33.2
25.294078841890578,33.2
25.426291336718684,33.2
25.559194908059133,33.2
25.692793168178262,33.2
25.827089748223784,33.2
25.96208829832347,33.2
26.097792487684362,33.2
26.234206004692496,33.2
26.371332557013133,33.2
26.5091758716916,33.2
26.647739695254497,33.2
26.787027793811582,33.2
26.9270439531581,33.2
27.06779197887776,33.2
27.209275696446046,33.2
27.351498951334275,33.2
27.494465609114105,33.2
27.638179555562576,33.2
27.782644696767733,33.2
27.92786495923483,33.2
28.07384428999299,33.2
28.220586656702505,33.3
28.368096047762684,33.3
28.516376472420284,33.3
28.66543196087842,33.3
28.815266564406134,33.3
28.965884355448516,33.3
29.11728942773738,33.3
29.26948589640251,33.3
29.42247789808359,33.3
29.57626959104251,33.3
29.730865155276486,33.3
29.88626879263161,33.3
30.04248472691713,33.3
30.19951720402016,33.3
30.357370492021133,33.3
30.516048881309793,33.3
30.675556684701824,33.3
30.835898237556027,33.3
30.99707789789224,33.3
31.15910004650967,33.3
31.321969087106055,33.3
31.485689446397288,33.3
31.650265574237824,33.2
31.815701943741516,33.2
31.98200305140326,33.2
32.14917341722119,33.2
32.31721758481955,33.2
32.486140121572134,33.2
32.655945618726484,33.2
32.82663869152868,33.2
32.99822397934869,33.2
33.170706145806605,33.2
33.34408987889928,33.2
33.51837989112781,33.2
33.69358091962557,33.2
33.86969772628702,33.2
34.04673509789711,33.2
34.224697846261364,33.2
34.40359080833668,33.2
34.58341884636283,33.2
34.764186847994516,33.2
34.94589972643436,33.2
35.12856242056629,33.2
35.312179895089876,33.2
35.496757140655234,33.2
35.68229917399868,33.2
35.86881103807908,33.2
36.05629780221492,33.2
36.24476456222205,33.2
36.434216440552284,33.2
36.6246585864325,33.2
36.81609617600466,33.2
37.00853441246656,33.2
37.2019785262131,33.2
37.39643377497855,33.2
37.591905443979435,33.2
37.788398846058186,33.2
37.985919321827524,33.2
38.184472239815605,33.2
38.384062996612016,33.2
38.584697017014335,33.2
38.786379754175634,33.2
38.98911668975273,33.2
39.1929133340551,33.2
39.39777522619469,33.2
39.60370793423646,33.2
39.810717055349734,33.2
40.0188082159603,33.2
40.227987071903335,33.2
40.43825930857721,33.2
40.64963064109788,33.2
40.8621068144543,33.2
41.075693603664625,33.2
41.29039681393302,33.2
41.506222280807584,33.2
41.72317587033889,33.2
41.94126347923944,33.2
42.16049103504393,33.2
42.38086449627034,33.2
42.60238985258197,33.2
42.825073124950116,33.2
43.04892036581776,33.2
43.27393765926414,33.2
43.500131121170035,33.2
43.727506899384,33.2
43.956071173889484,33.2
44.18583015697281,33.2
44.416790093392,33.2
44.648957260546474,33.2
44.88233796864779,33.2
45.116938560890986,33.2
45.35276541362708,33.2
45.58982493653644,33.2
45.82812357280281,33.2
46.067667799288614,33.2
46.308464126710895,33.2
46.55051909981832,33.2
46.793839297569036,33.1
47.03843133330949,33.1
47.28430185495417,33.0
47.531457545166376,33.0
47.77990512153967,33.0
48.02965133678067,33.0
48.28070297889241,33.0
48.53306687135893,33.0
48.78674987333074,33.0
49.041758879811184,33.0
49.298100821843896,33.0
49.55578266670119,33.0
49.81481141807335,33.0
50.07519411625915,33.0
50.336937838356974,33.0
50.60004969845742,33.0
50.86453684783644,33.0
51.13040647514984,33.0
51.39766580662862,33.0
51.66632210627541,33.0
51.93638267606184,33.0
52.20785485612707,33.0
52.48074602497726,33.0
52.75506359968615,33.0
53.030815036096584,33.0
53.308007829023246,33.0
53.58664951245627,33.0
53.866747659766084,33.0
54.148309883909214,33.0
54.431343837635225,33.0
54.7158572136947,33.0
55.00185774504835,33.0
55.28935320507712,33.0
55.57835140779364,33.0
55.86886020805435,33.0
56.160887501773274,33.0
56.45444122613637,33.0
56.74952935981742,33.0
57.04615992319485,33.0
57.34434097856969,33.0
57.64408063038476,33.0
57.94538702544487,33.0
58.24826835313831,32.9
58.552732845659456,32.8
58.85878877823242,32.8
59.166444469336014,32.8
59.475708280929936,32.8
59.786588618681876,32.8
60.0990939321961,32.8
60.41323271524305,32.8
60.72901350599024,32.8
61.046444887234294,32.8
61.365535486634215,32.8
61.686293976945976,32.8
62.008729076258064,32.8
62.332849548228545,32.8
62.658664202323344,32.8
62.98618189405547,32.8
63.315411525225876,32.8
63.64636204416533,32.8
63.979042445977655,32.8
64.31346177278421,32.8
64.64962911396958,32.8
64.98755360642885,32.8
65.32724443481563,32.8
65.66871083179183,32.8
66.01196207827876,32.8
66.35700750370908,32.8
66.7038564862806,32.8
67.05251845321108,32.8
67.40300288099445,32.8
67.75531929565844,32.8
68.1094772730234,32.8
68.46548643896274,32.8
68.82335646966433,32.8
69.18309709189363,32.8
69.54471808325809,32.8
69.90822927247277,32.8
70.27364053962762,32.8
70.6409618164559,32.8
71.01020308660422,32.8
71.38137438590384,32.8
71.75448580264342,32.8
72.12954747784322,32.8
72.50656960553087,32.8
72.88556243301818,32.8
73.26653626117992,32.8
73.64950144473359,32.8
74.03446839252094,32.8
74.42144756779092,32.8
74.810449488484,32.8
75.20148472751808,32.8
75.59456391307583,32.8
75.98969772889355,32.8
76.38689691455168,32.8
76.78617226576647,32.8
77.18753463468363,32.8
77.59099493017311,32.8
77.99656411812569,32.8
78.404253221751,32.8
78.8140733218772,32.8
79.226035557252,32.8
79.64015112484554,32.8
80.05643128015467,32.8
80.47488733750892,32.8
80.89553067037787,32.8
81.31837271168051,32.8
81.74342495409579,32.8
82.170698950375,32.8
82.60020631365589,32.8
83.03195871777821,32.8
83.46596789760103,32.8
83.90224564932171,32.8
84.34080383079642,32.8
84.78165436186265,32.8
85.22480922466286,32.8
85.67028046397054,32.8
86.11808018751721,32.8
86.56822056632171,32.8
87.020713835021,32.8
87.47557229220259,32.8
87.93280830073893,32.8
88.39243428812335,32.8
88.85446274680783,32.8
89.31890623454267,32.8
89.78577737471758,32.8
90.25508885670492,32.8
90.72685343620469,32.8
91.20108393559097,32.8
91.67779324426061,32.9
92.15699431898352,33.0
92.63870018425483,33.0
93.12292393264887,33.0
93.60967872517497,33.0
94.09897779163542,33.0
94.5908344309847,33.1
95.0852620116911,33.2
95.58227397210023,33.2
96.08188382079996,33.2
96.5841051369878,33.2
97.08895157083991,33.2
97.59643684388209,33.2
98.10657474936274,33.2
98.61937915262773,33.3
99.13486399149741,33.3
99.65304327664518,33.3
100.17393109197839,33.3
100.69754159502135,33.4
101.22388901729977,33.5
101.75298766472777,33.5
102.28485191799675,33.5
102.81949623296607,33.5
103.35693514105618,33.5
103.89718324964329,33.5
104.44025524245698,33.6
104.98616587997819,33.7
105.53492999984189,33.7
106.08656251723878,33.7
106.64107842532215,33.7
107.19849279561431,33.7
107.75882077841675,33.7
108.32207760322176,33.7
108.88827857912626,33.7
109.45743909524856,33.7
110.02957462114523,33.7
110.60470070723336,33.7
111.18283298521138,33.7
111.76398716848561,33.7
112.3481790525961,33.7
112.93542451564652,33.7
113.5257395187356,33.7
114.11914010639099,33.7
114.71564240700522,33.7
115.3152626332741,33.7
115.91801708263789,33.7
116.52392213772293,33.7
117.13299426678874,33.7
117.74525002417371,33.6
118.36070605074681,33.5
118.97937907435858,33.5
119.60128591029638,33.5
120.22644346174131,33.5
120.85486872022751,33.4
121.4865787661046,33.4
122.12159076900052,33.3
122.75992198829012,33.3
123.40158977356222,33.2
124.04661156509306,33.2
124.69500489431896,33.2
125.34678738431336,33.2
126.00197675026583,33.2
126.6605907999634,33.2
127.3226474342747,33.2
127.98816464763628,33.2
128.6571605285424,33.2
129.32965326003517,33.3
130.00566112020084,33.3
130.68520248266435,33.4
131.36829581709074,33.4
132.05495968968575,33.5
132.74521276370103,33.5
133.43907379994133,33.5
134.1365616572744,33.5
134.83769529314347,33.6
135.54249376408254,33.7
136.25097622623485,33.7
136.96316193587217,33.7
137.67907024992007,33.7
138.39872062648203,33.7
139.1221326253702,33.7
139.84932590863562,33.7
140.58032024110324,33.7
141.31513549090906,33.7
142.05379163003997,33.8
142.7963087348772,33.9
143.5427069867405,33.9
144.29300667243896,33.9
145.04722818481977,33.9
145.80539202332486,33.9
146.56751879454652,33.9
147.333629212788,33.9
148.1037441006266,33.9
148.87788438947953,33.9
149.65607112017267,33.9
150.43832544351253,33.9
151.2246686208618,33.8
152.01512202471548,33.7
152.80970713928414,33.7
153.6084455610754,33.7
154.41135899948313,33.7
155.218469277376,33.7
156.02979833169113,33.7
156.8453682140304,33.6
157.66520109125955,33.5
158.48931924611142,33.4
159.3177450777899,33.4
160.15050110258113,33.3
160.9876099544629,33.3
161.82909438572216,33.3
162.67497726757185,33.2
163.52528159077312,33.2
164.38003046626017,33.2
165.23924712576837,33.2
166.1029549224657,33.2
166.97117733158728,33.2
167.8439379510743,33.2
168.72126050221348,33.2
169.60316883028446,33.3
170.48968690520502,33.3
171.38083882218535,33.4
172.27664880238083,33.4
173.17714119355136,33.5
174.08234047072295,33.5
174.99227123685273,33.6
175.9069582234984,33.7
176.82642629148881,33.7
177.75070043160196,33.7
178.67980576524164,33.7
179.61376754512278,33.7
180.55261115595593,33.7
181.49636211513797,33.7
182.44504607344558,33.7
183.39868881573247,33.7
184.35731626163007,33.8
185.3209544662519,33.9
186.28962962090262,33.9
187.26336805378796,33.9
188.24219623073301,33.9
189.2261407558986,33.9
190.21522837250714,33.9
191.20948596356752,33.9
192.20894055260666,33.8
193.21361930440384,33.7
194.22354952572874,33.7
195.2387586660848,33.7
196.25927431845295,33.7
197.28512422004457,33.7
198.31633625305224,33.7
199.35293844541056,33.7
200.39495897155572,33.7
201.4424261531923,33.7
202.4953684600627,33.7
203.55381451072122,33.7
204.6177930733116,33.7
205.6873330663489,33.7
206.76246355950653,33.7
207.84321377440395,33.7
208.92961308540407,33.7
210.02169102040844,33.7
211.11947726166272,33.7
212.22300164656127,33.7
213.33229416845913,33.7
214.447384977487,33.7
215.5683043813707,33.7
216.69508284625502,33.7
217.8277509975314,33.7
218.9663396206716,33.7
220.1108796620618,33.7
221.26140222984722,33.7
222.41793859477394,33.7
223.5805201910423,33.7
224.74917861715863,33.7
225.9239456367954,33.7
227.10485317965416,33.7
228.29193334233327,33.7
229.48521838920135,33.7
230.68474075327168,33.6
231.89053303708724,33.6
233.102628013603,33.5
234.32105862708036,33.5
235.5458579939798,33.5
236.77705940386227,33.5
238.0146963202937,33.5
239.25880238175446,33.5
240.50941140255387,33.5
241.76655737374873,33.5
243.03027446406858,33.5
244.30059702084168,33.5
245.57755957093218,33.5
246.86119682167464,33.5
248.1515436618211,33.5
249.44863516248657,33.5
250.75250657810346,33.5
252.0631933473797,33.5
253.3807310942614,33.5
254.7051556289027,33.5
256.03650294863604,33.5
257.3748092389545,33.5
258.72011087449107,33.5
260.0724444200114,33.5
261.4318466314045,33.5
262.79835445668317,33.5
264.17200503698814,33.5
265.5528357075972,33.5
266.94088399894025,33.4
268.336187637619,33.4
269.7387845474336,33.3
271.1487128504106,33.3
272.56601086784315,33.3
273.9907171213279,33.3
275.4228703338166,33.3
276.86250943066517,33.3
278.30967354069315,33.3
279.764401997247,33.3
281.2267343392687,33.3
282.6967103123723,33.3
284.1743698699204,33.3
285.65975317411466,33.3
287.152900597083,33.3
288.6538527219809,33.3
290.16265034409145,33.3
291.67933447193553,33.3
293.203946328386,33.3
294.7365273517884,33.2
296.27711919708696,33.2
297.8257637369567,33.2
299.38250306294265,33.2
300.947379486601,33.2
302.52043554065347,33.2
304.1017139801383,33.2
305.69125778357716,33.2
307.2891101541398,33.2
308.8953145208197,33.2
310.5099145396145,33.2
312.1329540947119,33.2
313.76447729968413,33.2
315.40452849868336,33.1
317.0531522676519,33.1
318.71039341552853,33.0
320.3762969854716,33.0
322.05090825607795,33.0
323.7342727426186,33.0
325.4264361982722,33.0
327.1274446153702,33.0
328.83734422664674,33.0
330.55618150649445,33.0
332.28400317222986,33.0
334.02085618535915,33.0
335.76678775285944,33.0
337.52184532845695,33.0
339.28607661392135,33.0
341.0595295603587,32.9
342.84225236951676,32.8
344.63429349509414,32.8
346.4357016440579,32.8
348.24652577796684,32.8
350.06681511430224,32.8
351.8966191278073,32.7
353.7359875518278,32.6
355.5849703796693,32.5
357.44361786595016,32.5
359.3119805279728,32.5
361.1901091470929,32.5
363.0780547701014,32.5
364.9758687106112,32.5
366.8836025504522,32.5
368.80130814107446,32.5
370.72903760495365,32.4
372.66684333701346,32.3
374.6147780060434,32.3
376.57289455613636,32.3
378.54124620812286,32.3
380.5198864610201,32.3
382.50886909348526,32.2
384.5082481652772,32.1
386.51807801872604,32.1
388.53841328020957,32.1
390.56930886163985,32.1
392.6108199619517,32.1
394.6630020686084,32.0
396.7259109591041,32.0
398.7996027024853,32.0
400.8841336608706,32.0
402.9795604909844,32.0
405.0859401456969,32.0
407.20332987557106,31.9
409.331787230421,31.8
411.4713700608718,31.8
413.6221365199375,31.8
415.78414506459575,31.7
417.95745445738237,31.6
420.1421237679842,31.6
422.33821237484636,31.6
424.5457799667861,31.6
426.76488654461485,31.6
428.9955924227691,31.5
431.23795823094935,31.4
433.49204491576995,31.3
435.7579137424112,31.3
438.0356262962907,31.3
440.3252444847303,31.3
442.62683053864555,31.2
444.9404470142319,31.1
447.2661567946673,31.0
449.60402309182115,31.0
451.9541094479714,30.9
454.3164797375345,30.9
456.6911981687959,30.9
459.0783292856624,30.9
461.4779379694089,30.9
463.89008944044906,30.8
466.31484926010245,30.8
468.7522833323791,30.8
471.20245790577025,30.7
473.6654395750488,30.6
476.14129528307956,30.6
478.630092322638,30.6
481.1318983382419,30.6
483.6467813279844,30.6
486.1748096453894,30.5
488.7160520012619,30.4
491.27057746556244,30.3
493.8384554692794,30.2
496.4197558063182,30.1
499.01454863539806,30.1
501.6229044819588,30.1
504.24489424007766,30.0
506.88058917439554,30.0
509.53006092205686,29.9
512.1933814946506,29.8
514.8706232801756,29.8
517.5618590449992,29.7
520.2671619358439,29.7
522.9866054817683,29.6
525.7202635961694,29.6
528.4682105787901,29.5
531.230521117739,29.5
534.0072702915224,29.4
536.7985335710792,29.4
539.6043868218401,29.3
542.4249063057814,29.2
545.2601686835053,29.2
548.1102510163182,29.2
550.9752307683272,29.2
553.8551858085453,29.2
556.7501944130083,29.1
559.6603352669016,29.0
562.5856874666987,28.9
565.5263305223134,28.8
568.4823443592555,28.7
571.4538093208106,28.7
574.4408061702153,28.6
577.4434160928608,28.5
580.4617206984933,28.3
583.4958020234345,28.3
586.5457425328113,28.3
589.6116251227962,28.3
592.6935331228639,28.3
595.7915502980484,28.2
598.9057608512304,28.2
602.0362494254149,28.1
605.1831011060411,28.1
608.3464014232891,28.0
611.5262363544065,28.0
614.7226923260454,28.0
617.9358562166111,28.0
621.1658153586235,28.0
624.4126575410903,27.9
627.6764710118958,27.9
630.957344480193,27.8
634.2553671188238,27.7
637.5706285667327,27.6
640.9032189314127,27.5
644.2532287913472,27.5
647.6207491984753,27.5
651.0058716806659,27.5
654.4086882442045,27.4
657.8292913762976,27.4
661.2677740475787,27.3
664.7242297146454,27.3
668.1987523225889,27.3
671.6914363075575,27.3
675.2023765993158,27.3
678.7316686238282,27.3
682.2794083058518,27.3
685.8456920715438,27.2
689.4306168510824,27.1
693.0342800813003,27.1
696.6567797083366,27.1
700.2982141902914,27.0
703.9586824999124,27.0
707.6382841272731,27.0
711.3371190824884,27.0
715.0552878984242,27.0
718.7928916334344,27.0
722.5500318741055,27.0
726.3268107380181,27.0
730.123330876526,26.9
733.9396954775374,26.8
737.7760082683312,26.8
741.6323735183645,26.8
745.508896042117,26.8
749.4056812019327,26.7
753.3228349108862,26.6
757.2604636356614,26.6
761.2186743994453,26.6
765.1975747848361,26.6
769.1972729367671,26.6
773.2178775654501,26.6
777.2594979493206,26.6
781.3222439380205,26.6
785.406225955371,26.6
789.5115550023859,26.6
793.6383426602791,26.5
797.7867010935024,26.4
801.9567430527921,26.3
806.1485818782347,26.3
810.3623315023465,26.3
814.59810645317,26.3
818.8560218573906,26.2
823.1361934434566,26.1
827.4387375447371,26.1
831.7637711026708,26.1
836.1114116699566,26.0
840.4817774137397,25.9
844.8749871188272,25.9
849.2911601909162,25.9
853.7304166598383,25.9
858.1928771828257,25.9
862.6786630477819,25.8
867.1878961765907,25.8
871.7206991284164,25.8
876.2771951030477,25.8
880.8575079442367,25.8
885.4617621430697,25.8
890.0900828413493,25.8
894.742595834996,25.8
899.4194275774676,25.8
904.1207051831946,25.8
908.8465564310401,25.7
913.5971097677627,25.6
918.3724943115215,25.6
923.1728398553701,25.6
927.998276870799,25.6
932.8489365112713,25.6
937.7249506157918,25.6
942.6264517124897,25.6
947.5535730222193,25.6
952.5064484621864,25.6
957.4852126495767,25.6
962.4900009052299,25.6
967.5209492573013,25.6
972.5781944449744,25.6
977.6618739221665,25.6
982.772125861269,25.6
987.9090891569025,25.6
993.0729034296917,25.6
998.26370903006,25.6
1003.4816470420445,25.6
1008.7268592871307,25.6
1013.9994883281055,25.6
1019.2996774729368,25.6
1024.627570778662,25.7
1029.9833130553077,25.8
1035.3670498698243,25.8
1040.778927550043,25.8
1046.219093188652,25.8
1051.687694647196,25.8
1057.1848805600926,25.8
1062.7108003386745,25.8
1068.2656041752484,25.8
1073.849443047181,25.8
1079.4624687209969,25.8
1085.104833756507,25.7
1090.7766915109553,25.6
1096.4781961431852,25.5
1102.2095026178308,25.5
1107.9707667095288,25.4
1113.7621450071517,25.4
1119.5837949180645,25.3
1125.4358746724013,25.2
1131.3185433273702,25.0
1137.231960771571,25.0
1143.1762877293438,24.9
1149.1516857651375,24.9
1155.1583172879002,24.9
1161.1963455554942,24.9
1167.2659346791324,24.9
1173.3672496278396,24.9
1179.5004562329357,24.9
1185.6657211925422,24.9
1191.8632120761172,24.9
1198.0930973290035,24.9
1204.355546277011,24.9
1210.650729131018,24.9
1216.9788169915967,24.8
1223.3399818536654,24.7
1229.7343966111616,24.7
1236.162235061742,24.8
1242.6236719115057,24.8
1249.1188827797416,24.9
1255.6480442037073,24.9
1262.2113336434193,24.9
1268.8089294864806,24.9
1275.4410110529293,24.9
1282.1077586001115,24.9
1288.8093533275808,24.9
1295.5459773820237,24.9
1302.3178138622095,24.9
1309.1250468239675,24.9
1315.967861285188,24.9
1322.8464432308563,24.9
1329.7609796180998,24.9
1336.7116583812742,24.9
1343.6986684370715,24.9
1350.7221996896535,25.0
1357.782443035813,25.1
1364.879590370164,25.1
1372.0138345903551,25.1
1379.1853696023147,25.1
1386.3943903255179,25.1
1393.6410926982915,25.1
1400.9256736831292,25.1
1408.248331272053,25.3
1415.6092644919916,25.4
1423.0086734101894,25.4
1430.4467591396458,25.4
1437.9237238445805,25.4
1445.439770745928,25.4
1452.9951041268616,25.4
1460.589929338344,25.4
1468.224452804715,25.4
1475.898882029292,25.5
1483.6134256000173,25.5
1491.3682931951248,25.6
1499.1636955888393,25.6
1506.999844657106,25.6
1514.8769533833477,25.6
1522.7952358642551,25.6
1530.754907315605,25.6
1538.7561840781082,25.6
1546.799283623296,25.6
1554.8844245594228,25.6
1563.0118266374113,25.6
1571.181710756826,25.6
1579.3942989718767,25.6
1587.649814497453,25.7
1595.9484817151922,25.8
1604.2905261795772,25.8
1612.6761746240677,25.8
1621.1056549672617,25.8
1629.5791963190893,25.8
1638.097028987047,25.7
1646.6593844824454,25.6
1655.266495526711,25.6
1663.9185960577072,25.6
1672.6159212360947,25.6
1681.3587074517213,25.5
1690.1471923300487,25.4
1698.9816147386093,25.4
1707.8622147934998,25.4
1716.789233865905,25.4
1725.7629145886658,25.4
1734.7835008628629,25.3
1743.8512378644525,25.2
1752.9663720509295,25.0
1762.1291511680254,25.0
1771.3398242564415,24.9
1780.598641658619,24.9
1789.9058550255418,24.8
1799.2617173235774,24.7
1808.6664828413498,24.6
1818.1204071966588,24.5
1827.6237473434162,24.5
1837.1767615786375,24.4
1846.7797095494598,24.3
1856.4328522602,24.2
1866.1364520794475,24.1
1875.8907727471963,24.0
1885.6960793820124,23.9
1895.552638488241,23.8
1905.4607179632462,23.7
1915.4205871047022,23.5
1925.4325166178992,23.4
1935.4967786231095,23.3
1945.6136466629825,23.3
1955.783395709978,23.2
1966.006302173841,23.2
1976.282643909114,23.1
1986.6127002226892,23.1
1996.996751881399,23.0
2007.4350811196462,22.9
2017.927971647083,22.9
2028.4757086563097,22.8
2039.078578830634,22.8
2049.736870351861,22.8
2060.4508729081267,22.8
2071.22087770177,22.7
2082.0471774572497,22.7
2092.9300664290977,22.6
2103.8698404099196,22.5
2114.8667967384304,22.4
2125.9212343075446,22.3
2137.0334535724887,22.3
2148.2037565589744,22.3
2159.4324468714053,22.3
2170.71982970113,22.3
2182.0662118347364,22.2
2193.4719016623894,22.1
2204.937209186215,21.9
2216.4624460287228,21.9
2228.0479254412767,21.8
2239.6939623126154,21.8
2251.4008731773993,21.7
2263.168976224821,21.6
2274.9985913072546,21.4
2286.890039948944,21.3
2298.843645354747,21.2
2310.8597324189163,21.1
2322.9386277339318,21.0
2335.0806595993763,20.9
2347.2861580308577,20.7
2359.5554547689862,20.6
2371.8888832883777,20.5
2384.2867788067265,20.4
2396.7494782939148,20.3
2409.2773204811715,20.1
2421.8706458702773,19.8
2434.5297967428205,19.6
2447.2551171695004,19.5
2460.0469530194778,19.4
2472.905651969775,19.2
2485.8315635147337,19.0
2498.825038975499,18.8
2511.88643150958,18.6
2525.0160961204438,18.5
2538.2143896671673,18.3
2551.481670874133,18.2
2564.8183003407817,18.1
2578.224640551411,18.1
2591.7010558850307,18.0
2605.247912625263,17.9
2618.8655789702975,17.9
2632.5544250429093,17.8
2646.314822900502,17.8
2660.14714654523,17.7
2674.051771934164,17.6
2688.029076989506,17.5
2702.079441608862,17.5
2716.20324767557,17.5
2730.400879069075,17.5
2744.6727216753675,17.5
2759.0191633974646,17.5
2773.440594165967,17.4
2787.9374059496395,17.4
2802.509992766076,17.3
2817.1587506924047,17.3
2831.8840778760564,17.2
2846.686374545581,17.1
2861.5660430215316,16.9
2876.5234877273942,16.8
2891.5591152005823,16.7
2906.6733341034837,16.6
2921.8665552345788,16.6
2937.139191539587,16.5
2952.4916581227058,16.4
2967.9243722578863,16.3
2983.4377534001765,16.2
2999.0322231971227,16.1
3014.7082055002275,16.1
3030.466126376471,16.1
3046.306414119893,16.1
3062.229499263226,16.1
3078.2358145896155,16.1
3094.325795144359,16.1
3110.4998782467446,16.1
3126.7585035019356,16.1
3143.1021128129173,16.1
3159.5311503925072,16.1
3176.0460627754296,16.1
3192.6472988304513,16.1
3209.335309772584,16.1
3226.1105491753406,16.2
3242.973472983081,16.2
3259.924539523382,16.3
3276.9642095195077,16.4
3294.0929461029286,16.5
3311.311214825911,16.6
3328.6194836741684,16.7
3346.018223079582,16.8
3363.507905932988,17.0
3381.089007597027,17.1
3398.762005919066,17.2
3416.527381244194,17.3
3434.385616428264,17.4
3452.337196851022,17.4
3470.382610429304,17.6
3488.5223476302926,17.7
3506.7569014848486,17.8
3525.0867676009134,17.9
3543.512444176976,18.0
3562.034432015617,18.0
3580.6532345371147,17.9
3599.369357793143,17.8
3618.1833104805046,17.7
3637.095603954969,17.7
3656.1067522451726,17.6
3675.2172720665826,17.5
3694.4276828355482,17.4
3713.738506683413,17.3
3733.1502684707093,17.1
3752.6634958014215,17.0
3772.2787190373247,17.0
3791.9964713124127,17.0
3811.817288547367,16.9
3831.7417094641373,16.8
3851.7702756005806,16.8
3871.9035313251793,16.8
3892.1420238518376,16.8
3912.4863032547537,16.8
3932.936922483372,16.8
3953.4944373774106,16.8
3974.1594066819653,16.8
3994.9323920627126,16.7
4015.8139581211503,16.5
4036.8046724099613,16.3
4057.9051054484326,16.3
4079.115830737964,16.3
4100.437424777656,16.3
4121.870467079975,16.2
4143.41554018651,16.1
4165.0732296838005,15.9
4186.844124219257,15.8
4208.728815517151,15.7
4230.72789839472,15.6
4252.841970778305,15.5
4275.071633719623,15.4
4297.417491412092,15.3
4319.880151207261,15.2
4342.460223631314,15.2
4365.158322401661,15.1
4387.975064443623,15.0
4410.911069907196,14.9
4433.9669621839075,14.9
4457.1433679237725,14.9
4480.4409170523,14.9
4503.860242787635,14.9
4527.40198165776,14.8
4551.0667735177985,14.7
4574.855261567406,14.6
4598.768092368251,14.5
4622.80591586159,14.4
4646.969385385929,14.3
4671.25915769478,14.2
4695.675892974527,14.0
4720.220254862348,13.8
4744.892910464259,13.6
4769.694530373255,13.5
4794.625788687525,13.4
4819.68736302878,13.3
4844.87993456067,13.2
4870.204188007296,13.0
4895.660811671819,12.9
4921.250497455168,12.8
4946.973940874864,12.6
4972.8318410838865,12.5
4998.824900889706,12.3
5024.953826773381,12.1
5051.219328908747,12.0
5077.622121181736,11.9
5104.162921209768,11.8
5130.842450361258,11.7
5157.661433775227,11.6
5184.620600380999,11.5
5211.720682918039,11.4
5238.962417955835,11.4
5266.346545913939,11.4
5293.873811082085,11.6
5321.544961640422,11.7
5349.360749679845,11.8
5377.321931222439,11.8
5405.429266242027,11.8
5433.683518684824,11.8
5462.085456490198,11.8
5490.635851611563,11.8
5519.335480037329,11.7
5548.185121812011,11.6
5577.185561057427,11.5
5606.337585994012,11.4
5635.641988962242,11.4
5665.0995664441625,11.6
5694.7111190850455,11.8
5724.477451715144,11.9
5754.399373371566,12.0
5784.477697320285,12.3
5814.713241078208,12.7
5845.10682643542,13.0
5875.659279477514,13.3
5906.371430608045,13.5
5937.244114571097,13.8
5968.278170473975,14.2
5999.4744418100045,14.8
6030.833776481469,15.3
6062.357026822636,15.5
6094.045049622959,15.6
6125.898706150321,15.8
6157.918862174471,16.0
6190.106387990547,16.3
6222.462158442733,16.7
6254.987052948034,16.8
6287.681955520183,16.9
6320.547754793659,17.1
6353.585344047851,17.2
6386.795621231329,17.3
6420.179488986247,17.5
6453.7378546729,17.6
6487.471630394349,17.8
6521.381733021235,17.9
6555.469084216698,18.0
6589.734610461422,18.1
6624.179243078815,18.1
6658.80391826033,18.2
6693.609577090902,18.2
6728.597165574533,18.3
6763.767634659991,18.3
6799.1219402666875,18.3
6834.661043310619,18.3
6870.385909730507,18.2
6906.297510514049,18.2
6942.39682172431,18.1
6978.684824526248,18.0
7015.162505213385,17.8
7051.830855234612,17.7
7088.690871221135,17.7
7125.7435550135615,17.6
7162.989913689153,17.5
7200.430959589155,17.4
7238.067710346342,17.3
7275.901188912673,17.3
7313.932423587085,17.3
7352.162448043451,17.5
7390.59230135867,17.6
7429.22302804091,17.7
7468.055678057999,17.9
7507.091306865953,18.0
7546.330975437692,18.1
7585.775750291836,18.2
7625.426703521717,18.4
7665.284912824515,18.5
7705.351461530549,18.7
7745.627438632719,18.8
7786.113938816104,18.9
7826.81206248772,18.9
7867.722915806424,18.9
7908.847610712972,18.8
7950.187264960275,18.8
7991.743002143727,18.7
8033.515951731782,18.6
8075.507249096639,18.3
8117.718035545101,18.0
8160.149458349601,18.3
8202.80267077938,18.7
8245.67883213183,19.0
8288.77910776401,19.3
8332.104669124305,19.5
8375.656693784302,19.6
8419.436365470749,20.0
8463.444874097753,20.4
8507.683415799123,20.5
8552.153192960874,20.6
8596.855414253905,20.7
8641.791294666864,20.9
8686.962055539152,21.3
8732.36892459413,21.7
8778.01313597248,22.0
8823.895930265779,22.2
8870.018554550163,22.4
8916.382262420266,22.9
8962.988314023276,23.4
9009.83797609319,23.7
9056.932521985234,23.9
9104.273231710486,24.2
9151.861391970657,24.5
9199.698296193066,24.9
9247.785244565785,25.3
9296.12354407301,25.4
9344.714508530542,25.5
9393.559458621517,25.6
9442.659721932305,25.6
9492.016632988581,25.6
9541.631533291613,25.6
9591.505771354708,25.5
9641.64070273987,25.4
9692.037690094652,25.2
9742.698103189163,25.0
9793.623318953358,24.2
9844.814721514387,23.4
9896.27370223427,23.2
9948.001659747684,23.0
10000.0,22.8
10052.270136285486,22.6
10104.813489285681,22.4
10157.6314871081,22.0
10210.725565324987,21.6
10264.09716701231,21.3
10317.747742788988,21.0
10371.678750856474,20.8
10425.891657038128,20.6
10480.387934819217,20.1
10535.16906538697,19.4
10590.236537670813,18.9
10645.591848382772,18.6
10701.236502058211,18.4
10757.172011096769,18.2
10813.399895803414,17.4
10869.921684429703,16.5
10926.73891321545,16.0
10983.85312643042,15.7
11041.265876416248,15.3
11098.978723628681,14.9
11156.993236680037,13.9
11215.310992381786,12.7
11273.933575787378,11.9
11332.862580235347,11.2
11392.099607392682,10.8
11451.646267298307,10.5
11511.504178406769,10.1
11571.674967632372,9.2
11632.16027039332,8.5
11692.961730656129,8.4
11754.08100098034,8.3
11815.519742563505,8.3
11877.27962528627,8.8
11939.362327757724,9.3
12001.76953736107,9.5
12064.50295029953,9.6
12127.56427164241,9.6
12190.95521537136,9.7
12254.677504427105,9.9
12318.732870756214,10.1
12383.123055358106,10.2
12447.849808332432,10.4
12512.914888926687,10.8
12578.320065583976,11.1
12644.067115991029,11.4
12710.157827126544,11.7
12776.593995309939,12.1
12843.377426249857,12.4
12910.50993509343,12.9
12977.99334647565,13.3
13045.829494568892,13.4
13114.020223132724,13.6
13182.567385564074,13.7
13251.472844947652,13.9
13320.738474106534,14.2
13390.366155652993,14.4
13460.35778203982,14.6
13530.715255611682,14.8
13601.440488656775,14.9
13672.535403458849,15.1
13744.001932349513,15.2
13815.842017760702,15.3
13888.057612277411,15.4
13960.650678690825,15.5
14033.62319005172,15.6
14106.977129724035,15.5
14180.714491438697,15.4
14254.837279347976,15.4
14329.347508079869,15.4
14404.247202792812,15.4
14479.538399230763,15.4
14555.223143778607,15.4
14631.303493517702,15.4
14707.78151628175,15.5
14784.65929071304,15.6
14861.938906319014,15.6
14939.622463529,15.6
15017.712073751207,15.5
15096.209859430292,15.4
15175.117954104964,15.3
15254.438502465904,15.1
15334.173660414117,14.8
15414.325595119602,14.6
15494.896485080177,14.4
15575.88852018064,13.6
15657.303901752315,12.6
15739.1448426331,12.0
15821.413567227246,11.3
15904.112311566014,11.0
15987.243323368504,10.9
16070.808862102673,10.9
16154.811199046684,11.1
16239.252617350698,11.4
16324.135412099,11.6
16409.461890372313,11.8
16495.23437131044,12.0
16581.455186175313,12.1
16668.12667841462,12.0
16755.251203725067,11.9
