10.0,0.8
10.052270136285475,0.8
10.104813489285682,0.8
10.157631487108103,0.8
10.210725565324982,0.8
10.264097167012295,0.9
10.317747742789004,1.0
10.371678750856479,1.1
10.425891657038118,1.1
10.480387934819216,1.1
10.535169065386981,1.1
10.590236537670812,1.2
10.64559184838276,1.3
10.701236502058206,1.4
10.757172011096776,1.5
10.813399895803409,1.5
10.869921684429707,1.5
10.926738913215466,1.5
10.98385312643042,1.6
11.041265876416237,1.7
11.098978723628681,1.8
11.156993236680048,1.9
11.215310992381788,1.9
11.27393357578736,2.0
11.332862580235341,2.1
11.392099607392687,2.1
11.451646267298301,2.2
11.511504178406776,2.2
11.571674967632385,2.3
11.632160270393321,2.3
11.692961730656117,2.4
11.75408100098034,2.4
11.815519742563518,2.5
11.87727962528627,2.6
11.939362327757706,2.7
12.001769537361062,2.8
12.064502950299536,2.9
12.127564271642404,3.0
12.190955215371359,3.1
12.254677504427118,3.1
12.318732870756214,3.2
12.383123055358094,3.3
12.447849808332432,3.3
12.5129148889267,3.4
12.578320065583968,3.5
12.644067115991009,3.5
12.710157827126565,3.6
12.776593995309947,3.6
12.843377426249843,3.7
12.910509935093431,3.7
12.977993346475664,3.8
13.045829494568892,3.9
13.11402022313271,4.0
13.182567385564074,4.0
13.251472844947658,4.1
13.320738474106527,4.2
13.390366155653,4.3
13.460357782039841,4.4
13.530715255611682,4.4
13.601440488656761,4.5
13.672535403458848,4.5
13.744001932349526,4.6
13.815842017760701,4.6
13.888057612277397,4.7
13.960650678690818,4.7
14.033623190051728,4.8
14.10697712972403,4.8
14.180714491438705,4.9
14.25483727934799,5.1
14.32934750807987,5.3
14.404247202792797,5.5
14.479538399230764,5.6
14.55522314377862,5.6
14.631303493517702,5.7
14.707781516281727,5.7
14.784659290713032,5.8
14.861938906319022,5.8
14.939622463528993,5.9
15.017712073751214,6.0
15.096209859430308,6.0
15.175117954104964,6.0
15.254438502465888,6.1
15.334173660414118,6.1
15.414325595119617,6.2
15.494896485080169,6.3
15.575888520180618,6.4
15.65730390175234,6.4
15.73914484263311,6.5
15.821413567227237,6.6
15.904112311566013,6.7
15.98724332336852,6.8
16.070808862102673,6.9
16.154811199046666,6.9
16.239252617350697,7.0
16.324135412099007,7.1
16.409461890372306,7.2
16.495234371310413,7.2
16.58145518617534,7.3
16.668126678414627,7.3
16.755251203725052,7.4
16.84283113011666,7.4
16.930868837977105,7.5
17.01936672013636,7.6
17.108327181931763,7.6
17.197752641273365,7.7
17.28764552870969,7.8
17.378008287493753,7.9
17.4688433736495,8.0
17.560153256038525,8.1
17.651940416427212,8.2
17.744207349554188,8.2
17.836956563198083,8.3
17.93019057824573,8.3
18.023911928760675,8.4
18.118123162052047,8.6
18.21282683874379,8.7
18.30802553284428,8.7
18.403721831816252,8.8
18.499918336647156,8.8
18.59661766191982,8.9
18.69382243588356,9.1
18.791535300525574,9.2
18.889758911642755,9.2
18.98849593891389,9.3
19.08774906597221,9.3
19.187520990478333,9.4
19.287814424193606,9.4
19.388632093053765,9.5
19.48997673724305,9.6
19.591851111268685,9.6
19.69425798403576,9.6
19.79720013892245,9.7
19.90068037385568,9.7
20.004701501387192,9.9
20.109266348769967,10.0
20.214377758035074,10.1
20.320038586068932,10.1
20.426251704690927,10.2
20.533020000731486,10.2
20.64034637611054,10.3
20.748233747916412,10.4
20.856685048485062,10.5
20.965703225479817,10.6
21.075291241971485,10.7
21.185452076518878,10.7
21.296188723249774,10.8
21.407504191942323,10.9
21.519401508106792,10.9
21.631883713067854,11.0
21.744953864047204,11.1
21.858615034246718,11.2
21.972870312931903,11.3
22.087722805515906,11.4
22.203175633643916,11.4
22.319231935278008,11.5
22.435894864782412,11.6
22.553167593009288,11.7
22.671053307384867,11.8
22.789555211996095,11.9
22.908676527677724,12.0
23.028420492099883,12.1
23.148790359856015,12.1
23.26978940255137,12.2
23.391420908891938,12.2
23.51368818477381,12.3
23.63659455337303,12.3
23.760143355235964,12.3
23.884337948370025,12.4
24.009181708334992,12.4
24.134678028334722,12.5
24.260830319309434,12.7
24.387642010028344,12.9
24.515116547182902,13.1
24.64325739548046,13.2
24.772068037738443,13.2
24.901551974979007,13.3
25.031712726524198,13.3
25.162553830091625,13.4
25.294078841890578,13.4
25.426291336718684,13.5
25.559194908059133,13.5
25.692793168178262,13.6
25.827089748223784,13.6
25.96208829832347,13.7
26.097792487684362,13.8
26.234206004692496,13.9
26.371332557013133,14.0
26.5091758716916,14.0
26.647739695254497,14.1
26.787027793811582,14.2
26.9270439531581,14.2
27.06779197887776,14.3
27.209275696446046,14.4
27.351498951334275,14.5
27.494465609114105,14.5
27.638179555562576,14.6
27.782644696767733,14.6
27.92786495923483,14.7
28.07384428999299,14.8
28.220586656702505,14.9
28.368096047762684,15.0
28.516376472420284,15.1
28.66543196087842,15.2
28.815266564406134,15.3
28.965884355448516,15.4
29.11728942773738,15.5
29.26948589640251,15.6
29.42247789808359,15.7
29.57626959104251,15.7
29.730865155276486,15.8
29.88626879263161,15.9
30.04248472691713,15.9
30.19951720402016,16.0
30.357370492021133,16.0
30.516048881309793,16.1
30.675556684701824,16.2
30.835898237556027,16.3
30.99707789789224,16.4
31.15910004650967,16.5
31.321969087106055,16.6
31.485689446397288,16.7
31.650265574237824,16.8
31.815701943741516,16.9
31.98200305140326,17.0
32.14917341722119,17.1
32.31721758481955,17.1
32.486140121572134,17.2
32.655945618726484,17.2
32.82663869152868,17.3
32.99822397934869,17.3
33.170706145806605,17.3
33.34408987889928,17.4
33.51837989112781,17.4
33.69358091962557,17.5
33.86969772628702,17.7
34.04673509789711,17.9
34.224697846261364,18.1
34.40359080833668,18.2
34.58341884636283,18.2
34.764186847994516,18.3
34.94589972643436,18.3
35.12856242056629,18.4
35.312179895089876,18.4
35.496757140655234,18.5
35.68229917399868,18.5
35.86881103807908,18.6
36.05629780221492,18.6
36.24476456222205,18.7
36.434216440552284,18.8
36.6246585864325,18.9
36.81609617600466,19.0
37.00853441246656,19.0
37.2019785262131,19.1
37.39643377497855,19.2
37.591905443979435,19.4
37.788398846058186,19.5
37.985919321827524,19.6
38.184472239815605,19.6
38.384062996612016,19.7
38.584697017014335,19.7
38.786379754175634,19.8
38.98911668975273,19.8
39.1929133340551,19.9
39.39777522619469,20.0
39.60370793423646,20.0
39.810717055349734,20.1
40.0188082159603,20.2
40.227987071903335,20.3
40.43825930857721,20.4
40.64963064109788,20.5
40.8621068144543,20.6
41.075693603664625,20.7
41.29039681393302,20.7
41.506222280807584,20.8
41.72317587033889,20.9
41.94126347923944,21.0
42.16049103504393,21.1
42.38086449627034,21.2
42.60238985258197,21.2
42.825073124950116,21.3
43.04892036581776,21.4
43.27393765926414,21.4
43.500131121170035,21.5
43.727506899384,21.6
43.956071173889484,21.7
44.18583015697281,21.8
44.416790093392,21.9
44.648957260546474,22.0
44.88233796864779,22.1
45.116938560890986,22.1
45.35276541362708,22.2
45.58982493653644,22.2
45.82812357280281,22.3
46.067667799288614,22.3
46.308464126710895,22.3
46.55051909981832,22.4
46.793839297569036,22.4
47.03843133330949,22.5
47.28430185495417,22.6
47.531457545166376,22.7
47.77990512153967,22.8
48.02965133678067,22.8
48.28070297889241,22.9
48.53306687135893,23.0
48.78674987333074,23.0
49.041758879811184,23.2
49.298100821843896,23.3
49.55578266670119,23.4
49.81481141807335,23.4
50.07519411625915,23.4
50.336937838356974,23.5
50.60004969845742,23.5
50.86453684783644,23.6
51.13040647514984,23.7
51.39766580662862,23.7
51.66632210627541,23.8
51.93638267606184,23.8
52.20785485612707,23.9
52.48074602497726,24.0
52.75506359968615,24.1
53.030815036096584,24.2
53.308007829023246,24.2
53.58664951245627,24.2
53.866747659766084,24.2
54.148309883909214,24.3
54.431343837635225,24.3
54.7158572136947,24.4
55.00185774504835,24.5
55.28935320507712,24.5
55.57835140779364,24.6
55.86886020805435,24.7
56.160887501773274,24.8
56.45444122613637,24.9
56.74952935981742,25.0
57.04615992319485,25.0
57.34434097856969,25.1
57.64408063038476,25.2
57.94538702544487,25.3
58.24826835313831,25.4
58.552732845659456,25.5
58.85878877823242,25.6
59.166444469336014,25.7
59.475708280929936,25.7
59.786588618681876,25.8
60.0990939321961,25.9
60.41323271524305,26.0
60.72901350599024,26.0
61.046444887234294,26.0
61.365535486634215,26.0
61.686293976945976,26.0
62.008729076258064,26.1
62.332849548228545,26.1
62.658664202323344,26.1
62.98618189405547,26.1
63.315411525225876,26.1
63.64636204416533,26.2
63.979042445977655,26.3
64.31346177278421,26.3
64.64962911396958,26.3
64.98755360642885,26.3
65.32724443481563,26.3
65.66871083179183,26.3
66.01196207827876,26.3
66.35700750370908,26.3
66.7038564862806,26.3
67.05251845321108,26.3
67.40300288099445,26.3
67.75531929565844,26.3
68.1094772730234,26.3
68.46548643896274,26.3
68.82335646966433,26.3
69.18309709189363,26.3
69.54471808325809,26.3
69.90822927247277,26.3
70.27364053962762,26.3
70.6409618164559,26.3
71.01020308660422,26.3
71.38137438590384,26.3
71.75448580264342,26.3
72.12954747784322,26.3
72.50656960553087,26.3
72.88556243301818,26.4
73.26653626117992,26.5
73.64950144473359,26.5
74.03446839252094,26.5
74.42144756779092,26.5
74.810449488484,26.5
75.20148472751808,26.5
75.59456391307583,26.7
75.98969772889355,26.8
76.38689691455168,26.8
76.78617226576647,26.9
77.18753463468363,26.9
77.59099493017311,27.0
77.99656411812569,27.1
78.404253221751,27.2
78.8140733218772,27.2
79.226035557252,27.2
79.64015112484554,27.3
80.05643128015467,27.3
80.47488733750892,27.4
80.89553067037787,27.6
81.31837271168051,27.7
81.74342495409579,27.8
82.170698950375,27.9
82.60020631365589,28.0
83.03195871777821,28.1
83.46596789760103,28.1
83.90224564932171,28.2
84.34080383079642,28.2
84.78165436186265,28.2
85.22480922466286,28.3
85.67028046397054,28.3
86.11808018751721,28.4
86.56822056632171,28.4
87.020713835021,28.5
87.47557229220259,28.5
87.93280830073893,28.5
88.39243428812335,28.5
88.85446274680783,28.6
89.31890623454267,28.7
89.78577737471758,28.7
90.25508885670492,28.7
90.72685343620469,28.7
91.20108393559097,28.7
91.67779324426061,28.7
92.15699431898352,28.7
92.63870018425483,28.7
93.12292393264887,28.8
93.60967872517497,28.8
94.09897779163542,28.9
94.5908344309847,28.9
95.0852620116911,28.9
95.58227397210023,28.9
96.08188382079996,28.9
96.5841051369878,28.9
97.08895157083991,28.9
97.59643684388209,28.9
98.10657474936274,28.9
98.61937915262773,28.9
99.13486399149741,28.9
99.65304327664518,28.9
100.17393109197839,29.0
100.69754159502135,29.1
101.22388901729977,29.2
101.75298766472777,29.2
102.28485191799675,29.2
102.81949623296607,29.2
103.35693514105618,29.2
103.89718324964329,29.2
104.44025524245698,29.2
104.98616587997819,29.2
105.53492999984189,29.2
106.08656251723878,29.2
106.64107842532215,29.2
107.19849279561431,29.2
107.75882077841675,29.2
108.32207760322176,29.2
108.88827857912626,29.2
109.45743909524856,29.2
110.02957462114523,29.2
110.60470070723336,29.2
111.18283298521138,29.2
111.76398716848561,29.2
112.3481790525961,29.1
112.93542451564652,29.0
113.5257395187356,29.0
114.11914010639099,28.9
114.71564240700522,28.9
115.3152626332741,28.9
115.91801708263789,28.9
116.52392213772293,28.9
117.13299426678874,28.9
117.74525002417371,28.9
118.36070605074681,28.9
118.97937907435858,28.9
119.60128591029638,28.9
120.22644346174131,28.9
120.85486872022751,28.9
121.4865787661046,28.9
122.12159076900052,28.9
122.75992198829012,28.9
123.40158977356222,28.9
124.04661156509306,28.9
124.69500489431896,28.9
125.34678738431336,28.9
126.00197675026583,28.9
126.6605907999634,28.9
127.3226474342747,28.9
127.98816464763628,28.9
128.6571605285424,28.9
129.32965326003517,28.8
130.00566112020084,28.8
130.68520248266435,28.8
131.36829581709074,28.8
132.05495968968575,28.8
132.74521276370103,28.8
133.43907379994133,28.8
134.1365616572744,28.8
134.83769529314347,28.8
135.54249376408254,28.8
136.25097622623485,28.8
136.96316193587217,28.7
137.67907024992007,28.7
138.39872062648203,28.7
139.1221326253702,28.7
139.84932590863562,28.7
140.58032024110324,28.7
141.31513549090906,28.7
142.05379163003997,28.6
142.7963087348772,28.5
143.5427069867405,28.5
144.29300667243896,28.5
145.04722818481977,28.5
145.80539202332486,28.5
146.56751879454652,28.5
147.333629212788,28.5
148.1037441006266,28.5
148.87788438947953,28.5
149.65607112017267,28.5
150.43832544351253,28.5
151.2246686208618,28.5
152.01512202471548,28.5
152.80970713928414,28.5
153.6084455610754,28.5
154.41135899948313,28.5
155.218469277376,28.5
156.02979833169113,28.5
156.8453682140304,28.5
157.66520109125955,28.5
158.48931924611142,28.5
159.3177450777899,28.4
160.15050110258113,28.3
160.9876099544629,28.3
161.82909438572216,28.3
162.67497726757185,28.3
163.52528159077312,28.2
164.38003046626017,28.1
165.23924712576837,28.0
166.1029549224657,28.0
166.97117733158728,28.0
167.8439379510743,28.0
168.72126050221348,28.0
169.60316883028446,28.0
170.48968690520502,28.0
171.38083882218535,28.0
172.27664880238083,28.0
173.17714119355136,28.0
174.08234047072295,28.0
174.99227123685273,28.0
175.9069582234984,28.1
176.82642629148881,28.1
177.75070043160196,28.0
178.67980576524164,28.0
179.61376754512278,28.0
180.55261115595593,28.0
181.49636211513797,28.0
182.44504607344558,28.0
183.39868881573247,28.0
184.35731626163007,28.0
185.3209544662519,28.0
186.28962962090262,28.0
187.26336805378796,28.0
188.24219623073301,28.0
189.2261407558986,28.0
190.21522837250714,28.0
191.20948596356752,28.0
192.20894055260666,28.0
193.21361930440384,28.0
194.22354952572874,28.0
195.2387586660848,28.0
196.25927431845295,28.0
197.28512422004457,28.0
198.31633625305224,28.0
199.35293844541056,28.0
200.39495897155572,28.0
201.4424261531923,28.0
202.4953684600627,28.0
203.55381451072122,28.0
204.6177930733116,28.0
205.6873330663489,28.0
206.76246355950653,28.0
207.84321377440395,28.0
208.92961308540407,28.0
210.02169102040844,28.0
211.11947726166272,28.0
212.22300164656127,28.0
213.33229416845913,28.0
214.447384977487,28.0
215.5683043813707,27.9
216.69508284625502,27.9
217.8277509975314,27.8
218.9663396206716,27.8
220.1108796620618,27.8
221.26140222984722,27.8
222.41793859477394,27.8
223.5805201910423,27.8
224.74917861715863,27.8
225.9239456367954,27.8
227.10485317965416,27.7
228.29193334233327,27.6
229.48521838920135,27.5
230.68474075327168,27.4
231.89053303708724,27.3
233.102628013603,27.3
234.32105862708036,27.3
235.5458579939798,27.3
236.77705940386227,27.4
238.0146963202937,27.5
239.25880238175446,27.6
240.50941140255387,27.6
241.76655737374873,27.6
243.03027446406858,27.6
244.30059702084168,27.6
245.57755957093218,27.6
246.86119682167464,27.6
248.1515436618211,27.6
249.44863516248657,27.6
250.75250657810346,27.6
252.0631933473797,27.6
253.3807310942614,27.6
254.7051556289027,27.6
256.03650294863604,27.6
257.3748092389545,27.6
258.72011087449107,27.6
260.0724444200114,27.7
261.4318466314045,27.7
262.79835445668317,27.7
264.17200503698814,27.7
265.5528357075972,27.7
266.94088399894025,27.7
268.336187637619,27.7
269.7387845474336,27.7
271.1487128504106,27.7
272.56601086784315,27.6
273.9907171213279,27.6
275.4228703338166,27.5
276.86250943066517,27.5
278.30967354069315,27.5
279.764401997247,27.5
281.2267343392687,27.5
282.6967103123723,27.5
284.1743698699204,27.5
285.65975317411466,27.5
287.152900597083,27.5
288.6538527219809,27.4
290.16265034409145,27.3
291.67933447193553,27.3
293.203946328386,27.3
294.7365273517884,27.3
296.27711919708696,27.3
297.8257637369567,27.3
299.38250306294265,27.3
300.947379486601,27.3
302.52043554065347,27.3
304.1017139801383,27.3
305.69125778357716,27.2
307.2891101541398,27.2
308.8953145208197,27.2
310.5099145396145,27.2
312.1329540947119,27.1
313.76447729968413,27.0
315.40452849868336,27.0
317.0531522676519,26.9
318.71039341552853,26.9
320.3762969854716,26.9
322.05090825607795,26.9
323.7342727426186,26.9
325.4264361982722,26.8
327.1274446153702,26.8
328.83734422664674,26.8
330.55618150649445,26.8
332.28400317222986,26.8
334.02085618535915,26.8
335.76678775285944,26.7
337.52184532845695,26.6
339.28607661392135,26.6
341.0595295603587,26.6
342.84225236951676,26.5
344.63429349509414,26.5
346.4357016440579,26.4
348.24652577796684,26.4
350.06681511430224,26.4
351.8966191278073,26.4
353.7359875518278,26.4
355.5849703796693,26.4
357.44361786595016,26.5
359.3119805279728,26.5
361.1901091470929,26.5
363.0780547701014,26.5
364.9758687106112,26.5
366.8836025504522,26.5
368.80130814107446,26.5
370.72903760495365,26.4
372.66684333701346,26.3
374.6147780060434,26.3
376.57289455613636,26.3
378.54124620812286,26.2
380.5198864610201,26.1
382.50886909348526,26.0
384.5082481652772,25.9
386.51807801872604,25.9
388.53841328020957,25.8
390.56930886163985,25.7
392.6108199619517,25.6
394.6630020686084,25.6
396.7259109591041,25.6
398.7996027024853,25.5
400.8841336608706,25.4
402.9795604909844,25.2
405.0859401456969,25.1
407.20332987557106,25.1
409.331787230421,25.0
411.4713700608718,24.9
413.6221365199375,24.8
415.78414506459575,24.7
417.95745445738237,24.6
420.1421237679842,24.5
422.33821237484636,24.4
424.5457799667861,24.3
426.76488654461485,24.2
428.9955924227691,24.1
431.23795823094935,24.0
433.49204491576995,23.8
435.7579137424112,23.6
438.0356262962907,23.5
440.3252444847303,23.4
442.62683053864555,23.3
444.9404470142319,23.1
447.2661567946673,22.9
449.60402309182115,22.8
451.9541094479714,22.8
454.3164797375345,22.7
456.6911981687959,22.6
459.0783292856624,22.4
461.4779379694089,22.3
463.89008944044906,22.2
466.31484926010245,22.2
468.7522833323791,22.2
471.20245790577025,22.1
473.6654395750488,22.0
476.14129528307956,21.9
478.630092322638,21.9
481.1318983382419,21.8
483.6467813279844,21.8
486.1748096453894,21.8
488.7160520012619,21.7
491.27057746556244,21.6
493.8384554692794,21.5
496.4197558063182,21.5
499.01454863539806,21.5
501.6229044819588,21.5
504.24489424007766,21.5
506.88058917439554,21.5
509.53006092205686,21.5
512.1933814946506,21.5
514.8706232801756,21.7
517.5618590449992,21.8
520.2671619358439,21.8
522.9866054817683,21.8
525.7202635961694,21.8
528.4682105787901,21.8
531.230521117739,21.8
534.0072702915224,21.8
536.7985335710792,21.8
539.6043868218401,21.9
542.4249063057814,22.0
545.2601686835053,22.1
548.1102510163182,22.1
550.9752307683272,22.2
553.8551858085453,22.2
556.7501944130083,22.3
559.6603352669016,22.3
562.5856874666987,22.4
565.5263305223134,22.4
568.4823443592555,22.5
571.4538093208106,22.7
574.4408061702153,22.8
577.4434160928608,22.9
580.4617206984933,23.0
583.4958020234345,23.1
586.5457425328113,23.1
589.6116251227962,23.2
592.6935331228639,23.2
595.7915502980484,23.3
598.9057608512304,23.4
602.0362494254149,23.4
605.1831011060411,23.4
608.3464014232891,23.5
611.5262363544065,23.5
614.7226923260454,23.5
617.9358562166111,23.5
621.1658153586235,23.5
624.4126575410903,23.6
627.6764710118958,23.6
630.957344480193,23.7
634.2553671188238,23.8
637.5706285667327,23.9
640.9032189314127,24.0
644.2532287913472,24.2
647.6207491984753,24.3
651.0058716806659,24.4
654.4086882442045,24.5
657.8292913762976,24.5
661.2677740475787,24.5
664.7242297146454,24.7
668.1987523225889,24.8
671.6914363075575,25.0
675.2023765993158,25.2
678.7316686238282,25.3
682.2794083058518,25.5
685.8456920715438,25.6
689.4306168510824,25.6
693.0342800813003,25.7
696.6567797083366,25.7
700.2982141902914,25.8
703.9586824999124,26.0
707.6382841272731,26.1
711.3371190824884,26.1
715.0552878984242,26.2
718.7928916334344,26.2
722.5500318741055,26.5
726.3268107380181,26.7
730.123330876526,26.8
733.9396954775374,26.9
737.7760082683312,26.9
741.6323735183645,27.0
745.508896042117,27.0
749.4056812019327,26.9
753.3228349108862,26.8
757.2604636356614,26.7
761.2186743994453,26.6
765.1975747848361,26.5
769.1972729367671,26.4
773.2178775654501,26.3
777.2594979493206,26.1
781.3222439380205,26.0
785.406225955371,25.8
789.5115550023859,25.8
793.6383426602791,25.9
797.7867010935024,25.9
801.9567430527921,26.0
806.1485818782347,26.1
810.3623315023465,26.1
814.59810645317,26.2
818.8560218573906,26.3
823.1361934434566,26.4
827.4387375447371,26.5
831.7637711026708,26.6
836.1114116699566,26.7
840.4817774137397,26.9
844.8749871188272,26.9
849.2911601909162,27.0
853.7304166598383,27.0
858.1928771828257,27.1
862.6786630477819,27.1
867.1878961765907,27.1
871.7206991284164,27.2
876.2771951030477,27.2
880.8575079442367,27.3
885.4617621430697,27.3
890.0900828413493,27.4
894.742595834996,27.5
899.4194275774676,27.6
904.1207051831946,27.7
908.8465564310401,27.7
913.5971097677627,27.8
918.3724943115215,27.8
923.1728398553701,27.8
927.998276870799,27.9
932.8489365112713,28.0
937.7249506157918,28.0
942.6264517124897,28.0
947.5535730222193,28.0
952.5064484621864,28.0
957.4852126495767,28.0
962.4900009052299,28.1
967.5209492573013,28.1
972.5781944449744,28.1
977.6618739221665,28.2
982.772125861269,28.3
987.9090891569025,28.4
993.0729034296917,28.4
998.26370903006,28.5
1003.4816470420445,28.5
1008.7268592871307,28.5
1013.9994883281055,28.5
1019.2996774729368,28.5
1024.627570778662,28.5
1029.9833130553077,28.5
1035.3670498698243,28.5
1040.778927550043,28.6
1046.219093188652,28.7
1051.687694647196,28.7
1057.1848805600926,28.7
1062.7108003386745,28.7
1068.2656041752484,28.7
1073.849443047181,28.7
1079.4624687209969,28.7
1085.104833756507,28.7
1090.7766915109553,28.8
1096.4781961431852,28.9
1102.2095026178308,28.9
1107.9707667095288,28.9
1113.7621450071517,28.9
1119.5837949180645,28.9
1125.4358746724013,28.9
1131.3185433273702,28.9
1137.231960771571,28.9
1143.1762877293438,28.9
1149.1516857651375,28.9
1155.1583172879002,28.9
1161.1963455554942,28.8
1167.2659346791324,28.7
1173.3672496278396,28.7
1179.5004562329357,28.7
1185.6657211925422,28.7
1191.8632120761172,28.7
1198.0930973290035,28.6
1204.355546277011,28.6
1210.650729131018,28.5
1216.9788169915967,28.5
1223.3399818536654,28.5
1229.7343966111616,28.5
1236.162235061742,28.5
1242.6236719115057,28.4
1249.1188827797416,28.4
1255.6480442037073,28.3
1262.2113336434193,28.3
1268.8089294864806,28.2
1275.4410110529293,28.1
1282.1077586001115,28.1
1288.8093533275808,28.0
1295.5459773820237,27.9
1302.3178138622095,27.8
1309.1250468239675,27.7
1315.967861285188,27.6
1322.8464432308563,27.6
1329.7609796180998,27.5
1336.7116583812742,27.4
1343.6986684370715,27.4
1350.7221996896535,27.3
1357.782443035813,27.3
1364.879590370164,27.2
1372.0138345903551,27.2
1379.1853696023147,27.1
1386.3943903255179,27.1
1393.6410926982915,27.0
1400.9256736831292,27.0
1408.248331272053,26.9
1415.6092644919916,26.8
1423.0086734101894,26.7
1430.4467591396458,26.6
1437.9237238445805,26.5
1445.439770745928,26.5
1452.9951041268616,26.5
1460.589929338344,26.4
1468.224452804715,26.3
1475.898882029292,26.3
1483.6134256000173,26.3
1491.3682931951248,26.3
1499.1636955888393,26.3
1506.999844657106,26.3
1514.8769533833477,26.3
1522.7952358642551,26.3
1530.754907315605,26.3
1538.7561840781082,26.3
1546.799283623296,26.3
1554.8844245594228,26.3
1563.0118266374113,26.3
1571.181710756826,26.3
1579.3942989718767,26.2
1587.649814497453,26.1
1595.9484817151922,26.0
1604.2905261795772,26.0
1612.6761746240677,25.9
1621.1056549672617,25.8
1629.5791963190893,25.7
1638.097028987047,25.6
1646.6593844824454,25.6
1655.266495526711,25.6
1663.9185960577072,25.5
1672.6159212360947,25.5
1681.3587074517213,25.5
1690.1471923300487,25.5
1698.9816147386093,25.5
1707.8622147934998,25.5
1716.789233865905,25.4
1725.7629145886658,25.4
1734.7835008628629,25.4
1743.8512378644525,25.4
1752.9663720509295,25.4
1762.1291511680254,25.4
1771.3398242564415,25.3
1780.598641658619,25.3
1789.9058550255418,25.3
1799.2617173235774,25.4
1808.6664828413498,25.5
1818.1204071966588,25.6
1827.6237473434162,25.6
1837.1767615786375,25.6
1846.7797095494598,25.6
1856.4328522602,25.6
1866.1364520794475,25.6
1875.8907727471963,25.6
1885.6960793820124,25.6
1895.552638488241,25.6
1905.4607179632462,25.6
1915.4205871047022,25.6
1925.4325166178992,25.6
1935.4967786231095,25.6
1945.6136466629825,25.6
1955.783395709978,25.7
1966.006302173841,25.8
1976.282643909114,25.8
1986.6127002226892,25.7
1996.996751881399,25.7
2007.4350811196462,25.7
2017.927971647083,25.7
2028.4757086563097,25.6
2039.078578830634,25.6
2049.736870351861,25.6
2060.4508729081267,25.7
2071.22087770177,25.7
2082.0471774572497,25.7
2092.9300664290977,25.6
2103.8698404099196,25.6
2114.8667967384304,25.5
2125.9212343075446,25.4
2137.0334535724887,25.2
2148.2037565589744,25.2
2159.4324468714053,25.1
2170.71982970113,24.9
2182.0662118347364,24.8
2193.4719016623894,24.7
2204.937209186215,24.6
2216.4624460287228,24.4
2228.0479254412767,24.2
2239.6939623126154,24.0
2251.4008731773993,23.9
2263.168976224821,23.8
2274.9985913072546,23.6
2286.890039948944,23.4
2298.843645354747,23.2
2310.8597324189163,23.0
2322.9386277339318,22.8
2335.0806595993763,22.7
2347.2861580308577,22.4
2359.5554547689862,22.1
2371.8888832883777,21.8
2384.2867788067265,21.5
2396.7494782939148,21.3
2409.2773204811715,21.0
2421.8706458702773,20.7
2434.5297967428205,20.5
2447.2551171695004,20.3
2460.0469530194778,20.1
2472.905651969775,19.9
2485.8315635147337,19.7
2498.825038975499,19.5
2511.88643150958,19.3
2525.0160961204438,19.2
2538.2143896671673,19.0
2551.481670874133,18.8
2564.8183003407817,18.7
2578.224640551411,18.5
2591.7010558850307,18.4
2605.247912625263,18.2
2618.8655789702975,18.0
2632.5544250429093,17.9
2646.314822900502,17.7
2660.14714654523,17.5
2674.051771934164,17.4
2688.029076989506,17.3
2702.079441608862,17.1
2716.20324767557,16.8
2730.400879069075,16.6
2744.6727216753675,16.4
2759.0191633974646,16.3
2773.440594165967,16.1
2787.9374059496395,16.0
2802.509992766076,15.8
2817.1587506924047,15.4
2831.8840778760564,15.0
2846.686374545581,14.7
2861.5660430215316,14.5
2876.5234877273942,14.4
2891.5591152005823,14.3
2906.6733341034837,14.3
2921.8665552345788,14.2
2937.139191539587,14.2
2952.4916581227058,14.1
2967.9243722578863,14.0
2983.4377534001765,14.0
2999.0322231971227,13.9
3014.7082055002275,13.9
3030.466126376471,13.8
3046.306414119893,13.8
3062.229499263226,13.7
3078.2358145896155,14.1
3094.325795144359,14.5
3110.4998782467446,14.6
3126.7585035019356,14.6
3143.1021128129173,14.7
3159.5311503925072,14.8
3176.0460627754296,14.9
3192.6472988304513,15.0
3209.335309772584,15.1
3226.1105491753406,15.2
3242.973472983081,15.2
3259.924539523382,15.3
3276.9642095195077,15.2
3294.0929461029286,15.2
3311.311214825911,15.1
3328.6194836741684,15.0
3346.018223079582,14.9
3363.507905932988,14.8
3381.089007597027,14.7
3398.762005919066,14.6
3416.527381244194,14.5
3434.385616428264,14.4
3452.337196851022,14.4
3470.382610429304,14.5
3488.5223476302926,14.6
3506.7569014848486,14.6
3525.0867676009134,14.7
3543.512444176976,14.9
3562.034432015617,15.1
3580.6532345371147,15.3
3599.369357793143,15.4
3618.1833104805046,15.6
3637.095603954969,15.9
3656.1067522451726,16.2
3675.2172720665826,16.6
3694.4276828355482,16.8
3713.738506683413,17.0
3733.1502684707093,17.3
3752.6634958014215,17.6
3772.2787190373247,18.1
3791.9964713124127,18.6
3811.817288547367,18.9
3831.7417094641373,19.2
3851.7702756005806,19.5
3871.9035313251793,19.8
3892.1420238518376,20.2
3912.4863032547537,20.5
3932.936922483372,20.9
3953.4944373774106,21.2
3974.1594066819653,21.3
3994.9323920627126,21.4
4015.8139581211503,21.5
4036.8046724099613,21.5
4057.9051054484326,21.5
4079.115830737964,21.5
4100.437424777656,21.5
4121.870467079975,21.4
4143.41554018651,21.2
4165.0732296838005,20.9
4186.844124219257,20.8
4208.728815517151,20.7
4230.72789839472,20.6
4252.841970778305,20.5
4275.071633719623,20.2
4297.417491412092,19.7
4319.880151207261,19.2
4342.460223631314,19.0
4365.158322401661,19.0
4387.975064443623,18.9
4410.911069907196,18.7
4433.9669621839075,18.7
4457.1433679237725,18.7
4480.4409170523,18.9
4503.860242787635,19.1
4527.40198165776,19.2
4551.0667735177985,19.2
4574.855261567406,19.2
4598.768092368251,19.2
4622.80591586159,19.2
4646.969385385929,19.1
4671.25915769478,19.0
4695.675892974527,18.9
4720.220254862348,18.8
4744.892910464259,18.7
4769.694530373255,18.6
4794.625788687525,18.5
4819.68736302878,18.3
4844.87993456067,18.1
4870.204188007296,17.7
4895.660811671819,17.2
4921.250497455168,17.1
4946.973940874864,17.0
4972.8318410838865,16.7
4998.824900889706,16.4
5024.953826773381,16.2
5051.219328908747,16.0
5077.622121181736,15.8
5104.162921209768,15.6
5130.842450361258,15.5
5157.661433775227,15.4
5184.620600380999,15.3
5211.720682918039,15.1
5238.962417955835,15.0
5266.346545913939,14.9
5293.873811082085,14.8
5321.544961640422,14.7
5349.360749679845,14.6
5377.321931222439,14.5
5405.429266242027,14.3
5433.683518684824,14.3
5462.085456490198,14.2
5490.635851611563,14.0
5519.335480037329,13.9
5548.185121812011,13.8
5577.185561057427,13.7
5606.337585994012,13.7
5635.641988962242,14.1
5665.0995664441625,14.4
5694.7111190850455,14.5
5724.477451715144,14.6
5754.399373371566,14.8
5784.477697320285,14.9
5814.713241078208,15.1
5845.10682643542,15.3
5875.659279477514,15.6
5906.371430608045,15.8
5937.244114571097,15.9
5968.278170473975,16.0
5999.4744418100045,16.0
6030.833776481469,16.1
6062.357026822636,16.1
6094.045049622959,16.1
6125.898706150321,16.0
6157.918862174471,16.0
6190.106387990547,15.9
6222.462158442733,15.8
6254.987052948034,15.6
6287.681955520183,15.4
6320.547754793659,14.8
6353.585344047851,14.3
6386.795621231329,14.1
6420.179488986247,13.8
6453.7378546729,13.2
6487.471630394349,12.6
6521.381733021235,11.5
6555.469084216698,10.4
6589.734610461422,10.0
6624.179243078815,9.0
6658.80391826033,8.0
6693.609577090902,7.7
6728.597165574533,7.9
6763.767634659991,7.8
6799.1219402666875,7.7
6834.661043310619,8.2
6870.385909730507,8.7
6906.297510514049,9.2
6942.39682172431,10.1
6978.684824526248,10.8
7015.162505213385,11.1
7051.830855234612,11.5
7088.690871221135,11.9
7125.7435550135615,12.2
7162.989913689153,12.3
7200.430959589155,12.4
7238.067710346342,12.5
7275.901188912673,12.5
7313.932423587085,12.5
7352.162448043451,12.5
7390.59230135867,12.5
7429.22302804091,12.7
7468.055678057999,12.8
7507.091306865953,13.3
7546.330975437692,14.0
7585.775750291836,14.8
7625.426703521717,15.5
7665.284912824515,16.2
7705.351461530549,16.9
7745.627438632719,17.7
7786.113938816104,18.4
7826.81206248772,19.1
7867.722915806424,19.9
7908.847610712972,20.6
7950.187264960275,21.2
7991.743002143727,21.7
8033.515951731782,22.0
8075.507249096639,22.4
8117.718035545101,22.8
8160.149458349601,23.6
8202.80267077938,24.5
8245.67883213183,25.0
8288.77910776401,25.4
8332.104669124305,25.6
8375.656693784302,25.7
8419.436365470749,26.2
8463.444874097753,26.8
8507.683415799123,27.1
8552.153192960874,27.2
8596.855414253905,27.3
8641.791294666864,27.4
8686.962055539152,27.7
8732.36892459413,28.0
8778.01313597248,28.1
8823.895930265779,28.2
8870.018554550163,28.1
8916.382262420266,28.1
8962.988314023276,28.0
9009.83797609319,27.9
9056.932521985234,27.8
9104.273231710486,27.1
9151.861391970657,26.3
9199.698296193066,25.9
9247.785244565785,25.6
9296.12354407301,25.2
9344.714508530542,24.8
9393.559458621517,23.9
9442.659721932305,23.1
9492.016632988581,22.9
9541.631533291613,22.7
9591.505771354708,22.6
9641.64070273987,22.5
9692.037690094652,22.3
9742.698103189163,22.1
9793.623318953358,21.7
9844.814721514387,21.3
9896.27370223427,21.3
9948.001659747684,21.4
10000.0,21.6
10052.270136285486,21.7
10104.813489285681,21.8
10157.6314871081,22.0
10210.725565324987,22.2
10264.09716701231,22.5
10317.747742788988,23.1
10371.678750856474,23.7
10425.891657038128,23.9
10480.387934819217,24.1
10535.16906538697,24.3
10590.236537670813,24.4
10645.591848382772,24.6
10701.236502058211,24.7
10757.172011096769,24.7
10813.399895803414,24.6
10869.921684429703,24.6
10926.73891321545,24.5
10983.85312643042,24.5
11041.265876416248,24.4
11098.978723628681,24.3
11156.993236680037,23.8
11215.310992381786,22.8
11273.933575787378,22.0
11332.862580235347,21.5
11392.099607392682,21.0
11451.646267298307,20.5
11511.504178406769,17.5
11571.674967632372,14.6
11632.16027039332,14.1
11692.961730656129,13.5
11754.08100098034,13.0
11815.519742563505,12.8
11877.27962528627,12.7
11939.362327757724,12.4
12001.76953736107,12.2
12064.50295029953,12.0
12127.56427164241,11.8
12190.95521537136,11.7
12254.677504427105,11.6
12318.732870756214,11.5
12383.123055358106,11.2
12447.849808332432,11.0
12512.914888926687,10.9
12578.320065583976,10.8
12644.067115991029,10.6
12710.157827126544,10.3
12776.593995309939,9.7
12843.377426249857,9.7
12910.50993509343,10.8
12977.99334647565,12.1
13045.829494568892,12.8
13114.020223132724,13.2
13182.567385564074,13.5
13251.472844947652,14.0
13320.738474106534,14.4
13390.366155652993,14.6
13460.35778203982,14.8
13530.715255611682,15.1
13601.440488656775,15.3
13672.535403458849,15.6
13744.001932349513,15.8
13815.842017760702,16.0
13888.057612277411,16.3
13960.650678690825,16.5
14033.62319005172,16.5
14106.977129724035,16.4
14180.714491438697,16.2
14254.837279347976,16.0
14329.347508079869,16.2
14404.247202792812,16.5
14479.538399230763,16.7
14555.223143778607,16.9
14631.303493517702,17.0
14707.78151628175,17.1
14784.65929071304,17.1
14861.938906319014,17.0
14939.622463529,16.8
15017.712073751207,16.6
15096.209859430292,16.4
15175.117954104964,16.2
15254.438502465904,16.0
15334.173660414117,15.8
15414.325595119602,15.5
15494.896485080177,15.2
15575.88852018064,14.8
15657.303901752315,14.4
15739.1448426331,14.2
15821.413567227246,14.2
15904.112311566014,14.2
15987.243323368504,14.4
16070.808862102673,14.5
16154.811199046684,14.6
16239.252617350698,14.7
16324.135412099,14.8
16409.461890372313,14.9
16495.23437131044,14.8
16581.455186175313,14.8
16668.12667841462,14.8
16755.251203725067,14.9
