10.0,13.6
10.052270136285475,13.6
10.104813489285682,13.6
10.157631487108103,13.6
10.210725565324982,13.7
10.264097167012295,13.7
10.317747742789004,13.8
10.371678750856479,13.9
10.425891657038118,13.9
10.480387934819216,13.9
10.535169065386981,13.9
10.590236537670812,14.0
10.64559184838276,14.1
10.701236502058206,14.1
10.757172011096776,14.1
10.813399895803409,14.1
10.869921684429707,14.1
10.926738913215466,14.3
10.98385312643042,14.4
11.041265876416237,14.4
11.098978723628681,14.4
11.156993236680048,14.4
11.215310992381788,14.5
11.27393357578736,14.6
11.332862580235341,14.6
11.392099607392687,14.6
11.451646267298301,14.6
11.511504178406776,14.6
11.571674967632385,14.6
11.632160270393321,14.6
11.692961730656117,14.7
11.75408100098034,14.7
11.815519742563518,14.8
11.87727962528627,14.9
11.939362327757706,14.9
12.001769537361062,14.9
12.064502950299536,15.0
12.127564271642404,15.1
12.190955215371359,15.1
12.254677504427118,15.1
12.318732870756214,15.1
12.383123055358094,15.1
12.447849808332432,15.2
12.5129148889267,15.3
12.578320065583968,15.3
12.644067115991009,15.3
12.710157827126565,15.3
12.776593995309947,15.3
12.843377426249843,15.3
12.910509935093431,15.4
12.977993346475664,15.5
13.045829494568892,15.6
13.11402022313271,15.6
13.182567385564074,15.7
13.251472844947658,15.7
13.320738474106527,15.8
13.390366155653,15.8
13.460357782039841,15.8
13.530715255611682,15.9
13.601440488656761,16.0
13.672535403458848,16.0
13.744001932349526,16.0
13.815842017760701,16.0
13.888057612277397,16.0
13.960650678690818,16.0
14.033623190051728,16.1
14.10697712972403,16.1
14.180714491438705,16.1
14.25483727934799,16.1
14.32934750807987,16.2
14.404247202792797,16.3
14.479538399230764,16.3
14.55522314377862,16.3
14.631303493517702,16.3
14.707781516281727,16.3
14.784659290713032,16.4
14.861938906319022,16.5
14.939622463528993,16.5
15.017712073751214,16.5
15.096209859430308,16.5
15.175117954104964,16.5
15.254438502465888,16.5
15.334173660414118,16.6
15.414325595119617,16.7
15.494896485080169,16.8
15.575888520180618,16.9
15.65730390175234,16.9
15.73914484263311,17.0
15.821413567227237,17.0
15.904112311566013,17.0
15.98724332336852,17.0
16.070808862102673,17.1
16.154811199046666,17.2
16.239252617350697,17.2
16.324135412099007,17.2
16.409461890372306,17.3
16.495234371310413,17.3
16.58145518617534,17.3
16.668126678414627,17.3
16.755251203725052,17.3
16.84283113011666,17.4
16.930868837977105,17.5
17.01936672013636,17.5
17.108327181931763,17.5
17.197752641273365,17.5
17.28764552870969,17.5
17.378008287493753,17.6
17.4688433736495,17.7
17.560153256038525,17.7
17.651940416427212,17.7
17.744207349554188,17.7
17.836956563198083,17.7
17.93019057824573,17.7
18.023911928760675,17.8
18.118123162052047,17.9
18.21282683874379,17.9
18.30802553284428,17.9
18.403721831816252,17.9
18.499918336647156,17.9
18.59661766191982,18.1
18.69382243588356,18.2
18.791535300525574,18.2
18.889758911642755,18.2
18.98849593891389,18.2
19.08774906597221,18.2
19.187520990478333,18.3
19.287814424193606,18.4
19.388632093053765,18.4
19.48997673724305,18.4
19.591851111268685,18.4
19.69425798403576,18.4
19.79720013892245,18.4
19.90068037385568,18.4
20.004701501387192,18.5
20.109266348769967,18.6
20.214377758035074,18.6
20.320038586068932,18.7
20.426251704690927,18.7
20.533020000731486,18.7
20.64034637611054,18.7
20.748233747916412,18.7
20.856685048485062,18.7
20.965703225479817,18.8
21.075291241971485,18.9
21.185452076518878,18.9
21.296188723249774,18.9
21.407504191942323,18.9
21.519401508106792,18.9
21.631883713067854,19.0
21.744953864047204,19.1
21.858615034246718,19.1
21.972870312931903,19.1
22.087722805515906,19.1
22.203175633643916,19.1
22.319231935278008,19.2
22.435894864782412,19.3
22.553167593009288,19.4
22.671053307384867,19.4
22.789555211996095,19.4
22.908676527677724,19.4
23.028420492099883,19.5
23.148790359856015,19.5
23.26978940255137,19.6
23.391420908891938,19.6
23.51368818477381,19.6
23.63659455337303,19.6
23.760143355235964,19.7
23.884337948370025,19.7
24.009181708334992,19.8
24.134678028334722,19.8
24.260830319309434,19.8
24.387642010028344,19.8
24.515116547182902,19.8
24.64325739548046,19.8
24.772068037738443,19.8
24.901551974979007,19.9
25.031712726524198,19.9
25.162553830091625,19.9
25.294078841890578,19.9
25.426291336718684,19.9
25.559194908059133,20.0
25.692793168178262,20.0
25.827089748223784,20.1
25.96208829832347,20.1
26.097792487684362,20.1
26.234206004692496,20.1
26.371332557013133,20.2
26.5091758716916,20.3
26.647739695254497,20.3
26.787027793811582,20.3
26.9270439531581,20.3
27.06779197887776,20.3
27.209275696446046,20.3
27.351498951334275,20.3
27.494465609114105,20.5
27.638179555562576,20.6
27.782644696767733,20.6
27.92786495923483,20.6
28.07384428999299,20.6
28.220586656702505,20.6
28.368096047762684,20.6
28.516376472420284,20.6
28.66543196087842,20.7
28.815266564406134,20.7
28.965884355448516,20.8
29.11728942773738,20.8
29.26948589640251,20.8
29.42247789808359,20.8
29.57626959104251,20.9
29.730865155276486,21.0
29.88626879263161,21.0
30.04248472691713,21.0
30.19951720402016,21.0
30.357370492021133,21.0
30.516048881309793,21.0
30.675556684701824,21.1
30.835898237556027,21.1
30.99707789789224,21.1
31.15910004650967,21.1
31.321969087106055,21.1
31.485689446397288,21.1
31.650265574237824,21.1
31.815701943741516,21.1
31.98200305140326,21.1
32.14917341722119,21.2
32.31721758481955,21.2
32.486140121572134,21.3
32.655945618726484,21.3
32.82663869152868,21.3
32.99822397934869,21.3
33.170706145806605,21.3
33.34408987889928,21.3
33.51837989112781,21.3
33.69358091962557,21.3
33.86969772628702,21.4
34.04673509789711,21.5
34.224697846261364,21.5
34.40359080833668,21.5
34.58341884636283,21.5
34.764186847994516,21.5
34.94589972643436,21.5
35.12856242056629,21.7
35.312179895089876,21.8
35.496757140655234,21.8
35.68229917399868,21.8
35.86881103807908,21.8
36.05629780221492,21.8
36.24476456222205,21.8
36.434216440552284,21.8
36.6246585864325,21.8
36.81609617600466,21.9
37.00853441246656,22.0
37.2019785262131,22.0
37.39643377497855,22.0
37.591905443979435,22.0
37.788398846058186,22.0
37.985919321827524,22.0
38.184472239815605,22.0
38.384062996612016,22.1
38.584697017014335,22.2
38.786379754175634,22.2
38.98911668975273,22.2
39.1929133340551,22.2
39.39777522619469,22.2
39.60370793423646,22.2
39.810717055349734,22.2
40.0188082159603,22.2
40.227987071903335,22.2
40.43825930857721,22.3
40.64963064109788,22.3
40.8621068144543,22.3
41.075693603664625,22.3
41.29039681393302,22.3
41.506222280807584,22.3
41.72317587033889,22.3
41.94126347923944,22.3
42.16049103504393,22.3
42.38086449627034,22.3
42.60238985258197,22.4
42.825073124950116,22.5
43.04892036581776,22.5
43.27393765926414,22.5
43.500131121170035,22.5
43.727506899384,22.5
43.956071173889484,22.5
44.18583015697281,22.5
44.416790093392,22.5
44.648957260546474,22.5
44.88233796864779,22.5
45.116938560890986,22.5
45.35276541362708,22.6
45.58982493653644,22.7
45.82812357280281,22.7
46.067667799288614,22.7
46.308464126710895,22.7
46.55051909981832,22.7
46.793839297569036,22.7
47.03843133330949,22.7
47.28430185495417,22.7
47.531457545166376,22.7
47.77990512153967,22.7
48.02965133678067,22.7
48.28070297889241,22.7
48.53306687135893,22.7
48.78674987333074,22.7
49.041758879811184,22.8
49.298100821843896,22.9
49.55578266670119,22.9
49.81481141807335,22.9
50.07519411625915,22.9
50.336937838356974,22.9
50.60004969845742,22.9
50.86453684783644,22.9
51.13040647514984,22.9
51.39766580662862,22.9
51.66632210627541,22.9
51.93638267606184,22.9
52.20785485612707,22.9
52.48074602497726,22.9
52.75506359968615,22.9
53.030815036096584,23.1
53.308007829023246,23.2
53.58664951245627,23.2
53.866747659766084,23.2
54.148309883909214,23.2
54.431343837635225,23.2
54.7158572136947,23.2
55.00185774504835,23.2
55.28935320507712,23.2
55.57835140779364,23.2
55.86886020805435,23.2
56.160887501773274,23.2
56.45444122613637,23.2
56.74952935981742,23.2
57.04615992319485,23.2
57.34434097856969,23.2
57.64408063038476,23.3
57.94538702544487,23.4
58.24826835313831,23.4
58.552732845659456,23.4
58.85878877823242,23.4
59.166444469336014,23.4
59.475708280929936,23.4
59.786588618681876,23.4
60.0990939321961,23.4
60.41323271524305,23.4
60.72901350599024,23.4
61.046444887234294,23.4
61.365535486634215,23.4
61.686293976945976,23.4
62.008729076258064,23.4
62.332849548228545,23.4
62.658664202323344,23.4
62.98618189405547,23.4
63.315411525225876,23.4
63.64636204416533,23.4
63.979042445977655,23.4
64.31346177278421,23.4
64.64962911396958,23.4
64.98755360642885,23.4
65.32724443481563,23.4
65.66871083179183,23.4
66.01196207827876,23.4
66.35700750370908,23.4
66.7038564862806,23.4
67.05251845321108,23.4
67.40300288099445,23.4
67.75531929565844,23.4
68.1094772730234,23.4
68.46548643896274,23.5
68.82335646966433,23.6
69.18309709189363,23.6
69.54471808325809,23.6
69.90822927247277,23.6
70.27364053962762,23.6
70.6409618164559,23.6
71.01020308660422,23.6
71.38137438590384,23.6
71.75448580264342,23.6
72.12954747784322,23.6
72.50656960553087,23.6
72.88556243301818,23.6
73.26653626117992,23.6
73.64950144473359,23.6
74.03446839252094,23.6
74.42144756779092,23.6
74.810449488484,23.6
75.20148472751808,23.6
75.59456391307583,23.6
75.98969772889355,23.6
76.38689691455168,23.6
76.78617226576647,23.6
77.18753463468363,23.6
77.59099493017311,23.6
77.99656411812569,23.6
78.404253221751,23.6
78.8140733218772,23.6
79.226035557252,23.6
79.64015112484554,23.6
80.05643128015467,23.6
80.47488733750892,23.6
80.89553067037787,23.6
81.31837271168051,23.6
81.74342495409579,23.6
82.170698950375,23.6
82.60020631365589,23.6
83.03195871777821,23.6
83.46596789760103,23.6
83.90224564932171,23.6
84.34080383079642,23.6
84.78165436186265,23.6
85.22480922466286,23.6
85.67028046397054,23.6
86.11808018751721,23.6
86.56822056632171,23.6
87.020713835021,23.6
87.47557229220259,23.6
87.93280830073893,23.6
88.39243428812335,23.6
88.85446274680783,23.6
89.31890623454267,23.6
89.78577737471758,23.6
90.25508885670492,23.6
90.72685343620469,23.6
91.20108393559097,23.6
91.67779324426061,23.6
92.15699431898352,23.6
92.63870018425483,23.6
93.12292393264887,23.6
93.60967872517497,23.6
94.09897779163542,23.6
94.5908344309847,23.6
95.0852620116911,23.6
95.58227397210023,23.6
96.08188382079996,23.6
96.5841051369878,23.6
97.08895157083991,23.6
97.59643684388209,23.6
98.10657474936274,23.6
98.61937915262773,23.6
99.13486399149741,23.5
99.65304327664518,23.5
100.17393109197839,23.4
100.69754159502135,23.4
101.22388901729977,23.4
101.75298766472777,23.4
102.28485191799675,23.4
102.81949623296607,23.4
103.35693514105618,23.4
103.89718324964329,23.4
104.44025524245698,23.4
104.98616587997819,23.4
105.53492999984189,23.4
106.08656251723878,23.4
106.64107842532215,23.4
107.19849279561431,23.4
107.75882077841675,23.4
108.32207760322176,23.4
108.88827857912626,23.4
109.45743909524856,23.4
110.02957462114523,23.4
110.60470070723336,23.4
111.18283298521138,23.4
111.76398716848561,23.4
112.3481790525961,23.4
112.93542451564652,23.4
113.5257395187356,23.4
114.11914010639099,23.4
114.71564240700522,23.3
115.3152626332741,23.3
115.91801708263789,23.2
116.52392213772293,23.2
117.13299426678874,23.2
117.74525002417371,23.2
118.36070605074681,23.2
118.97937907435858,23.2
119.60128591029638,23.2
120.22644346174131,23.2
120.85486872022751,23.2
121.4865787661046,23.2
122.12159076900052,23.2
122.75992198829012,23.2
123.40158977356222,23.2
124.04661156509306,23.2
124.69500489431896,23.1
125.34678738431336,23.0
126.00197675026583,22.9
126.6605907999634,22.9
127.3226474342747,22.9
127.98816464763628,22.9
128.6571605285424,22.9
129.32965326003517,22.9
130.00566112020084,22.9
130.68520248266435,22.9
131.36829581709074,22.9
132.05495968968575,22.9
132.74521276370103,22.9
133.43907379994133,22.9
134.1365616572744,22.9
134.83769529314347,22.9
135.54249376408254,22.9
136.25097622623485,22.9
136.96316193587217,22.9
137.67907024992007,22.9
138.39872062648203,22.9
139.1221326253702,22.9
139.84932590863562,22.9
140.58032024110324,22.9
141.31513549090906,22.9
142.05379163003997,22.9
142.7963087348772,22.9
143.5427069867405,22.9
144.29300667243896,22.9
145.04722818481977,22.9
145.80539202332486,22.9
146.56751879454652,22.9
147.333629212788,22.9
148.1037441006266,22.9
148.87788438947953,22.9
149.65607112017267,22.9
150.43832544351253,22.9
151.2246686208618,22.8
152.01512202471548,22.7
152.80970713928414,22.7
153.6084455610754,22.7
154.41135899948313,22.7
155.218469277376,22.7
156.02979833169113,22.7
156.8453682140304,22.7
157.66520109125955,22.7
158.48931924611142,22.7
159.3177450777899,22.7
160.15050110258113,22.7
160.9876099544629,22.6
161.82909438572216,22.5
162.67497726757185,22.5
163.52528159077312,22.5
164.38003046626017,22.5
165.23924712576837,22.5
166.1029549224657,22.5
166.97117733158728,22.5
167.8439379510743,22.5
168.72126050221348,22.5
169.60316883028446,22.4
170.48968690520502,22.3
171.38083882218535,22.3
172.27664880238083,22.3
173.17714119355136,22.3
174.08234047072295,22.3
174.99227123685273,22.3
175.9069582234984,22.3
176.82642629148881,22.3
177.75070043160196,22.3
178.67980576524164,22.3
179.61376754512278,22.3
180.55261115595593,22.3
181.49636211513797,22.3
182.44504607344558,22.3
183.39868881573247,22.3
184.35731626163007,22.3
185.3209544662519,22.3
186.28962962090262,22.2
187.26336805378796,22.2
188.24219623073301,22.2
189.2261407558986,22.2
190.21522837250714,22.2
191.20948596356752,22.2
192.20894055260666,22.2
193.21361930440384,22.2
194.22354952572874,22.2
195.2387586660848,22.2
196.25927431845295,22.2
197.28512422004457,22.2
198.31633625305224,22.2
199.35293844541056,22.1
200.39495897155572,22.0
201.4424261531923,22.0
202.4953684600627,22.0
203.55381451072122,22.0
204.6177930733116,22.0
205.6873330663489,22.0
206.76246355950653,22.0
207.84321377440395,22.0
208.92961308540407,22.0
210.02169102040844,22.0
211.11947726166272,22.0
212.22300164656127,22.0
213.33229416845913,21.9
214.447384977487,21.8
215.5683043813707,21.8
216.69508284625502,21.8
217.8277509975314,21.8
218.9663396206716,21.8
220.1108796620618,21.8
221.26140222984722,21.8
222.41793859477394,21.8
223.5805201910423,21.7
224.74917861715863,21.6
225.9239456367954,21.5
227.10485317965416,21.5
228.29193334233327,21.5
229.48521838920135,21.5
230.68474075327168,21.5
231.89053303708724,21.5
233.102628013603,21.5
234.32105862708036,21.5
235.5458579939798,21.4
236.77705940386227,21.4
238.0146963202937,21.3
239.25880238175446,21.3
240.50941140255387,21.3
241.76655737374873,21.3
243.03027446406858,21.3
244.30059702084168,21.3
245.57755957093218,21.3
246.86119682167464,21.3
248.1515436618211,21.3
249.44863516248657,21.2
250.75250657810346,21.1
252.0631933473797,21.1
253.3807310942614,21.1
254.7051556289027,21.1
256.03650294863604,21.1
257.3748092389545,21.1
258.72011087449107,21.1
260.0724444200114,21.1
261.4318466314045,21.1
262.79835445668317,21.1
264.17200503698814,21.0
265.5528357075972,21.0
266.94088399894025,21.0
268.336187637619,21.0
269.7387845474336,21.0
271.1487128504106,21.0
272.56601086784315,21.0
273.9907171213279,21.0
275.4228703338166,21.0
276.86250943066517,20.9
278.30967354069315,20.8
279.764401997247,20.8
281.2267343392687,20.8
282.6967103123723,20.8
284.1743698699204,20.8
285.65975317411466,20.8
287.152900597083,20.8
288.6538527219809,20.7
290.16265034409145,20.6
291.67933447193553,20.6
293.203946328386,20.6
294.7365273517884,20.6
296.27711919708696,20.6
297.8257637369567,20.6
299.38250306294265,20.6
300.947379486601,20.6
302.52043554065347,20.6
304.1017139801383,20.5
305.69125778357716,20.4
307.2891101541398,20.3
308.8953145208197,20.3
310.5099145396145,20.3
312.1329540947119,20.3
313.76447729968413,20.3
315.40452849868336,20.2
317.0531522676519,20.2
318.71039341552853,20.1
320.3762969854716,20.1
322.05090825607795,20.1
323.7342727426186,20.1
325.4264361982722,20.1
327.1274446153702,20.1
328.83734422664674,20.1
330.55618150649445,20.1
332.28400317222986,20.1
334.02085618535915,20.1
335.76678775285944,20.1
337.52184532845695,20.1
339.28607661392135,20.1
341.0595295603587,20.0
342.84225236951676,19.9
344.63429349509414,19.9
346.4357016440579,19.9
348.24652577796684,19.9
350.06681511430224,19.9
351.8966191278073,19.9
353.7359875518278,19.9
355.5849703796693,19.9
357.44361786595016,19.9
359.3119805279728,19.8
361.1901091470929,19.8
363.0780547701014,19.8
364.9758687106112,19.8
366.8836025504522,19.8
368.80130814107446,19.8
370.72903760495365,19.8
372.66684333701346,19.8
374.6147780060434,19.8
376.57289455613636,19.8
378.54124620812286,19.8
380.5198864610201,19.8
382.50886909348526,19.8
384.5082481652772,19.8
386.51807801872604,19.7
388.53841328020957,19.6
390.56930886163985,19.6
392.6108199619517,19.6
394.6630020686084,19.6
396.7259109591041,19.6
398.7996027024853,19.6
400.8841336608706,19.6
402.9795604909844,19.6
405.0859401456969,19.6
407.20332987557106,19.6
409.331787230421,19.6
411.4713700608718,19.6
413.6221365199375,19.6
415.78414506459575,19.6
417.95745445738237,19.6
420.1421237679842,19.6
422.33821237484636,19.6
424.5457799667861,19.6
426.76488654461485,19.6
428.9955924227691,19.6
431.23795823094935,19.6
433.49204491576995,19.6
435.7579137424112,19.6
438.0356262962907,19.6
440.3252444847303,19.6
442.62683053864555,19.6
444.9404470142319,19.6
447.2661567946673,19.6
449.60402309182115,19.6
451.9541094479714,19.6
454.3164797375345,19.6
456.6911981687959,19.6
459.0783292856624,19.6
461.4779379694089,19.6
463.89008944044906,19.6
466.31484926010245,19.6
468.7522833323791,19.6
471.20245790577025,19.6
473.6654395750488,19.6
476.14129528307956,19.6
478.630092322638,19.6
481.1318983382419,19.6
483.6467813279844,19.6
486.1748096453894,19.6
488.7160520012619,19.6
491.27057746556244,19.6
493.8384554692794,19.6
496.4197558063182,19.6
499.01454863539806,19.6
501.6229044819588,19.6
504.24489424007766,19.6
506.88058917439554,19.6
509.53006092205686,19.6
512.1933814946506,19.6
514.8706232801756,19.6
517.5618590449992,19.6
520.2671619358439,19.6
522.9866054817683,19.6
525.7202635961694,19.6
528.4682105787901,19.6
531.230521117739,19.6
534.0072702915224,19.6
536.7985335710792,19.6
539.6043868218401,19.6
542.4249063057814,19.7
545.2601686835053,19.8
548.1102510163182,19.8
550.9752307683272,19.8
553.8551858085453,19.8
556.7501944130083,19.8
559.6603352669016,19.8
562.5856874666987,19.8
565.5263305223134,19.8
568.4823443592555,19.8
571.4538093208106,19.8
574.4408061702153,19.9
577.4434160928608,19.9
580.4617206984933,19.9
583.4958020234345,19.9
586.5457425328113,19.9
589.6116251227962,20.0
592.6935331228639,20.1
595.7915502980484,20.1
598.9057608512304,20.1
602.0362494254149,20.1
605.1831011060411,20.1
608.3464014232891,20.1
611.5262363544065,20.1
614.7226923260454,20.2
617.9358562166111,20.2
621.1658153586235,20.3
624.4126575410903,20.4
627.6764710118958,20.5
630.957344480193,20.6
634.2553671188238,20.7
637.5706285667327,20.7
640.9032189314127,20.8
644.2532287913472,20.9
647.6207491984753,20.9
651.0058716806659,21.0
654.4086882442045,21.0
657.8292913762976,21.1
661.2677740475787,21.2
664.7242297146454,21.3
668.1987523225889,21.4
671.6914363075575,21.5
675.2023765993158,21.7
678.7316686238282,21.9
682.2794083058518,22.1
685.8456920715438,22.2
689.4306168510824,22.3
693.0342800813003,22.3
696.6567797083366,22.4
700.2982141902914,22.5
703.9586824999124,22.6
707.6382841272731,22.7
711.3371190824884,22.8
715.0552878984242,22.9
718.7928916334344,23.2
722.5500318741055,23.5
726.3268107380181,23.6
730.123330876526,23.7
733.9396954775374,23.8
737.7760082683312,23.9
741.6323735183645,24.1
745.508896042117,24.3
749.4056812019327,24.5
753.3228349108862,24.6
757.2604636356614,24.7
761.2186743994453,25.0
765.1975747848361,25.3
769.1972729367671,25.4
773.2178775654501,25.5
777.2594979493206,25.6
781.3222439380205,25.7
785.406225955371,25.9
789.5115550023859,26.2
793.6383426602791,26.3
797.7867010935024,26.4
801.9567430527921,26.5
806.1485818782347,26.6
810.3623315023465,26.8
814.59810645317,26.9
818.8560218573906,27.0
823.1361934434566,27.1
827.4387375447371,27.1
831.7637711026708,27.2
836.1114116699566,27.3
840.4817774137397,27.3
844.8749871188272,27.3
849.2911601909162,27.3
853.7304166598383,27.3
858.1928771828257,27.3
862.6786630477819,27.2
867.1878961765907,27.1
871.7206991284164,27.1
876.2771951030477,27.0
880.8575079442367,26.9
885.4617621430697,26.8
890.0900828413493,26.7
894.742595834996,26.5
899.4194275774676,26.2
904.1207051831946,26.0
908.8465564310401,25.9
913.5971097677627,25.8
918.3724943115215,25.7
923.1728398553701,25.5
927.998276870799,25.1
932.8489365112713,24.9
937.7249506157918,24.9
942.6264517124897,24.8
947.5535730222193,24.7
952.5064484621864,24.5
957.4852126495767,24.3
962.4900009052299,24.1
967.5209492573013,24.0
972.5781944449744,23.9
977.6618739221665,23.9
982.772125861269,24.0
987.9090891569025,24.1
993.0729034296917,24.2
998.26370903006,24.4
1003.4816470420445,24.5
1008.7268592871307,24.6
1013.9994883281055,24.7
1019.2996774729368,24.8
1024.627570778662,24.9
1029.9833130553077,25.0
1035.3670498698243,25.1
1040.778927550043,25.3
1046.219093188652,25.4
1051.687694647196,25.5
1057.1848805600926,25.6
1062.7108003386745,25.6
1068.2656041752484,25.6
1073.849443047181,25.6
1079.4624687209969,25.6
1085.104833756507,25.6
1090.7766915109553,25.6
1096.4781961431852,25.5
1102.2095026178308,25.5
1107.9707667095288,25.4
1113.7621450071517,25.3
1119.5837949180645,25.2
1125.4358746724013,25.0
1131.3185433273702,24.8
1137.231960771571,24.7
1143.1762877293438,24.7
1149.1516857651375,24.6
1155.1583172879002,24.5
1161.1963455554942,24.3
1167.2659346791324,23.8
1173.3672496278396,23.4
1179.5004562329357,23.2
1185.6657211925422,23.0
1191.8632120761172,22.7
1198.0930973290035,22.4
1204.355546277011,22.1
1210.650729131018,21.8
1216.9788169915967,21.6
1223.3399818536654,21.3
1229.7343966111616,21.1
1236.162235061742,20.9
1242.6236719115057,20.4
1249.1188827797416,20.0
1255.6480442037073,19.9
1262.2113336434193,19.6
1268.8089294864806,19.3
1275.4410110529293,18.9
1282.1077586001115,18.1
1288.8093533275808,17.4
1295.5459773820237,17.1
1302.3178138622095,16.6
1309.1250468239675,16.0
1315.967861285188,15.6
1322.8464432308563,15.4
1329.7609796180998,15.3
1336.7116583812742,15.4
1343.6986684370715,15.5
1350.7221996896535,15.5
1357.782443035813,15.6
1364.879590370164,15.7
1372.0138345903551,15.8
1379.1853696023147,15.9
1386.3943903255179,16.0
1393.6410926982915,16.2
1400.9256736831292,16.8
1408.248331272053,17.2
1415.6092644919916,17.4
1423.0086734101894,17.5
1430.4467591396458,17.5
1437.9237238445805,17.5
1445.439770745928,17.5
1452.9951041268616,17.5
1460.589929338344,17.4
1468.224452804715,17.3
1475.898882029292,17.2
1483.6134256000173,17.2
1491.3682931951248,17.1
1499.1636955888393,17.0
1506.999844657106,16.9
1514.8769533833477,16.8
1522.7952358642551,16.6
1530.754907315605,16.4
1538.7561840781082,16.3
1546.799283623296,16.2
1554.8844245594228,16.1
1563.0118266374113,15.9
1571.181710756826,15.7
1579.3942989718767,15.6
1587.649814497453,15.4
1595.9484817151922,15.2
1604.2905261795772,15.0
1612.6761746240677,14.8
1621.1056549672617,14.6
1629.5791963190893,14.4
1638.097028987047,14.2
1646.6593844824454,14.0
1655.266495526711,13.8
1663.9185960577072,13.6
1672.6159212360947,13.4
1681.3587074517213,13.3
1690.1471923300487,12.8
1698.9816147386093,12.3
1707.8622147934998,12.1
1716.789233865905,12.1
1725.7629145886658,12.0
1734.7835008628629,11.9
1743.8512378644525,11.8
1752.9663720509295,11.8
1762.1291511680254,11.8
1771.3398242564415,12.0
1780.598641658619,12.2
1789.9058550255418,12.4
1799.2617173235774,12.5
1808.6664828413498,12.8
1818.1204071966588,13.5
1827.6237473434162,14.2
1837.1767615786375,14.7
1846.7797095494598,15.0
1856.4328522602,15.3
1866.1364520794475,15.8
1875.8907727471963,16.3
1885.6960793820124,16.5
1895.552638488241,16.7
1905.4607179632462,16.8
1915.4205871047022,16.9
1925.4325166178992,17.0
1935.4967786231095,17.1
1945.6136466629825,17.2
1955.783395709978,17.2
1966.006302173841,17.2
1976.282643909114,17.1
1986.6127002226892,16.8
1996.996751881399,16.5
2007.4350811196462,16.3
2017.927971647083,16.1
2028.4757086563097,15.8
2039.078578830634,15.5
2049.736870351861,15.2
2060.4508729081267,14.8
2071.22087770177,14.3
2082.0471774572497,13.9
2092.9300664290977,13.5
2103.8698404099196,13.1
2114.8667967384304,12.8
2125.9212343075446,12.2
2137.0334535724887,11.7
2148.2037565589744,11.8
2159.4324468714053,12.2
2170.71982970113,12.4
2182.0662118347364,12.5
2193.4719016623894,12.5
2204.937209186215,12.6
2216.4624460287228,12.6
2228.0479254412767,12.7
2239.6939623126154,12.7
2251.4008731773993,12.6
2263.168976224821,12.5
2274.9985913072546,12.3
2286.890039948944,12.2
2298.843645354747,12.1
2310.8597324189163,12.0
2322.9386277339318,11.9
2335.0806595993763,11.6
2347.2861580308577,11.1
2359.5554547689862,10.8
2371.8888832883777,10.6
2384.2867788067265,10.4
2396.7494782939148,10.1
2409.2773204811715,9.6
2421.8706458702773,9.1
2434.5297967428205,8.8
2447.2551171695004,8.6
2460.0469530194778,8.4
2472.905651969775,8.2
2485.8315635147337,8.2
2498.825038975499,8.2
2511.88643150958,8.2
2525.0160961204438,8.3
2538.2143896671673,8.3
2551.481670874133,8.4
2564.8183003407817,8.5
2578.224640551411,8.5
2591.7010558850307,8.6
2605.247912625263,8.6
2618.8655789702975,8.6
2632.5544250429093,8.7
2646.314822900502,8.7
2660.14714654523,8.8
2674.051771934164,8.9
2688.029076989506,9.0
2702.079441608862,9.0
2716.20324767557,9.1
2730.400879069075,9.1
2744.6727216753675,9.1
2759.0191633974646,9.1
2773.440594165967,9.1
2787.9374059496395,9.0
2802.509992766076,9.0
2817.1587506924047,8.9
2831.8840778760564,8.9
2846.686374545581,8.9
2861.5660430215316,8.9
2876.5234877273942,9.0
2891.5591152005823,9.0
2906.6733341034837,9.1
2921.8665552345788,9.2
2937.139191539587,9.3
2952.4916581227058,9.4
2967.9243722578863,9.5
2983.4377534001765,9.5
2999.0322231971227,9.6
3014.7082055002275,9.6
3030.466126376471,9.7
3046.306414119893,9.7
3062.229499263226,9.8
3078.2358145896155,9.8
3094.325795144359,9.9
3110.4998782467446,9.9
3126.7585035019356,9.9
3143.1021128129173,9.9
3159.5311503925072,10.0
3176.0460627754296,10.1
3192.6472988304513,10.1
3209.335309772584,10.1
3226.1105491753406,10.1
3242.973472983081,10.1
3259.924539523382,10.1
3276.9642095195077,10.0
3294.0929461029286,9.9
3311.311214825911,9.8
3328.6194836741684,9.7
3346.018223079582,9.6
3363.507905932988,9.5
3381.089007597027,9.4
3398.762005919066,9.2
3416.527381244194,9.1
3434.385616428264,9.2
3452.337196851022,9.3
3470.382610429304,9.4
3488.5223476302926,9.4
3506.7569014848486,9.4
3525.0867676009134,9.4
3543.512444176976,9.4
3562.034432015617,9.4
3580.6532345371147,9.3
3599.369357793143,9.2
3618.1833104805046,9.1
3637.095603954969,9.0
3656.1067522451726,8.9
3675.2172720665826,8.9
3694.4276828355482,8.8
3713.738506683413,8.7
3733.1502684707093,8.6
3752.6634958014215,8.4
3772.2787190373247,8.3
3791.9964713124127,8.2
3811.817288547367,8.1
3831.7417094641373,8.0
3851.7702756005806,7.9
3871.9035313251793,7.7
3892.1420238518376,7.6
3912.4863032547537,7.5
3932.936922483372,7.4
3953.4944373774106,7.4
3974.1594066819653,7.3
3994.9323920627126,7.2
4015.8139581211503,7.2
4036.8046724099613,7.1
4057.9051054484326,7.0
4079.115830737964,6.9
4100.437424777656,6.8
4121.870467079975,6.7
4143.41554018651,6.6
4165.0732296838005,6.4
4186.844124219257,6.3
4208.728815517151,6.2
4230.72789839472,6.1
4252.841970778305,6.0
4275.071633719623,5.9
4297.417491412092,5.9
4319.880151207261,5.8
4342.460223631314,5.7
4365.158322401661,5.6
4387.975064443623,5.5
4410.911069907196,5.3
4433.9669621839075,5.1
4457.1433679237725,5.0
4480.4409170523,4.9
4503.860242787635,4.9
4527.40198165776,4.8
4551.0667735177985,4.7
4574.855261567406,4.5
4598.768092368251,4.4
4622.80591586159,4.4
4646.969385385929,4.3
4671.25915769478,4.2
4695.675892974527,4.0
4720.220254862348,3.8
4744.892910464259,3.7
4769.694530373255,3.6
4794.625788687525,3.5
4819.68736302878,3.3
4844.87993456067,3.2
4870.204188007296,3.4
4895.660811671819,3.8
4921.250497455168,4.6
4946.973940874864,5.4
4972.8318410838865,5.8
4998.824900889706,6.3
5024.953826773381,6.9
5051.219328908747,7.4
5077.622121181736,7.7
5104.162921209768,8.2
5130.842450361258,8.8
5157.661433775227,9.1
5184.620600380999,9.3
5211.720682918039,9.4
5238.962417955835,9.5
5266.346545913939,9.6
5293.873811082085,9.7
5321.544961640422,9.8
5349.360749679845,9.8
5377.321931222439,9.8
5405.429266242027,9.7
5433.683518684824,9.7
5462.085456490198,9.6
5490.635851611563,9.6
5519.335480037329,9.5
5548.185121812011,9.3
5577.185561057427,9.0
5606.337585994012,8.7
5635.641988962242,8.6
5665.0995664441625,8.6
5694.7111190850455,8.5
5724.477451715144,8.4
5754.399373371566,8.2
5784.477697320285,8.0
5814.713241078208,7.8
5845.10682643542,7.6
5875.659279477514,7.5
5906.371430608045,7.4
5937.244114571097,7.3
5968.278170473975,7.2
5999.4744418100045,7.1
6030.833776481469,7.0
6062.357026822636,6.9
6094.045049622959,6.8
6125.898706150321,6.6
6157.918862174471,6.6
6190.106387990547,6.6
6222.462158442733,6.7
6254.987052948034,6.8
6287.681955520183,6.8
6320.547754793659,6.8
6353.585344047851,6.8
6386.795621231329,6.7
6420.179488986247,6.6
6453.7378546729,6.5
6487.471630394349,6.4
6521.381733021235,6.3
6555.469084216698,6.2
6589.734610461422,6.1
6624.179243078815,6.0
6658.80391826033,6.0
6693.609577090902,6.0
6728.597165574533,5.9
6763.767634659991,5.8
6799.1219402666875,5.6
6834.661043310619,5.3
6870.385909730507,5.1
6906.297510514049,4.9
6942.39682172431,4.9
6978.684824526248,4.8
7015.162505213385,4.7
7051.830855234612,4.6
7088.690871221135,4.6
7125.7435550135615,4.6
7162.989913689153,4.6
7200.430959589155,4.5
7238.067710346342,4.4
7275.901188912673,4.4
7313.932423587085,4.4
7352.162448043451,4.4
7390.59230135867,4.4
7429.22302804091,4.3
7468.055678057999,4.2
7507.091306865953,4.1
7546.330975437692,4.0
7585.775750291836,3.9
7625.426703521717,3.9
7665.284912824515,3.9
7705.351461530549,3.9
7745.627438632719,3.9
7786.113938816104,4.0
7826.81206248772,4.1
7867.722915806424,4.2
7908.847610712972,4.5
7950.187264960275,4.7
7991.743002143727,4.9
8033.515951731782,5.0
8075.507249096639,5.2
8117.718035545101,5.4
8160.149458349601,5.8
8202.80267077938,6.4
8245.67883213183,6.8
8288.77910776401,6.9
8332.104669124305,7.0
8375.656693784302,7.2
8419.436365470749,7.5
8463.444874097753,8.0
8507.683415799123,8.3
8552.153192960874,8.4
8596.855414253905,8.5
8641.791294666864,8.8
8686.962055539152,9.6
8732.36892459413,10.3
8778.01313597248,10.7
8823.895930265779,11.2
8870.018554550163,11.8
8916.382262420266,13.1
8962.988314023276,14.3
9009.83797609319,14.8
9056.932521985234,15.2
9104.273231710486,15.6
9151.861391970657,16.0
9199.698296193066,16.6
9247.785244565785,16.9
9296.12354407301,17.0
9344.714508530542,17.1
9393.559458621517,17.2
9442.659721932305,17.1
9492.016632988581,17.0
9541.631533291613,16.9
9591.505771354708,16.8
9641.64070273987,16.5
9692.037690094652,16.2
9742.698103189163,15.9
9793.623318953358,15.3
9844.814721514387,14.7
9896.27370223427,14.5
9948.001659747684,14.3
10000.0,14.1
10052.270136285486,14.0
10104.813489285681,13.9
10157.6314871081,13.9
10210.725565324987,13.9
10264.09716701231,13.9
10317.747742788988,13.9
10371.678750856474,14.1
10425.891657038128,14.2
10480.387934819217,14.3
10535.16906538697,14.4
10590.236537670813,14.5
10645.591848382772,14.5
10701.236502058211,14.6
10757.172011096769,14.6
10813.399895803414,14.6
10869.921684429703,14.6
10926.73891321545,14.6
10983.85312643042,14.6
11041.265876416248,14.6
11098.978723628681,14.5
11156.993236680037,14.2
11215.310992381786,13.8
11273.933575787378,13.4
11332.862580235347,13.0
11392.099607392682,12.7
11451.646267298307,12.4
11511.504178406769,11.7
11571.674967632372,9.9
11632.16027039332,8.5
11692.961730656129,8.1
11754.08100098034,7.5
11815.519742563505,6.8
11877.27962528627,6.1
11939.362327757724,5.3
12001.76953736107,4.6
12064.50295029953,4.4
12127.56427164241,4.1
12190.95521537136,3.8
12254.677504427105,3.7
12318.732870756214,3.9
12383.123055358106,4.1
12447.849808332432,4.4
12512.914888926687,4.7
12578.320065583976,5.1
12644.067115991029,5.5
12710.157827126544,5.8
12776.593995309939,5.9
12843.377426249857,6.1
12910.50993509343,6.3
12977.99334647565,6.5
13045.829494568892,6.7
13114.020223132724,6.9
13182.567385564074,7.0
13251.472844947652,7.2
13320.738474106534,7.6
13390.366155652993,8.4
13460.35778203982,9.0
13530.715255611682,9.1
13601.440488656775,9.2
13672.535403458849,9.3
13744.001932349513,9.4
13815.842017760702,9.4
13888.057612277411,9.4
13960.650678690825,9.3
14033.62319005172,9.2
14106.977129724035,9.0
14180.714491438697,8.5
14254.837279347976,7.9
14329.347508079869,7.4
14404.247202792812,6.9
14479.538399230763,6.3
14555.223143778607,5.7
14631.303493517702,4.5
14707.78151628175,3.6
14784.65929071304,4.7
14861.938906319014,5.8
14939.622463529,6.0
15017.712073751207,6.2
15096.209859430292,6.3
15175.117954104964,6.3
15254.438502465904,6.3
15334.173660414117,6.3
15414.325595119602,6.3
15494.896485080177,6.2
15575.88852018064,6.0
15657.303901752315,5.8
15739.1448426331,5.9
15821.413567227246,6.1
15904.112311566014,6.4
15987.243323368504,6.7
16070.808862102673,6.8
16154.811199046684,6.9
16239.252617350698,7.0
16324.135412099,7.0
16409.461890372313,7.0
16495.23437131044,6.9
16581.455186175313,6.8
16668.12667841462,6.7
16755.251203725067,5.8
