10.0,18.9
10.052270136285475,18.9
10.104813489285682,19.0
10.157631487108103,19.0
10.210725565324982,19.1
10.264097167012295,19.2
10.317747742789004,19.3
10.371678750856479,19.4
10.425891657038118,19.4
10.480387934819216,19.4
10.535169065386981,19.4
10.590236537670812,19.4
10.64559184838276,19.4
10.701236502058206,19.5
10.757172011096776,19.6
10.813399895803409,19.6
10.869921684429707,19.6
10.926738913215466,19.7
10.98385312643042,19.7
11.041265876416237,19.8
11.098978723628681,19.9
11.156993236680048,19.9
11.215310992381788,19.9
11.27393357578736,19.9
11.332862580235341,20.0
11.392099607392687,20.0
11.451646267298301,20.1
11.511504178406776,20.2
11.571674967632385,20.3
11.632160270393321,20.4
11.692961730656117,20.4
11.75408100098034,20.4
11.815519742563518,20.4
11.87727962528627,20.5
11.939362327757706,20.6
12.001769537361062,20.7
12.064502950299536,20.7
12.127564271642404,20.8
12.190955215371359,20.8
12.254677504427118,20.8
12.318732870756214,20.8
12.383123055358094,20.8
12.447849808332432,20.9
12.5129148889267,20.9
12.578320065583968,21.0
12.644067115991009,21.1
12.710157827126565,21.1
12.776593995309947,21.1
12.843377426249843,21.1
12.910509935093431,21.1
12.977993346475664,21.2
13.045829494568892,21.3
13.11402022313271,21.4
13.182567385564074,21.4
13.251472844947658,21.5
13.320738474106527,21.6
13.390366155653,21.6
13.460357782039841,21.6
13.530715255611682,21.6
13.601440488656761,21.7
13.672535403458848,21.7
13.744001932349526,21.8
13.815842017760701,21.8
13.888057612277397,21.9
13.960650678690818,22.0
14.033623190051728,22.0
14.10697712972403,22.0
14.180714491438705,22.0
14.25483727934799,22.0
14.32934750807987,22.1
14.404247202792797,22.2
14.479538399230764,22.3
14.55522314377862,22.3
14.631303493517702,22.3
14.707781516281727,22.3
14.784659290713032,22.3
14.861938906319022,22.3
14.939622463528993,22.4
15.017712073751214,22.5
15.096209859430308,22.6
15.175117954104964,22.6
15.254438502465888,22.7
15.334173660414118,22.7
15.414325595119617,22.7
15.494896485080169,22.7
15.575888520180618,22.8
15.65730390175234,22.9
15.73914484263311,23.0
15.821413567227237,23.1
15.904112311566013,23.1
15.98724332336852,23.2
16.070808862102673,23.2
16.154811199046666,23.2
16.239252617350697,23.2
16.324135412099007,23.3
16.409461890372306,23.4
16.495234371310413,23.4
16.58145518617534,23.5
16.668126678414627,23.5
16.755251203725052,23.5
16.84283113011666,23.5
16.930868837977105,23.5
17.01936672013636,23.6
17.108327181931763,23.6
17.197752641273365,23.7
17.28764552870969,23.8
17.378008287493753,23.8
17.4688433736495,23.9
17.560153256038525,23.9
17.651940416427212,23.9
17.744207349554188,24.0
17.836956563198083,24.0
17.93019057824573,24.1
18.023911928760675,24.2
18.118123162052047,24.3
18.21282683874379,24.4
18.30802553284428,24.4
18.403721831816252,24.4
18.499918336647156,24.4
18.59661766191982,24.4
18.69382243588356,24.5
18.791535300525574,24.6
18.889758911642755,24.6
18.98849593891389,24.6
19.08774906597221,24.7
19.187520990478333,24.7
19.287814424193606,24.7
19.388632093053765,24.7
19.48997673724305,24.7
19.591851111268685,24.8
19.69425798403576,24.8
19.79720013892245,24.9
19.90068037385568,24.9
20.004701501387192,25.0
20.109266348769967,25.1
20.214377758035074,25.2
20.320038586068932,25.3
20.426251704690927,25.4
20.533020000731486,25.4
20.64034637611054,25.4
20.748233747916412,25.4
20.856685048485062,25.4
20.965703225479817,25.4
21.075291241971485,25.5
21.185452076518878,25.5
21.296188723249774,25.6
21.407504191942323,25.7
21.519401508106792,25.7
21.631883713067854,25.8
21.744953864047204,25.8
21.858615034246718,25.8
21.972870312931903,25.9
22.087722805515906,25.9
22.203175633643916,25.9
22.319231935278008,25.9
22.435894864782412,25.9
22.553167593009288,25.9
22.671053307384867,25.9
22.789555211996095,26.0
22.908676527677724,26.1
23.028420492099883,26.2
23.148790359856015,26.2
23.26978940255137,26.3
23.391420908891938,26.3
23.51368818477381,26.3
23.63659455337303,26.3
23.760143355235964,26.4
23.884337948370025,26.5
24.009181708334992,26.6
24.134678028334722,26.6
24.260830319309434,26.6
24.387642010028344,26.6
24.515116547182902,26.7
24.64325739548046,26.8
24.772068037738443,26.8
24.901551974979007,26.9
25.031712726524198,26.9
25.162553830091625,27.0
25.294078841890578,27.0
25.426291336718684,27.0
25.559194908059133,27.0
25.692793168178262,27.1
25.827089748223784,27.1
25.96208829832347,27.1
26.097792487684362,27.1
26.234206004692496,27.1
26.371332557013133,27.2
26.5091758716916,27.3
26.647739695254497,27.3
26.787027793811582,27.3
26.9270439531581,27.3
27.06779197887776,27.3
27.209275696446046,27.4
27.351498951334275,27.5
27.494465609114105,27.5
27.638179555562576,27.5
27.782644696767733,27.5
27.92786495923483,27.5
28.07384428999299,27.6
28.220586656702505,27.7
28.368096047762684,27.7
28.516376472420284,27.7
28.66543196087842,27.7
28.815266564406134,27.9
28.965884355448516,28.0
29.11728942773738,28.0
29.26948589640251,28.0
29.42247789808359,28.0
29.57626959104251,28.1
29.730865155276486,28.2
29.88626879263161,28.2
30.04248472691713,28.2
30.19951720402016,28.2
30.357370492021133,28.2
30.516048881309793,28.3
30.675556684701824,28.4
30.835898237556027,28.4
30.99707789789224,28.4
31.15910004650967,28.4
31.321969087106055,28.4
31.485689446397288,28.4
31.650265574237824,28.5
31.815701943741516,28.5
31.98200305140326,28.5
32.14917341722119,28.5
32.31721758481955,28.5
32.486140121572134,28.5
32.655945618726484,28.5
32.82663869152868,28.5
32.99822397934869,28.5
33.170706145806605,28.6
33.34408987889928,28.6
33.51837989112781,28.7
33.69358091962557,28.7
33.86969772628702,28.8
34.04673509789711,28.9
34.224697846261364,28.9
34.40359080833668,28.9
34.58341884636283,28.9
34.764186847994516,28.9
34.94589972643436,28.9
35.12856242056629,28.9
35.312179895089876,28.9
35.496757140655234,29.0
35.68229917399868,29.1
35.86881103807908,29.2
36.05629780221492,29.2
36.24476456222205,29.2
36.434216440552284,29.2
36.6246585864325,29.2
36.81609617600466,29.2
37.00853441246656,29.2
37.2019785262131,29.2
37.39643377497855,29.2
37.591905443979435,29.2
37.788398846058186,29.2
37.985919321827524,29.3
38.184472239815605,29.4
38.384062996612016,29.4
38.584697017014335,29.4
38.786379754175634,29.4
38.98911668975273,29.4
39.1929133340551,29.4
39.39777522619469,29.4
39.60370793423646,29.4
39.810717055349734,29.4
40.0188082159603,29.4
40.227987071903335,29.4
40.43825930857721,29.4
40.64963064109788,29.4
40.8621068144543,29.4
41.075693603664625,29.4
41.29039681393302,29.4
41.506222280807584,29.4
41.72317587033889,29.4
41.94126347923944,29.4
42.16049103504393,29.5
42.38086449627034,29.6
42.60238985258197,29.6
42.825073124950116,29.6
43.04892036581776,29.6
43.27393765926414,29.6
43.500131121170035,29.6
43.727506899384,29.6
43.956071173889484,29.6
44.18583015697281,29.6
44.416790093392,29.6
44.648957260546474,29.6
44.88233796864779,29.6
45.116938560890986,29.7
45.35276541362708,29.7
45.58982493653644,29.7
45.82812357280281,29.7
46.067667799288614,29.7
46.308464126710895,29.8
46.55051909981832,29.9
46.793839297569036,29.9
47.03843133330949,29.9
47.28430185495417,29.9
47.531457545166376,29.9
47.77990512153967,30.0
48.02965133678067,30.1
48.28070297889241,30.1
48.53306687135893,30.1
48.78674987333074,30.1
49.041758879811184,30.1
49.298100821843896,30.1
49.55578266670119,30.1
49.81481141807335,30.1
50.07519411625915,30.1
50.336937838356974,30.1
50.60004969845742,30.3
50.86453684783644,30.4
51.13040647514984,30.4
51.39766580662862,30.4
51.66632210627541,30.4
51.93638267606184,30.4
52.20785485612707,30.4
52.48074602497726,30.4
52.75506359968615,30.4
53.030815036096584,30.4
53.308007829023246,30.4
53.58664951245627,30.4
53.866747659766084,30.4
54.148309883909214,30.4
54.431343837635225,30.4
54.7158572136947,30.4
55.00185774504835,30.4
55.28935320507712,30.4
55.57835140779364,30.4
55.86886020805435,30.4
56.160887501773274,30.4
56.45444122613637,30.4
56.74952935981742,30.4
57.04615992319485,30.4
57.34434097856969,30.4
57.64408063038476,30.5
57.94538702544487,30.6
58.24826835313831,30.6
58.552732845659456,30.6
58.85878877823242,30.6
59.166444469336014,30.6
59.475708280929936,30.6
59.786588618681876,30.6
60.0990939321961,30.6
60.41323271524305,30.6
60.72901350599024,30.6
61.046444887234294,30.6
61.365535486634215,30.6
61.686293976945976,30.6
62.008729076258064,30.6
62.332849548228545,30.6
62.658664202323344,30.6
62.98618189405547,30.6
63.315411525225876,30.6
63.64636204416533,30.6
63.979042445977655,30.6
64.31346177278421,30.6
64.64962911396958,30.6
64.98755360642885,30.6
65.32724443481563,30.6
65.66871083179183,30.6
66.01196207827876,30.6
66.35700750370908,30.6
66.7038564862806,30.6
67.05251845321108,30.6
67.40300288099445,30.6
67.75531929565844,30.6
68.1094772730234,30.6
68.46548643896274,30.6
68.82335646966433,30.6
69.18309709189363,30.5
69.54471808325809,30.4
69.90822927247277,30.4
70.27364053962762,30.4
70.6409618164559,30.4
71.01020308660422,30.4
71.38137438590384,30.4
71.75448580264342,30.4
72.12954747784322,30.4
72.50656960553087,30.4
72.88556243301818,30.4
73.26653626117992,30.4
73.64950144473359,30.4
74.03446839252094,30.4
74.42144756779092,30.4
74.810449488484,30.4
75.20148472751808,30.4
75.59456391307583,30.4
75.98969772889355,30.4
76.38689691455168,30.4
76.78617226576647,30.4
77.18753463468363,30.4
77.59099493017311,30.4
77.99656411812569,30.4
78.404253221751,30.4
78.8140733218772,30.4
79.226035557252,30.4
79.64015112484554,30.4
80.05643128015467,30.4
80.47488733750892,30.4
80.89553067037787,30.3
81.31837271168051,30.2
81.74342495409579,30.1
82.170698950375,30.1
82.60020631365589,30.1
83.03195871777821,30.1
83.46596789760103,30.1
83.90224564932171,30.1
84.34080383079642,30.1
84.78165436186265,30.1
85.22480922466286,30.1
85.67028046397054,30.0
86.11808018751721,30.0
86.56822056632171,29.9
87.020713835021,29.9
87.47557229220259,29.9
87.93280830073893,29.9
88.39243428812335,29.9
88.85446274680783,29.9
89.31890623454267,29.9
89.78577737471758,29.9
90.25508885670492,29.9
90.72685343620469,29.9
91.20108393559097,29.9
91.67779324426061,29.9
92.15699431898352,29.9
92.63870018425483,29.8
93.12292393264887,29.7
93.60967872517497,29.7
94.09897779163542,29.7
94.5908344309847,29.7
95.0852620116911,29.7
95.58227397210023,29.6
96.08188382079996,29.6
96.5841051369878,29.6
97.08895157083991,29.6
97.59643684388209,29.6
98.10657474936274,29.6
98.61937915262773,29.6
99.13486399149741,29.6
99.65304327664518,29.6
100.17393109197839,29.6
100.69754159502135,29.7
101.22388901729977,29.7
101.75298766472777,29.7
102.28485191799675,29.7
102.81949623296607,29.7
103.35693514105618,29.7
103.89718324964329,29.7
104.44025524245698,29.8
104.98616587997819,29.9
105.53492999984189,29.9
106.08656251723878,29.9
106.64107842532215,29.9
107.19849279561431,29.9
107.75882077841675,29.9
108.32207760322176,29.9
108.88827857912626,29.9
109.45743909524856,29.9
110.02957462114523,29.9
110.60470070723336,29.9
111.18283298521138,29.9
111.76398716848561,29.9
112.3481790525961,29.9
112.93542451564652,29.9
113.5257395187356,29.9
114.11914010639099,29.9
114.71564240700522,29.9
115.3152626332741,29.9
115.91801708263789,29.9
116.52392213772293,30.0
117.13299426678874,30.1
117.74525002417371,30.1
118.36070605074681,30.1
118.97937907435858,30.1
119.60128591029638,30.1
120.22644346174131,30.1
120.85486872022751,30.1
121.4865787661046,30.1
122.12159076900052,30.1
122.75992198829012,30.1
123.40158977356222,30.1
124.04661156509306,30.1
124.69500489431896,30.1
125.34678738431336,30.1
126.00197675026583,30.1
126.6605907999634,30.1
127.3226474342747,30.1
127.98816464763628,30.1
128.6571605285424,30.1
129.32965326003517,30.1
130.00566112020084,30.1
130.68520248266435,30.1
131.36829581709074,30.1
132.05495968968575,30.1
132.74521276370103,30.1
133.43907379994133,30.1
134.1365616572744,30.1
134.83769529314347,30.1
135.54249376408254,30.1
136.25097622623485,30.1
136.96316193587217,30.1
137.67907024992007,30.1
138.39872062648203,30.1
139.1221326253702,30.1
139.84932590863562,30.1
140.58032024110324,30.1
141.31513549090906,30.1
142.05379163003997,30.1
142.7963087348772,30.1
143.5427069867405,30.0
144.29300667243896,29.9
145.04722818481977,29.9
145.80539202332486,29.9
146.56751879454652,29.9
147.333629212788,29.9
148.1037441006266,29.9
148.87788438947953,29.9
149.65607112017267,29.9
150.43832544351253,29.9
151.2246686208618,29.9
152.01512202471548,29.9
152.80970713928414,29.9
153.6084455610754,29.9
154.41135899948313,29.9
155.218469277376,29.9
156.02979833169113,29.9
156.8453682140304,29.8
157.66520109125955,29.7
158.48931924611142,29.7
159.3177450777899,29.6
160.15050110258113,29.6
160.9876099544629,29.6
161.82909438572216,29.6
162.67497726757185,29.6
163.52528159077312,29.6
164.38003046626017,29.6
165.23924712576837,29.6
166.1029549224657,29.6
166.97117733158728,29.6
167.8439379510743,29.7
168.72126050221348,29.7
169.60316883028446,29.7
170.48968690520502,29.7
171.38083882218535,29.7
172.27664880238083,29.7
173.17714119355136,29.7
174.08234047072295,29.7
174.99227123685273,29.6
175.9069582234984,29.6
176.82642629148881,29.6
177.75070043160196,29.6
178.67980576524164,29.6
179.61376754512278,29.6
180.55261115595593,29.6
181.49636211513797,29.6
182.44504607344558,29.6
183.39868881573247,29.6
184.35731626163007,29.6
185.3209544662519,29.6
186.28962962090262,29.6
187.26336805378796,29.6
188.24219623073301,29.6
189.2261407558986,29.6
190.21522837250714,29.6
191.20948596356752,29.6
192.20894055260666,29.5
193.21361930440384,29.4
194.22354952572874,29.4
195.2387586660848,29.4
196.25927431845295,29.4
197.28512422004457,29.4
198.31633625305224,29.4
199.35293844541056,29.3
200.39495897155572,29.3
201.4424261531923,29.2
202.4953684600627,29.2
203.55381451072122,29.2
204.6177930733116,29.2
205.6873330663489,29.2
206.76246355950653,29.2
207.84321377440395,29.2
208.92961308540407,29.1
210.02169102040844,29.1
211.11947726166272,29.0
212.22300164656127,28.9
213.33229416845913,28.8
214.447384977487,28.7
215.5683043813707,28.7
216.69508284625502,28.7
217.8277509975314,28.7
218.9663396206716,28.7
220.1108796620618,28.6
221.26140222984722,28.5
222.41793859477394,28.5
223.5805201910423,28.4
224.74917861715863,28.4
225.9239456367954,28.4
227.10485317965416,28.3
228.29193334233327,28.2
229.48521838920135,28.1
230.68474075327168,28.1
231.89053303708724,28.0
233.102628013603,28.0
234.32105862708036,27.9
235.5458579939798,27.8
236.77705940386227,27.7
238.0146963202937,27.6
239.25880238175446,27.5
240.50941140255387,27.4
241.76655737374873,27.3
243.03027446406858,27.2
244.30059702084168,27.2
245.57755957093218,27.1
246.86119682167464,27.1
248.1515436618211,27.0
249.44863516248657,27.0
250.75250657810346,27.0
252.0631933473797,27.0
253.3807310942614,27.0
254.7051556289027,27.0
256.03650294863604,27.0
257.3748092389545,26.9
258.72011087449107,26.8
260.0724444200114,26.8
261.4318466314045,26.8
262.79835445668317,26.8
264.17200503698814,26.8
265.5528357075972,26.8
266.94088399894025,26.7
268.336187637619,26.7
269.7387845474336,26.6
271.1487128504106,26.6
272.56601086784315,26.6
273.9907171213279,26.6
275.4228703338166,26.6
276.86250943066517,26.6
278.30967354069315,26.6
279.764401997247,26.6
281.2267343392687,26.6
282.6967103123723,26.6
284.1743698699204,26.6
285.65975317411466,26.6
287.152900597083,26.6
288.6538527219809,26.5
290.16265034409145,26.4
291.67933447193553,26.3
293.203946328386,26.3
294.7365273517884,26.3
296.27711919708696,26.3
297.8257637369567,26.3
299.38250306294265,26.4
300.947379486601,26.5
302.52043554065347,26.4
304.1017139801383,26.4
305.69125778357716,26.5
307.2891101541398,26.5
308.8953145208197,26.5
310.5099145396145,26.6
312.1329540947119,26.6
313.76447729968413,26.6
315.40452849868336,26.5
317.0531522676519,26.4
318.71039341552853,26.3
320.3762969854716,26.3
322.05090825607795,26.3
323.7342727426186,26.3
325.4264361982722,26.3
327.1274446153702,26.3
328.83734422664674,26.3
330.55618150649445,26.3
332.28400317222986,26.3
334.02085618535915,26.2
335.76678775285944,26.1
337.52184532845695,26.1
339.28607661392135,26.0
341.0595295603587,25.9
342.84225236951676,26.0
344.63429349509414,26.1
346.4357016440579,26.0
348.24652577796684,26.0
350.06681511430224,25.9
351.8966191278073,25.9
353.7359875518278,25.9
355.5849703796693,25.9
357.44361786595016,25.9
359.3119805279728,25.9
361.1901091470929,25.9
363.0780547701014,25.8
364.9758687106112,25.8
366.8836025504522,25.8
368.80130814107446,25.7
370.72903760495365,25.6
372.66684333701346,25.6
374.6147780060434,25.6
376.57289455613636,25.6
378.54124620812286,25.6
380.5198864610201,25.6
382.50886909348526,25.6
384.5082481652772,25.6
386.51807801872604,25.6
388.53841328020957,25.6
390.56930886163985,25.6
392.6108199619517,25.6
394.6630020686084,25.6
396.7259109591041,25.6
398.7996027024853,25.6
400.8841336608706,25.6
402.9795604909844,25.6
405.0859401456969,25.6
407.20332987557106,25.6
409.331787230421,25.6
411.4713700608718,25.6
413.6221365199375,25.6
415.78414506459575,25.5
417.95745445738237,25.4
420.1421237679842,25.4
422.33821237484636,25.3
424.5457799667861,25.2
426.76488654461485,25.1
428.9955924227691,25.1
431.23795823094935,25.1
433.49204491576995,25.1
435.7579137424112,25.1
438.0356262962907,25.1
440.3252444847303,25.1
442.62683053864555,25.0
444.9404470142319,24.9
447.2661567946673,24.9
449.60402309182115,24.9
451.9541094479714,24.9
454.3164797375345,24.9
456.6911981687959,24.9
459.0783292856624,24.9
461.4779379694089,24.9
463.89008944044906,24.9
466.31484926010245,24.9
468.7522833323791,24.9
471.20245790577025,24.8
473.6654395750488,24.7
476.14129528307956,24.7
478.630092322638,24.7
481.1318983382419,24.7
483.6467813279844,24.7
486.1748096453894,24.7
488.7160520012619,24.7
491.27057746556244,24.7
493.8384554692794,24.7
496.4197558063182,24.7
499.01454863539806,24.7
501.6229044819588,24.7
504.24489424007766,24.7
506.88058917439554,24.7
509.53006092205686,24.7
512.1933814946506,24.7
514.8706232801756,24.7
517.5618590449992,24.7
520.2671619358439,24.7
522.9866054817683,24.7
525.7202635961694,24.8
528.4682105787901,24.9
531.230521117739,24.9
534.0072702915224,24.9
536.7985335710792,24.9
539.6043868218401,24.9
542.4249063057814,24.9
545.2601686835053,24.9
548.1102510163182,24.9
550.9752307683272,24.9
553.8551858085453,24.9
556.7501944130083,24.9
559.6603352669016,25.0
562.5856874666987,25.1
565.5263305223134,25.1
568.4823443592555,25.1
571.4538093208106,25.1
574.4408061702153,25.1
577.4434160928608,25.1
580.4617206984933,25.1
583.4958020234345,25.1
586.5457425328113,25.1
589.6116251227962,25.3
592.6935331228639,25.4
595.7915502980484,25.4
598.9057608512304,25.4
602.0362494254149,25.4
605.1831011060411,25.4
608.3464014232891,25.4
611.5262363544065,25.4
614.7226923260454,25.4
617.9358562166111,25.4
621.1658153586235,25.4
624.4126575410903,25.4
627.6764710118958,25.5
630.957344480193,25.6
634.2553671188238,25.6
637.5706285667327,25.6
640.9032189314127,25.6
644.2532287913472,25.6
647.6207491984753,25.6
651.0058716806659,25.6
654.4086882442045,25.6
657.8292913762976,25.6
661.2677740475787,25.6
664.7242297146454,25.6
668.1987523225889,25.6
671.6914363075575,25.6
675.2023765993158,25.7
678.7316686238282,25.8
682.2794083058518,25.8
685.8456920715438,25.8
689.4306168510824,25.8
693.0342800813003,25.8
696.6567797083366,25.8
700.2982141902914,25.8
703.9586824999124,25.8
707.6382841272731,25.8
711.3371190824884,25.8
715.0552878984242,25.8
718.7928916334344,25.7
722.5500318741055,25.7
726.3268107380181,25.7
730.123330876526,25.7
733.9396954775374,25.7
737.7760082683312,25.7
741.6323735183645,25.7
745.508896042117,25.7
749.4056812019327,25.7
753.3228349108862,25.7
757.2604636356614,25.7
761.2186743994453,25.8
765.1975747848361,25.9
769.1972729367671,25.9
773.2178775654501,25.9
777.2594979493206,26.0
781.3222439380205,26.1
785.406225955371,26.1
789.5115550023859,26.2
793.6383426602791,26.2
797.7867010935024,26.2
801.9567430527921,26.3
806.1485818782347,26.3
810.3623315023465,26.3
814.59810645317,26.3
818.8560218573906,26.3
823.1361934434566,26.3
827.4387375447371,26.5
831.7637711026708,26.5
836.1114116699566,26.6
840.4817774137397,26.6
844.8749871188272,26.6
849.2911601909162,26.6
853.7304166598383,26.6
858.1928771828257,26.6
862.6786630477819,26.6
867.1878961765907,26.7
871.7206991284164,26.8
876.2771951030477,26.8
880.8575079442367,26.8
885.4617621430697,26.8
890.0900828413493,26.8
894.742595834996,26.9
899.4194275774676,26.9
904.1207051831946,27.0
908.8465564310401,27.0
913.5971097677627,27.0
918.3724943115215,27.0
923.1728398553701,27.0
927.998276870799,27.0
932.8489365112713,27.0
937.7249506157918,27.0
942.6264517124897,27.0
947.5535730222193,27.0
952.5064484621864,27.0
957.4852126495767,27.0
962.4900009052299,27.0
967.5209492573013,27.0
972.5781944449744,27.0
977.6618739221665,27.0
982.772125861269,27.0
987.9090891569025,27.0
993.0729034296917,27.0
998.26370903006,27.0
1003.4816470420445,27.0
1008.7268592871307,27.1
1013.9994883281055,27.1
1019.2996774729368,27.1
1024.627570778662,27.1
1029.9833130553077,27.1
1035.3670498698243,27.1
1040.778927550043,27.1
1046.219093188652,27.1
1051.687694647196,27.0
1057.1848805600926,27.0
1062.7108003386745,27.0
1068.2656041752484,27.0
1073.849443047181,27.0
1079.4624687209969,26.9
1085.104833756507,26.7
1090.7766915109553,26.5
1096.4781961431852,26.4
1102.2095026178308,26.0
1107.9707667095288,25.6
1113.7621450071517,25.4
1119.5837949180645,25.4
1125.4358746724013,25.2
1131.3185433273702,25.0
1137.231960771571,25.0
1143.1762877293438,25.0
1149.1516857651375,25.0
1155.1583172879002,25.1
1161.1963455554942,25.2
1167.2659346791324,25.3
1173.3672496278396,25.4
1179.5004562329357,25.5
1185.6657211925422,25.5
1191.8632120761172,25.6
1198.0930973290035,25.7
1204.355546277011,25.7
1210.650729131018,25.8
1216.9788169915967,25.8
1223.3399818536654,25.8
1229.7343966111616,25.8
1236.162235061742,25.8
1242.6236719115057,25.8
1249.1188827797416,25.8
1255.6480442037073,25.8
1262.2113336434193,25.7
1268.8089294864806,25.6
1275.4410110529293,25.6
1282.1077586001115,25.6
1288.8093533275808,25.6
1295.5459773820237,25.5
1302.3178138622095,25.5
1309.1250468239675,25.4
1315.967861285188,25.3
1322.8464432308563,25.2
1329.7609796180998,25.1
1336.7116583812742,25.1
1343.6986684370715,25.1
1350.7221996896535,25.1
1357.782443035813,25.1
1364.879590370164,25.0
1372.0138345903551,24.9
1379.1853696023147,24.8
1386.3943903255179,24.8
1393.6410926982915,24.7
1400.9256736831292,24.7
1408.248331272053,24.6
1415.6092644919916,24.6
1423.0086734101894,24.5
1430.4467591396458,24.4
1437.9237238445805,24.3
1445.439770745928,24.2
1452.9951041268616,24.2
1460.589929338344,24.1
1468.224452804715,24.0
1475.898882029292,23.9
1483.6134256000173,23.9
1491.3682931951248,23.9
1499.1636955888393,23.9
1506.999844657106,23.8
1514.8769533833477,23.7
1522.7952358642551,23.6
1530.754907315605,23.5
1538.7561840781082,23.3
1546.799283623296,23.2
1554.8844245594228,23.1
1563.0118266374113,23.0
1571.181710756826,22.9
1579.3942989718767,22.9
1587.649814497453,22.8
1595.9484817151922,22.8
1604.2905261795772,22.8
1612.6761746240677,22.8
1621.1056549672617,22.8
1629.5791963190893,22.8
1638.097028987047,22.8
1646.6593844824454,22.7
1655.266495526711,22.6
1663.9185960577072,22.6
1672.6159212360947,22.5
1681.3587074517213,22.4
1690.1471923300487,22.3
1698.9816147386093,22.2
1707.8622147934998,22.2
1716.789233865905,22.1
1725.7629145886658,22.1
1734.7835008628629,22.0
1743.8512378644525,22.0
1752.9663720509295,21.9
1762.1291511680254,21.9
1771.3398242564415,21.8
1780.598641658619,21.6
1789.9058550255418,21.6
1799.2617173235774,21.5
1808.6664828413498,21.4
1818.1204071966588,21.3
1827.6237473434162,21.1
1837.1767615786375,20.9
1846.7797095494598,20.9
1856.4328522602,20.8
1866.1364520794475,20.8
1875.8907727471963,20.7
1885.6960793820124,20.5
1895.552638488241,20.4
1905.4607179632462,20.4
1915.4205871047022,20.3
1925.4325166178992,20.2
1935.4967786231095,20.1
1945.6136466629825,19.9
1955.783395709978,19.7
1966.006302173841,19.6
1976.282643909114,19.5
1986.6127002226892,19.5
1996.996751881399,19.4
2007.4350811196462,19.3
2017.927971647083,19.2
2028.4757086563097,19.1
2039.078578830634,19.0
2049.736870351861,18.9
2060.4508729081267,18.7
2071.22087770177,18.5
2082.0471774572497,18.4
2092.9300664290977,18.4
2103.8698404099196,18.4
2114.8667967384304,18.3
2125.9212343075446,18.1
2137.0334535724887,17.9
2148.2037565589744,17.7
2159.4324468714053,17.6
2170.71982970113,17.5
2182.0662118347364,17.4
2193.4719016623894,17.2
2204.937209186215,17.0
2216.4624460287228,16.9
2228.0479254412767,16.9
2239.6939623126154,16.8
2251.4008731773993,16.7
2263.168976224821,16.5
2274.9985913072546,16.3
2286.890039948944,16.1
2298.843645354747,16.0
2310.8597324189163,15.9
2322.9386277339318,15.8
2335.0806595993763,15.7
2347.2861580308577,15.5
2359.5554547689862,15.3
2371.8888832883777,15.2
2384.2867788067265,15.1
2396.7494782939148,15.0
2409.2773204811715,14.8
2421.8706458702773,14.6
2434.5297967428205,14.4
2447.2551171695004,14.3
2460.0469530194778,14.2
2472.905651969775,14.1
2485.8315635147337,13.9
2498.825038975499,13.7
2511.88643150958,13.6
2525.0160961204438,13.5
2538.2143896671673,13.4
2551.481670874133,13.4
2564.8183003407817,13.3
2578.224640551411,13.2
2591.7010558850307,13.1
2605.247912625263,13.0
2618.8655789702975,12.9
2632.5544250429093,12.8
2646.314822900502,12.7
2660.14714654523,12.6
2674.051771934164,12.5
2688.029076989506,12.4
2702.079441608862,12.4
2716.20324767557,12.3
2730.400879069075,12.3
2744.6727216753675,12.2
2759.0191633974646,12.1
2773.440594165967,12.0
2787.9374059496395,11.9
2802.509992766076,11.9
2817.1587506924047,11.8
2831.8840778760564,11.7
2846.686374545581,11.5
2861.5660430215316,11.2
2876.5234877273942,10.9
2891.5591152005823,10.8
2906.6733341034837,10.8
2921.8665552345788,10.8
2937.139191539587,10.7
2952.4916581227058,10.6
2967.9243722578863,10.7
2983.4377534001765,10.7
2999.0322231971227,10.8
3014.7082055002275,10.8
3030.466126376471,10.9
3046.306414119893,11.0
3062.229499263226,11.1
3078.2358145896155,11.2
3094.325795144359,11.2
3110.4998782467446,11.3
3126.7585035019356,11.3
3143.1021128129173,11.3
3159.5311503925072,11.3
3176.0460627754296,11.3
3192.6472988304513,11.3
3209.335309772584,11.3
3226.1105491753406,11.3
3242.973472983081,11.3
3259.924539523382,11.3
3276.9642095195077,11.3
3294.0929461029286,11.3
3311.311214825911,11.3
3328.6194836741684,11.3
3346.018223079582,11.3
3363.507905932988,11.3
3381.089007597027,11.2
3398.762005919066,11.1
3416.527381244194,11.1
3434.385616428264,11.1
3452.337196851022,11.0
3470.382610429304,10.9
3488.5223476302926,10.9
3506.7569014848486,10.9
3525.0867676009134,10.8
3543.512444176976,10.7
3562.034432015617,10.6
3580.6532345371147,10.5
3599.369357793143,10.4
3618.1833104805046,10.3
3637.095603954969,10.2
3656.1067522451726,10.0
3675.2172720665826,9.9
3694.4276828355482,9.8
3713.738506683413,9.7
3733.1502684707093,9.6
3752.6634958014215,9.5
3772.2787190373247,9.3
3791.9964713124127,9.1
3811.817288547367,8.9
3831.7417094641373,8.9
3851.7702756005806,8.9
3871.9035313251793,8.8
3892.1420238518376,8.6
3912.4863032547537,8.5
3932.936922483372,8.4
3953.4944373774106,8.2
3974.1594066819653,8.0
3994.9323920627126,7.8
4015.8139581211503,7.4
4036.8046724099613,7.0
4057.9051054484326,6.7
4079.115830737964,6.5
4100.437424777656,6.5
4121.870467079975,6.6
4143.41554018651,6.7
4165.0732296838005,6.8
4186.844124219257,6.9
4208.728815517151,6.9
4230.72789839472,7.0
4252.841970778305,6.9
4275.071633719623,7.0
4297.417491412092,7.0
4319.880151207261,7.1
4342.460223631314,7.1
4365.158322401661,7.2
4387.975064443623,7.4
4410.911069907196,7.5
4433.9669621839075,7.7
4457.1433679237725,7.9
4480.4409170523,8.1
4503.860242787635,8.2
4527.40198165776,8.1
4551.0667735177985,8.0
4574.855261567406,8.0
4598.768092368251,8.0
4622.80591586159,8.0
4646.969385385929,7.9
4671.25915769478,7.8
4695.675892974527,7.7
4720.220254862348,7.6
4744.892910464259,7.5
4769.694530373255,7.5
4794.625788687525,7.4
4819.68736302878,7.3
4844.87993456067,7.3
4870.204188007296,7.3
4895.660811671819,7.3
4921.250497455168,7.2
4946.973940874864,7.2
4972.8318410838865,7.1
4998.824900889706,7.1
5024.953826773381,7.0
5051.219328908747,7.0
5077.622121181736,6.9
5104.162921209768,6.8
5130.842450361258,6.8
5157.661433775227,6.8
5184.620600380999,6.9
5211.720682918039,7.0
5238.962417955835,7.1
5266.346545913939,7.2
5293.873811082085,7.4
5321.544961640422,7.6
5349.360749679845,7.7
5377.321931222439,7.8
5405.429266242027,7.9
5433.683518684824,8.3
5462.085456490198,8.9
5490.635851611563,9.2
5519.335480037329,9.5
5548.185121812011,9.8
5577.185561057427,10.1
5606.337585994012,10.6
5635.641988962242,12.1
5665.0995664441625,13.4
5694.7111190850455,13.6
5724.477451715144,13.8
5754.399373371566,13.9
5784.477697320285,14.0
5814.713241078208,14.0
5845.10682643542,14.0
5875.659279477514,14.0
5906.371430608045,14.0
5937.244114571097,14.0
5968.278170473975,14.2
5999.4744418100045,14.3
6030.833776481469,14.3
6062.357026822636,14.4
6094.045049622959,14.5
6125.898706150321,14.5
6157.918862174471,14.7
6190.106387990547,15.3
6222.462158442733,15.8
6254.987052948034,15.9
6287.681955520183,16.2
6320.547754793659,16.5
6353.585344047851,16.7
6386.795621231329,17.2
6420.179488986247,18.0
6453.7378546729,18.5
6487.471630394349,18.9
6521.381733021235,19.3
6555.469084216698,19.6
6589.734610461422,19.9
6624.179243078815,20.2
6658.80391826033,20.4
6693.609577090902,21.0
6728.597165574533,21.7
6763.767634659991,21.9
6799.1219402666875,22.0
6834.661043310619,22.0
6870.385909730507,22.1
6906.297510514049,22.1
6942.39682172431,22.1
6978.684824526248,22.0
7015.162505213385,21.9
7051.830855234612,21.8
7088.690871221135,21.7
7125.7435550135615,21.6
7162.989913689153,21.5
7200.430959589155,21.3
7238.067710346342,20.7
7275.901188912673,20.1
7313.932423587085,19.5
7352.162448043451,18.7
7390.59230135867,18.2
7429.22302804091,18.0
7468.055678057999,17.8
7507.091306865953,17.6
7546.330975437692,17.3
7585.775750291836,17.1
7625.426703521717,16.9
7665.284912824515,16.7
7705.351461530549,16.5
7745.627438632719,16.5
7786.113938816104,16.4
7826.81206248772,16.4
7867.722915806424,16.3
7908.847610712972,16.3
7950.187264960275,16.2
7991.743002143727,16.1
8033.515951731782,16.0
8075.507249096639,15.8
8117.718035545101,15.4
8160.149458349601,15.1
8202.80267077938,14.7
8245.67883213183,14.5
8288.77910776401,14.4
8332.104669124305,14.4
8375.656693784302,14.3
8419.436365470749,14.1
8463.444874097753,14.0
8507.683415799123,13.8
8552.153192960874,13.7
8596.855414253905,13.5
8641.791294666864,13.5
8686.962055539152,13.9
8732.36892459413,14.2
8778.01313597248,14.3
8823.895930265779,14.3
8870.018554550163,14.6
8916.382262420266,15.8
8962.988314023276,17.0
9009.83797609319,17.3
9056.932521985234,17.7
9104.273231710486,18.1
9151.861391970657,18.7
9199.698296193066,19.7
9247.785244565785,20.4
9296.12354407301,20.6
9344.714508530542,20.8
9393.559458621517,21.0
9442.659721932305,21.1
9492.016632988581,21.2
9541.631533291613,21.3
9591.505771354708,21.3
9641.64070273987,21.2
9692.037690094652,21.1
9742.698103189163,21.0
9793.623318953358,20.5
9844.814721514387,20.0
9896.27370223427,19.8
9948.001659747684,19.5
10000.0,19.3
10052.270136285486,19.1
10104.813489285681,18.6
10157.6314871081,18.3
10210.725565324987,18.3
10264.09716701231,18.2
10317.747742788988,18.0
10371.678750856474,17.7
10425.891657038128,17.4
10480.387934819217,16.7
10535.16906538697,14.7
10590.236537670813,13.1
10645.591848382772,12.5
10701.236502058211,12.0
10757.172011096769,11.4
10813.399895803414,9.1
10869.921684429703,6.6
10926.73891321545,6.2
10983.85312643042,6.2
11041.265876416248,6.3
11098.978723628681,6.2
11156.993236680037,5.7
11215.310992381786,5.0
11273.933575787378,4.9
11332.862580235347,4.9
11392.099607392682,4.9
11451.646267298307,4.8
11511.504178406769,4.5
11571.674967632372,3.9
11632.16027039332,3.6
11692.961730656129,4.1
11754.08100098034,4.6
11815.519742563505,4.7
11877.27962528627,4.9
11939.362327757724,5.1
12001.76953736107,5.3
12064.50295029953,5.7
12127.56427164241,6.4
12190.95521537136,6.8
12254.677504427105,7.1
12318.732870756214,7.4
12383.123055358106,7.5
12447.849808332432,7.5
12512.914888926687,7.5
12578.320065583976,7.5
12644.067115991029,7.5
12710.157827126544,7.5
12776.593995309939,7.5
12843.377426249857,7.4
12910.50993509343,7.3
12977.99334647565,7.2
13045.829494568892,7.1
13114.020223132724,7.2
13182.567385564074,7.4
13251.472844947652,7.8
13320.738474106534,8.5
13390.366155652993,9.5
13460.35778203982,10.0
13530.715255611682,10.1
13601.440488656775,10.0
13672.535403458849,9.8
13744.001932349513,9.7
13815.842017760702,9.6
13888.057612277411,10.2
13960.650678690825,10.7
14033.62319005172,10.8
14106.977129724035,10.7
14180.714491438697,10.6
14254.837279347976,10.5
14329.347508079869,10.0
14404.247202792812,9.4
14479.538399230763,9.1
14555.223143778607,9.4
14631.303493517702,9.5
14707.78151628175,9.6
14784.65929071304,9.7
14861.938906319014,9.7
14939.622463529,9.7
15017.712073751207,9.6
15096.209859430292,9.4
15175.117954104964,9.1
15254.438502465904,8.6
15334.173660414117,8.1
15414.325595119602,7.6
15494.896485080177,7.3
15575.88852018064,6.3
15657.303901752315,5.2
15739.1448426331,4.7
15821.413567227246,4.2
15904.112311566014,4.1
15987.243323368504,4.4
16070.808862102673,4.7
16154.811199046684,5.0
16239.252617350698,5.5
16324.135412099,5.9
16409.461890372313,6.3
16495.23437131044,6.6
16581.455186175313,6.8
16668.12667841462,6.9
16755.251203725067,7.0
