10.0,24.1
10.052270136285475,24.1
10.104813489285682,24.2
10.157631487108103,24.3
10.210725565324982,24.3
10.264097167012295,24.3
10.317747742789004,24.3
10.371678750856479,24.3
10.425891657038118,24.3
10.480387934819216,24.4
10.535169065386981,24.4
10.590236537670812,24.5
10.64559184838276,24.5
10.701236502058206,24.6
10.757172011096776,24.6
10.813399895803409,24.6
10.869921684429707,24.6
10.926738913215466,24.6
10.98385312643042,24.7
11.041265876416237,24.7
11.098978723628681,24.8
11.156993236680048,24.9
11.215310992381788,24.9
11.27393357578736,25.0
11.332862580235341,25.1
11.392099607392687,25.2
11.451646267298301,25.2
11.511504178406776,25.2
11.571674967632385,25.2
11.632160270393321,25.2
11.692961730656117,25.4
11.75408100098034,25.5
11.815519742563518,25.6
11.87727962528627,25.6
11.939362327757706,25.7
12.001769537361062,25.7
12.064502950299536,25.7
12.127564271642404,25.7
12.190955215371359,25.8
12.254677504427118,25.9
12.318732870756214,25.9
12.383123055358094,25.9
12.447849808332432,26.0
12.5129148889267,26.0
12.578320065583968,26.0
12.644067115991009,26.0
12.710157827126565,26.1
12.776593995309947,26.2
12.843377426249843,26.2
12.910509935093431,26.2
12.977993346475664,26.2
13.045829494568892,26.2
13.11402022313271,26.2
13.182567385564074,26.3
13.251472844947658,26.3
13.320738474106527,26.4
13.390366155653,26.5
13.460357782039841,26.6
13.530715255611682,26.7
13.601440488656761,26.7
13.672535403458848,26.8
13.744001932349526,26.9
13.815842017760701,26.9
13.888057612277397,26.9
13.960650678690818,26.9
14.033623190051728,26.9
14.10697712972403,26.9
14.180714491438705,26.9
14.25483727934799,27.0
14.32934750807987,27.1
14.404247202792797,27.2
14.479538399230764,27.3
14.55522314377862,27.4
14.631303493517702,27.5
14.707781516281727,27.5
14.784659290713032,27.6
14.861938906319022,27.5
14.939622463528993,27.5
15.017712073751214,27.4
15.096209859430308,27.4
15.175117954104964,27.4
15.254438502465888,27.4
15.334173660414118,27.5
15.414325595119617,27.5
15.494896485080169,27.6
15.575888520180618,27.7
15.65730390175234,27.8
15.73914484263311,27.9
15.821413567227237,27.9
15.904112311566013,27.9
15.98724332336852,28.0
16.070808862102673,28.0
16.154811199046666,28.1
16.239252617350697,28.1
16.324135412099007,28.1
16.409461890372306,28.1
16.495234371310413,28.2
16.58145518617534,28.3
16.668126678414627,28.3
16.755251203725052,28.3
16.84283113011666,28.3
16.930868837977105,28.4
17.01936672013636,28.4
17.108327181931763,28.4
17.197752641273365,28.4
17.28764552870969,28.4
17.378008287493753,28.4
17.4688433736495,28.5
17.560153256038525,28.6
17.651940416427212,28.6
17.744207349554188,28.6
17.836956563198083,28.6
17.93019057824573,28.6
18.023911928760675,28.7
18.118123162052047,28.8
18.21282683874379,28.8
18.30802553284428,28.8
18.403721831816252,28.8
18.499918336647156,28.8
18.59661766191982,29.0
18.69382243588356,29.1
18.791535300525574,29.1
18.889758911642755,29.1
18.98849593891389,29.1
19.08774906597221,29.1
19.187520990478333,29.1
19.287814424193606,29.1
19.388632093053765,29.1
19.48997673724305,29.1
19.591851111268685,29.2
19.69425798403576,29.3
19.79720013892245,29.3
19.90068037385568,29.3
20.004701501387192,29.3
20.109266348769967,29.3
20.214377758035074,29.4
20.320038586068932,29.5
20.426251704690927,29.5
20.533020000731486,29.5
20.64034637611054,29.5
20.748233747916412,29.5
20.856685048485062,29.6
20.965703225479817,29.6
21.075291241971485,29.6
21.185452076518878,29.7
21.296188723249774,29.8
21.407504191942323,29.8
21.519401508106792,29.8
21.631883713067854,29.8
21.744953864047204,29.8
21.858615034246718,29.8
21.972870312931903,29.8
22.087722805515906,29.8
22.203175633643916,29.8
22.319231935278008,29.9
22.435894864782412,29.9
22.553167593009288,30.0
22.671053307384867,30.0
22.789555211996095,30.0
22.908676527677724,30.0
23.028420492099883,30.0
23.148790359856015,30.0
23.26978940255137,30.0
23.391420908891938,30.1
23.51368818477381,30.2
23.63659455337303,30.2
23.760143355235964,30.2
23.884337948370025,30.2
24.009181708334992,30.2
24.134678028334722,30.4
24.260830319309434,30.5
24.387642010028344,30.5
24.515116547182902,30.5
24.64325739548046,30.5
24.772068037738443,30.5
24.901551974979007,30.5
25.031712726524198,30.5
25.162553830091625,30.6
25.294078841890578,30.7
25.426291336718684,30.7
25.559194908059133,30.7
25.692793168178262,30.7
25.827089748223784,30.7
25.96208829832347,30.7
26.097792487684362,30.7
26.234206004692496,30.7
26.371332557013133,30.8
26.5091758716916,30.9
26.647739695254497,30.9
26.787027793811582,30.9
26.9270439531581,30.9
27.06779197887776,30.9
27.209275696446046,30.9
27.351498951334275,30.9
27.494465609114105,30.9
27.638179555562576,30.9
27.782644696767733,30.9
27.92786495923483,30.9
28.07384428999299,30.9
28.220586656702505,31.0
28.368096047762684,31.0
28.516376472420284,31.0
28.66543196087842,31.0
28.815266564406134,31.0
28.965884355448516,31.0
29.11728942773738,31.0
29.26948589640251,31.1
29.42247789808359,31.1
29.57626959104251,31.1
29.730865155276486,31.2
29.88626879263161,31.2
30.04248472691713,31.2
30.19951720402016,31.2
30.357370492021133,31.2
30.516048881309793,31.2
30.675556684701824,31.2
30.835898237556027,31.2
30.99707789789224,31.2
31.15910004650967,31.3
31.321969087106055,31.3
31.485689446397288,31.4
31.650265574237824,31.4
31.815701943741516,31.4
31.98200305140326,31.4
32.14917341722119,31.4
32.31721758481955,31.4
32.486140121572134,31.4
32.655945618726484,31.4
32.82663869152868,31.4
32.99822397934869,31.5
33.170706145806605,31.6
33.34408987889928,31.7
33.51837989112781,31.7
33.69358091962557,31.7
33.86969772628702,31.7
34.04673509789711,31.7
34.224697846261364,31.7
34.40359080833668,31.7
34.58341884636283,31.7
34.764186847994516,31.7
34.94589972643436,31.7
35.12856242056629,31.7
35.312179895089876,31.7
35.496757140655234,31.8
35.68229917399868,31.9
35.86881103807908,31.9
36.05629780221492,31.9
36.24476456222205,31.9
36.434216440552284,31.9
36.6246585864325,31.9
36.81609617600466,31.9
37.00853441246656,31.9
37.2019785262131,31.9
37.39643377497855,31.9
37.591905443979435,31.9
37.788398846058186,31.9
37.985919321827524,32.0
38.184472239815605,32.0
38.384062996612016,32.1
38.584697017014335,32.1
38.786379754175634,32.1
38.98911668975273,32.1
39.1929133340551,32.1
39.39777522619469,32.1
39.60370793423646,32.1
39.810717055349734,32.1
40.0188082159603,32.1
40.227987071903335,32.1
40.43825930857721,32.1
40.64963064109788,32.1
40.8621068144543,32.1
41.075693603664625,32.2
41.29039681393302,32.2
41.506222280807584,32.2
41.72317587033889,32.2
41.94126347923944,32.2
42.16049103504393,32.2
42.38086449627034,32.2
42.60238985258197,32.2
42.825073124950116,32.3
43.04892036581776,32.3
43.27393765926414,32.3
43.500131121170035,32.3
43.727506899384,32.3
43.956071173889484,32.3
44.18583015697281,32.3
44.416790093392,32.3
44.648957260546474,32.3
44.88233796864779,32.4
45.116938560890986,32.4
45.35276541362708,32.4
45.58982493653644,32.4
45.82812357280281,32.4
46.067667799288614,32.4
46.308464126710895,32.4
46.55051909981832,32.4
46.793839297569036,32.4
47.03843133330949,32.4
47.28430185495417,32.4
47.531457545166376,32.4
47.77990512153967,32.4
48.02965133678067,32.4
48.28070297889241,32.4
48.53306687135893,32.4
48.78674987333074,32.4
49.041758879811184,32.4
49.298100821843896,32.4
49.55578266670119,32.4
49.81481141807335,32.4
50.07519411625915,32.4
50.336937838356974,32.4
50.60004969845742,32.4
50.86453684783644,32.4
51.13040647514984,32.4
51.39766580662862,32.4
51.66632210627541,32.4
51.93638267606184,32.4
52.20785485612707,32.4
52.48074602497726,32.4
52.75506359968615,32.4
53.030815036096584,32.5
53.308007829023246,32.5
53.58664951245627,32.5
53.866747659766084,32.5
54.148309883909214,32.5
54.431343837635225,32.5
54.7158572136947,32.5
55.00185774504835,32.5
55.28935320507712,32.5
55.57835140779364,32.5
55.86886020805435,32.5
56.160887501773274,32.5
56.45444122613637,32.5
56.74952935981742,32.5
57.04615992319485,32.5
57.34434097856969,32.5
57.64408063038476,32.5
57.94538702544487,32.5
58.24826835313831,32.5
58.552732845659456,32.5
58.85878877823242,32.5
59.166444469336014,32.5
59.475708280929936,32.5
59.786588618681876,32.5
60.0990939321961,32.5
60.41323271524305,32.5
60.72901350599024,32.5
61.046444887234294,32.5
61.365535486634215,32.5
61.686293976945976,32.5
62.008729076258064,32.5
62.332849548228545,32.5
62.658664202323344,32.5
62.98618189405547,32.5
63.315411525225876,32.5
63.64636204416533,32.5
63.979042445977655,32.5
64.31346177278421,32.5
64.64962911396958,32.6
64.98755360642885,32.6
65.32724443481563,32.6
65.66871083179183,32.6
66.01196207827876,32.6
66.35700750370908,32.6
66.7038564862806,32.6
67.05251845321108,32.6
67.40300288099445,32.6
67.75531929565844,32.6
68.1094772730234,32.7
68.46548643896274,32.7
68.82335646966433,32.7
69.18309709189363,32.7
69.54471808325809,32.7
69.90822927247277,32.7
70.27364053962762,32.7
70.6409618164559,32.7
71.01020308660422,32.7
71.38137438590384,32.7
71.75448580264342,32.7
72.12954747784322,32.7
72.50656960553087,32.7
72.88556243301818,32.7
73.26653626117992,32.7
73.64950144473359,32.7
74.03446839252094,32.7
74.42144756779092,32.7
74.810449488484,32.7
75.20148472751808,32.7
75.59456391307583,32.7
75.98969772889355,32.7
76.38689691455168,32.7
76.78617226576647,32.7
77.18753463468363,32.7
77.59099493017311,32.7
77.99656411812569,32.7
78.404253221751,32.7
78.8140733218772,32.7
79.226035557252,32.7
79.64015112484554,32.7
80.05643128015467,32.7
80.47488733750892,32.7
80.89553067037787,32.7
81.31837271168051,32.7
81.74342495409579,32.7
82.170698950375,32.7
82.60020631365589,32.7
83.03195871777821,32.7
83.46596789760103,32.7
83.90224564932171,32.8
84.34080383079642,32.9
84.78165436186265,32.9
85.22480922466286,32.9
85.67028046397054,32.9
86.11808018751721,32.9
86.56822056632171,32.9
87.020713835021,32.9
87.47557229220259,32.9
87.93280830073893,32.9
88.39243428812335,32.9
88.85446274680783,32.9
89.31890623454267,32.9
89.78577737471758,32.9
90.25508885670492,32.9
90.72685343620469,32.9
91.20108393559097,32.9
91.67779324426061,32.9
92.15699431898352,32.9
92.63870018425483,32.9
93.12292393264887,32.9
93.60967872517497,32.9
94.09897779163542,32.9
94.5908344309847,32.9
95.0852620116911,32.9
95.58227397210023,32.9
96.08188382079996,32.9
96.5841051369878,32.9
97.08895157083991,32.9
97.59643684388209,32.9
98.10657474936274,32.9
98.61937915262773,32.9
99.13486399149741,32.9
99.65304327664518,32.9
100.17393109197839,32.9
100.69754159502135,32.9
101.22388901729977,32.9
101.75298766472777,32.9
102.28485191799675,32.9
102.81949623296607,32.9
103.35693514105618,32.9
103.89718324964329,32.9
104.44025524245698,32.9
104.98616587997819,32.9
105.53492999984189,32.9
106.08656251723878,32.9
106.64107842532215,32.9
107.19849279561431,32.9
107.75882077841675,32.9
108.32207760322176,32.9
108.88827857912626,32.9
109.45743909524856,32.9
110.02957462114523,32.9
110.60470070723336,32.9
111.18283298521138,32.9
111.76398716848561,32.9
112.3481790525961,32.9
112.93542451564652,32.9
113.5257395187356,32.9
114.11914010639099,32.9
114.71564240700522,32.9
115.3152626332741,32.9
115.91801708263789,32.9
116.52392213772293,32.9
117.13299426678874,32.9
117.74525002417371,32.9
118.36070605074681,32.9
118.97937907435858,32.9
119.60128591029638,32.9
120.22644346174131,32.9
120.85486872022751,32.9
121.4865787661046,32.9
122.12159076900052,32.9
122.75992198829012,32.9
123.40158977356222,32.9
124.04661156509306,32.9
124.69500489431896,32.9
125.34678738431336,32.9
126.00197675026583,32.8
126.6605907999634,32.7
127.3226474342747,32.6
127.98816464763628,32.6
128.6571605285424,32.6
129.32965326003517,32.6
130.00566112020084,32.6
130.68520248266435,32.6
131.36829581709074,32.6
132.05495968968575,32.6
132.74521276370103,32.6
133.43907379994133,32.6
134.1365616572744,32.6
134.83769529314347,32.6
135.54249376408254,32.6
136.25097622623485,32.6
136.96316193587217,32.6
137.67907024992007,32.5
138.39872062648203,32.4
139.1221326253702,32.4
139.84932590863562,32.4
140.58032024110324,32.4
141.31513549090906,32.4
142.05379163003997,32.4
142.7963087348772,32.4
143.5427069867405,32.4
144.29300667243896,32.4
145.04722818481977,32.4
145.80539202332486,32.4
146.56751879454652,32.4
147.333629212788,32.4
148.1037441006266,32.4
148.87788438947953,32.4
149.65607112017267,32.4
150.43832544351253,32.4
151.2246686208618,32.4
152.01512202471548,32.4
152.80970713928414,32.5
153.6084455610754,32.6
154.41135899948313,32.6
155.218469277376,32.6
156.02979833169113,32.8
156.8453682140304,32.9
157.66520109125955,32.9
158.48931924611142,32.9
159.3177450777899,32.9
160.15050110258113,32.9
160.9876099544629,32.9
161.82909438572216,32.9
162.67497726757185,32.8
163.52528159077312,32.7
164.38003046626017,32.6
165.23924712576837,32.6
166.1029549224657,32.6
166.97117733158728,32.6
167.8439379510743,32.5
168.72126050221348,32.4
169.60316883028446,32.3
170.48968690520502,32.3
171.38083882218535,32.2
172.27664880238083,32.2
173.17714119355136,32.1
174.08234047072295,32.1
174.99227123685273,32.0
175.9069582234984,32.0
176.82642629148881,31.9
177.75070043160196,31.9
178.67980576524164,31.9
179.61376754512278,31.9
180.55261115595593,31.9
181.49636211513797,31.9
182.44504607344558,31.9
183.39868881573247,31.9
184.35731626163007,31.9
185.3209544662519,31.9
186.28962962090262,31.9
187.26336805378796,31.9
188.24219623073301,31.9
189.2261407558986,31.9
190.21522837250714,31.9
191.20948596356752,31.9
192.20894055260666,31.9
193.21361930440384,32.0
194.22354952572874,32.1
195.2387586660848,32.1
196.25927431845295,32.1
197.28512422004457,32.1
198.31633625305224,32.1
199.35293844541056,32.1
200.39495897155572,32.1
201.4424261531923,32.1
202.4953684600627,32.1
203.55381451072122,32.1
204.6177930733116,32.1
205.6873330663489,32.1
206.76246355950653,32.1
207.84321377440395,32.1
208.92961308540407,32.1
210.02169102040844,32.1
211.11947726166272,32.1
212.22300164656127,32.1
213.33229416845913,32.1
214.447384977487,32.1
215.5683043813707,32.1
216.69508284625502,32.1
217.8277509975314,32.1
218.9663396206716,32.1
220.1108796620618,32.1
221.26140222984722,32.1
222.41793859477394,32.1
223.5805201910423,32.1
224.74917861715863,32.1
225.9239456367954,32.1
227.10485317965416,32.1
228.29193334233327,32.1
229.48521838920135,32.1
230.68474075327168,32.1
231.89053303708724,32.1
233.102628013603,32.1
234.32105862708036,32.1
235.5458579939798,32.1
236.77705940386227,32.1
238.0146963202937,32.1
239.25880238175446,32.1
240.50941140255387,32.1
241.76655737374873,32.1
243.03027446406858,32.1
244.30059702084168,32.1
245.57755957093218,32.1
246.86119682167464,32.1
248.1515436618211,32.1
249.44863516248657,32.1
250.75250657810346,32.1
252.0631933473797,32.1
253.3807310942614,32.1
254.7051556289027,32.1
256.03650294863604,32.1
257.3748092389545,32.0
258.72011087449107,31.9
260.0724444200114,31.9
261.4318466314045,31.9
262.79835445668317,31.9
264.17200503698814,31.9
265.5528357075972,31.9
266.94088399894025,31.9
268.336187637619,31.9
269.7387845474336,31.9
271.1487128504106,31.9
272.56601086784315,31.9
273.9907171213279,31.8
275.4228703338166,31.7
276.86250943066517,31.7
278.30967354069315,31.7
279.764401997247,31.7
281.2267343392687,31.7
282.6967103123723,31.7
284.1743698699204,31.7
285.65975317411466,31.7
287.152900597083,31.7
288.6538527219809,31.7
290.16265034409145,31.7
291.67933447193553,31.7
293.203946328386,31.6
294.7365273517884,31.5
296.27711919708696,31.4
297.8257637369567,31.4
299.38250306294265,31.4
300.947379486601,31.4
302.52043554065347,31.4
304.1017139801383,31.4
305.69125778357716,31.4
307.2891101541398,31.4
308.8953145208197,31.3
310.5099145396145,31.2
312.1329540947119,31.2
313.76447729968413,31.2
315.40452849868336,31.2
317.0531522676519,31.2
318.71039341552853,31.1
320.3762969854716,31.1
322.05090825607795,31.0
323.7342727426186,31.0
325.4264361982722,31.0
327.1274446153702,30.9
328.83734422664674,30.9
330.55618150649445,30.9
332.28400317222986,30.9
334.02085618535915,30.9
335.76678775285944,30.9
337.52184532845695,30.8
339.28607661392135,30.7
341.0595295603587,30.7
342.84225236951676,30.7
344.63429349509414,30.7
346.4357016440579,30.6
348.24652577796684,30.5
350.06681511430224,30.4
351.8966191278073,30.4
353.7359875518278,30.3
355.5849703796693,30.2
357.44361786595016,30.2
359.3119805279728,30.2
361.1901091470929,30.2
363.0780547701014,30.2
364.9758687106112,30.2
366.8836025504522,30.1
368.80130814107446,30.0
370.72903760495365,30.0
372.66684333701346,30.0
374.6147780060434,30.0
376.57289455613636,30.0
378.54124620812286,29.9
380.5198864610201,29.8
382.50886909348526,29.8
384.5082481652772,29.8
386.51807801872604,29.8
388.53841328020957,29.8
390.56930886163985,29.7
392.6108199619517,29.6
394.6630020686084,29.6
396.7259109591041,29.6
398.7996027024853,29.5
400.8841336608706,29.5
402.9795604909844,29.5
405.0859401456969,29.5
407.20332987557106,29.5
409.331787230421,29.5
411.4713700608718,29.4
413.6221365199375,29.3
415.78414506459575,29.3
417.95745445738237,29.3
420.1421237679842,29.3
422.33821237484636,29.3
424.5457799667861,29.3
426.76488654461485,29.3
428.9955924227691,29.3
431.23795823094935,29.3
433.49204491576995,29.2
435.7579137424112,29.1
438.0356262962907,29.1
440.3252444847303,29.1
442.62683053864555,29.1
444.9404470142319,29.1
447.2661567946673,29.1
449.60402309182115,29.1
451.9541094479714,29.1
454.3164797375345,29.1
456.6911981687959,29.1
459.0783292856624,29.1
461.4779379694089,29.0
463.89008944044906,28.9
466.31484926010245,28.8
468.7522833323791,28.8
471.20245790577025,28.8
473.6654395750488,28.8
476.14129528307956,28.8
478.630092322638,28.8
481.1318983382419,28.8
483.6467813279844,28.8
486.1748096453894,28.8
488.7160520012619,28.8
491.27057746556244,28.8
493.8384554692794,28.8
496.4197558063182,28.8
499.01454863539806,28.8
501.6229044819588,28.8
504.24489424007766,28.8
506.88058917439554,28.8
509.53006092205686,28.8
512.1933814946506,28.8
514.8706232801756,28.8
517.5618590449992,28.8
520.2671619358439,28.8
522.9866054817683,28.8
525.7202635961694,28.8
528.4682105787901,28.8
531.230521117739,28.8
534.0072702915224,28.8
536.7985335710792,28.8
539.6043868218401,28.8
542.4249063057814,28.8
545.2601686835053,29.0
548.1102510163182,29.1
550.9752307683272,29.1
553.8551858085453,29.1
556.7501944130083,29.1
559.6603352669016,29.1
562.5856874666987,29.1
565.5263305223134,29.1
568.4823443592555,29.2
571.4538093208106,29.3
574.4408061702153,29.4
577.4434160928608,29.5
580.4617206984933,29.5
583.4958020234345,29.5
586.5457425328113,29.5
589.6116251227962,29.5
592.6935331228639,29.6
595.7915502980484,29.6
598.9057608512304,29.7
602.0362494254149,29.7
605.1831011060411,29.8
608.3464014232891,29.9
611.5262363544065,29.9
614.7226923260454,30.0
617.9358562166111,30.1
621.1658153586235,30.1
624.4126575410903,30.2
627.6764710118958,30.3
630.957344480193,30.3
634.2553671188238,30.3
637.5706285667327,30.3
640.9032189314127,30.4
644.2532287913472,30.5
647.6207491984753,30.6
651.0058716806659,30.7
654.4086882442045,30.8
657.8292913762976,30.8
661.2677740475787,30.9
664.7242297146454,31.0
668.1987523225889,31.1
671.6914363075575,31.2
675.2023765993158,31.2
678.7316686238282,31.2
682.2794083058518,31.2
685.8456920715438,31.3
689.4306168510824,31.3
693.0342800813003,31.4
696.6567797083366,31.5
700.2982141902914,31.6
703.9586824999124,31.7
707.6382841272731,31.7
711.3371190824884,31.8
715.0552878984242,31.9
718.7928916334344,31.9
722.5500318741055,31.9
726.3268107380181,31.9
730.123330876526,31.9
733.9396954775374,32.0
737.7760082683312,32.1
741.6323735183645,32.1
745.508896042117,32.1
749.4056812019327,32.1
753.3228349108862,32.1
757.2604636356614,32.1
761.2186743994453,32.1
765.1975747848361,32.1
769.1972729367671,32.1
773.2178775654501,32.1
777.2594979493206,32.1
781.3222439380205,32.2
785.406225955371,32.2
789.5115550023859,32.2
793.6383426602791,32.2
797.7867010935024,32.2
801.9567430527921,32.2
806.1485818782347,32.2
810.3623315023465,32.2
814.59810645317,32.2
818.8560218573906,32.2
823.1361934434566,32.2
827.4387375447371,32.3
831.7637711026708,32.4
836.1114116699566,32.5
840.4817774137397,32.6
844.8749871188272,32.6
849.2911601909162,32.7
853.7304166598383,32.7
858.1928771828257,32.8
862.6786630477819,32.9
867.1878961765907,32.9
871.7206991284164,32.9
876.2771951030477,32.9
880.8575079442367,32.9
885.4617621430697,33.0
890.0900828413493,33.0
894.742595834996,33.1
899.4194275774676,33.1
904.1207051831946,33.1
908.8465564310401,33.1
913.5971097677627,33.1
918.3724943115215,33.2
923.1728398553701,33.3
927.998276870799,33.3
932.8489365112713,33.3
937.7249506157918,33.3
942.6264517124897,33.3
947.5535730222193,33.3
952.5064484621864,33.3
957.4852126495767,33.3
962.4900009052299,33.3
967.5209492573013,33.4
972.5781944449744,33.4
977.6618739221665,33.4
982.772125861269,33.4
987.9090891569025,33.4
993.0729034296917,33.4
998.26370903006,33.4
1003.4816470420445,33.4
1008.7268592871307,33.4
1013.9994883281055,33.4
1019.2996774729368,33.4
1024.627570778662,33.4
1029.9833130553077,33.4
1035.3670498698243,33.4
1040.778927550043,33.4
1046.219093188652,33.4
1051.687694647196,33.4
1057.1848805600926,33.4
1062.7108003386745,33.4
1068.2656041752484,33.4
1073.849443047181,33.4
1079.4624687209969,33.4
1085.104833756507,33.4
1090.7766915109553,33.4
1096.4781961431852,33.4
1102.2095026178308,33.4
1107.9707667095288,33.4
1113.7621450071517,33.4
1119.5837949180645,33.4
1125.4358746724013,33.4
1131.3185433273702,33.4
1137.231960771571,33.4
1143.1762877293438,33.4
1149.1516857651375,33.4
1155.1583172879002,33.4
1161.1963455554942,33.4
1167.2659346791324,33.3
1173.3672496278396,33.3
1179.5004562329357,33.3
1185.6657211925422,33.3
1191.8632120761172,33.3
1198.0930973290035,33.3
1204.355546277011,33.3
1210.650729131018,33.2
1216.9788169915967,33.2
1223.3399818536654,33.1
1229.7343966111616,33.0
1236.162235061742,33.0
1242.6236719115057,33.0
1249.1188827797416,32.9
1255.6480442037073,32.8
1262.2113336434193,32.8
1268.8089294864806,32.7
1275.4410110529293,32.7
1282.1077586001115,32.7
1288.8093533275808,32.7
1295.5459773820237,32.6
1302.3178138622095,32.5
1309.1250468239675,32.5
1315.967861285188,32.5
1322.8464432308563,32.5
1329.7609796180998,32.5
1336.7116583812742,32.4
1343.6986684370715,32.3
1350.7221996896535,32.2
1357.782443035813,32.2
1364.879590370164,32.2
1372.0138345903551,32.2
1379.1853696023147,32.1
1386.3943903255179,32.0
1393.6410926982915,32.0
1400.9256736831292,32.0
1408.248331272053,32.0
1415.6092644919916,32.0
1423.0086734101894,32.0
1430.4467591396458,32.0
1437.9237238445805,31.9
1445.439770745928,31.9
1452.9951041268616,31.8
1460.589929338344,31.8
1468.224452804715,31.8
1475.898882029292,31.8
1483.6134256000173,31.8
1491.3682931951248,31.8
1499.1636955888393,31.8
1506.999844657106,31.8
1514.8769533833477,31.8
1522.7952358642551,31.8
1530.754907315605,31.8
1538.7561840781082,31.8
1546.799283623296,31.8
1554.8844245594228,31.8
1563.0118266374113,31.8
1571.181710756826,31.8
1579.3942989718767,31.8
1587.649814497453,31.8
1595.9484817151922,31.8
1604.2905261795772,31.9
1612.6761746240677,31.9
1621.1056549672617,31.9
1629.5791963190893,31.9
1638.097028987047,31.9
1646.6593844824454,31.9
1655.266495526711,31.9
1663.9185960577072,31.9
1672.6159212360947,31.9
1681.3587074517213,31.9
1690.1471923300487,31.9
1698.9816147386093,31.9
1707.8622147934998,31.9
1716.789233865905,31.9
1725.7629145886658,31.9
1734.7835008628629,31.9
1743.8512378644525,31.9
1752.9663720509295,31.9
1762.1291511680254,31.8
1771.3398242564415,31.8
1780.598641658619,31.7
1789.9058550255418,31.7
1799.2617173235774,31.7
1808.6664828413498,31.7
1818.1204071966588,31.7
1827.6237473434162,31.7
1837.1767615786375,31.7
1846.7797095494598,31.6
1856.4328522602,31.5
1866.1364520794475,31.4
1875.8907727471963,31.3
1885.6960793820124,31.3
1895.552638488241,31.2
1905.4607179632462,31.1
1915.4205871047022,31.1
1925.4325166178992,31.0
1935.4967786231095,31.0
1945.6136466629825,30.9
1955.783395709978,30.9
1966.006302173841,30.9
1976.282643909114,30.9
1986.6127002226892,30.9
1996.996751881399,30.8
2007.4350811196462,30.7
2017.927971647083,30.5
2028.4757086563097,30.4
2039.078578830634,30.4
2049.736870351861,30.3
2060.4508729081267,30.2
2071.22087770177,30.1
2082.0471774572497,30.0
2092.9300664290977,29.9
2103.8698404099196,29.7
2114.8667967384304,29.5
2125.9212343075446,29.4
2137.0334535724887,29.3
2148.2037565589744,29.2
2159.4324468714053,29.1
2170.71982970113,28.9
2182.0662118347364,28.7
2193.4719016623894,28.5
2204.937209186215,28.4
2216.4624460287228,28.3
2228.0479254412767,28.2
2239.6939623126154,28.1
2251.4008731773993,27.9
2263.168976224821,27.8
2274.9985913072546,27.7
2286.890039948944,27.6
2298.843645354747,27.4
2310.8597324189163,27.3
2322.9386277339318,27.2
2335.0806595993763,27.1
2347.2861580308577,27.1
2359.5554547689862,27.0
2371.8888832883777,26.9
2384.2867788067265,26.8
2396.7494782939148,26.7
2409.2773204811715,26.5
2421.8706458702773,26.4
2434.5297967428205,26.2
2447.2551171695004,26.0
2460.0469530194778,25.9
2472.905651969775,25.8
2485.8315635147337,25.8
2498.825038975499,25.7
2511.88643150958,25.6
2525.0160961204438,25.6
2538.2143896671673,25.5
2551.481670874133,25.4
2564.8183003407817,25.3
2578.224640551411,25.1
2591.7010558850307,25.1
2605.247912625263,25.0
2618.8655789702975,25.0
2632.5544250429093,24.9
2646.314822900502,24.8
2660.14714654523,24.7
2674.051771934164,24.7
2688.029076989506,24.6
2702.079441608862,24.6
2716.20324767557,24.5
2730.400879069075,24.4
2744.6727216753675,24.4
2759.0191633974646,24.3
2773.440594165967,24.3
2787.9374059496395,24.2
2802.509992766076,24.1
2817.1587506924047,23.9
2831.8840778760564,23.7
2846.686374545581,23.6
2861.5660430215316,23.6
2876.5234877273942,23.5
2891.5591152005823,23.4
2906.6733341034837,23.4
2921.8665552345788,23.3
2937.139191539587,23.3
2952.4916581227058,23.2
2967.9243722578863,23.2
2983.4377534001765,23.1
2999.0322231971227,23.0
3014.7082055002275,23.0
3030.466126376471,22.9
3046.306414119893,22.9
3062.229499263226,22.9
3078.2358145896155,22.9
3094.325795144359,22.9
3110.4998782467446,22.9
3126.7585035019356,22.9
3143.1021128129173,22.9
3159.5311503925072,22.9
3176.0460627754296,22.9
3192.6472988304513,22.9
3209.335309772584,22.9
3226.1105491753406,22.9
3242.973472983081,22.9
3259.924539523382,22.9
3276.9642095195077,22.9
3294.0929461029286,22.9
3311.311214825911,22.9
3328.6194836741684,22.9
3346.018223079582,22.9
3363.507905932988,22.9
3381.089007597027,22.9
3398.762005919066,22.9
3416.527381244194,22.9
3434.385616428264,22.9
3452.337196851022,22.9
3470.382610429304,22.9
3488.5223476302926,22.9
3506.7569014848486,22.9
3525.0867676009134,22.9
3543.512444176976,22.8
3562.034432015617,22.7
3580.6532345371147,22.6
3599.369357793143,22.5
3618.1833104805046,22.5
3637.095603954969,22.4
3656.1067522451726,22.3
3675.2172720665826,22.3
3694.4276828355482,22.2
3713.738506683413,22.2
3733.1502684707093,22.1
3752.6634958014215,22.1
3772.2787190373247,22.1
3791.9964713124127,22.1
3811.817288547367,22.1
3831.7417094641373,22.1
3851.7702756005806,22.1
3871.9035313251793,22.1
3892.1420238518376,22.1
3912.4863032547537,22.2
3932.936922483372,22.2
3953.4944373774106,22.3
3974.1594066819653,22.4
3994.9323920627126,22.6
4015.8139581211503,22.8
4036.8046724099613,23.0
4057.9051054484326,23.1
4079.115830737964,23.2
4100.437424777656,23.3
4121.870467079975,23.5
4143.41554018651,23.7
4165.0732296838005,23.8
4186.844124219257,23.9
4208.728815517151,23.9
4230.72789839472,24.0
4252.841970778305,24.1
4275.071633719623,24.2
4297.417491412092,24.3
4319.880151207261,24.4
4342.460223631314,24.5
4365.158322401661,24.5
4387.975064443623,24.5
4410.911069907196,24.5
4433.9669621839075,24.5
4457.1433679237725,24.4
4480.4409170523,24.4
4503.860242787635,24.3
4527.40198165776,24.2
4551.0667735177985,24.1
4574.855261567406,24.0
4598.768092368251,23.8
4622.80591586159,23.5
4646.969385385929,23.3
4671.25915769478,23.2
4695.675892974527,23.1
4720.220254862348,23.0
4744.892910464259,22.9
4769.694530373255,22.6
4794.625788687525,22.4
4819.68736302878,22.4
4844.87993456067,22.5
4870.204188007296,22.6
4895.660811671819,22.8
4921.250497455168,23.0
4946.973940874864,22.9
4972.8318410838865,23.0
4998.824900889706,23.2
5024.953826773381,23.3
5051.219328908747,23.4
5077.622121181736,23.3
5104.162921209768,23.3
5130.842450361258,23.2
5157.661433775227,22.7
5184.620600380999,21.8
5211.720682918039,21.2
5238.962417955835,21.0
5266.346545913939,20.7
5293.873811082085,20.4
5321.544961640422,19.7
5349.360749679845,19.1
5377.321931222439,18.9
5405.429266242027,18.6
5433.683518684824,18.4
5462.085456490198,18.0
5490.635851611563,17.1
5519.335480037329,16.4
5548.185121812011,16.2
5577.185561057427,16.0
5606.337585994012,15.8
5635.641988962242,15.3
5665.0995664441625,14.7
5694.7111190850455,14.5
5724.477451715144,14.3
5754.399373371566,14.2
5784.477697320285,14.0
5814.713241078208,13.7
5845.10682643542,13.7
5875.659279477514,13.9
5906.371430608045,14.1
5937.244114571097,14.2
5968.278170473975,14.5
5999.4744418100045,14.8
6030.833776481469,15.1
6062.357026822636,15.5
6094.045049622959,15.7
6125.898706150321,15.7
6157.918862174471,15.8
6190.106387990547,15.9
6222.462158442733,16.0
6254.987052948034,16.3
6287.681955520183,16.5
6320.547754793659,16.8
6353.585344047851,17.0
6386.795621231329,17.2
6420.179488986247,17.5
6453.7378546729,17.7
6487.471630394349,18.0
6521.381733021235,18.2
6555.469084216698,18.4
6589.734610461422,18.6
6624.179243078815,18.7
6658.80391826033,18.9
6693.609577090902,19.1
6728.597165574533,19.4
6763.767634659991,19.6
6799.1219402666875,19.8
6834.661043310619,19.9
6870.385909730507,20.1
6906.297510514049,20.4
6942.39682172431,20.7
6978.684824526248,20.9
7015.162505213385,21.0
7051.830855234612,21.1
7088.690871221135,21.2
7125.7435550135615,21.2
7162.989913689153,21.2
7200.430959589155,21.2
7238.067710346342,21.2
7275.901188912673,21.1
7313.932423587085,21.0
7352.162448043451,20.9
7390.59230135867,20.8
7429.22302804091,20.7
7468.055678057999,20.6
7507.091306865953,20.6
7546.330975437692,20.5
7585.775750291836,20.5
7625.426703521717,20.5
7665.284912824515,20.5
7705.351461530549,20.5
7745.627438632719,20.5
7786.113938816104,20.5
7826.81206248772,20.6
7867.722915806424,20.7
7908.847610712972,20.8
7950.187264960275,20.8
7991.743002143727,21.0
8033.515951731782,21.2
8075.507249096639,21.4
8117.718035545101,21.6
8160.149458349601,21.8
8202.80267077938,22.0
8245.67883213183,22.3
8288.77910776401,23.1
8332.104669124305,23.9
8375.656693784302,24.3
8419.436365470749,24.6
8463.444874097753,25.0
8507.683415799123,25.6
8552.153192960874,26.5
8596.855414253905,27.0
8641.791294666864,27.3
8686.962055539152,27.5
8732.36892459413,27.8
8778.01313597248,28.1
8823.895930265779,28.9
8870.018554550163,29.5
8916.382262420266,29.6
8962.988314023276,29.8
9009.83797609319,29.9
9056.932521985234,30.0
9104.273231710486,30.0
9151.861391970657,30.0
9199.698296193066,30.0
9247.785244565785,29.9
9296.12354407301,29.6
9344.714508530542,29.3
9393.559458621517,29.1
9442.659721932305,28.8
9492.016632988581,28.5
9541.631533291613,28.1
9591.505771354708,27.7
9641.64070273987,27.3
9692.037690094652,26.9
9742.698103189163,26.0
9793.623318953358,25.4
9844.814721514387,25.5
9896.27370223427,25.3
9948.001659747684,25.0
10000.0,24.7
10052.270136285486,24.5
10104.813489285681,24.4
10157.6314871081,24.3
10210.725565324987,24.2
10264.09716701231,24.0
10317.747742788988,23.6
10371.678750856474,23.3
10425.891657038128,23.2
10480.387934819217,23.0
10535.16906538697,22.9
10590.236537670813,22.5
10645.591848382772,21.9
10701.236502058211,21.5
10757.172011096769,21.2
10813.399895803414,21.0
10869.921684429703,20.8
10926.73891321545,20.3
10983.85312643042,18.8
11041.265876416248,17.4
11098.978723628681,16.5
11156.993236680037,15.6
11215.310992381786,15.2
11273.933575787378,14.7
11332.862580235347,14.1
11392.099607392682,13.7
11451.646267298307,13.7
11511.504178406769,13.8
11571.674967632372,13.8
11632.16027039332,13.7
11692.961730656129,13.5
11754.08100098034,13.3
11815.519742563505,13.2
11877.27962528627,12.9
11939.362327757724,12.3
12001.76953736107,11.7
12064.50295029953,10.8
12127.56427164241,9.8
12190.95521537136,9.4
12254.677504427105,8.6
12318.732870756214,7.5
12383.123055358106,6.6
12447.849808332432,5.9
12512.914888926687,2.4
12578.320065583976,0.0
12644.067115991029,0.4
12710.157827126544,0.9
12776.593995309939,1.4
12843.377426249857,1.7
12910.50993509343,2.4
12977.99334647565,3.2
13045.829494568892,3.7
13114.020223132724,4.7
13182.567385564074,5.4
13251.472844947652,5.6
13320.738474106534,5.5
13390.366155652993,5.3
13460.35778203982,5.0
13530.715255611682,4.6
13601.440488656775,4.3
13672.535403458849,4.2
13744.001932349513,4.2
13815.842017760702,4.0
13888.057612277411,3.8
13960.650678690825,3.6
14033.62319005172,3.9
14106.977129724035,4.3
14180.714491438697,4.9
14254.837279347976,5.6
14329.347508079869,6.1
14404.247202792812,6.5
14479.538399230763,6.9
14555.223143778607,7.1
14631.303493517702,7.4
14707.78151628175,7.6
14784.65929071304,7.7
14861.938906319014,7.8
14939.622463529,7.8
15017.712073751207,7.9
15096.209859430292,7.9
15175.117954104964,8.0
15254.438502465904,10.8
15334.173660414117,14.1
15414.325595119602,14.8
15494.896485080177,15.3
15575.88852018064,16.7
15657.303901752315,18.1
15739.1448426331,18.4
15821.413567227246,18.7
15904.112311566014,18.9
15987.243323368504,19.0
16070.808862102673,19.1
16154.811199046684,19.2
16239.252617350698,19.3
16324.135412099,19.2
16409.461890372313,19.0
16495.23437131044,18.7
16581.455186175313,18.3
16668.12667841462,17.8
16755.251203725067,17.4
