10.0,19.7
10.052270136285475,19.8
10.104813489285682,19.8
10.157631487108103,19.8
10.210725565324982,19.8
10.264097167012295,19.8
10.317747742789004,19.8
10.371678750856479,19.8
10.425891657038118,19.8
10.480387934819216,19.8
10.535169065386981,19.8
10.590236537670812,20.0
10.64559184838276,20.1
10.701236502058206,20.1
10.757172011096776,20.1
10.813399895803409,20.1
10.869921684429707,20.1
10.926738913215466,20.1
10.98385312643042,20.1
11.041265876416237,20.1
11.098978723628681,20.1
11.156993236680048,20.1
11.215310992381788,20.2
11.27393357578736,20.3
11.332862580235341,20.3
11.392099607392687,20.3
11.451646267298301,20.3
11.511504178406776,20.3
11.571674967632385,20.3
11.632160270393321,20.3
11.692961730656117,20.3
11.75408100098034,20.3
11.815519742563518,20.3
11.87727962528627,20.3
11.939362327757706,20.3
12.001769537361062,20.3
12.064502950299536,20.4
12.127564271642404,20.5
12.190955215371359,20.5
12.254677504427118,20.5
12.318732870756214,20.5
12.383123055358094,20.5
12.447849808332432,20.5
12.5129148889267,20.5
12.578320065583968,20.5
12.644067115991009,20.5
12.710157827126565,20.5
12.776593995309947,20.5
12.843377426249843,20.5
12.910509935093431,20.5
12.977993346475664,20.5
13.045829494568892,20.5
13.11402022313271,20.5
13.182567385564074,20.6
13.251472844947658,20.6
13.320738474106527,20.6
13.390366155653,20.6
13.460357782039841,20.6
13.530715255611682,20.6
13.601440488656761,20.6
13.672535403458848,20.6
13.744001932349526,20.6
13.815842017760701,20.6
13.888057612277397,20.6
13.960650678690818,20.6
14.033623190051728,20.6
14.10697712972403,20.6
14.180714491438705,20.6
14.25483727934799,20.6
14.32934750807987,20.7
14.404247202792797,20.8
14.479538399230764,20.8
14.55522314377862,20.8
14.631303493517702,20.8
14.707781516281727,20.8
14.784659290713032,20.8
14.861938906319022,20.8
14.939622463528993,20.8
15.017712073751214,20.8
15.096209859430308,20.8
15.175117954104964,20.8
15.254438502465888,20.8
15.334173660414118,20.8
15.414325595119617,20.8
15.494896485080169,20.8
15.575888520180618,20.8
15.65730390175234,20.8
15.73914484263311,20.8
15.821413567227237,20.8
15.904112311566013,20.8
15.98724332336852,20.8
16.070808862102673,20.8
16.154811199046666,20.8
16.239252617350697,20.8
16.324135412099007,20.9
16.409461890372306,21.0
16.495234371310413,21.0
16.58145518617534,21.0
16.668126678414627,21.0
16.755251203725052,21.0
16.84283113011666,21.0
16.930868837977105,21.0
17.01936672013636,21.0
17.108327181931763,21.0
17.197752641273365,21.0
17.28764552870969,21.0
17.378008287493753,21.0
17.4688433736495,21.0
17.560153256038525,21.0
17.651940416427212,21.0
17.744207349554188,21.0
17.836956563198083,21.0
17.93019057824573,21.0
18.023911928760675,21.2
18.118123162052047,21.3
18.21282683874379,21.3
18.30802553284428,21.3
18.403721831816252,21.3
18.499918336647156,21.3
18.59661766191982,21.3
18.69382243588356,21.3
18.791535300525574,21.3
18.889758911642755,21.3
18.98849593891389,21.3
19.08774906597221,21.3
19.187520990478333,21.3
19.287814424193606,21.3
19.388632093053765,21.3
19.48997673724305,21.3
19.591851111268685,21.3
19.69425798403576,21.3
19.79720013892245,21.3
19.90068037385568,21.3
20.004701501387192,21.3
20.109266348769967,21.3
20.214377758035074,21.3
20.320038586068932,21.4
20.426251704690927,21.5
20.533020000731486,21.5
20.64034637611054,21.5
20.748233747916412,21.5
20.856685048485062,21.5
20.965703225479817,21.5
21.075291241971485,21.5
21.185452076518878,21.5
21.296188723249774,21.5
21.407504191942323,21.5
21.519401508106792,21.5
21.631883713067854,21.5
21.744953864047204,21.5
21.858615034246718,21.5
21.972870312931903,21.5
22.087722805515906,21.5
22.203175633643916,21.5
22.319231935278008,21.5
22.435894864782412,21.5
22.553167593009288,21.5
22.671053307384867,21.5
22.789555211996095,21.5
22.908676527677724,21.5
23.028420492099883,21.5
23.148790359856015,21.5
23.26978940255137,21.5
23.391420908891938,21.5
23.51368818477381,21.5
23.63659455337303,21.5
23.760143355235964,21.6
23.884337948370025,21.6
24.009181708334992,21.7
24.134678028334722,21.7
24.260830319309434,21.7
24.387642010028344,21.7
24.515116547182902,21.7
24.64325739548046,21.7
24.772068037738443,21.7
24.901551974979007,21.7
25.031712726524198,21.7
25.162553830091625,21.7
25.294078841890578,21.7
25.426291336718684,21.7
25.559194908059133,21.7
25.692793168178262,21.7
25.827089748223784,21.7
25.96208829832347,21.7
26.097792487684362,21.7
26.234206004692496,21.7
26.371332557013133,21.7
26.5091758716916,21.7
26.647739695254497,21.7
26.787027793811582,21.7
26.9270439531581,21.7
27.06779197887776,21.7
27.209275696446046,21.7
27.351498951334275,21.7
27.494465609114105,21.7
27.638179555562576,21.7
27.782644696767733,21.7
27.92786495923483,21.7
28.07384428999299,21.7
28.220586656702505,21.7
28.368096047762684,21.7
28.516376472420284,21.7
28.66543196087842,21.7
28.815266564406134,21.7
28.965884355448516,21.7
29.11728942773738,21.7
29.26948589640251,21.7
29.42247789808359,21.8
29.57626959104251,21.8
29.730865155276486,21.8
29.88626879263161,21.8
30.04248472691713,21.8
30.19951720402016,21.8
30.357370492021133,21.8
30.516048881309793,21.8
30.675556684701824,21.8
30.835898237556027,21.8
30.99707789789224,21.8
31.15910004650967,21.8
31.321969087106055,21.8
31.485689446397288,21.8
31.650265574237824,21.8
31.815701943741516,21.8
31.98200305140326,21.8
32.14917341722119,21.8
32.31721758481955,21.8
32.486140121572134,21.8
32.655945618726484,21.8
32.82663869152868,21.8
32.99822397934869,21.8
33.170706145806605,21.8
33.34408987889928,21.8
33.51837989112781,21.8
33.69358091962557,21.8
33.86969772628702,21.8
34.04673509789711,21.8
34.224697846261364,21.8
34.40359080833668,21.8
34.58341884636283,21.8
34.764186847994516,21.8
34.94589972643436,21.8
35.12856242056629,21.8
35.312179895089876,21.8
35.496757140655234,21.8
35.68229917399868,21.8
35.86881103807908,21.8
36.05629780221492,21.8
36.24476456222205,21.8
36.434216440552284,21.8
36.6246585864325,21.8
36.81609617600466,21.8
37.00853441246656,21.8
37.2019785262131,21.8
37.39643377497855,21.8
37.591905443979435,21.8
37.788398846058186,21.8
37.985919321827524,21.8
38.184472239815605,21.8
38.384062996612016,21.9
38.584697017014335,22.0
38.786379754175634,22.0
38.98911668975273,22.0
39.1929133340551,22.0
39.39777522619469,22.0
39.60370793423646,22.0
39.810717055349734,22.0
40.0188082159603,22.0
40.227987071903335,22.0
40.43825930857721,22.0
40.64963064109788,22.0
40.8621068144543,22.0
41.075693603664625,22.0
41.29039681393302,22.0
41.506222280807584,22.0
41.72317587033889,22.0
41.94126347923944,22.0
42.16049103504393,22.0
42.38086449627034,22.0
42.60238985258197,22.0
42.825073124950116,22.0
43.04892036581776,22.0
43.27393765926414,22.0
43.500131121170035,22.0
43.727506899384,22.0
43.956071173889484,22.0
44.18583015697281,22.0
44.416790093392,22.0
44.648957260546474,22.0
44.88233796864779,22.0
45.116938560890986,22.0
45.35276541362708,22.0
45.58982493653644,22.0
45.82812357280281,22.0
46.067667799288614,22.0
46.308464126710895,22.0
46.55051909981832,22.0
46.793839297569036,22.0
47.03843133330949,22.0
47.28430185495417,22.0
47.531457545166376,22.0
47.77990512153967,22.0
48.02965133678067,22.0
48.28070297889241,22.0
48.53306687135893,22.0
48.78674987333074,22.0
49.041758879811184,22.0
49.298100821843896,22.0
49.55578266670119,22.0
49.81481141807335,22.0
50.07519411625915,22.0
50.336937838356974,22.0
50.60004969845742,22.0
50.86453684783644,22.0
51.13040647514984,22.0
51.39766580662862,22.0
51.66632210627541,22.0
51.93638267606184,22.0
52.20785485612707,22.0
52.48074602497726,22.0
52.75506359968615,22.0
53.030815036096584,22.0
53.308007829023246,22.0
53.58664951245627,22.0
53.866747659766084,22.0
54.148309883909214,22.0
54.431343837635225,22.0
54.7158572136947,22.0
55.00185774504835,22.0
55.28935320507712,22.0
55.57835140779364,22.0
55.86886020805435,22.0
56.160887501773274,22.0
56.45444122613637,22.0
56.74952935981742,22.0
57.04615992319485,22.0
57.34434097856969,22.0
57.64408063038476,22.0
57.94538702544487,22.0
58.24826835313831,22.0
58.552732845659456,22.0
58.85878877823242,22.0
59.166444469336014,22.0
59.475708280929936,22.0
59.786588618681876,22.0
60.0990939321961,22.0
60.41323271524305,22.0
60.72901350599024,22.0
61.046444887234294,22.0
61.365535486634215,22.0
61.686293976945976,22.0
62.008729076258064,22.0
62.332849548228545,22.0
62.658664202323344,22.0
62.98618189405547,22.0
63.315411525225876,22.0
63.64636204416533,22.0
63.979042445977655,22.0
64.31346177278421,22.0
64.64962911396958,22.0
64.98755360642885,22.0
65.32724443481563,22.0
65.66871083179183,22.0
66.01196207827876,22.0
66.35700750370908,22.0
66.7038564862806,22.0
67.05251845321108,22.0
67.40300288099445,22.0
67.75531929565844,22.0
68.1094772730234,22.0
68.46548643896274,22.0
68.82335646966433,22.0
69.18309709189363,22.0
69.54471808325809,22.0
69.90822927247277,22.0
70.27364053962762,22.0
70.6409618164559,22.0
71.01020308660422,22.0
71.38137438590384,22.0
71.75448580264342,22.0
72.12954747784322,22.0
72.50656960553087,22.0
72.88556243301818,22.0
73.26653626117992,22.0
73.64950144473359,22.0
74.03446839252094,22.0
74.42144756779092,22.0
74.810449488484,22.0
75.20148472751808,22.0
75.59456391307583,22.0
75.98969772889355,22.0
76.38689691455168,22.0
76.78617226576647,22.0
77.18753463468363,22.0
77.59099493017311,22.0
77.99656411812569,22.0
78.404253221751,22.0
78.8140733218772,22.0
79.226035557252,22.0
79.64015112484554,22.0
80.05643128015467,22.0
80.47488733750892,22.0
80.89553067037787,22.0
81.31837271168051,22.0
81.74342495409579,22.0
82.170698950375,22.0
82.60020631365589,22.0
83.03195871777821,22.0
83.46596789760103,22.0
83.90224564932171,22.0
84.34080383079642,22.0
84.78165436186265,22.0
85.22480922466286,22.0
85.67028046397054,22.0
86.11808018751721,22.0
86.56822056632171,22.0
87.020713835021,22.0
87.47557229220259,22.0
87.93280830073893,22.0
88.39243428812335,22.0
88.85446274680783,22.0
89.31890623454267,22.0
89.78577737471758,22.0
90.25508885670492,22.0
90.72685343620469,22.0
91.20108393559097,22.0
91.67779324426061,22.0
92.15699431898352,22.0
92.63870018425483,22.0
93.12292393264887,22.0
93.60967872517497,22.0
94.09897779163542,22.0
94.5908344309847,22.0
95.0852620116911,22.0
95.58227397210023,22.0
96.08188382079996,22.0
96.5841051369878,22.0
97.08895157083991,22.0
97.59643684388209,22.0
98.10657474936274,22.0
98.61937915262773,22.0
99.13486399149741,22.0
99.65304327664518,22.0
100.17393109197839,22.0
100.69754159502135,22.0
101.22388901729977,22.0
101.75298766472777,22.0
102.28485191799675,22.0
102.81949623296607,22.0
103.35693514105618,22.0
103.89718324964329,22.0
104.44025524245698,22.0
104.98616587997819,22.0
105.53492999984189,22.0
106.08656251723878,22.0
106.64107842532215,22.0
107.19849279561431,22.0
107.75882077841675,22.0
108.32207760322176,22.0
108.88827857912626,22.0
109.45743909524856,22.0
110.02957462114523,22.0
110.60470070723336,22.0
111.18283298521138,22.0
111.76398716848561,22.0
112.3481790525961,22.0
112.93542451564652,22.0
113.5257395187356,22.0
114.11914010639099,22.0
114.71564240700522,22.0
115.3152626332741,22.0
115.91801708263789,22.0
116.52392213772293,22.0
117.13299426678874,22.0
117.74525002417371,22.0
118.36070605074681,22.0
118.97937907435858,22.0
119.60128591029638,22.0
120.22644346174131,22.0
120.85486872022751,22.0
121.4865787661046,22.0
122.12159076900052,22.0
122.75992198829012,22.0
123.40158977356222,22.0
124.04661156509306,22.0
124.69500489431896,22.0
125.34678738431336,22.0
126.00197675026583,22.0
126.6605907999634,22.0
127.3226474342747,22.0
127.98816464763628,22.0
128.6571605285424,22.0
129.32965326003517,22.0
130.00566112020084,22.0
130.68520248266435,22.0
131.36829581709074,22.0
132.05495968968575,22.0
132.74521276370103,22.0
133.43907379994133,22.0
134.1365616572744,22.0
134.83769529314347,22.0
135.54249376408254,22.0
136.25097622623485,22.0
136.96316193587217,22.0
137.67907024992007,22.0
138.39872062648203,22.0
139.1221326253702,22.0
139.84932590863562,22.0
140.58032024110324,22.0
141.31513549090906,22.0
142.05379163003997,22.0
142.7963087348772,22.0
143.5427069867405,22.0
144.29300667243896,22.0
145.04722818481977,22.0
145.80539202332486,22.0
146.56751879454652,22.0
147.333629212788,22.0
148.1037441006266,22.0
148.87788438947953,22.0
149.65607112017267,22.0
150.43832544351253,22.0
151.2246686208618,22.0
152.01512202471548,22.0
152.80970713928414,22.0
153.6084455610754,22.0
154.41135899948313,22.0
155.218469277376,22.0
156.02979833169113,22.0
156.8453682140304,22.0
157.66520109125955,22.0
158.48931924611142,22.0
159.3177450777899,22.0
160.15050110258113,22.0
160.9876099544629,21.9
161.82909438572216,21.8
162.67497726757185,21.8
163.52528159077312,21.8
164.38003046626017,21.8
165.23924712576837,21.8
166.1029549224657,21.8
166.97117733158728,21.8
167.8439379510743,21.8
168.72126050221348,21.8
169.60316883028446,21.8
170.48968690520502,21.8
171.38083882218535,21.8
172.27664880238083,21.8
173.17714119355136,21.8
174.08234047072295,21.8
174.99227123685273,21.8
175.9069582234984,21.8
176.82642629148881,21.8
177.75070043160196,21.8
178.67980576524164,21.8
179.61376754512278,21.8
180.55261115595593,21.8
181.49636211513797,21.8
182.44504607344558,21.8
183.39868881573247,21.8
184.35731626163007,21.8
185.3209544662519,21.8
186.28962962090262,21.8
187.26336805378796,21.8
188.24219623073301,21.8
189.2261407558986,21.8
190.21522837250714,21.8
191.20948596356752,21.8
192.20894055260666,21.8
193.21361930440384,21.8
194.22354952572874,21.8
195.2387586660848,21.8
196.25927431845295,21.8
197.28512422004457,21.8
198.31633625305224,21.8
199.35293844541056,21.8
200.39495897155572,21.8
201.4424261531923,21.8
202.4953684600627,21.8
203.55381451072122,21.7
204.6177930733116,21.7
205.6873330663489,21.7
206.76246355950653,21.7
207.84321377440395,21.7
208.92961308540407,21.7
210.02169102040844,21.7
211.11947726166272,21.7
212.22300164656127,21.7
213.33229416845913,21.7
214.447384977487,21.7
215.5683043813707,21.7
216.69508284625502,21.7
217.8277509975314,21.7
218.9663396206716,21.7
220.1108796620618,21.7
221.26140222984722,21.7
222.41793859477394,21.7
223.5805201910423,21.7
224.74917861715863,21.7
225.9239456367954,21.7
227.10485317965416,21.7
228.29193334233327,21.7
229.48521838920135,21.7
230.68474075327168,21.7
231.89053303708724,21.7
233.102628013603,21.7
234.32105862708036,21.7
235.5458579939798,21.6
236.77705940386227,21.6
238.0146963202937,21.5
239.25880238175446,21.5
240.50941140255387,21.5
241.76655737374873,21.5
243.03027446406858,21.5
244.30059702084168,21.5
245.57755957093218,21.5
246.86119682167464,21.5
248.1515436618211,21.5
249.44863516248657,21.5
250.75250657810346,21.5
252.0631933473797,21.5
253.3807310942614,21.5
254.7051556289027,21.5
256.03650294863604,21.5
257.3748092389545,21.5
258.72011087449107,21.5
260.0724444200114,21.5
261.4318466314045,21.5
262.79835445668317,21.5
264.17200503698814,21.5
265.5528357075972,21.5
266.94088399894025,21.5
268.336187637619,21.5
269.7387845474336,21.5
271.1487128504106,21.5
272.56601086784315,21.4
273.9907171213279,21.4
275.4228703338166,21.3
276.86250943066517,21.3
278.30967354069315,21.3
279.764401997247,21.3
281.2267343392687,21.3
282.6967103123723,21.3
284.1743698699204,21.3
285.65975317411466,21.3
287.152900597083,21.3
288.6538527219809,21.3
290.16265034409145,21.3
291.67933447193553,21.3
293.203946328386,21.3
294.7365273517884,21.3
296.27711919708696,21.3
297.8257637369567,21.2
299.38250306294265,21.1
300.947379486601,21.0
302.52043554065347,21.0
304.1017139801383,21.0
305.69125778357716,21.0
307.2891101541398,21.0
308.8953145208197,21.0
310.5099145396145,21.0
312.1329540947119,21.0
313.76447729968413,21.0
315.40452849868336,21.0
317.0531522676519,21.0
318.71039341552853,21.0
320.3762969854716,21.0
322.05090825607795,21.0
323.7342727426186,21.0
325.4264361982722,20.9
327.1274446153702,20.9
328.83734422664674,20.8
330.55618150649445,20.8
332.28400317222986,20.8
334.02085618535915,20.8
335.76678775285944,20.8
337.52184532845695,20.8
339.28607661392135,20.8
341.0595295603587,20.8
342.84225236951676,20.8
344.63429349509414,20.8
346.4357016440579,20.8
348.24652577796684,20.8
350.06681511430224,20.8
351.8966191278073,20.7
353.7359875518278,20.6
355.5849703796693,20.6
357.44361786595016,20.6
359.3119805279728,20.6
361.1901091470929,20.6
363.0780547701014,20.6
364.9758687106112,20.6
366.8836025504522,20.6
368.80130814107446,20.6
370.72903760495365,20.6
372.66684333701346,20.6
374.6147780060434,20.5
376.57289455613636,20.5
378.54124620812286,20.5
380.5198864610201,20.5
382.50886909348526,20.5
384.5082481652772,20.5
386.51807801872604,20.5
388.53841328020957,20.5
390.56930886163985,20.5
392.6108199619517,20.5
394.6630020686084,20.5
396.7259109591041,20.4
398.7996027024853,20.3
400.8841336608706,20.3
402.9795604909844,20.3
405.0859401456969,20.3
407.20332987557106,20.3
409.331787230421,20.3
411.4713700608718,20.3
413.6221365199375,20.3
415.78414506459575,20.3
417.95745445738237,20.3
420.1421237679842,20.3
422.33821237484636,20.2
424.5457799667861,20.2
426.76488654461485,20.1
428.9955924227691,20.1
431.23795823094935,20.1
433.49204491576995,20.1
435.7579137424112,20.1
438.0356262962907,20.1
440.3252444847303,20.1
442.62683053864555,20.0
444.9404470142319,19.9
447.2661567946673,19.8
449.60402309182115,19.8
451.9541094479714,19.8
454.3164797375345,19.8
456.6911981687959,19.8
459.0783292856624,19.8
461.4779379694089,19.8
463.89008944044906,19.8
466.31484926010245,19.7
468.7522833323791,19.6
471.20245790577025,19.6
473.6654395750488,19.6
476.14129528307956,19.6
478.630092322638,19.6
481.1318983382419,19.6
483.6467813279844,19.6
486.1748096453894,19.6
488.7160520012619,19.5
491.27057746556244,19.5
493.8384554692794,19.4
496.4197558063182,19.4
499.01454863539806,19.4
501.6229044819588,19.4
504.24489424007766,19.4
506.88058917439554,19.3
509.53006092205686,19.3
512.1933814946506,19.3
514.8706232801756,19.3
517.5618590449992,19.3
520.2671619358439,19.3
522.9866054817683,19.3
525.7202635961694,19.3
528.4682105787901,19.3
531.230521117739,19.2
534.0072702915224,19.2
536.7985335710792,19.1
539.6043868218401,19.1
542.4249063057814,19.1
545.2601686835053,19.1
548.1102510163182,19.0
550.9752307683272,19.0
553.8551858085453,18.9
556.7501944130083,18.9
559.6603352669016,18.9
562.5856874666987,18.9
565.5263305223134,18.9
568.4823443592555,18.9
571.4538093208106,18.9
574.4408061702153,18.9
577.4434160928608,18.8
580.4617206984933,18.7
583.4958020234345,18.6
586.5457425328113,18.6
589.6116251227962,18.6
592.6935331228639,18.6
595.7915502980484,18.6
598.9057608512304,18.6
602.0362494254149,18.6
605.1831011060411,18.6
608.3464014232891,18.6
611.5262363544065,18.5
614.7226923260454,18.4
617.9358562166111,18.4
621.1658153586235,18.4
624.4126575410903,18.4
627.6764710118958,18.4
630.957344480193,18.4
634.2553671188238,18.3
637.5706285667327,18.3
640.9032189314127,18.2
644.2532287913472,18.2
647.6207491984753,18.2
651.0058716806659,18.2
654.4086882442045,18.2
657.8292913762976,18.2
661.2677740475787,18.2
664.7242297146454,18.2
668.1987523225889,18.1
671.6914363075575,18.0
675.2023765993158,18.0
678.7316686238282,18.0
682.2794083058518,18.0
685.8456920715438,18.0
689.4306168510824,18.0
693.0342800813003,18.0
696.6567797083366,18.0
700.2982141902914,18.0
703.9586824999124,18.0
707.6382841272731,18.0
711.3371190824884,18.0
715.0552878984242,18.0
718.7928916334344,18.0
722.5500318741055,17.9
726.3268107380181,17.9
730.123330876526,17.9
733.9396954775374,17.9
737.7760082683312,17.9
741.6323735183645,17.9
745.508896042117,17.9
749.4056812019327,17.9
753.3228349108862,17.9
757.2604636356614,17.9
761.2186743994453,17.9
765.1975747848361,17.9
769.1972729367671,17.9
773.2178775654501,17.9
777.2594979493206,17.9
781.3222439380205,17.9
785.406225955371,17.9
789.5115550023859,17.9
793.6383426602791,17.9
797.7867010935024,17.9
801.9567430527921,17.9
806.1485818782347,17.9
810.3623315023465,17.9
814.59810645317,17.9
818.8560218573906,17.9
823.1361934434566,17.9
827.4387375447371,17.9
831.7637711026708,17.9
836.1114116699566,17.9
840.4817774137397,17.9
844.8749871188272,17.9
849.2911601909162,17.9
853.7304166598383,17.9
858.1928771828257,17.9
862.6786630477819,17.9
867.1878961765907,17.9
871.7206991284164,17.9
876.2771951030477,17.9
880.8575079442367,17.9
885.4617621430697,17.9
890.0900828413493,17.9
894.742595834996,17.9
899.4194275774676,17.9
904.1207051831946,17.9
908.8465564310401,17.9
913.5971097677627,17.9
918.3724943115215,17.9
923.1728398553701,17.9
927.998276870799,17.9
932.8489365112713,17.9
937.7249506157918,17.9
942.6264517124897,17.9
947.5535730222193,17.9
952.5064484621864,17.9
957.4852126495767,17.9
962.4900009052299,17.9
967.5209492573013,17.9
972.5781944449744,17.9
977.6618739221665,17.9
982.772125861269,17.9
987.9090891569025,17.9
993.0729034296917,17.9
998.26370903006,17.9
1003.4816470420445,17.9
1008.7268592871307,17.9
1013.9994883281055,17.9
1019.2996774729368,17.9
1024.627570778662,17.9
1029.9833130553077,17.9
1035.3670498698243,17.9
1040.778927550043,17.9
1046.219093188652,17.9
1051.687694647196,17.9
1057.1848805600926,17.9
1062.7108003386745,17.9
1068.2656041752484,17.9
1073.849443047181,17.9
1079.4624687209969,17.9
1085.104833756507,17.8
1090.7766915109553,17.7
1096.4781961431852,17.7
1102.2095026178308,17.7
1107.9707667095288,17.7
1113.7621450071517,17.7
1119.5837949180645,17.6
1125.4358746724013,17.5
1131.3185433273702,17.5
1137.231960771571,17.5
1143.1762877293438,17.5
1149.1516857651375,17.5
1155.1583172879002,17.4
1161.1963455554942,17.3
1167.2659346791324,17.2
1173.3672496278396,17.1
1179.5004562329357,17.0
1185.6657211925422,16.9
1191.8632120761172,16.8
1198.0930973290035,16.8
1204.355546277011,16.8
1210.650729131018,16.8
1216.9788169915967,16.8
1223.3399818536654,16.7
1229.7343966111616,16.7
1236.162235061742,16.6
1242.6236719115057,16.5
1249.1188827797416,16.4
1255.6480442037073,16.3
1262.2113336434193,16.1
1268.8089294864806,16.0
1275.4410110529293,15.9
1282.1077586001115,15.9
1288.8093533275808,15.8
1295.5459773820237,15.7
1302.3178138622095,15.7
1309.1250468239675,15.6
1315.967861285188,15.6
1322.8464432308563,15.5
1329.7609796180998,15.5
1336.7116583812742,15.4
1343.6986684370715,15.3
1350.7221996896535,15.2
1357.782443035813,15.1
1364.879590370164,15.0
1372.0138345903551,14.9
1379.1853696023147,14.8
1386.3943903255179,14.7
1393.6410926982915,14.6
1400.9256736831292,14.6
1408.248331272053,14.5
1415.6092644919916,14.4
1423.0086734101894,14.3
1430.4467591396458,14.2
1437.9237238445805,14.2
1445.439770745928,14.1
1452.9951041268616,14.1
1460.589929338344,14.0
1468.224452804715,13.9
1475.898882029292,13.9
1483.6134256000173,13.9
1491.3682931951248,13.9
1499.1636955888393,13.9
1506.999844657106,13.8
1514.8769533833477,13.7
1522.7952358642551,13.6
1530.754907315605,13.6
1538.7561840781082,13.6
1546.799283623296,13.6
1554.8844245594228,13.6
1563.0118266374113,13.6
1571.181710756826,13.6
1579.3942989718767,13.6
1587.649814497453,13.6
1595.9484817151922,13.6
1604.2905261795772,13.5
1612.6761746240677,13.5
1621.1056549672617,13.4
1629.5791963190893,13.4
1638.097028987047,13.4
1646.6593844824454,13.4
1655.266495526711,13.4
1663.9185960577072,13.4
1672.6159212360947,13.4
1681.3587074517213,13.4
1690.1471923300487,13.4
1698.9816147386093,13.4
1707.8622147934998,13.4
1716.789233865905,13.4
1725.7629145886658,13.4
1734.7835008628629,13.3
1743.8512378644525,13.2
1752.9663720509295,13.2
1762.1291511680254,13.2
1771.3398242564415,13.2
1780.598641658619,13.2
1789.9058550255418,13.1
1799.2617173235774,13.0
1808.6664828413498,13.0
1818.1204071966588,13.0
1827.6237473434162,13.0
1837.1767615786375,13.0
1846.7797095494598,12.9
1856.4328522602,12.8
1866.1364520794475,12.8
1875.8907727471963,12.7
1885.6960793820124,12.7
1895.552638488241,12.7
1905.4607179632462,12.7
1915.4205871047022,12.6
1925.4325166178992,12.6
1935.4967786231095,12.5
1945.6136466629825,12.5
1955.783395709978,12.4
1966.006302173841,12.3
1976.282643909114,12.2
1986.6127002226892,12.2
1996.996751881399,12.2
2007.4350811196462,12.2
2017.927971647083,12.1
2028.4757086563097,12.1
2039.078578830634,12.0
2049.736870351861,12.0
2060.4508729081267,12.0
2071.22087770177,12.0
2082.0471774572497,11.9
2092.9300664290977,11.9
2103.8698404099196,11.8
2114.8667967384304,11.8
2125.9212343075446,11.8
2137.0334535724887,11.8
2148.2037565589744,11.7
2159.4324468714053,11.7
2170.71982970113,11.7
2182.0662118347364,11.6
2193.4719016623894,11.5
2204.937209186215,11.4
2216.4624460287228,11.4
2228.0479254412767,11.3
2239.6939623126154,11.3
2251.4008731773993,11.2
2263.168976224821,11.0
2274.9985913072546,10.8
2286.890039948944,10.7
2298.843645354747,10.6
2310.8597324189163,10.6
2322.9386277339318,10.5
2335.0806595993763,10.4
2347.2861580308577,10.2
2359.5554547689862,10.0
2371.8888832883777,9.9
2384.2867788067265,9.8
2396.7494782939148,9.7
2409.2773204811715,9.5
2421.8706458702773,9.3
2434.5297967428205,9.1
2447.2551171695004,9.0
2460.0469530194778,8.9
2472.905651969775,8.8
2485.8315635147337,8.6
2498.825038975499,8.4
2511.88643150958,8.3
2525.0160961204438,8.2
2538.2143896671673,8.0
2551.481670874133,7.9
2564.8183003407817,7.8
2578.224640551411,7.8
2591.7010558850307,7.7
2605.247912625263,7.6
2618.8655789702975,7.6
2632.5544250429093,7.5
2646.314822900502,7.5
2660.14714654523,7.4
2674.051771934164,7.3
2688.029076989506,7.2
2702.079441608862,7.1
2716.20324767557,7.0
2730.400879069075,7.0
2744.6727216753675,6.9
2759.0191633974646,6.8
2773.440594165967,6.6
2787.9374059496395,6.5
2802.509992766076,6.4
2817.1587506924047,6.3
2831.8840778760564,6.2
2846.686374545581,6.0
2861.5660430215316,5.7
2876.5234877273942,5.5
2891.5591152005823,5.3
2906.6733341034837,5.2
2921.8665552345788,5.1
2937.139191539587,5.0
2952.4916581227058,4.9
2967.9243722578863,4.8
2983.4377534001765,4.7
2999.0322231971227,4.6
3014.7082055002275,4.6
3030.466126376471,4.5
3046.306414119893,4.5
3062.229499263226,4.4
3078.2358145896155,4.4
3094.325795144359,4.4
3110.4998782467446,4.4
3126.7585035019356,4.4
3143.1021128129173,4.4
3159.5311503925072,4.4
3176.0460627754296,4.4
3192.6472988304513,4.3
3209.335309772584,4.3
3226.1105491753406,4.3
3242.973472983081,4.3
3259.924539523382,4.3
3276.9642095195077,4.3
3294.0929461029286,4.3
3311.311214825911,4.3
3328.6194836741684,4.3
3346.018223079582,4.3
3363.507905932988,4.4
3381.089007597027,4.4
3398.762005919066,4.4
3416.527381244194,4.4
3434.385616428264,4.4
3452.337196851022,4.4
3470.382610429304,4.4
3488.5223476302926,4.4
3506.7569014848486,4.5
3525.0867676009134,4.5
3543.512444176976,4.6
3562.034432015617,4.6
3580.6532345371147,4.5
3599.369357793143,4.4
3618.1833104805046,4.4
3637.095603954969,4.3
3656.1067522451726,4.3
3675.2172720665826,4.3
3694.4276828355482,4.2
3713.738506683413,4.1
3733.1502684707093,4.1
3752.6634958014215,4.1
3772.2787190373247,4.1
3791.9964713124127,4.1
3811.817288547367,4.2
3831.7417094641373,4.3
3851.7702756005806,4.3
3871.9035313251793,4.3
3892.1420238518376,4.4
3912.4863032547537,4.5
3932.936922483372,4.6
3953.4944373774106,4.8
3974.1594066819653,5.0
3994.9323920627126,5.2
4015.8139581211503,5.3
4036.8046724099613,5.4
4057.9051054484326,5.5
4079.115830737964,5.6
4100.437424777656,5.7
4121.870467079975,5.8
4143.41554018651,5.8
4165.0732296838005,5.9
4186.844124219257,5.9
4208.728815517151,6.0
4230.72789839472,6.0
4252.841970778305,6.1
4275.071633719623,6.2
4297.417491412092,6.3
4319.880151207261,6.3
4342.460223631314,6.3
4365.158322401661,6.3
4387.975064443623,6.3
4410.911069907196,6.3
4433.9669621839075,6.4
4457.1433679237725,6.4
4480.4409170523,6.5
4503.860242787635,6.6
4527.40198165776,6.7
4551.0667735177985,6.7
4574.855261567406,6.7
4598.768092368251,6.7
4622.80591586159,6.7
4646.969385385929,6.7
4671.25915769478,6.7
4695.675892974527,6.7
4720.220254862348,6.7
4744.892910464259,6.7
4769.694530373255,6.7
4794.625788687525,6.7
4819.68736302878,6.7
4844.87993456067,6.7
4870.204188007296,6.7
4895.660811671819,6.7
4921.250497455168,6.7
4946.973940874864,6.7
4972.8318410838865,6.7
4998.824900889706,6.6
5024.953826773381,6.6
5051.219328908747,6.5
5077.622121181736,6.5
5104.162921209768,6.5
5130.842450361258,6.5
5157.661433775227,6.5
5184.620600380999,6.4
5211.720682918039,6.3
5238.962417955835,6.3
5266.346545913939,6.4
5293.873811082085,6.5
5321.544961640422,6.6
5349.360749679845,6.7
5377.321931222439,6.7
5405.429266242027,6.7
5433.683518684824,6.7
5462.085456490198,6.7
5490.635851611563,6.7
5519.335480037329,6.7
5548.185121812011,6.7
5577.185561057427,6.7
5606.337585994012,6.6
5635.641988962242,6.6
5665.0995664441625,6.5
5694.7111190850455,6.5
5724.477451715144,6.6
5754.399373371566,6.7
5784.477697320285,6.8
5814.713241078208,6.9
5845.10682643542,6.9
5875.659279477514,7.0
5906.371430608045,7.1
5937.244114571097,7.2
5968.278170473975,7.3
5999.4744418100045,7.5
6030.833776481469,7.6
6062.357026822636,7.7
6094.045049622959,7.8
6125.898706150321,8.0
6157.918862174471,8.2
6190.106387990547,8.4
6222.462158442733,8.6
6254.987052948034,8.9
6287.681955520183,9.1
6320.547754793659,9.3
6353.585344047851,9.4
6386.795621231329,9.6
6420.179488986247,9.8
6453.7378546729,10.1
6487.471630394349,10.3
6521.381733021235,10.4
6555.469084216698,10.5
6589.734610461422,10.6
6624.179243078815,10.7
6658.80391826033,10.8
6693.609577090902,11.1
6728.597165574533,11.4
6763.767634659991,11.6
6799.1219402666875,11.7
6834.661043310619,11.7
6870.385909730507,11.7
6906.297510514049,11.8
6942.39682172431,11.8
6978.684824526248,11.9
7015.162505213385,12.0
7051.830855234612,12.0
7088.690871221135,12.0
7125.7435550135615,12.0
7162.989913689153,12.0
7200.430959589155,12.0
7238.067710346342,12.0
7275.901188912673,12.0
7313.932423587085,12.0
7352.162448043451,12.0
7390.59230135867,11.9
7429.22302804091,11.8
7468.055678057999,11.8
7507.091306865953,11.8
7546.330975437692,11.8
7585.775750291836,11.9
7625.426703521717,12.0
7665.284912824515,12.1
7705.351461530549,12.1
7745.627438632719,12.2
7786.113938816104,12.3
7826.81206248772,12.4
7867.722915806424,12.5
7908.847610712972,12.6
7950.187264960275,12.7
7991.743002143727,12.9
8033.515951731782,13.0
8075.507249096639,13.0
8117.718035545101,13.1
8160.149458349601,13.1
8202.80267077938,13.2
8245.67883213183,13.2
8288.77910776401,13.1
8332.104669124305,13.0
8375.656693784302,12.9
8419.436365470749,12.8
8463.444874097753,12.8
8507.683415799123,12.7
8552.153192960874,12.6
8596.855414253905,12.2
8641.791294666864,11.7
8686.962055539152,11.7
8732.36892459413,11.6
8778.01313597248,11.5
8823.895930265779,11.4
8870.018554550163,11.2
8916.382262420266,10.9
8962.988314023276,10.7
9009.83797609319,10.6
9056.932521985234,10.5
9104.273231710486,10.4
9151.861391970657,10.3
9199.698296193066,10.2
9247.785244565785,10.1
9296.12354407301,10.1
9344.714508530542,10.1
9393.559458621517,10.1
9442.659721932305,10.2
9492.016632988581,10.2
9541.631533291613,10.3
9591.505771354708,10.3
9641.64070273987,10.5
9692.037690094652,10.6
9742.698103189163,10.5
9793.623318953358,10.5
9844.814721514387,10.5
9896.27370223427,10.7
9948.001659747684,11.0
10000.0,11.4
10052.270136285486,11.6
10104.813489285681,11.7
10157.6314871081,11.8
10210.725565324987,11.8
10264.09716701231,11.9
10317.747742788988,11.9
10371.678750856474,12.0
10425.891657038128,12.0
10480.387934819217,12.0
10535.16906538697,12.0
10590.236537670813,12.0
10645.591848382772,12.0
10701.236502058211,12.0
10757.172011096769,11.9
10813.399895803414,11.7
10869.921684429703,11.5
10926.73891321545,11.4
10983.85312643042,11.4
11041.265876416248,11.3
11098.978723628681,11.2
11156.993236680037,10.9
11215.310992381786,10.4
11273.933575787378,10.1
11332.862580235347,9.9
11392.099607392682,9.7
11451.646267298307,9.5
11511.504178406769,9.2
11571.674967632372,8.4
11632.16027039332,7.9
11692.961730656129,7.8
11754.08100098034,7.6
11815.519742563505,7.3
11877.27962528627,7.1
11939.362327757724,6.4
12001.76953736107,5.7
12064.50295029953,5.6
12127.56427164241,5.3
12190.95521537136,5.1
12254.677504427105,5.1
12318.732870756214,5.3
12383.123055358106,5.4
12447.849808332432,5.5
12512.914888926687,5.6
12578.320065583976,5.7
12644.067115991029,5.8
12710.157827126544,5.7
12776.593995309939,5.6
12843.377426249857,5.6
12910.50993509343,6.4
12977.99334647565,7.2
13045.829494568892,7.5
13114.020223132724,7.8
13182.567385564074,8.1
13251.472844947652,8.5
13320.738474106534,8.9
13390.366155652993,9.6
13460.35778203982,10.3
13530.715255611682,10.7
13601.440488656775,11.1
13672.535403458849,11.4
13744.001932349513,11.8
13815.842017760702,12.1
13888.057612277411,12.6
13960.650678690825,12.9
14033.62319005172,13.0
14106.977129724035,13.1
14180.714491438697,13.2
14254.837279347976,13.3
14329.347508079869,13.4
14404.247202792812,13.5
14479.538399230763,13.6
14555.223143778607,13.6
14631.303493517702,13.6
14707.78151628175,13.5
14784.65929071304,13.4
14861.938906319014,13.2
14939.622463529,13.0
15017.712073751207,12.9
15096.209859430292,12.6
15175.117954104964,12.1
15254.438502465904,11.4
15334.173660414117,10.8
15414.325595119602,10.5
15494.896485080177,10.4
15575.88852018064,10.1
15657.303901752315,9.7
15739.1448426331,9.5
15821.413567227246,9.4
15904.112311566014,9.6
15987.243323368504,9.8
16070.808862102673,9.9
16154.811199046684,10.0
16239.252617350698,10.1
16324.135412099,10.1
16409.461890372313,10.2
16495.23437131044,10.4
16581.455186175313,10.5
16668.12667841462,10.4
16755.251203725067,10.2
