10.0,29.0
10.052270136285475,29.0
10.104813489285682,29.0
10.157631487108103,29.0
10.210725565324982,29.0
10.264097167012295,29.0
10.317747742789004,29.0
10.371678750856479,29.0
10.425891657038118,29.1
10.480387934819216,29.2
10.535169065386981,29.2
10.590236537670812,29.2
10.64559184838276,29.2
10.701236502058206,29.1
10.757172011096776,29.0
10.813399895803409,29.0
10.869921684429707,29.1
10.926738913215466,29.1
10.98385312643042,29.2
11.041265876416237,29.2
11.098978723628681,29.2
11.156993236680048,29.2
11.215310992381788,29.2
11.27393357578736,29.2
11.332862580235341,29.2
11.392099607392687,29.2
11.451646267298301,29.2
11.511504178406776,29.3
11.571674967632385,29.4
11.632160270393321,29.4
11.692961730656117,29.4
11.75408100098034,29.4
11.815519742563518,29.4
11.87727962528627,29.4
11.939362327757706,29.4
12.001769537361062,29.5
12.064502950299536,29.5
12.127564271642404,29.5
12.190955215371359,29.5
12.254677504427118,29.5
12.318732870756214,29.5
12.383123055358094,29.5
12.447849808332432,29.5
12.5129148889267,29.5
12.578320065583968,29.5
12.644067115991009,29.5
12.710157827126565,29.5
12.776593995309947,29.5
12.843377426249843,29.6
12.910509935093431,29.7
12.977993346475664,29.7
13.045829494568892,29.7
13.11402022313271,29.7
13.182567385564074,29.7
13.251472844947658,29.7
13.320738474106527,29.7
13.390366155653,29.7
13.460357782039841,29.7
13.530715255611682,29.7
13.601440488656761,29.7
13.672535403458848,29.7
13.744001932349526,29.7
13.815842017760701,29.7
13.888057612277397,29.7
13.960650678690818,29.7
14.033623190051728,29.7
14.10697712972403,29.7
14.180714491438705,29.7
14.25483727934799,29.7
14.32934750807987,29.8
14.404247202792797,29.9
14.479538399230764,29.9
14.55522314377862,29.9
14.631303493517702,29.9
14.707781516281727,29.9
14.784659290713032,29.9
14.861938906319022,29.9
14.939622463528993,29.9
15.017712073751214,29.9
15.096209859430308,29.9
15.175117954104964,29.9
15.254438502465888,29.9
15.334173660414118,29.9
15.414325595119617,29.9
15.494896485080169,30.1
15.575888520180618,30.2
15.65730390175234,30.2
15.73914484263311,30.2
15.821413567227237,30.2
15.904112311566013,30.2
15.98724332336852,30.2
16.070808862102673,30.2
16.154811199046666,30.2
16.239252617350697,30.2
16.324135412099007,30.2
16.409461890372306,30.2
16.495234371310413,30.2
16.58145518617534,30.2
16.668126678414627,30.2
16.755251203725052,30.2
16.84283113011666,30.2
16.930868837977105,30.2
17.01936672013636,30.2
17.108327181931763,30.2
17.197752641273365,30.2
17.28764552870969,30.2
17.378008287493753,30.2
17.4688433736495,30.2
17.560153256038525,30.2
17.651940416427212,30.2
17.744207349554188,30.2
17.836956563198083,30.2
17.93019057824573,30.2
18.023911928760675,30.2
18.118123162052047,30.2
18.21282683874379,30.2
18.30802553284428,30.2
18.403721831816252,30.2
18.499918336647156,30.2
18.59661766191982,30.2
18.69382243588356,30.2
18.791535300525574,30.2
18.889758911642755,30.2
18.98849593891389,30.2
19.08774906597221,30.2
19.187520990478333,30.2
19.287814424193606,30.2
19.388632093053765,30.2
19.48997673724305,30.2
19.591851111268685,30.2
19.69425798403576,30.2
19.79720013892245,30.2
19.90068037385568,30.2
20.004701501387192,30.2
20.109266348769967,30.2
20.214377758035074,30.2
20.320038586068932,30.2
20.426251704690927,30.2
20.533020000731486,30.2
20.64034637611054,30.2
20.748233747916412,30.2
20.856685048485062,30.2
20.965703225479817,30.2
21.075291241971485,30.2
21.185452076518878,30.2
21.296188723249774,30.2
21.407504191942323,30.2
21.519401508106792,30.2
21.631883713067854,30.2
21.744953864047204,30.2
21.858615034246718,30.2
21.972870312931903,30.2
22.087722805515906,30.2
22.203175633643916,30.2
22.319231935278008,30.2
22.435894864782412,30.2
22.553167593009288,30.2
22.671053307384867,30.2
22.789555211996095,30.2
22.908676527677724,30.2
23.028420492099883,30.2
23.148790359856015,30.2
23.26978940255137,30.2
23.391420908891938,30.2
23.51368818477381,30.2
23.63659455337303,30.2
23.760143355235964,30.2
23.884337948370025,30.2
24.009181708334992,30.2
24.134678028334722,30.2
24.260830319309434,30.2
24.387642010028344,30.2
24.515116547182902,30.1
24.64325739548046,30.0
24.772068037738443,29.9
24.901551974979007,29.9
25.031712726524198,29.9
25.162553830091625,29.9
25.294078841890578,29.9
25.426291336718684,29.9
25.559194908059133,29.9
25.692793168178262,29.9
25.827089748223784,29.9
25.96208829832347,29.9
26.097792487684362,29.9
26.234206004692496,29.9
26.371332557013133,29.9
26.5091758716916,29.9
26.647739695254497,29.9
26.787027793811582,29.9
26.9270439531581,29.9
27.06779197887776,29.8
27.209275696446046,29.7
27.351498951334275,29.7
27.494465609114105,29.7
27.638179555562576,29.7
27.782644696767733,29.7
27.92786495923483,29.7
28.07384428999299,29.7
28.220586656702505,29.7
28.368096047762684,29.7
28.516376472420284,29.7
28.66543196087842,29.7
28.815266564406134,29.7
28.965884355448516,29.7
29.11728942773738,29.6
29.26948589640251,29.5
29.42247789808359,29.5
29.57626959104251,29.5
29.730865155276486,29.5
29.88626879263161,29.5
30.04248472691713,29.5
30.19951720402016,29.5
30.357370492021133,29.5
30.516048881309793,29.4
30.675556684701824,29.4
30.835898237556027,29.4
30.99707789789224,29.4
31.15910004650967,29.4
31.321969087106055,29.4
31.485689446397288,29.4
31.650265574237824,29.4
31.815701943741516,29.4
31.98200305140326,29.4
32.14917341722119,29.4
32.31721758481955,29.4
32.486140121572134,29.4
32.655945618726484,29.3
32.82663869152868,29.2
32.99822397934869,29.2
33.170706145806605,29.2
33.34408987889928,29.2
33.51837989112781,29.2
33.69358091962557,29.2
33.86969772628702,29.2
34.04673509789711,29.2
34.224697846261364,29.1
34.40359080833668,29.0
34.58341884636283,29.0
34.764186847994516,29.0
34.94589972643436,29.0
35.12856242056629,29.0
35.312179895089876,29.0
35.496757140655234,29.0
35.68229917399868,28.9
35.86881103807908,28.8
36.05629780221492,28.7
36.24476456222205,28.7
36.434216440552284,28.9
36.6246585864325,29.0
36.81609617600466,29.0
37.00853441246656,29.0
37.2019785262131,29.0
37.39643377497855,29.0
37.591905443979435,29.0
37.788398846058186,29.0
37.985919321827524,29.0
38.184472239815605,29.0
38.384062996612016,29.0
38.584697017014335,29.0
38.786379754175634,28.9
38.98911668975273,28.8
39.1929133340551,28.7
39.39777522619469,28.7
39.60370793423646,28.7
39.810717055349734,28.7
40.0188082159603,28.6
40.227987071903335,28.6
40.43825930857721,28.5
40.64963064109788,28.4
40.8621068144543,28.3
41.075693603664625,28.3
41.29039681393302,28.3
41.506222280807584,28.3
41.72317587033889,28.3
41.94126347923944,28.2
42.16049103504393,28.2
42.38086449627034,28.1
42.60238985258197,28.1
42.825073124950116,28.0
43.04892036581776,28.0
43.27393765926414,28.0
43.500131121170035,28.0
43.727506899384,28.0
43.956071173889484,28.0
44.18583015697281,28.0
44.416790093392,28.0
44.648957260546474,28.0
44.88233796864779,28.1
45.116938560890986,28.1
45.35276541362708,28.2
45.58982493653644,28.2
45.82812357280281,28.1
46.067667799288614,28.0
46.308464126710895,28.0
46.55051909981832,28.0
46.793839297569036,28.0
47.03843133330949,28.0
47.28430185495417,28.0
47.531457545166376,28.0
47.77990512153967,28.0
48.02965133678067,28.0
48.28070297889241,28.0
48.53306687135893,28.0
48.78674987333074,28.0
49.041758879811184,28.0
49.298100821843896,28.0
49.55578266670119,27.9
49.81481141807335,27.8
50.07519411625915,27.8
50.336937838356974,27.8
50.60004969845742,27.8
50.86453684783644,27.8
51.13040647514984,27.7
51.39766580662862,27.6
51.66632210627541,27.5
51.93638267606184,27.5
52.20785485612707,27.5
52.48074602497726,27.5
52.75506359968615,27.5
53.030815036096584,27.5
53.308007829023246,27.5
53.58664951245627,27.4
53.866747659766084,27.3
54.148309883909214,27.3
54.431343837635225,27.3
54.7158572136947,27.3
55.00185774504835,27.3
55.28935320507712,27.2
55.57835140779364,27.1
55.86886020805435,27.1
56.160887501773274,27.1
56.45444122613637,27.1
56.74952935981742,27.1
57.04615992319485,27.1
57.34434097856969,27.0
57.64408063038476,26.9
57.94538702544487,26.9
58.24826835313831,26.9
58.552732845659456,26.8
58.85878877823242,26.8
59.166444469336014,26.7
59.475708280929936,26.7
59.786588618681876,26.6
60.0990939321961,26.6
60.41323271524305,26.6
60.72901350599024,26.6
61.046444887234294,26.5
61.365535486634215,26.5
61.686293976945976,26.4
62.008729076258064,26.4
62.332849548228545,26.3
62.658664202323344,26.2
62.98618189405547,26.1
63.315411525225876,26.0
63.64636204416533,25.9
63.979042445977655,25.9
64.31346177278421,25.9
64.64962911396958,25.9
64.98755360642885,25.8
65.32724443481563,25.8
65.66871083179183,25.7
66.01196207827876,25.7
66.35700750370908,25.6
66.7038564862806,25.6
67.05251845321108,25.5
67.40300288099445,25.5
67.75531929565844,25.4
68.1094772730234,25.4
68.46548643896274,25.3
68.82335646966433,25.2
69.18309709189363,25.2
69.54471808325809,25.2
69.90822927247277,25.2
70.27364053962762,25.2
70.6409618164559,25.2
71.01020308660422,25.2
71.38137438590384,25.1
71.75448580264342,25.0
72.12954747784322,24.9
72.50656960553087,24.9
72.88556243301818,24.9
73.26653626117992,24.9
73.64950144473359,24.9
74.03446839252094,24.9
74.42144756779092,24.9
74.810449488484,24.9
75.20148472751808,24.9
75.59456391307583,25.1
75.98969772889355,25.2
76.38689691455168,25.2
76.78617226576647,25.3
77.18753463468363,25.3
77.59099493017311,25.4
77.99656411812569,25.6
78.404253221751,25.7
78.8140733218772,25.7
79.226035557252,25.8
79.64015112484554,25.8
80.05643128015467,26.1
80.47488733750892,26.3
80.89553067037787,26.4
81.31837271168051,26.5
81.74342495409579,26.5
82.170698950375,26.6
82.60020631365589,26.6
83.03195871777821,26.7
83.46596789760103,26.7
83.90224564932171,26.8
84.34080383079642,26.9
84.78165436186265,26.9
85.22480922466286,27.0
85.67028046397054,27.1
86.11808018751721,27.2
86.56822056632171,27.3
87.020713835021,27.4
87.47557229220259,27.5
87.93280830073893,27.6
88.39243428812335,27.7
88.85446274680783,27.8
89.31890623454267,28.0
89.78577737471758,28.1
90.25508885670492,28.2
90.72685343620469,28.2
91.20108393559097,28.2
91.67779324426061,28.4
92.15699431898352,28.6
92.63870018425483,28.7
93.12292393264887,28.8
93.60967872517497,28.8
94.09897779163542,28.9
94.5908344309847,29.0
95.0852620116911,29.1
95.58227397210023,29.2
96.08188382079996,29.2
96.5841051369878,29.2
97.08895157083991,29.2
97.59643684388209,29.2
98.10657474936274,29.3
98.61937915262773,29.4
99.13486399149741,29.4
99.65304327664518,29.4
100.17393109197839,29.4
100.69754159502135,29.5
101.22388901729977,29.5
101.75298766472777,29.5
102.28485191799675,29.5
102.81949623296607,29.5
103.35693514105618,29.5
103.89718324964329,29.5
104.44025524245698,29.5
104.98616587997819,29.5
105.53492999984189,29.5
106.08656251723878,29.5
106.64107842532215,29.5
107.19849279561431,29.5
107.75882077841675,29.5
108.32207760322176,29.5
108.88827857912626,29.5
109.45743909524856,29.5
110.02957462114523,29.5
110.60470070723336,29.5
111.18283298521138,29.5
111.76398716848561,29.5
112.3481790525961,29.5
112.93542451564652,29.5
113.5257395187356,29.5
114.11914010639099,29.5
114.71564240700522,29.5
115.3152626332741,29.5
115.91801708263789,29.5
116.52392213772293,29.5
117.13299426678874,29.5
117.74525002417371,29.4
118.36070605074681,29.4
118.97937907435858,29.4
119.60128591029638,29.4
120.22644346174131,29.4
120.85486872022751,29.3
121.4865787661046,29.3
122.12159076900052,29.2
122.75992198829012,29.2
123.40158977356222,29.1
124.04661156509306,29.1
124.69500489431896,29.1
125.34678738431336,29.1
126.00197675026583,29.0
126.6605907999634,29.0
127.3226474342747,29.0
127.98816464763628,28.9
128.6571605285424,28.9
129.32965326003517,28.8
130.00566112020084,28.7
130.68520248266435,28.7
131.36829581709074,28.7
132.05495968968575,28.7
132.74521276370103,28.6
133.43907379994133,28.6
134.1365616572744,28.5
134.83769529314347,28.4
135.54249376408254,28.3
136.25097622623485,28.2
136.96316193587217,28.2
137.67907024992007,28.1
138.39872062648203,28.1
139.1221326253702,28.1
139.84932590863562,28.1
140.58032024110324,28.1
141.31513549090906,28.0
142.05379163003997,27.9
142.7963087348772,27.9
143.5427069867405,27.8
144.29300667243896,27.8
145.04722818481977,27.8
145.80539202332486,27.8
146.56751879454652,27.7
147.333629212788,27.7
148.1037441006266,27.6
148.87788438947953,27.5
149.65607112017267,27.5
150.43832544351253,27.4
151.2246686208618,27.3
152.01512202471548,27.1
152.80970713928414,27.0
153.6084455610754,26.9
154.41135899948313,26.8
155.218469277376,26.7
156.02979833169113,26.6
156.8453682140304,26.5
157.66520109125955,26.4
158.48931924611142,26.3
159.3177450777899,26.3
160.15050110258113,26.2
160.9876099544629,26.1
161.82909438572216,26.1
162.67497726757185,26.0
163.52528159077312,26.0
164.38003046626017,26.0
165.23924712576837,26.1
166.1029549224657,26.1
166.97117733158728,26.2
167.8439379510743,26.2
168.72126050221348,26.2
169.60316883028446,26.2
170.48968690520502,26.3
171.38083882218535,26.3
172.27664880238083,26.3
173.17714119355136,26.3
174.08234047072295,26.4
174.99227123685273,26.4
175.9069582234984,26.4
176.82642629148881,26.4
177.75070043160196,26.5
178.67980576524164,26.5
179.61376754512278,26.5
180.55261115595593,26.5
181.49636211513797,26.6
182.44504607344558,26.6
183.39868881573247,26.6
184.35731626163007,26.6
185.3209544662519,26.7
186.28962962090262,26.7
187.26336805378796,26.7
188.24219623073301,26.7
189.2261407558986,26.7
190.21522837250714,26.6
191.20948596356752,26.6
192.20894055260666,26.5
193.21361930440384,26.5
194.22354952572874,26.5
195.2387586660848,26.5
196.25927431845295,26.5
197.28512422004457,26.4
198.31633625305224,26.4
199.35293844541056,26.4
200.39495897155572,26.4
201.4424261531923,26.4
202.4953684600627,26.3
203.55381451072122,26.2
204.6177930733116,26.2
205.6873330663489,26.2
206.76246355950653,26.2
207.84321377440395,26.1
208.92961308540407,26.1
210.02169102040844,26.1
211.11947726166272,26.1
212.22300164656127,26.1
213.33229416845913,26.0
214.447384977487,26.0
215.5683043813707,26.0
216.69508284625502,26.0
217.8277509975314,25.9
218.9663396206716,25.8
220.1108796620618,25.7
221.26140222984722,25.7
222.41793859477394,25.7
223.5805201910423,25.7
224.74917861715863,25.7
225.9239456367954,25.6
227.10485317965416,25.5
228.29193334233327,25.5
229.48521838920135,25.5
230.68474075327168,25.5
231.89053303708724,25.5
233.102628013603,25.5
234.32105862708036,25.4
235.5458579939798,25.4
236.77705940386227,25.3
238.0146963202937,25.3
239.25880238175446,25.3
240.50941140255387,25.3
241.76655737374873,25.3
243.03027446406858,25.3
244.30059702084168,25.3
245.57755957093218,25.2
246.86119682167464,25.2
248.1515436618211,25.2
249.44863516248657,25.2
250.75250657810346,25.1
252.0631933473797,25.0
253.3807310942614,24.9
254.7051556289027,24.9
256.03650294863604,24.9
257.3748092389545,24.9
258.72011087449107,24.8
260.0724444200114,24.8
261.4318466314045,24.7
262.79835445668317,24.7
264.17200503698814,24.7
265.5528357075972,24.7
266.94088399894025,24.6
268.336187637619,24.6
269.7387845474336,24.5
271.1487128504106,24.5
272.56601086784315,24.5
273.9907171213279,24.5
275.4228703338166,24.5
276.86250943066517,24.5
278.30967354069315,24.5
279.764401997247,24.5
281.2267343392687,24.5
282.6967103123723,24.5
284.1743698699204,24.5
285.65975317411466,24.5
287.152900597083,24.5
288.6538527219809,24.4
290.16265034409145,24.4
291.67933447193553,24.4
293.203946328386,24.4
294.7365273517884,24.4
296.27711919708696,24.3
297.8257637369567,24.3
299.38250306294265,24.2
300.947379486601,24.2
302.52043554065347,24.2
304.1017139801383,24.2
305.69125778357716,24.2
307.2891101541398,24.2
308.8953145208197,24.2
310.5099145396145,24.2
312.1329540947119,24.2
313.76447729968413,24.2
315.40452849868336,24.2
317.0531522676519,24.2
318.71039341552853,24.2
320.3762969854716,24.2
322.05090825607795,24.1
323.7342727426186,24.1
325.4264361982722,24.0
327.1274446153702,24.0
328.83734422664674,24.0
330.55618150649445,24.0
332.28400317222986,24.0
334.02085618535915,24.0
335.76678775285944,24.0
337.52184532845695,24.0
339.28607661392135,24.0
341.0595295603587,24.0
342.84225236951676,24.0
344.63429349509414,24.0
346.4357016440579,24.0
348.24652577796684,24.0
350.06681511430224,24.0
351.8966191278073,23.9
353.7359875518278,23.8
355.5849703796693,23.7
357.44361786595016,23.7
359.3119805279728,23.7
361.1901091470929,23.7
363.0780547701014,23.7
364.9758687106112,23.7
366.8836025504522,23.7
368.80130814107446,23.7
370.72903760495365,23.7
372.66684333701346,23.7
374.6147780060434,23.7
376.57289455613636,23.7
378.54124620812286,23.7
380.5198864610201,23.7
382.50886909348526,23.7
384.5082481652772,23.7
386.51807801872604,23.7
388.53841328020957,23.7
390.56930886163985,23.7
392.6108199619517,23.7
394.6630020686084,23.7
396.7259109591041,23.7
398.7996027024853,23.7
400.8841336608706,23.7
402.9795604909844,23.7
405.0859401456969,23.7
407.20332987557106,23.7
409.331787230421,23.7
411.4713700608718,23.7
413.6221365199375,23.7
415.78414506459575,23.7
417.95745445738237,23.7
420.1421237679842,23.7
422.33821237484636,23.7
424.5457799667861,23.7
426.76488654461485,23.7
428.9955924227691,23.7
431.23795823094935,23.7
433.49204491576995,23.7
435.7579137424112,23.7
438.0356262962907,23.7
440.3252444847303,23.7
442.62683053864555,23.7
444.9404470142319,23.7
447.2661567946673,23.7
449.60402309182115,23.7
451.9541094479714,23.7
454.3164797375345,23.7
456.6911981687959,23.7
459.0783292856624,23.7
461.4779379694089,23.7
463.89008944044906,23.7
466.31484926010245,23.7
468.7522833323791,23.7
471.20245790577025,23.7
473.6654395750488,23.7
476.14129528307956,23.7
478.630092322638,23.7
481.1318983382419,23.7
483.6467813279844,23.7
486.1748096453894,23.7
488.7160520012619,23.7
491.27057746556244,23.7
493.8384554692794,23.7
496.4197558063182,23.7
499.01454863539806,23.6
501.6229044819588,23.6
504.24489424007766,23.6
506.88058917439554,23.6
509.53006092205686,23.6
512.1933814946506,23.6
514.8706232801756,23.6
517.5618590449992,23.6
520.2671619358439,23.6
522.9866054817683,23.6
525.7202635961694,23.5
528.4682105787901,23.5
531.230521117739,23.4
534.0072702915224,23.3
536.7985335710792,23.3
539.6043868218401,23.3
542.4249063057814,23.3
545.2601686835053,23.3
548.1102510163182,23.3
550.9752307683272,23.3
553.8551858085453,23.2
556.7501944130083,23.1
559.6603352669016,23.1
562.5856874666987,23.1
565.5263305223134,23.1
568.4823443592555,23.0
571.4538093208106,22.9
574.4408061702153,22.9
577.4434160928608,22.8
580.4617206984933,22.8
583.4958020234345,22.7
586.5457425328113,22.7
589.6116251227962,22.6
592.6935331228639,22.5
595.7915502980484,22.5
598.9057608512304,22.5
602.0362494254149,22.4
605.1831011060411,22.4
608.3464014232891,22.4
611.5262363544065,22.4
614.7226923260454,22.3
617.9358562166111,22.3
621.1658153586235,22.3
624.4126575410903,22.4
627.6764710118958,22.4
630.957344480193,22.5
634.2553671188238,22.6
637.5706285667327,22.7
640.9032189314127,22.8
644.2532287913472,22.9
647.6207491984753,23.0
651.0058716806659,23.0
654.4086882442045,22.9
657.8292913762976,22.9
661.2677740475787,22.8
664.7242297146454,22.7
668.1987523225889,22.6
671.6914363075575,22.4
675.2023765993158,22.4
678.7316686238282,22.5
682.2794083058518,22.6
685.8456920715438,22.7
689.4306168510824,22.8
693.0342800813003,22.9
696.6567797083366,23.0
700.2982141902914,23.1
703.9586824999124,23.3
707.6382841272731,23.5
711.3371190824884,23.7
715.0552878984242,23.8
718.7928916334344,23.9
722.5500318741055,24.0
726.3268107380181,24.1
730.123330876526,24.2
733.9396954775374,24.2
737.7760082683312,24.2
741.6323735183645,24.2
745.508896042117,24.2
749.4056812019327,24.1
753.3228349108862,24.0
757.2604636356614,24.0
761.2186743994453,24.0
765.1975747848361,24.0
769.1972729367671,24.0
773.2178775654501,24.0
777.2594979493206,24.0
781.3222439380205,24.0
785.406225955371,24.0
789.5115550023859,24.0
793.6383426602791,24.0
797.7867010935024,24.0
801.9567430527921,24.0
806.1485818782347,24.0
810.3623315023465,24.1
814.59810645317,24.1
818.8560218573906,24.2
823.1361934434566,24.3
827.4387375447371,24.6
831.7637711026708,24.9
836.1114116699566,25.0
840.4817774137397,25.0
844.8749871188272,25.2
849.2911601909162,25.6
853.7304166598383,25.9
858.1928771828257,26.0
862.6786630477819,26.1
867.1878961765907,26.1
871.7206991284164,26.1
876.2771951030477,26.1
880.8575079442367,26.1
885.4617621430697,26.1
890.0900828413493,26.0
894.742595834996,25.9
899.4194275774676,25.8
904.1207051831946,25.7
908.8465564310401,25.6
913.5971097677627,25.6
918.3724943115215,25.7
923.1728398553701,25.8
927.998276870799,25.9
932.8489365112713,26.0
937.7249506157918,26.3
942.6264517124897,26.5
947.5535730222193,26.6
952.5064484621864,26.7
957.4852126495767,26.8
962.4900009052299,26.9
967.5209492573013,27.1
972.5781944449744,27.3
977.6618739221665,27.6
982.772125861269,27.8
987.9090891569025,28.0
993.0729034296917,28.1
998.26370903006,28.4
1003.4816470420445,28.6
1008.7268592871307,28.7
1013.9994883281055,28.8
1019.2996774729368,28.9
1024.627570778662,29.0
1029.9833130553077,29.0
1035.3670498698243,29.0
1040.778927550043,29.0
1046.219093188652,29.0
1051.687694647196,29.0
1057.1848805600926,29.0
1062.7108003386745,28.9
1068.2656041752484,28.9
1073.849443047181,28.8
1079.4624687209969,28.7
1085.104833756507,28.6
1090.7766915109553,28.5
1096.4781961431852,28.3
1102.2095026178308,28.2
1107.9707667095288,28.1
1113.7621450071517,28.0
1119.5837949180645,27.9
1125.4358746724013,27.7
1131.3185433273702,27.5
1137.231960771571,27.3
1143.1762877293438,27.2
1149.1516857651375,27.1
1155.1583172879002,27.0
1161.1963455554942,26.9
1167.2659346791324,26.7
1173.3672496278396,26.6
1179.5004562329357,26.5
1185.6657211925422,26.5
1191.8632120761172,26.4
1198.0930973290035,26.4
1204.355546277011,26.4
1210.650729131018,26.4
1216.9788169915967,26.3
1223.3399818536654,26.1
1229.7343966111616,25.9
1236.162235061742,25.7
1242.6236719115057,25.8
1249.1188827797416,25.7
1255.6480442037073,25.7
1262.2113336434193,25.7
1268.8089294864806,25.8
1275.4410110529293,25.9
1282.1077586001115,26.2
1288.8093533275808,26.4
1295.5459773820237,26.6
1302.3178138622095,27.0
1309.1250468239675,27.1
1315.967861285188,27.2
1322.8464432308563,27.2
1329.7609796180998,27.4
1336.7116583812742,27.5
1343.6986684370715,27.6
1350.7221996896535,27.7
1357.782443035813,27.8
1364.879590370164,27.9
1372.0138345903551,28.0
1379.1853696023147,27.9
1386.3943903255179,27.9
1393.6410926982915,27.8
1400.9256736831292,27.8
1408.248331272053,27.7
1415.6092644919916,27.6
1423.0086734101894,27.4
1430.4467591396458,27.0
1437.9237238445805,26.7
1445.439770745928,26.5
1452.9951041268616,26.4
1460.589929338344,26.3
1468.224452804715,26.2
1475.898882029292,26.1
1483.6134256000173,26.1
1491.3682931951248,26.1
1499.1636955888393,26.0
1506.999844657106,25.9
1514.8769533833477,25.6
1522.7952358642551,25.4
1530.754907315605,25.2
1538.7561840781082,25.1
1546.799283623296,24.9
1554.8844245594228,24.7
1563.0118266374113,24.4
1571.181710756826,24.2
1579.3942989718767,24.1
1587.649814497453,24.0
1595.9484817151922,24.0
1604.2905261795772,23.9
1612.6761746240677,23.8
1621.1056549672617,23.8
1629.5791963190893,23.7
1638.097028987047,23.7
1646.6593844824454,23.6
1655.266495526711,23.6
1663.9185960577072,23.6
1672.6159212360947,23.5
1681.3587074517213,23.4
1690.1471923300487,23.4
1698.9816147386093,23.5
1707.8622147934998,23.6
1716.789233865905,23.7
1725.7629145886658,23.9
1734.7835008628629,24.0
1743.8512378644525,23.9
1752.9663720509295,23.9
1762.1291511680254,23.8
1771.3398242564415,23.8
1780.598641658619,23.7
1789.9058550255418,23.6
1799.2617173235774,23.4
1808.6664828413498,23.2
1818.1204071966588,23.0
1827.6237473434162,22.9
1837.1767615786375,22.8
1846.7797095494598,22.7
1856.4328522602,22.2
1866.1364520794475,21.7
1875.8907727471963,21.6
1885.6960793820124,21.6
1895.552638488241,21.7
1905.4607179632462,21.8
1915.4205871047022,21.8
1925.4325166178992,21.8
1935.4967786231095,21.8
1945.6136466629825,22.1
1955.783395709978,22.5
1966.006302173841,22.8
1976.282643909114,23.0
1986.6127002226892,23.2
1996.996751881399,23.4
2007.4350811196462,23.5
2017.927971647083,23.6
2028.4757086563097,23.7
2039.078578830634,23.8
2049.736870351861,23.9
2060.4508729081267,24.0
2071.22087770177,24.1
2082.0471774572497,24.1
2092.9300664290977,24.3
2103.8698404099196,24.3
2114.8667967384304,24.3
2125.9212343075446,24.3
2137.0334535724887,24.3
2148.2037565589744,24.3
2159.4324468714053,24.3
2170.71982970113,24.3
2182.0662118347364,24.3
2193.4719016623894,24.4
2204.937209186215,24.5
2216.4624460287228,24.4
2228.0479254412767,24.4
2239.6939623126154,24.4
2251.4008731773993,24.3
2263.168976224821,24.2
2274.9985913072546,24.1
2286.890039948944,24.1
2298.843645354747,24.0
2310.8597324189163,24.0
2322.9386277339318,23.9
2335.0806595993763,23.7
2347.2861580308577,23.5
2359.5554547689862,23.4
2371.8888832883777,23.4
2384.2867788067265,23.4
2396.7494782939148,23.3
2409.2773204811715,23.3
2421.8706458702773,23.3
2434.5297967428205,23.3
2447.2551171695004,23.2
2460.0469530194778,23.1
2472.905651969775,23.0
2485.8315635147337,22.9
2498.825038975499,22.7
2511.88643150958,22.5
2525.0160961204438,22.3
2538.2143896671673,22.2
2551.481670874133,22.1
2564.8183003407817,22.1
2578.224640551411,22.1
2591.7010558850307,22.2
2605.247912625263,22.3
2618.8655789702975,22.3
2632.5544250429093,22.3
2646.314822900502,22.3
2660.14714654523,22.2
2674.051771934164,22.0
2688.029076989506,21.8
2702.079441608862,21.7
2716.20324767557,21.5
2730.400879069075,21.4
2744.6727216753675,21.3
2759.0191633974646,21.2
2773.440594165967,21.1
2787.9374059496395,21.0
2802.509992766076,21.0
2817.1587506924047,20.9
2831.8840778760564,20.9
2846.686374545581,20.9
2861.5660430215316,20.8
2876.5234877273942,20.8
2891.5591152005823,20.8
2906.6733341034837,20.7
2921.8665552345788,20.6
2937.139191539587,20.5
2952.4916581227058,20.2
2967.9243722578863,20.0
2983.4377534001765,19.8
2999.0322231971227,19.7
3014.7082055002275,19.7
3030.466126376471,19.8
3046.306414119893,19.8
3062.229499263226,19.9
3078.2358145896155,19.9
3094.325795144359,19.9
3110.4998782467446,19.9
3126.7585035019356,19.9
3143.1021128129173,19.9
3159.5311503925072,19.9
3176.0460627754296,19.9
3192.6472988304513,19.8
3209.335309772584,19.7
3226.1105491753406,19.7
3242.973472983081,19.7
3259.924539523382,19.7
3276.9642095195077,19.7
3294.0929461029286,19.6
3311.311214825911,19.5
3328.6194836741684,19.5
3346.018223079582,19.5
3363.507905932988,19.5
3381.089007597027,19.5
3398.762005919066,19.5
3416.527381244194,19.5
3434.385616428264,19.4
3452.337196851022,19.4
3470.382610429304,19.4
3488.5223476302926,19.3
3506.7569014848486,19.2
3525.0867676009134,19.1
3543.512444176976,19.0
3562.034432015617,19.0
3580.6532345371147,18.9
3599.369357793143,18.8
3618.1833104805046,18.7
3637.095603954969,18.6
3656.1067522451726,18.5
3675.2172720665826,18.5
3694.4276828355482,18.4
3713.738506683413,18.3
3733.1502684707093,18.2
3752.6634958014215,18.0
3772.2787190373247,17.9
3791.9964713124127,17.8
3811.817288547367,17.7
3831.7417094641373,17.6
3851.7702756005806,17.5
3871.9035313251793,17.5
3892.1420238518376,17.5
3912.4863032547537,17.5
3932.936922483372,17.5
3953.4944373774106,17.5
3974.1594066819653,17.5
3994.9323920627126,17.5
4015.8139581211503,17.7
4036.8046724099613,17.8
4057.9051054484326,17.8
4079.115830737964,17.8
4100.437424777656,17.8
4121.870467079975,17.8
4143.41554018651,17.8
4165.0732296838005,17.8
4186.844124219257,17.7
4208.728815517151,17.6
4230.72789839472,17.5
4252.841970778305,17.5
4275.071633719623,17.4
4297.417491412092,17.3
4319.880151207261,17.2
4342.460223631314,17.2
4365.158322401661,17.1
4387.975064443623,17.0
4410.911069907196,16.7
4433.9669621839075,16.3
4457.1433679237725,15.8
4480.4409170523,15.3
4503.860242787635,14.9
4527.40198165776,14.4
4551.0667735177985,13.6
4574.855261567406,12.5
4598.768092368251,11.4
4622.80591586159,10.7
4646.969385385929,9.7
4671.25915769478,8.3
4695.675892974527,6.9
4720.220254862348,5.6
4744.892910464259,4.8
4769.694530373255,4.6
4794.625788687525,5.0
4819.68736302878,5.2
4844.87993456067,5.5
4870.204188007296,5.9
4895.660811671819,6.3
4921.250497455168,6.6
4946.973940874864,6.9
4972.8318410838865,7.3
4998.824900889706,7.6
5024.953826773381,8.0
5051.219328908747,8.3
5077.622121181736,8.7
5104.162921209768,9.1
5130.842450361258,9.5
5157.661433775227,9.9
5184.620600380999,10.4
5211.720682918039,10.9
5238.962417955835,11.5
5266.346545913939,12.0
5293.873811082085,12.5
5321.544961640422,12.9
5349.360749679845,13.3
5377.321931222439,13.8
5405.429266242027,14.1
5433.683518684824,14.5
5462.085456490198,14.9
5490.635851611563,15.2
5519.335480037329,15.4
5548.185121812011,15.5
5577.185561057427,15.6
5606.337585994012,15.9
5635.641988962242,16.5
5665.0995664441625,16.9
5694.7111190850455,17.0
5724.477451715144,17.6
5754.399373371566,18.6
5784.477697320285,19.2
5814.713241078208,19.4
5845.10682643542,19.5
5875.659279477514,19.7
5906.371430608045,19.8
5937.244114571097,19.8
5968.278170473975,19.9
5999.4744418100045,19.9
6030.833776481469,19.9
6062.357026822636,19.9
6094.045049622959,19.9
6125.898706150321,19.9
6157.918862174471,19.9
6190.106387990547,19.9
6222.462158442733,19.8
6254.987052948034,19.7
6287.681955520183,19.7
6320.547754793659,19.7
6353.585344047851,19.7
6386.795621231329,19.7
6420.179488986247,19.7
6453.7378546729,19.7
6487.471630394349,19.7
6521.381733021235,19.7
6555.469084216698,19.7
6589.734610461422,19.7
6624.179243078815,19.7
6658.80391826033,19.7
6693.609577090902,19.7
6728.597165574533,19.6
6763.767634659991,19.5
6799.1219402666875,19.4
6834.661043310619,19.0
6870.385909730507,18.4
6906.297510514049,18.1
6942.39682172431,17.9
6978.684824526248,17.5
7015.162505213385,16.4
7051.830855234612,15.7
7088.690871221135,16.6
7125.7435550135615,17.6
7162.989913689153,18.2
7200.430959589155,18.8
7238.067710346342,19.0
7275.901188912673,19.5
7313.932423587085,20.2
7352.162448043451,20.7
7390.59230135867,20.9
7429.22302804091,21.0
7468.055678057999,21.1
7507.091306865953,21.2
7546.330975437692,21.3
7585.775750291836,21.4
7625.426703521717,21.4
7665.284912824515,21.3
7705.351461530549,21.1
7745.627438632719,20.8
7786.113938816104,20.7
7826.81206248772,20.4
7867.722915806424,20.1
7908.847610712972,19.7
7950.187264960275,19.5
7991.743002143727,19.7
8033.515951731782,20.0
8075.507249096639,20.2
8117.718035545101,20.5
8160.149458349601,20.9
8202.80267077938,21.5
8245.67883213183,21.9
8288.77910776401,22.0
8332.104669124305,22.2
8375.656693784302,22.4
8419.436365470749,22.7
8463.444874097753,23.0
8507.683415799123,23.1
8552.153192960874,23.2
8596.855414253905,23.1
8641.791294666864,23.1
8686.962055539152,23.0
8732.36892459413,22.9
8778.01313597248,22.8
8823.895930265779,22.7
8870.018554550163,22.4
8916.382262420266,21.7
8962.988314023276,21.2
9009.83797609319,21.1
9056.932521985234,20.9
9104.273231710486,20.4
9151.861391970657,19.9
9199.698296193066,19.3
9247.785244565785,18.6
9296.12354407301,17.9
9344.714508530542,17.2
9393.559458621517,16.9
9442.659721932305,16.9
9492.016632988581,16.3
9541.631533291613,15.7
9591.505771354708,15.5
9641.64070273987,15.0
9692.037690094652,14.0
9742.698103189163,13.3
9793.623318953358,13.1
9844.814721514387,13.2
9896.27370223427,13.1
9948.001659747684,13.2
10000.0,13.8
10052.270136285486,14.3
10104.813489285681,14.8
10157.6314871081,15.4
10210.725565324987,15.7
10264.09716701231,15.7
10317.747742788988,15.7
10371.678750856474,15.7
10425.891657038128,15.6
10480.387934819217,15.0
10535.16906538697,14.1
10590.236537670813,13.5
10645.591848382772,13.2
10701.236502058211,13.0
10757.172011096769,12.9
10813.399895803414,12.9
10869.921684429703,12.8
10926.73891321545,12.8
10983.85312643042,12.8
11041.265876416248,12.8
11098.978723628681,12.8
11156.993236680037,12.7
11215.310992381786,12.7
11273.933575787378,12.7
11332.862580235347,12.6
11392.099607392682,12.6
11451.646267298307,12.5
11511.504178406769,12.4
11571.674967632372,12.4
11632.16027039332,12.3
11692.961730656129,12.3
11754.08100098034,12.3
11815.519742563505,12.3
11877.27962528627,12.3
11939.362327757724,12.3
12001.76953736107,12.3
12064.50295029953,12.2
12127.56427164241,12.1
12190.95521537136,12.2
12254.677504427105,12.8
12318.732870756214,13.4
12383.123055358106,13.7
12447.849808332432,13.9
12512.914888926687,14.4
12578.320065583976,14.9
12644.067115991029,15.1
12710.157827126544,15.3
12776.593995309939,15.1
12843.377426249857,14.8
12910.50993509343,14.4
12977.99334647565,14.1
13045.829494568892,13.9
13114.020223132724,13.7
13182.567385564074,13.2
13251.472844947652,12.2
13320.738474106534,11.7
13390.366155652993,11.8
13460.35778203982,11.8
13530.715255611682,11.8
13601.440488656775,11.9
13672.535403458849,11.9
13744.001932349513,11.9
13815.842017760702,11.8
13888.057612277411,11.8
13960.650678690825,11.7
14033.62319005172,11.6
14106.977129724035,11.3
14180.714491438697,10.4
14254.837279347976,9.7
14329.347508079869,9.9
14404.247202792812,10.1
14479.538399230763,10.2
14555.223143778607,10.1
14631.303493517702,9.1
14707.78151628175,7.9
14784.65929071304,5.0
14861.938906319014,2.9
14939.622463529,3.6
15017.712073751207,5.3
15096.209859430292,5.8
15175.117954104964,6.0
15254.438502465904,6.2
15334.173660414117,6.1
15414.325595119602,5.8
15494.896485080177,5.6
15575.88852018064,5.3
15657.303901752315,5.1
15739.1448426331,4.9
15821.413567227246,4.6
15904.112311566014,4.4
15987.243323368504,4.1
16070.808862102673,3.9
16154.811199046684,3.7
16239.252617350698,3.4
16324.135412099,3.2
16409.461890372313,3.2
16495.23437131044,3.1
16581.455186175313,2.9
16668.12667841462,2.5
16755.251203725067,2.2
