10.0,7.1
10.052270136285475,7.1
10.104813489285682,7.2
10.157631487108103,7.2
10.210725565324982,7.3
10.264097167012295,7.3
10.317747742789004,7.3
10.371678750856479,7.3
10.425891657038118,7.3
10.480387934819216,7.4
10.535169065386981,7.4
10.590236537670812,7.5
10.64559184838276,7.6
10.701236502058206,7.7
10.757172011096776,7.8
10.813399895803409,7.8
10.869921684429707,7.8
10.926738913215466,7.8
10.98385312643042,7.8
11.041265876416237,7.9
11.098978723628681,8.0
11.156993236680048,8.1
11.215310992381788,8.1
11.27393357578736,8.2
11.332862580235341,8.2
11.392099607392687,8.2
11.451646267298301,8.2
11.511504178406776,8.2
11.571674967632385,8.3
11.632160270393321,8.3
11.692961730656117,8.4
11.75408100098034,8.4
11.815519742563518,8.5
11.87727962528627,8.5
11.939362327757706,8.5
12.001769537361062,8.6
12.064502950299536,8.6
12.127564271642404,8.7
12.190955215371359,8.8
12.254677504427118,8.8
12.318732870756214,8.9
12.383123055358094,9.0
12.447849808332432,9.1
12.5129148889267,9.2
12.578320065583968,9.2
12.644067115991009,9.2
12.710157827126565,9.3
12.776593995309947,9.3
12.843377426249843,9.4
12.910509935093431,9.4
12.977993346475664,9.5
13.045829494568892,9.6
13.11402022313271,9.6
13.182567385564074,9.6
13.251472844947658,9.6
13.320738474106527,9.6
13.390366155653,9.6
13.460357782039841,9.7
13.530715255611682,9.7
13.601440488656761,9.8
13.672535403458848,9.8
13.744001932349526,9.9
13.815842017760701,9.9
13.888057612277397,10.0
13.960650678690818,10.1
14.033623190051728,10.2
14.10697712972403,10.3
14.180714491438705,10.3
14.25483727934799,10.4
14.32934750807987,10.4
14.404247202792797,10.5
14.479538399230764,10.6
14.55522314377862,10.6
14.631303493517702,10.7
14.707781516281727,10.7
14.784659290713032,10.8
14.861938906319022,10.8
14.939622463528993,10.9
15.017712073751214,10.9
15.096209859430308,10.9
15.175117954104964,10.9
15.254438502465888,10.9
15.334173660414118,10.9
15.414325595119617,11.0
15.494896485080169,11.1
15.575888520180618,11.2
15.65730390175234,11.2
15.73914484263311,11.3
15.821413567227237,11.4
15.904112311566013,11.5
15.98724332336852,11.6
16.070808862102673,11.7
16.154811199046666,11.7
16.239252617350697,11.8
16.324135412099007,11.8
16.409461890372306,11.8
16.495234371310413,11.9
16.58145518617534,11.9
16.668126678414627,12.0
16.755251203725052,12.0
16.84283113011666,12.1
16.930868837977105,12.1
17.01936672013636,12.2
17.108327181931763,12.2
17.197752641273365,12.3
17.28764552870969,12.4
17.378008287493753,12.4
17.4688433736495,12.5
17.560153256038525,12.5
17.651940416427212,12.5
17.744207349554188,12.6
17.836956563198083,12.6
17.93019057824573,12.7
18.023911928760675,12.8
18.118123162052047,12.9
18.21282683874379,13.0
18.30802553284428,13.0
18.403721831816252,13.1
18.499918336647156,13.1
18.59661766191982,13.2
18.69382243588356,13.2
18.791535300525574,13.2
18.889758911642755,13.2
18.98849593891389,13.2
19.08774906597221,13.3
19.187520990478333,13.3
19.287814424193606,13.3
19.388632093053765,13.4
19.48997673724305,13.5
19.591851111268685,13.6
19.69425798403576,13.6
19.79720013892245,13.7
19.90068037385568,13.7
20.004701501387192,13.8
20.109266348769967,13.9
20.214377758035074,13.9
20.320038586068932,14.0
20.426251704690927,14.0
20.533020000731486,14.1
20.64034637611054,14.2
20.748233747916412,14.2
20.856685048485062,14.3
20.965703225479817,14.4
21.075291241971485,14.5
21.185452076518878,14.5
21.296188723249774,14.6
21.407504191942323,14.6
21.519401508106792,14.7
21.631883713067854,14.7
21.744953864047204,14.7
21.858615034246718,14.7
21.972870312931903,14.7
22.087722805515906,14.8
22.203175633643916,14.8
22.319231935278008,14.9
22.435894864782412,15.0
22.553167593009288,15.1
22.671053307384867,15.2
22.789555211996095,15.3
22.908676527677724,15.4
23.028420492099883,15.5
23.148790359856015,15.5
23.26978940255137,15.6
23.391420908891938,15.6
23.51368818477381,15.6
23.63659455337303,15.6
23.760143355235964,15.6
23.884337948370025,15.7
24.009181708334992,15.7
24.134678028334722,15.8
24.260830319309434,15.8
24.387642010028344,15.9
24.515116547182902,16.0
24.64325739548046,16.1
24.772068037738443,16.1
24.901551974979007,16.1
25.031712726524198,16.1
25.162553830091625,16.1
25.294078841890578,16.2
25.426291336718684,16.3
25.559194908059133,16.4
25.692793168178262,16.4
25.827089748223784,16.5
25.96208829832347,16.6
26.097792487684362,16.7
26.234206004692496,16.8
26.371332557013133,16.8
26.5091758716916,16.8
26.647739695254497,16.8
26.787027793811582,16.8
26.9270439531581,16.8
27.06779197887776,16.9
27.209275696446046,17.0
27.351498951334275,17.0
27.494465609114105,17.1
27.638179555562576,17.1
27.782644696767733,17.2
27.92786495923483,17.2
28.07384428999299,17.3
28.220586656702505,17.3
28.368096047762684,17.3
28.516376472420284,17.3
28.66543196087842,17.4
28.815266564406134,17.5
28.965884355448516,17.6
29.11728942773738,17.7
29.26948589640251,17.8
29.42247789808359,17.9
29.57626959104251,17.9
29.730865155276486,18.0
29.88626879263161,18.1
30.04248472691713,18.1
30.19951720402016,18.2
30.357370492021133,18.2
30.516048881309793,18.2
30.675556684701824,18.2
30.835898237556027,18.2
30.99707789789224,18.3
31.15910004650967,18.3
31.321969087106055,18.4
31.485689446397288,18.4
31.650265574237824,18.5
31.815701943741516,18.5
31.98200305140326,18.5
32.14917341722119,18.6
32.31721758481955,18.6
32.486140121572134,18.7
32.655945618726484,18.7
32.82663869152868,18.8
32.99822397934869,18.9
33.170706145806605,19.0
33.34408987889928,19.0
33.51837989112781,19.1
33.69358091962557,19.2
33.86969772628702,19.2
34.04673509789711,19.2
34.224697846261364,19.3
34.40359080833668,19.4
34.58341884636283,19.4
34.764186847994516,19.5
34.94589972643436,19.5
35.12856242056629,19.6
35.312179895089876,19.6
35.496757140655234,19.7
35.68229917399868,19.7
35.86881103807908,19.7
36.05629780221492,19.7
36.24476456222205,19.7
36.434216440552284,19.8
36.6246585864325,19.9
36.81609617600466,19.9
37.00853441246656,20.0
37.2019785262131,20.0
37.39643377497855,20.1
37.591905443979435,20.1
37.788398846058186,20.1
37.985919321827524,20.1
38.184472239815605,20.2
38.384062996612016,20.3
38.584697017014335,20.4
38.786379754175634,20.5
38.98911668975273,20.5
39.1929133340551,20.6
39.39777522619469,20.7
39.60370793423646,20.7
39.810717055349734,20.8
40.0188082159603,20.8
40.227987071903335,20.8
40.43825930857721,20.8
40.64963064109788,20.9
40.8621068144543,20.9
41.075693603664625,21.0
41.29039681393302,21.0
41.506222280807584,21.1
41.72317587033889,21.1
41.94126347923944,21.1
42.16049103504393,21.1
42.38086449627034,21.2
42.60238985258197,21.2
42.825073124950116,21.3
43.04892036581776,21.4
43.27393765926414,21.5
43.500131121170035,21.6
43.727506899384,21.6
43.956071173889484,21.6
44.18583015697281,21.6
44.416790093392,21.7
44.648957260546474,21.8
44.88233796864779,21.9
45.116938560890986,21.9
45.35276541362708,22.0
45.58982493653644,22.0
45.82812357280281,22.0
46.067667799288614,22.0
46.308464126710895,22.1
46.55051909981832,22.1
46.793839297569036,22.1
47.03843133330949,22.1
47.28430185495417,22.1
47.531457545166376,22.1
47.77990512153967,22.1
48.02965133678067,22.2
48.28070297889241,22.2
48.53306687135893,22.3
48.78674987333074,22.3
49.041758879811184,22.4
49.298100821843896,22.5
49.55578266670119,22.6
49.81481141807335,22.7
50.07519411625915,22.8
50.336937838356974,22.8
50.60004969845742,22.8
50.86453684783644,22.8
51.13040647514984,22.8
51.39766580662862,22.9
51.66632210627541,23.0
51.93638267606184,23.0
52.20785485612707,23.0
52.48074602497726,23.0
52.75506359968615,23.0
53.030815036096584,23.1
53.308007829023246,23.2
53.58664951245627,23.2
53.866747659766084,23.2
54.148309883909214,23.2
54.431343837635225,23.2
54.7158572136947,23.2
55.00185774504835,23.2
55.28935320507712,23.3
55.57835140779364,23.3
55.86886020805435,23.4
56.160887501773274,23.4
56.45444122613637,23.5
56.74952935981742,23.5
57.04615992319485,23.5
57.34434097856969,23.5
57.64408063038476,23.6
57.94538702544487,23.7
58.24826835313831,23.7
58.552732845659456,23.7
58.85878877823242,23.7
59.166444469336014,23.8
59.475708280929936,23.9
59.786588618681876,23.9
60.0990939321961,23.9
60.41323271524305,23.9
60.72901350599024,24.0
61.046444887234294,24.1
61.365535486634215,24.2
61.686293976945976,24.2
62.008729076258064,24.2
62.332849548228545,24.2
62.658664202323344,24.2
62.98618189405547,24.3
63.315411525225876,24.4
63.64636204416533,24.4
63.979042445977655,24.4
64.31346177278421,24.4
64.64962911396958,24.5
64.98755360642885,24.6
65.32724443481563,24.6
65.66871083179183,24.6
66.01196207827876,24.6
66.35700750370908,24.6
66.7038564862806,24.6
67.05251845321108,24.7
67.40300288099445,24.7
67.75531929565844,24.7
68.1094772730234,24.7
68.46548643896274,24.8
68.82335646966433,24.9
69.18309709189363,24.9
69.54471808325809,24.9
69.90822927247277,24.9
70.27364053962762,24.9
70.6409618164559,25.0
71.01020308660422,25.1
71.38137438590384,25.1
71.75448580264342,25.1
72.12954747784322,25.1
72.50656960553087,25.1
72.88556243301818,25.1
73.26653626117992,25.1
73.64950144473359,25.1
74.03446839252094,25.2
74.42144756779092,25.3
74.810449488484,25.4
75.20148472751808,25.4
75.59456391307583,25.4
75.98969772889355,25.4
76.38689691455168,25.4
76.78617226576647,25.4
77.18753463468363,25.4
77.59099493017311,25.4
77.99656411812569,25.4
78.404253221751,25.4
78.8140733218772,25.4
79.226035557252,25.4
79.64015112484554,25.4
80.05643128015467,25.4
80.47488733750892,25.5
80.89553067037787,25.6
81.31837271168051,25.7
81.74342495409579,25.7
82.170698950375,25.8
82.60020631365589,25.8
83.03195871777821,25.8
83.46596789760103,25.8
83.90224564932171,25.8
84.34080383079642,25.7
84.78165436186265,25.6
85.22480922466286,25.6
85.67028046397054,25.6
86.11808018751721,25.6
86.56822056632171,25.6
87.020713835021,25.6
87.47557229220259,25.6
87.93280830073893,25.6
88.39243428812335,25.6
88.85446274680783,25.6
89.31890623454267,25.6
89.78577737471758,25.6
90.25508885670492,25.7
90.72685343620469,25.8
91.20108393559097,25.8
91.67779324426061,25.8
92.15699431898352,25.8
92.63870018425483,25.8
93.12292393264887,25.8
93.60967872517497,25.9
94.09897779163542,25.9
94.5908344309847,25.9
95.0852620116911,25.9
95.58227397210023,25.9
96.08188382079996,25.9
96.5841051369878,25.9
97.08895157083991,25.9
97.59643684388209,25.9
98.10657474936274,25.9
98.61937915262773,25.9
99.13486399149741,25.9
99.65304327664518,25.9
100.17393109197839,25.9
100.69754159502135,25.9
101.22388901729977,25.9
101.75298766472777,25.9
102.28485191799675,25.9
102.81949623296607,25.8
103.35693514105618,25.8
103.89718324964329,25.7
104.44025524245698,25.6
104.98616587997819,25.5
105.53492999984189,25.4
106.08656251723878,25.2
106.64107842532215,25.1
107.19849279561431,25.1
107.75882077841675,25.1
108.32207760322176,25.1
108.88827857912626,25.1
109.45743909524856,25.1
110.02957462114523,25.1
110.60470070723336,25.1
111.18283298521138,25.1
111.76398716848561,25.1
112.3481790525961,25.1
112.93542451564652,25.0
113.5257395187356,24.9
114.11914010639099,24.8
114.71564240700522,24.8
115.3152626332741,24.7
115.91801708263789,24.7
116.52392213772293,24.7
117.13299426678874,24.7
117.74525002417371,24.6
118.36070605074681,24.5
118.97937907435858,24.5
119.60128591029638,24.4
120.22644346174131,24.4
120.85486872022751,24.4
121.4865787661046,24.4
122.12159076900052,24.4
122.75992198829012,24.4
123.40158977356222,24.4
124.04661156509306,24.3
124.69500489431896,24.2
125.34678738431336,24.2
126.00197675026583,24.2
126.6605907999634,24.2
127.3226474342747,24.2
127.98816464763628,24.2
128.6571605285424,24.2
129.32965326003517,24.2
130.00566112020084,24.2
130.68520248266435,24.2
131.36829581709074,24.2
132.05495968968575,24.2
132.74521276370103,24.3
133.43907379994133,24.3
134.1365616572744,24.4
134.83769529314347,24.5
135.54249376408254,24.5
136.25097622623485,24.6
136.96316193587217,24.6
137.67907024992007,24.7
138.39872062648203,24.7
139.1221326253702,24.7
139.84932590863562,24.7
140.58032024110324,24.7
141.31513549090906,24.7
142.05379163003997,24.8
142.7963087348772,24.9
143.5427069867405,24.9
144.29300667243896,24.9
145.04722818481977,24.9
145.80539202332486,24.9
146.56751879454652,24.9
147.333629212788,24.9
148.1037441006266,24.9
148.87788438947953,24.9
149.65607112017267,24.9
150.43832544351253,24.9
151.2246686208618,24.9
152.01512202471548,24.9
152.80970713928414,24.9
153.6084455610754,24.9
154.41135899948313,24.9
155.218469277376,24.9
156.02979833169113,24.8
156.8453682140304,24.7
157.66520109125955,24.7
158.48931924611142,24.7
159.3177450777899,24.7
160.15050110258113,24.7
160.9876099544629,24.7
161.82909438572216,24.6
162.67497726757185,24.6
163.52528159077312,24.6
164.38003046626017,24.6
165.23924712576837,24.6
166.1029549224657,24.7
166.97117733158728,24.7
167.8439379510743,24.7
168.72126050221348,24.7
169.60316883028446,24.9
170.48968690520502,25.0
171.38083882218535,25.1
172.27664880238083,25.1
173.17714119355136,25.1
174.08234047072295,25.1
174.99227123685273,25.0
175.9069582234984,24.9
176.82642629148881,24.9
177.75070043160196,24.9
178.67980576524164,24.9
179.61376754512278,24.9
180.55261115595593,24.9
181.49636211513797,24.9
182.44504607344558,25.0
183.39868881573247,25.0
184.35731626163007,25.3
185.3209544662519,25.5
186.28962962090262,25.6
187.26336805378796,25.6
188.24219623073301,25.7
189.2261407558986,25.7
190.21522837250714,25.8
191.20948596356752,25.8
192.20894055260666,25.9
193.21361930440384,25.9
194.22354952572874,26.0
195.2387586660848,26.0
196.25927431845295,26.1
197.28512422004457,26.2
198.31633625305224,26.3
199.35293844541056,26.4
200.39495897155572,26.5
201.4424261531923,26.6
202.4953684600627,26.7
203.55381451072122,26.7
204.6177930733116,26.8
205.6873330663489,26.8
206.76246355950653,26.8
207.84321377440395,26.9
208.92961308540407,27.0
210.02169102040844,27.0
211.11947726166272,27.0
212.22300164656127,27.0
213.33229416845913,27.0
214.447384977487,27.0
215.5683043813707,27.1
216.69508284625502,27.1
217.8277509975314,27.1
218.9663396206716,27.1
220.1108796620618,27.1
221.26140222984722,27.1
222.41793859477394,27.1
223.5805201910423,27.1
224.74917861715863,27.1
225.9239456367954,27.1
227.10485317965416,27.1
228.29193334233327,27.1
229.48521838920135,27.1
230.68474075327168,27.1
231.89053303708724,27.1
233.102628013603,27.1
234.32105862708036,27.1
235.5458579939798,27.1
236.77705940386227,27.1
238.0146963202937,27.1
239.25880238175446,27.1
240.50941140255387,27.1
241.76655737374873,27.1
243.03027446406858,27.1
244.30059702084168,27.1
245.57755957093218,27.1
246.86119682167464,27.1
248.1515436618211,27.1
249.44863516248657,27.0
250.75250657810346,27.0
252.0631933473797,27.0
253.3807310942614,27.0
254.7051556289027,27.0
256.03650294863604,27.0
257.3748092389545,27.0
258.72011087449107,27.0
260.0724444200114,27.0
261.4318466314045,27.0
262.79835445668317,27.0
264.17200503698814,26.9
265.5528357075972,26.8
266.94088399894025,26.8
268.336187637619,26.8
269.7387845474336,26.8
271.1487128504106,26.8
272.56601086784315,26.8
273.9907171213279,26.9
275.4228703338166,27.0
276.86250943066517,27.0
278.30967354069315,27.0
279.764401997247,27.0
281.2267343392687,27.0
282.6967103123723,27.0
284.1743698699204,27.0
285.65975317411466,27.0
287.152900597083,27.0
288.6538527219809,27.0
290.16265034409145,27.0
291.67933447193553,27.0
293.203946328386,27.0
294.7365273517884,27.0
296.27711919708696,27.1
297.8257637369567,27.1
299.38250306294265,27.1
300.947379486601,27.1
302.52043554065347,27.1
304.1017139801383,27.1
305.69125778357716,27.1
307.2891101541398,27.1
308.8953145208197,27.1
310.5099145396145,27.1
312.1329540947119,27.1
313.76447729968413,27.1
315.40452849868336,27.1
317.0531522676519,27.1
318.71039341552853,27.1
320.3762969854716,27.1
322.05090825607795,27.1
323.7342727426186,27.0
325.4264361982722,27.0
327.1274446153702,27.0
328.83734422664674,27.0
330.55618150649445,27.0
332.28400317222986,27.0
334.02085618535915,27.0
335.76678775285944,27.0
337.52184532845695,27.0
339.28607661392135,27.0
341.0595295603587,27.0
342.84225236951676,27.0
344.63429349509414,27.0
346.4357016440579,27.0
348.24652577796684,27.0
350.06681511430224,27.0
351.8966191278073,27.0
353.7359875518278,27.0
355.5849703796693,27.0
357.44361786595016,27.0
359.3119805279728,27.0
361.1901091470929,27.0
363.0780547701014,27.0
364.9758687106112,27.0
366.8836025504522,27.0
368.80130814107446,27.0
370.72903760495365,27.0
372.66684333701346,27.0
374.6147780060434,27.0
376.57289455613636,27.0
378.54124620812286,27.0
380.5198864610201,27.0
382.50886909348526,27.0
384.5082481652772,27.0
386.51807801872604,27.0
388.53841328020957,27.0
390.56930886163985,27.0
392.6108199619517,27.0
394.6630020686084,27.0
396.7259109591041,27.0
398.7996027024853,27.0
400.8841336608706,27.0
402.9795604909844,27.0
405.0859401456969,27.0
407.20332987557106,27.0
409.331787230421,27.0
411.4713700608718,27.0
413.6221365199375,27.0
415.78414506459575,27.0
417.95745445738237,27.0
420.1421237679842,27.0
422.33821237484636,27.0
424.5457799667861,27.0
426.76488654461485,27.0
428.9955924227691,26.9
431.23795823094935,26.8
433.49204491576995,26.8
435.7579137424112,26.8
438.0356262962907,26.9
440.3252444847303,27.0
442.62683053864555,27.0
444.9404470142319,27.0
447.2661567946673,27.0
449.60402309182115,27.0
451.9541094479714,27.0
454.3164797375345,27.0
456.6911981687959,26.9
459.0783292856624,26.8
461.4779379694089,26.8
463.89008944044906,26.8
466.31484926010245,26.8
468.7522833323791,26.8
471.20245790577025,26.8
473.6654395750488,26.8
476.14129528307956,26.8
478.630092322638,26.8
481.1318983382419,26.7
483.6467813279844,26.6
486.1748096453894,26.6
488.7160520012619,26.6
491.27057746556244,26.6
493.8384554692794,26.6
496.4197558063182,26.6
499.01454863539806,26.6
501.6229044819588,26.5
504.24489424007766,26.4
506.88058917439554,26.3
509.53006092205686,26.3
512.1933814946506,26.3
514.8706232801756,26.3
517.5618590449992,26.3
520.2671619358439,26.2
522.9866054817683,26.2
525.7202635961694,26.1
528.4682105787901,26.1
531.230521117739,26.1
534.0072702915224,26.1
536.7985335710792,26.1
539.6043868218401,26.1
542.4249063057814,26.1
545.2601686835053,26.1
548.1102510163182,26.1
550.9752307683272,26.1
553.8551858085453,26.1
556.7501944130083,26.0
559.6603352669016,25.9
562.5856874666987,25.9
565.5263305223134,25.9
568.4823443592555,25.9
571.4538093208106,25.9
574.4408061702153,25.9
577.4434160928608,25.9
580.4617206984933,25.9
583.4958020234345,25.9
586.5457425328113,25.9
589.6116251227962,25.9
592.6935331228639,25.8
595.7915502980484,25.8
598.9057608512304,25.8
602.0362494254149,25.8
605.1831011060411,25.8
608.3464014232891,25.8
611.5262363544065,25.8
614.7226923260454,25.8
617.9358562166111,25.8
621.1658153586235,25.8
624.4126575410903,25.8
627.6764710118958,25.8
630.957344480193,25.8
634.2553671188238,25.8
637.5706285667327,25.8
640.9032189314127,25.8
644.2532287913472,25.8
647.6207491984753,25.8
651.0058716806659,25.8
654.4086882442045,25.7
657.8292913762976,25.7
661.2677740475787,25.6
664.7242297146454,25.6
668.1987523225889,25.6
671.6914363075575,25.6
675.2023765993158,25.6
678.7316686238282,25.6
682.2794083058518,25.6
685.8456920715438,25.6
689.4306168510824,25.6
693.0342800813003,25.6
696.6567797083366,25.6
700.2982141902914,25.6
703.9586824999124,25.6
707.6382841272731,25.6
711.3371190824884,25.5
715.0552878984242,25.5
718.7928916334344,25.4
722.5500318741055,25.3
726.3268107380181,25.2
730.123330876526,25.1
733.9396954775374,24.9
737.7760082683312,24.8
741.6323735183645,24.6
745.508896042117,24.4
749.4056812019327,24.3
753.3228349108862,24.4
757.2604636356614,24.5
761.2186743994453,24.5
765.1975747848361,24.6
769.1972729367671,24.7
773.2178775654501,24.7
777.2594979493206,24.7
781.3222439380205,24.7
785.406225955371,24.6
789.5115550023859,24.6
793.6383426602791,24.6
797.7867010935024,24.5
801.9567430527921,24.4
806.1485818782347,24.2
810.3623315023465,24.2
814.59810645317,24.3
818.8560218573906,24.4
823.1361934434566,24.4
827.4387375447371,24.4
831.7637711026708,24.4
836.1114116699566,24.5
840.4817774137397,24.6
844.8749871188272,24.6
849.2911601909162,24.6
853.7304166598383,24.7
858.1928771828257,24.7
862.6786630477819,24.7
867.1878961765907,24.7
871.7206991284164,24.7
876.2771951030477,24.7
880.8575079442367,24.7
885.4617621430697,24.7
890.0900828413493,24.7
894.742595834996,24.8
899.4194275774676,24.8
904.1207051831946,24.9
908.8465564310401,24.9
913.5971097677627,24.9
918.3724943115215,24.9
923.1728398553701,24.9
927.998276870799,24.9
932.8489365112713,24.9
937.7249506157918,24.9
942.6264517124897,24.9
947.5535730222193,24.9
952.5064484621864,24.9
957.4852126495767,24.9
962.4900009052299,24.9
967.5209492573013,24.9
972.5781944449744,24.9
977.6618739221665,24.9
982.772125861269,24.9
987.9090891569025,24.9
993.0729034296917,24.9
998.26370903006,24.9
1003.4816470420445,24.8
1008.7268592871307,24.7
1013.9994883281055,24.7
1019.2996774729368,24.7
1024.627570778662,24.7
1029.9833130553077,24.7
1035.3670498698243,24.7
1040.778927550043,24.7
1046.219093188652,24.7
1051.687694647196,24.6
1057.1848805600926,24.6
1062.7108003386745,24.6
1068.2656041752484,24.6
1073.849443047181,24.6
1079.4624687209969,24.6
1085.104833756507,24.5
1090.7766915109553,24.4
1096.4781961431852,24.4
1102.2095026178308,24.4
1107.9707667095288,24.4
1113.7621450071517,24.4
1119.5837949180645,24.3
1125.4358746724013,24.2
1131.3185433273702,24.2
1137.231960771571,24.2
1143.1762877293438,24.2
1149.1516857651375,24.2
1155.1583172879002,24.1
1161.1963455554942,24.0
1167.2659346791324,23.9
1173.3672496278396,23.8
1179.5004562329357,23.7
1185.6657211925422,23.6
1191.8632120761172,23.5
1198.0930973290035,23.4
1204.355546277011,23.4
1210.650729131018,23.3
1216.9788169915967,23.3
1223.3399818536654,23.2
1229.7343966111616,23.2
1236.162235061742,23.1
1242.6236719115057,23.1
1249.1188827797416,23.0
1255.6480442037073,22.9
1262.2113336434193,22.8
1268.8089294864806,22.7
1275.4410110529293,22.5
1282.1077586001115,22.4
1288.8093533275808,22.3
1295.5459773820237,22.2
1302.3178138622095,22.2
1309.1250468239675,22.1
1315.967861285188,22.0
1322.8464432308563,21.9
1329.7609796180998,21.8
1336.7116583812742,21.7
1343.6986684370715,21.7
1350.7221996896535,21.6
1357.782443035813,21.6
1364.879590370164,21.5
1372.0138345903551,21.4
1379.1853696023147,21.3
1386.3943903255179,21.2
1393.6410926982915,21.1
1400.9256736831292,21.1
1408.248331272053,21.0
1415.6092644919916,20.9
1423.0086734101894,20.8
1430.4467591396458,20.8
1437.9237238445805,20.8
1445.439770745928,20.8
1452.9951041268616,20.8
1460.589929338344,20.7
1468.224452804715,20.6
1475.898882029292,20.6
1483.6134256000173,20.6
1491.3682931951248,20.6
1499.1636955888393,20.6
1506.999844657106,20.5
1514.8769533833477,20.4
1522.7952358642551,20.4
1530.754907315605,20.4
1538.7561840781082,20.4
1546.799283623296,20.4
1554.8844245594228,20.4
1563.0118266374113,20.4
1571.181710756826,20.4
1579.3942989718767,20.4
1587.649814497453,20.4
1595.9484817151922,20.4
1604.2905261795772,20.4
1612.6761746240677,20.4
1621.1056549672617,20.4
1629.5791963190893,20.4
1638.097028987047,20.4
1646.6593844824454,20.4
1655.266495526711,20.4
1663.9185960577072,20.4
1672.6159212360947,20.4
1681.3587074517213,20.4
1690.1471923300487,20.4
1698.9816147386093,20.4
1707.8622147934998,20.4
1716.789233865905,20.4
1725.7629145886658,20.4
1734.7835008628629,20.3
1743.8512378644525,20.2
1752.9663720509295,20.1
1762.1291511680254,20.1
1771.3398242564415,20.1
1780.598641658619,20.1
1789.9058550255418,20.0
1799.2617173235774,19.9
1808.6664828413498,19.9
1818.1204071966588,19.9
1827.6237473434162,19.9
1837.1767615786375,19.9
1846.7797095494598,19.8
1856.4328522602,19.7
1866.1364520794475,19.6
1875.8907727471963,19.6
1885.6960793820124,19.6
1895.552638488241,19.6
1905.4607179632462,19.6
1915.4205871047022,19.5
1925.4325166178992,19.5
1935.4967786231095,19.4
1945.6136466629825,19.4
1955.783395709978,19.3
1966.006302173841,19.2
1976.282643909114,19.1
1986.6127002226892,19.0
1996.996751881399,18.9
2007.4350811196462,18.8
2017.927971647083,18.8
2028.4757086563097,18.7
2039.078578830634,18.7
2049.736870351861,18.6
2060.4508729081267,18.5
2071.22087770177,18.4
2082.0471774572497,18.4
2092.9300664290977,18.3
2103.8698404099196,18.3
2114.8667967384304,18.2
2125.9212343075446,18.2
2137.0334535724887,18.1
2148.2037565589744,18.1
2159.4324468714053,18.0
2170.71982970113,18.0
2182.0662118347364,17.9
2193.4719016623894,17.7
2204.937209186215,17.5
2216.4624460287228,17.3
2228.0479254412767,17.2
2239.6939623126154,17.1
2251.4008731773993,17.0
2263.168976224821,16.9
2274.9985913072546,16.7
2286.890039948944,16.5
2298.843645354747,16.4
2310.8597324189163,16.2
2322.9386277339318,16.1
2335.0806595993763,15.8
2347.2861580308577,15.5
2359.5554547689862,15.3
2371.8888832883777,15.2
2384.2867788067265,15.0
2396.7494782939148,14.9
2409.2773204811715,14.6
2421.8706458702773,14.3
2434.5297967428205,14.0
2447.2551171695004,13.8
2460.0469530194778,13.6
2472.905651969775,13.4
2485.8315635147337,13.3
2498.825038975499,13.1
2511.88643150958,13.0
2525.0160961204438,12.9
2538.2143896671673,12.9
2551.481670874133,12.8
2564.8183003407817,12.7
2578.224640551411,12.6
2591.7010558850307,12.5
2605.247912625263,12.5
2618.8655789702975,12.6
2632.5544250429093,12.7
2646.314822900502,12.8
2660.14714654523,12.8
2674.051771934164,12.9
2688.029076989506,13.0
2702.079441608862,13.0
2716.20324767557,13.0
2730.400879069075,13.0
2744.6727216753675,13.0
2759.0191633974646,13.0
2773.440594165967,13.0
2787.9374059496395,13.0
2802.509992766076,13.0
2817.1587506924047,13.0
2831.8840778760564,13.0
2846.686374545581,13.0
2861.5660430215316,13.0
2876.5234877273942,13.0
2891.5591152005823,13.0
2906.6733341034837,13.0
2921.8665552345788,13.0
2937.139191539587,13.0
2952.4916581227058,13.0
2967.9243722578863,13.0
2983.4377534001765,13.0
2999.0322231971227,13.0
3014.7082055002275,13.0
3030.466126376471,13.1
3046.306414119893,13.1
3062.229499263226,13.2
3078.2358145896155,13.2
3094.325795144359,13.3
3110.4998782467446,13.3
3126.7585035019356,13.4
3143.1021128129173,13.4
3159.5311503925072,13.5
3176.0460627754296,13.5
3192.6472988304513,13.6
3209.335309772584,13.7
3226.1105491753406,13.7
3242.973472983081,13.7
3259.924539523382,13.7
3276.9642095195077,13.7
3294.0929461029286,13.7
3311.311214825911,13.7
3328.6194836741684,13.8
3346.018223079582,13.8
3363.507905932988,13.9
3381.089007597027,13.9
3398.762005919066,14.0
3416.527381244194,14.1
3434.385616428264,14.2
3452.337196851022,14.2
3470.382610429304,14.2
3488.5223476302926,14.2
3506.7569014848486,14.1
3525.0867676009134,14.1
3543.512444176976,14.0
3562.034432015617,13.9
3580.6532345371147,13.8
3599.369357793143,13.7
3618.1833104805046,13.5
3637.095603954969,13.4
3656.1067522451726,13.3
3675.2172720665826,13.2
3694.4276828355482,13.1
3713.738506683413,13.0
3733.1502684707093,12.7
3752.6634958014215,12.4
3772.2787190373247,12.2
3791.9964713124127,12.1
3811.817288547367,12.0
3831.7417094641373,11.8
3851.7702756005806,11.6
3871.9035313251793,11.5
3892.1420238518376,11.4
3912.4863032547537,11.3
3932.936922483372,11.2
3953.4944373774106,11.2
3974.1594066819653,11.1
3994.9323920627126,11.0
4015.8139581211503,10.9
4036.8046724099613,10.8
4057.9051054484326,10.8
4079.115830737964,10.7
4100.437424777656,10.6
4121.870467079975,10.5
4143.41554018651,10.3
4165.0732296838005,10.0
4186.844124219257,9.8
4208.728815517151,9.7
4230.72789839472,9.6
4252.841970778305,9.5
4275.071633719623,9.3
4297.417491412092,8.9
4319.880151207261,8.6
4342.460223631314,8.5
4365.158322401661,8.4
4387.975064443623,8.3
4410.911069907196,8.1
4433.9669621839075,7.9
4457.1433679237725,7.7
4480.4409170523,7.6
4503.860242787635,7.4
4527.40198165776,7.3
4551.0667735177985,7.0
4574.855261567406,6.7
4598.768092368251,6.5
4622.80591586159,6.3
4646.969385385929,6.1
4671.25915769478,5.9
4695.675892974527,5.7
4720.220254862348,5.5
4744.892910464259,5.3
4769.694530373255,5.1
4794.625788687525,4.9
4819.68736302878,4.7
4844.87993456067,4.5
4870.204188007296,4.3
4895.660811671819,4.1
4921.250497455168,3.9
4946.973940874864,3.7
4972.8318410838865,3.6
4998.824900889706,3.5
5024.953826773381,3.3
5051.219328908747,3.2
5077.622121181736,3.1
5104.162921209768,3.1
5130.842450361258,3.0
5157.661433775227,3.0
5184.620600380999,3.0
5211.720682918039,3.0
5238.962417955835,3.1
5266.346545913939,3.3
5293.873811082085,3.6
5321.544961640422,3.9
5349.360749679845,4.0
5377.321931222439,4.1
5405.429266242027,4.3
5433.683518684824,4.6
5462.085456490198,5.1
5490.635851611563,5.4
5519.335480037329,5.5
5548.185121812011,5.6
5577.185561057427,5.8
5606.337585994012,6.1
5635.641988962242,6.7
5665.0995664441625,7.2
5694.7111190850455,7.6
5724.477451715144,7.8
5754.399373371566,7.9
5784.477697320285,8.1
5814.713241078208,8.3
5845.10682643542,8.5
5875.659279477514,8.8
5906.371430608045,9.0
5937.244114571097,9.2
5968.278170473975,9.3
5999.4744418100045,9.5
6030.833776481469,9.8
6062.357026822636,10.1
6094.045049622959,10.4
6125.898706150321,10.6
6157.918862174471,10.9
6190.106387990547,11.1
6222.462158442733,11.4
6254.987052948034,11.6
6287.681955520183,11.9
6320.547754793659,12.3
6353.585344047851,12.5
6386.795621231329,12.6
6420.179488986247,12.7
6453.7378546729,12.8
6487.471630394349,12.9
6521.381733021235,12.9
6555.469084216698,13.0
6589.734610461422,13.0
6624.179243078815,13.0
6658.80391826033,13.0
6693.609577090902,13.0
6728.597165574533,12.9
6763.767634659991,12.8
6799.1219402666875,12.6
6834.661043310619,12.0
6870.385909730507,11.2
6906.297510514049,10.9
6942.39682172431,10.7
6978.684824526248,10.2
7015.162505213385,8.9
7051.830855234612,7.7
7088.690871221135,7.2
7125.7435550135615,6.8
7162.989913689153,6.4
7200.430959589155,6.0
7238.067710346342,5.3
7275.901188912673,4.7
7313.932423587085,4.7
7352.162448043451,4.7
7390.59230135867,4.6
7429.22302804091,4.5
7468.055678057999,4.1
7507.091306865953,3.5
7546.330975437692,2.9
7585.775750291836,2.4
7625.426703521717,2.2
7665.284912824515,2.6
7705.351461530549,3.5
7745.627438632719,4.0
7786.113938816104,4.8
7826.81206248772,5.7
7867.722915806424,6.1
7908.847610712972,7.8
7950.187264960275,10.0
7991.743002143727,11.1
8033.515951731782,11.8
8075.507249096639,12.2
8117.718035545101,12.6
8160.149458349601,13.7
8202.80267077938,14.8
8245.67883213183,15.4
8288.77910776401,15.8
8332.104669124305,16.2
8375.656693784302,16.5
8419.436365470749,17.2
8463.444874097753,18.0
8507.683415799123,18.2
8552.153192960874,18.4
8596.855414253905,18.5
8641.791294666864,18.7
8686.962055539152,18.9
8732.36892459413,19.1
8778.01313597248,19.2
8823.895930265779,19.2
8870.018554550163,19.1
8916.382262420266,19.0
8962.988314023276,18.9
9009.83797609319,18.8
9056.932521985234,18.7
9104.273231710486,18.3
9151.861391970657,18.0
9199.698296193066,17.8
9247.785244565785,17.7
9296.12354407301,17.5
9344.714508530542,17.3
9393.559458621517,16.9
9442.659721932305,16.6
9492.016632988581,16.4
9541.631533291613,16.3
9591.505771354708,16.3
9641.64070273987,16.3
9692.037690094652,16.3
9742.698103189163,16.3
9793.623318953358,16.3
9844.814721514387,16.3
9896.27370223427,16.4
9948.001659747684,16.6
10000.0,16.8
10052.270136285486,17.0
10104.813489285681,17.1
10157.6314871081,17.2
10210.725565324987,17.3
10264.09716701231,17.4
10317.747742788988,17.4
10371.678750856474,17.5
10425.891657038128,17.4
10480.387934819217,17.3
10535.16906538697,17.2
10590.236537670813,17.2
10645.591848382772,17.1
10701.236502058211,17.1
10757.172011096769,17.0
10813.399895803414,16.9
10869.921684429703,16.7
10926.73891321545,16.7
10983.85312643042,16.6
11041.265876416248,16.6
11098.978723628681,16.5
11156.993236680037,16.3
11215.310992381786,16.0
11273.933575787378,15.7
11332.862580235347,15.4
11392.099607392682,15.2
11451.646267298307,15.0
11511.504178406769,14.4
11571.674967632372,13.5
11632.16027039332,12.8
11692.961730656129,12.3
11754.08100098034,11.7
11815.519742563505,10.9
11877.27962528627,10.3
11939.362327757724,9.7
12001.76953736107,9.3
12064.50295029953,9.2
12127.56427164241,8.9
12190.95521537136,8.5
12254.677504427105,8.2
12318.732870756214,8.0
12383.123055358106,7.7
12447.849808332432,7.3
12512.914888926687,6.9
12578.320065583976,6.5
12644.067115991029,6.1
12710.157827126544,5.9
12776.593995309939,5.3
12843.377426249857,4.7
12910.50993509343,4.5
12977.99334647565,4.7
13045.829494568892,5.1
13114.020223132724,5.4
13182.567385564074,5.6
13251.472844947652,5.8
13320.738474106534,6.6
13390.366155652993,8.2
13460.35778203982,9.2
13530.715255611682,9.3
13601.440488656775,9.5
13672.535403458849,9.7
13744.001932349513,9.9
13815.842017760702,10.1
13888.057612277411,10.2
13960.650678690825,10.3
14033.62319005172,10.4
14106.977129724035,10.4
14180.714491438697,10.4
14254.837279347976,10.5
14329.347508079869,10.6
14404.247202792812,10.7
14479.538399230763,10.8
14555.223143778607,10.7
14631.303493517702,10.5
14707.78151628175,10.1
14784.65929071304,9.4
14861.938906319014,8.6
14939.622463529,8.7
15017.712073751207,9.4
15096.209859430292,9.6
15175.117954104964,9.7
15254.438502465904,9.8
15334.173660414117,9.8
15414.325595119602,9.9
15494.896485080177,9.8
15575.88852018064,9.5
15657.303901752315,9.1
15739.1448426331,8.6
15821.413567227246,8.2
15904.112311566014,8.0
15987.243323368504,7.8
16070.808862102673,7.5
16154.811199046684,7.2
16239.252617350698,7.1
16324.135412099,7.0
16409.461890372313,6.8
16495.23437131044,6.6
16581.455186175313,6.4
16668.12667841462,6.1
16755.251203725067,4.6
