10.0,5.0
10.052270136285475,4.9
10.104813489285682,4.3
10.157631487108103,3.1
10.210725565324982,2.3
10.264097167012295,1.9
10.317747742789004,1.5
10.371678750856479,1.3
10.425891657038118,1.0
10.480387934819216,0.8
10.535169065386981,0.9
10.590236537670812,0.9
10.64559184838276,1.0
10.701236502058206,0.9
10.757172011096776,0.8
10.813399895803409,0.8
10.869921684429707,0.8
10.926738913215466,0.8
10.98385312643042,0.8
11.041265876416237,0.8
11.098978723628681,0.8
11.156993236680048,0.8
11.215310992381788,0.8
11.27393357578736,0.8
11.332862580235341,0.8
11.392099607392687,0.8
11.451646267298301,0.8
11.511504178406776,0.8
11.571674967632385,0.7
11.632160270393321,0.7
11.692961730656117,0.6
11.75408100098034,0.6
11.815519742563518,0.6
11.87727962528627,0.6
11.939362327757706,0.7
12.001769537361062,0.7
12.064502950299536,0.7
12.127564271642404,0.7
12.190955215371359,0.7
12.254677504427118,0.7
12.318732870756214,0.7
12.383123055358094,0.8
12.447849808332432,0.8
12.5129148889267,0.8
12.578320065583968,0.8
12.644067115991009,0.8
12.710157827126565,0.8
12.776593995309947,0.7
12.843377426249843,0.7
12.910509935093431,0.8
12.977993346475664,0.8
13.045829494568892,0.8
13.11402022313271,0.8
13.182567385564074,0.8
13.251472844947658,0.8
13.320738474106527,0.7
13.390366155653,0.6
13.460357782039841,0.5
13.530715255611682,0.5
13.601440488656761,0.5
13.672535403458848,0.5
13.744001932349526,0.6
13.815842017760701,0.7
13.888057612277397,0.7
13.960650678690818,0.7
14.033623190051728,0.7
14.10697712972403,0.7
14.180714491438705,0.7
14.25483727934799,0.7
14.32934750807987,0.7
14.404247202792797,0.8
14.479538399230764,0.8
14.55522314377862,0.8
14.631303493517702,0.8
14.707781516281727,0.8
14.784659290713032,0.8
14.861938906319022,0.8
14.939622463528993,0.8
15.017712073751214,0.8
15.096209859430308,0.8
15.175117954104964,0.8
15.254438502465888,0.9
15.334173660414118,1.0
15.414325595119617,1.0
15.494896485080169,1.0
15.575888520180618,1.0
15.65730390175234,0.9
15.73914484263311,0.8
15.821413567227237,0.8
15.904112311566013,0.7
15.98724332336852,0.7
16.070808862102673,0.7
16.154811199046666,0.7
16.239252617350697,0.7
16.324135412099007,0.8
16.409461890372306,0.8
16.495234371310413,0.8
16.58145518617534,0.8
16.668126678414627,0.8
16.755251203725052,0.8
16.84283113011666,0.7
16.930868837977105,0.7
17.01936672013636,0.6
17.108327181931763,0.5
17.197752641273365,0.5
17.28764552870969,0.5
17.378008287493753,0.6
17.4688433736495,0.7
17.560153256038525,0.7
17.651940416427212,0.7
17.744207349554188,0.7
17.836956563198083,0.7
17.93019057824573,0.7
18.023911928760675,0.7
18.118123162052047,0.7
18.21282683874379,0.7
18.30802553284428,0.7
18.403721831816252,0.7
18.499918336647156,0.7
18.59661766191982,0.7
18.69382243588356,0.7
18.791535300525574,0.7
18.889758911642755,0.7
18.98849593891389,0.7
19.08774906597221,0.6
19.187520990478333,0.6
19.287814424193606,0.5
19.388632093053765,0.5
19.48997673724305,0.5
19.591851111268685,0.5
19.69425798403576,0.5
19.79720013892245,0.5
19.90068037385568,0.5
20.004701501387192,0.7
20.109266348769967,0.8
20.214377758035074,0.8
20.320038586068932,0.8
20.426251704690927,0.8
20.533020000731486,0.8
20.64034637611054,0.7
20.748233747916412,0.7
20.856685048485062,0.7
20.965703225479817,0.7
21.075291241971485,0.7
21.185452076518878,0.7
21.296188723249774,0.7
21.407504191942323,0.7
21.519401508106792,0.7
21.631883713067854,0.7
21.744953864047204,0.7
21.858615034246718,0.7
21.972870312931903,0.7
22.087722805515906,0.7
22.203175633643916,0.7
22.319231935278008,0.7
22.435894864782412,0.7
22.553167593009288,0.7
22.671053307384867,0.7
22.789555211996095,0.7
22.908676527677724,0.7
23.028420492099883,0.7
23.148790359856015,0.7
23.26978940255137,0.7
23.391420908891938,0.6
23.51368818477381,0.5
23.63659455337303,0.5
23.760143355235964,0.6
23.884337948370025,0.6
24.009181708334992,0.7
24.134678028334722,0.7
24.260830319309434,0.7
24.387642010028344,0.8
24.515116547182902,0.8
24.64325739548046,0.8
24.772068037738443,0.8
24.901551974979007,0.8
25.031712726524198,0.8
25.162553830091625,0.7
25.294078841890578,0.7
25.426291336718684,0.7
25.559194908059133,0.7
25.692793168178262,0.7
25.827089748223784,0.7
25.96208829832347,0.7
26.097792487684362,0.7
26.234206004692496,0.7
26.371332557013133,0.7
26.5091758716916,0.7
26.647739695254497,0.7
26.787027793811582,0.7
26.9270439531581,0.8
27.06779197887776,0.8
27.209275696446046,0.8
27.351498951334275,0.7
27.494465609114105,0.6
27.638179555562576,0.6
27.782644696767733,0.6
27.92786495923483,0.6
28.07384428999299,0.7
28.220586656702505,0.7
28.368096047762684,0.7
28.516376472420284,0.7
28.66543196087842,0.7
28.815266564406134,0.9
28.965884355448516,1.0
29.11728942773738,1.0
29.26948589640251,1.0
29.42247789808359,1.0
29.57626959104251,0.9
29.730865155276486,0.8
29.88626879263161,0.8
30.04248472691713,0.8
30.19951720402016,0.8
30.357370492021133,0.8
30.516048881309793,0.9
30.675556684701824,1.0
30.835898237556027,1.1
30.99707789789224,1.1
31.15910004650967,1.2
31.321969087106055,1.2
31.485689446397288,1.2
31.650265574237824,1.1
31.815701943741516,1.0
31.98200305140326,1.0
32.14917341722119,1.1
32.31721758481955,1.1
32.486140121572134,1.2
32.655945618726484,1.2
32.82663869152868,1.2
32.99822397934869,1.2
33.170706145806605,1.2
33.34408987889928,1.1
33.51837989112781,1.1
33.69358091962557,1.0
33.86969772628702,1.0
34.04673509789711,0.9
34.224697846261364,0.9
34.40359080833668,1.0
34.58341884636283,1.0
34.764186847994516,1.0
34.94589972643436,1.0
35.12856242056629,1.0
35.312179895089876,1.0
35.496757140655234,1.0
35.68229917399868,1.1
35.86881103807908,1.2
36.05629780221492,1.2
36.24476456222205,1.2
36.434216440552284,1.2
36.6246585864325,1.2
36.81609617600466,1.2
37.00853441246656,1.2
37.2019785262131,1.1
37.39643377497855,1.1
37.591905443979435,1.0
37.788398846058186,1.0
37.985919321827524,1.0
38.184472239815605,1.2
38.384062996612016,1.4
38.584697017014335,1.5
38.786379754175634,1.5
38.98911668975273,1.5
39.1929133340551,1.5
39.39777522619469,1.4
39.60370793423646,1.3
39.810717055349734,1.1
40.0188082159603,1.0
40.227987071903335,1.1
40.43825930857721,1.2
40.64963064109788,1.2
40.8621068144543,1.4
41.075693603664625,1.5
41.29039681393302,1.5
41.506222280807584,1.5
41.72317587033889,1.4
41.94126347923944,1.3
42.16049103504393,1.2
42.38086449627034,1.2
42.60238985258197,1.2
42.825073124950116,1.2
43.04892036581776,1.2
43.27393765926414,1.2
43.500131121170035,1.2
43.727506899384,1.2
43.956071173889484,1.2
44.18583015697281,1.3
44.416790093392,1.4
44.648957260546474,1.5
44.88233796864779,1.6
45.116938560890986,1.6
45.35276541362708,1.7
45.58982493653644,1.7
45.82812357280281,1.6
46.067667799288614,1.5
46.308464126710895,1.5
46.55051909981832,1.5
46.793839297569036,1.5
47.03843133330949,1.5
47.28430185495417,1.5
47.531457545166376,1.5
47.77990512153967,1.5
48.02965133678067,1.5
48.28070297889241,1.5
48.53306687135893,1.5
48.78674987333074,1.6
49.041758879811184,1.7
49.298100821843896,1.8
49.55578266670119,1.9
49.81481141807335,1.9
50.07519411625915,1.9
50.336937838356974,1.9
50.60004969845742,1.9
50.86453684783644,1.9
51.13040647514984,1.9
51.39766580662862,1.9
51.66632210627541,1.9
51.93638267606184,1.9
52.20785485612707,1.9
52.48074602497726,1.9
52.75506359968615,1.9
53.030815036096584,1.9
53.308007829023246,2.0
53.58664951245627,2.0
53.866747659766084,2.0
54.148309883909214,2.0
54.431343837635225,2.0
54.7158572136947,2.0
55.00185774504835,2.0
55.28935320507712,2.1
55.57835140779364,2.2
55.86886020805435,2.2
56.160887501773274,2.2
56.45444122613637,2.2
56.74952935981742,2.2
57.04615992319485,2.2
57.34434097856969,2.2
57.64408063038476,2.2
57.94538702544487,2.2
58.24826835313831,2.2
58.552732845659456,2.2
58.85878877823242,2.2
59.166444469336014,2.3
59.475708280929936,2.4
59.786588618681876,2.4
60.0990939321961,2.4
60.41323271524305,2.4
60.72901350599024,2.5
61.046444887234294,2.5
61.365535486634215,2.6
61.686293976945976,2.6
62.008729076258064,2.6
62.332849548228545,2.6
62.658664202323344,2.7
62.98618189405547,2.8
63.315411525225876,2.9
63.64636204416533,2.9
63.979042445977655,2.9
64.31346177278421,2.9
64.64962911396958,3.0
64.98755360642885,3.1
65.32724443481563,3.1
65.66871083179183,3.1
66.01196207827876,3.1
66.35700750370908,3.1
66.7038564862806,3.1
67.05251845321108,3.2
67.40300288099445,3.3
67.75531929565844,3.3
68.1094772730234,3.3
68.46548643896274,3.3
68.82335646966433,3.3
69.18309709189363,3.3
69.54471808325809,3.3
69.90822927247277,3.4
70.27364053962762,3.4
70.6409618164559,3.4
71.01020308660422,3.4
71.38137438590384,3.4
71.75448580264342,3.4
72.12954747784322,3.5
72.50656960553087,3.6
72.88556243301818,3.6
73.26653626117992,3.6
73.64950144473359,3.6
74.03446839252094,3.7
74.42144756779092,3.7
74.810449488484,3.8
75.20148472751808,3.8
75.59456391307583,3.8
75.98969772889355,3.8
76.38689691455168,3.9
76.78617226576647,4.0
77.18753463468363,4.1
77.59099493017311,4.1
77.99656411812569,4.1
78.404253221751,4.1
78.8140733218772,4.2
79.226035557252,4.2
79.64015112484554,4.3
80.05643128015467,4.3
80.47488733750892,4.3
80.89553067037787,4.3
81.31837271168051,4.4
81.74342495409579,4.4
82.170698950375,4.5
82.60020631365589,4.5
83.03195871777821,4.5
83.46596789760103,4.6
83.90224564932171,4.6
84.34080383079642,4.6
84.78165436186265,4.6
85.22480922466286,4.6
85.67028046397054,4.6
86.11808018751721,4.6
86.56822056632171,4.6
87.020713835021,4.7
87.47557229220259,4.8
87.93280830073893,4.9
88.39243428812335,4.9
88.85446274680783,5.0
89.31890623454267,5.0
89.78577737471758,5.0
90.25508885670492,5.0
90.72685343620469,5.1
91.20108393559097,5.2
91.67779324426061,5.3
92.15699431898352,5.4
92.63870018425483,5.5
93.12292393264887,5.5
93.60967872517497,5.5
94.09897779163542,5.5
94.5908344309847,5.5
95.0852620116911,5.6
95.58227397210023,5.7
96.08188382079996,5.7
96.5841051369878,5.7
97.08895157083991,5.8
97.59643684388209,5.8
98.10657474936274,5.8
98.61937915262773,5.8
99.13486399149741,5.9
99.65304327664518,5.9
100.17393109197839,6.0
100.69754159502135,6.1
101.22388901729977,6.1
101.75298766472777,6.2
102.28485191799675,6.3
102.81949623296607,6.4
103.35693514105618,6.5
103.89718324964329,6.5
104.44025524245698,6.5
104.98616587997819,6.5
105.53492999984189,6.6
106.08656251723878,6.6
106.64107842532215,6.7
107.19849279561431,6.8
107.75882077841675,6.8
108.32207760322176,6.9
108.88827857912626,6.9
109.45743909524856,7.0
110.02957462114523,7.0
110.60470070723336,7.0
111.18283298521138,7.0
111.76398716848561,7.0
112.3481790525961,7.0
112.93542451564652,7.0
113.5257395187356,7.1
114.11914010639099,7.2
114.71564240700522,7.3
115.3152626332741,7.3
115.91801708263789,7.4
116.52392213772293,7.5
117.13299426678874,7.6
117.74525002417371,7.6
118.36070605074681,7.7
118.97937907435858,7.8
119.60128591029638,7.9
120.22644346174131,8.0
120.85486872022751,8.1
121.4865787661046,8.2
122.12159076900052,8.3
122.75992198829012,8.3
123.40158977356222,8.4
124.04661156509306,8.4
124.69500489431896,8.5
125.34678738431336,8.5
126.00197675026583,8.6
126.6605907999634,8.7
127.3226474342747,8.7
127.98816464763628,8.8
128.6571605285424,8.8
129.32965326003517,8.8
130.00566112020084,8.8
130.68520248266435,8.9
131.36829581709074,9.0
132.05495968968575,9.1
132.74521276370103,9.2
133.43907379994133,9.2
134.1365616572744,9.3
134.83769529314347,9.3
135.54249376408254,9.3
136.25097622623485,9.3
136.96316193587217,9.4
137.67907024992007,9.4
138.39872062648203,9.5
139.1221326253702,9.5
139.84932590863562,9.5
140.58032024110324,9.6
141.31513549090906,9.6
142.05379163003997,9.8
142.7963087348772,9.9
143.5427069867405,10.0
144.29300667243896,10.1
145.04722818481977,10.1
145.80539202332486,10.2
146.56751879454652,10.3
147.333629212788,10.4
148.1037441006266,10.5
148.87788438947953,10.5
149.65607112017267,10.5
150.43832544351253,10.5
151.2246686208618,10.6
152.01512202471548,10.7
152.80970713928414,10.8
153.6084455610754,10.9
154.41135899948313,10.9
155.218469277376,11.0
156.02979833169113,11.0
156.8453682140304,11.1
157.66520109125955,11.2
158.48931924611142,11.3
159.3177450777899,11.4
160.15050110258113,11.4
160.9876099544629,11.5
161.82909438572216,11.6
162.67497726757185,11.6
163.52528159077312,11.7
164.38003046626017,11.8
165.23924712576837,11.8
166.1029549224657,11.9
166.97117733158728,11.9
167.8439379510743,11.9
168.72126050221348,11.9
169.60316883028446,12.0
170.48968690520502,12.0
171.38083882218535,12.1
172.27664880238083,12.1
173.17714119355136,12.2
174.08234047072295,12.2
174.99227123685273,12.3
175.9069582234984,12.4
176.82642629148881,12.5
177.75070043160196,12.5
178.67980576524164,12.8
179.61376754512278,13.0
180.55261115595593,13.1
181.49636211513797,13.1
182.44504607344558,13.2
183.39868881573247,13.2
184.35731626163007,13.3
185.3209544662519,13.3
186.28962962090262,13.4
187.26336805378796,13.4
188.24219623073301,13.5
189.2261407558986,13.5
190.21522837250714,13.6
191.20948596356752,13.7
192.20894055260666,13.8
193.21361930440384,13.9
194.22354952572874,13.9
195.2387586660848,14.0
196.25927431845295,14.1
197.28512422004457,14.2
198.31633625305224,14.3
199.35293844541056,14.4
200.39495897155572,14.4
201.4424261531923,14.5
202.4953684600627,14.6
203.55381451072122,14.7
204.6177930733116,14.8
205.6873330663489,14.9
206.76246355950653,14.9
207.84321377440395,15.0
208.92961308540407,15.1
210.02169102040844,15.2
211.11947726166272,15.2
212.22300164656127,15.3
213.33229416845913,15.4
214.447384977487,15.5
215.5683043813707,15.6
216.69508284625502,15.6
217.8277509975314,15.7
218.9663396206716,15.7
220.1108796620618,15.8
221.26140222984722,15.8
222.41793859477394,15.9
223.5805201910423,16.0
224.74917861715863,16.2
225.9239456367954,16.3
227.10485317965416,16.4
228.29193334233327,16.5
229.48521838920135,16.6
230.68474075327168,16.6
231.89053303708724,16.7
233.102628013603,16.8
234.32105862708036,16.9
235.5458579939798,17.0
236.77705940386227,17.1
238.0146963202937,17.2
239.25880238175446,17.3
240.50941140255387,17.3
241.76655737374873,17.4
243.03027446406858,17.5
244.30059702084168,17.5
245.57755957093218,17.6
246.86119682167464,17.7
248.1515436618211,17.8
249.44863516248657,18.0
250.75250657810346,18.1
252.0631933473797,18.2
253.3807310942614,18.3
254.7051556289027,18.3
256.03650294863604,18.4
257.3748092389545,18.4
258.72011087449107,18.5
260.0724444200114,18.6
261.4318466314045,18.7
262.79835445668317,18.9
264.17200503698814,19.0
265.5528357075972,19.1
266.94088399894025,19.2
268.336187637619,19.2
269.7387845474336,19.3
271.1487128504106,19.4
272.56601086784315,19.4
273.9907171213279,19.5
275.4228703338166,19.6
276.86250943066517,19.7
278.30967354069315,19.8
279.764401997247,19.9
281.2267343392687,19.9
282.6967103123723,20.0
284.1743698699204,20.3
285.65975317411466,20.5
287.152900597083,20.6
288.6538527219809,20.7
290.16265034409145,20.7
291.67933447193553,20.7
293.203946328386,20.8
294.7365273517884,20.9
296.27711919708696,21.1
297.8257637369567,21.2
299.38250306294265,21.3
300.947379486601,21.4
302.52043554065347,21.4
304.1017139801383,21.5
305.69125778357716,21.6
307.2891101541398,21.7
308.8953145208197,21.8
310.5099145396145,21.9
312.1329540947119,21.9
313.76447729968413,22.0
315.40452849868336,22.1
317.0531522676519,22.1
318.71039341552853,22.2
320.3762969854716,22.3
322.05090825607795,22.4
323.7342727426186,22.5
325.4264361982722,22.7
327.1274446153702,22.8
328.83734422664674,22.9
330.55618150649445,23.0
332.28400317222986,23.0
334.02085618535915,23.1
335.76678775285944,23.2
337.52184532845695,23.3
339.28607661392135,23.5
341.0595295603587,23.6
342.84225236951676,23.6
344.63429349509414,23.7
346.4357016440579,23.7
348.24652577796684,24.0
350.06681511430224,24.2
351.8966191278073,24.3
353.7359875518278,24.3
355.5849703796693,24.4
357.44361786595016,24.4
359.3119805279728,24.5
361.1901091470929,24.7
363.0780547701014,24.8
364.9758687106112,24.8
366.8836025504522,24.9
368.80130814107446,24.9
370.72903760495365,25.2
372.66684333701346,25.4
374.6147780060434,25.5
376.57289455613636,25.5
378.54124620812286,25.6
380.5198864610201,25.6
382.50886909348526,25.7
384.5082481652772,25.7
386.51807801872604,25.8
388.53841328020957,25.9
390.56930886163985,26.0
392.6108199619517,26.2
394.6630020686084,26.3
396.7259109591041,26.4
398.7996027024853,26.5
400.8841336608706,26.6
402.9795604909844,26.6
405.0859401456969,26.7
407.20332987557106,26.7
409.331787230421,26.8
411.4713700608718,26.8
413.6221365199375,26.9
415.78414506459575,27.0
417.95745445738237,27.0
420.1421237679842,27.1
422.33821237484636,27.2
424.5457799667861,27.3
426.76488654461485,27.4
428.9955924227691,27.5
431.23795823094935,27.7
433.49204491576995,27.8
435.7579137424112,27.9
438.0356262962907,28.1
440.3252444847303,28.2
442.62683053864555,28.3
444.9404470142319,28.4
447.2661567946673,28.4
449.60402309182115,28.5
451.9541094479714,28.8
454.3164797375345,29.0
456.6911981687959,29.1
459.0783292856624,29.1
461.4779379694089,29.2
463.89008944044906,29.2
466.31484926010245,29.3
468.7522833323791,29.5
471.20245790577025,29.6
473.6654395750488,29.6
476.14129528307956,29.7
478.630092322638,29.7
481.1318983382419,30.0
483.6467813279844,30.2
486.1748096453894,30.4
488.7160520012619,30.5
491.27057746556244,30.6
493.8384554692794,30.7
496.4197558063182,30.8
499.01454863539806,30.9
501.6229044819588,31.0
504.24489424007766,31.1
506.88058917439554,31.2
509.53006092205686,31.3
512.1933814946506,31.5
514.8706232801756,31.6
517.5618590449992,31.7
520.2671619358439,31.8
522.9866054817683,31.9
525.7202635961694,32.0
528.4682105787901,32.1
531.230521117739,32.1
534.0072702915224,32.2
536.7985335710792,32.4
539.6043868218401,32.5
542.4249063057814,32.7
545.2601686835053,32.8
548.1102510163182,32.9
550.9752307683272,33.0
553.8551858085453,33.1
556.7501944130083,33.2
559.6603352669016,33.3
562.5856874666987,33.4
565.5263305223134,33.5
568.4823443592555,33.6
571.4538093208106,33.8
574.4408061702153,34.0
577.4434160928608,34.2
580.4617206984933,34.3
583.4958020234345,34.4
586.5457425328113,34.4
589.6116251227962,34.5
592.6935331228639,34.6
595.7915502980484,34.7
598.9057608512304,34.9
602.0362494254149,35.0
605.1831011060411,35.1
608.3464014232891,35.2
611.5262363544065,35.3
614.7226923260454,35.4
617.9358562166111,35.4
621.1658153586235,35.5
624.4126575410903,35.6
627.6764710118958,35.7
630.957344480193,35.8
634.2553671188238,35.9
637.5706285667327,35.9
640.9032189314127,36.0
644.2532287913472,36.1
647.6207491984753,36.1
651.0058716806659,36.2
654.4086882442045,36.3
657.8292913762976,36.4
661.2677740475787,36.5
664.7242297146454,36.6
668.1987523225889,36.6
671.6914363075575,36.7
675.2023765993158,36.8
678.7316686238282,36.8
682.2794083058518,36.9
685.8456920715438,37.0
689.4306168510824,37.0
693.0342800813003,37.1
696.6567797083366,37.1
700.2982141902914,37.2
703.9586824999124,37.3
707.6382841272731,37.4
711.3371190824884,37.4
715.0552878984242,37.4
718.7928916334344,37.4
722.5500318741055,37.5
726.3268107380181,37.6
730.123330876526,37.6
733.9396954775374,37.6
737.7760082683312,37.6
741.6323735183645,37.6
745.508896042117,37.6
749.4056812019327,37.6
753.3228349108862,37.6
757.2604636356614,37.6
761.2186743994453,37.6
765.1975747848361,37.6
769.1972729367671,37.6
773.2178775654501,37.6
777.2594979493206,37.6
781.3222439380205,37.6
785.406225955371,37.6
789.5115550023859,37.6
793.6383426602791,37.6
797.7867010935024,37.6
801.9567430527921,37.6
806.1485818782347,37.6
810.3623315023465,37.6
814.59810645317,37.6
818.8560218573906,37.6
823.1361934434566,37.6
827.4387375447371,37.6
831.7637711026708,37.6
836.1114116699566,37.5
840.4817774137397,37.4
844.8749871188272,37.4
849.2911601909162,37.4
853.7304166598383,37.4
858.1928771828257,37.4
862.6786630477819,37.4
867.1878961765907,37.4
871.7206991284164,37.4
876.2771951030477,37.4
880.8575079442367,37.4
885.4617621430697,37.4
890.0900828413493,37.4
894.742595834996,37.4
899.4194275774676,37.4
904.1207051831946,37.4
908.8465564310401,37.4
913.5971097677627,37.4
918.3724943115215,37.4
923.1728398553701,37.4
927.998276870799,37.4
932.8489365112713,37.4
937.7249506157918,37.4
942.6264517124897,37.4
947.5535730222193,37.4
952.5064484621864,37.4
957.4852126495767,37.4
962.4900009052299,37.4
967.5209492573013,37.3
972.5781944449744,37.2
977.6618739221665,37.2
982.772125861269,37.1
987.9090891569025,37.1
993.0729034296917,37.0
998.26370903006,37.0
1003.4816470420445,37.0
1008.7268592871307,37.0
1013.9994883281055,37.0
1019.2996774729368,36.9
1024.627570778662,36.9
1029.9833130553077,36.8
1035.3670498698243,36.8
1040.778927550043,36.7
1046.219093188652,36.7
1051.687694647196,36.6
1057.1848805600926,36.5
1062.7108003386745,36.4
1068.2656041752484,36.4
1073.849443047181,36.3
1079.4624687209969,36.2
1085.104833756507,36.1
1090.7766915109553,36.0
1096.4781961431852,35.9
1102.2095026178308,35.9
1107.9707667095288,35.8
1113.7621450071517,35.8
1119.5837949180645,35.7
1125.4358746724013,35.7
1131.3185433273702,35.6
1137.231960771571,35.6
1143.1762877293438,35.5
1149.1516857651375,35.5
1155.1583172879002,35.4
1161.1963455554942,35.3
1167.2659346791324,35.3
1173.3672496278396,35.3
1179.5004562329357,35.2
1185.6657211925422,35.1
1191.8632120761172,35.0
1198.0930973290035,34.9
1204.355546277011,34.9
1210.650729131018,34.8
1216.9788169915967,34.8
1223.3399818536654,34.8
1229.7343966111616,34.8
1236.162235061742,34.8
1242.6236719115057,34.8
1249.1188827797416,34.8
1255.6480442037073,34.8
1262.2113336434193,34.7
1268.8089294864806,34.6
1275.4410110529293,34.6
1282.1077586001115,34.6
1288.8093533275808,34.6
1295.5459773820237,34.6
1302.3178138622095,34.6
1309.1250468239675,34.6
1315.967861285188,34.6
1322.8464432308563,34.5
1329.7609796180998,34.5
1336.7116583812742,34.5
1343.6986684370715,34.5
1350.7221996896535,34.5
1357.782443035813,34.5
1364.879590370164,34.4
1372.0138345903551,34.3
1379.1853696023147,34.3
1386.3943903255179,34.3
1393.6410926982915,34.3
1400.9256736831292,34.3
1408.248331272053,34.3
1415.6092644919916,34.3
1423.0086734101894,34.3
1430.4467591396458,34.3
1437.9237238445805,34.3
1445.439770745928,34.3
1452.9951041268616,34.3
1460.589929338344,34.3
1468.224452804715,34.3
1475.898882029292,34.3
1483.6134256000173,34.3
1491.3682931951248,34.4
1499.1636955888393,34.5
1506.999844657106,34.5
1514.8769533833477,34.5
1522.7952358642551,34.5
1530.754907315605,34.5
1538.7561840781082,34.5
1546.799283623296,34.5
1554.8844245594228,34.5
1563.0118266374113,34.5
1571.181710756826,34.5
1579.3942989718767,34.6
1587.649814497453,34.6
1595.9484817151922,34.6
1604.2905261795772,34.6
1612.6761746240677,34.6
1621.1056549672617,34.6
1629.5791963190893,34.6
1638.097028987047,34.6
1646.6593844824454,34.6
1655.266495526711,34.6
1663.9185960577072,34.6
1672.6159212360947,34.6
1681.3587074517213,34.6
1690.1471923300487,34.6
1698.9816147386093,34.6
1707.8622147934998,34.6
1716.789233865905,34.5
1725.7629145886658,34.5
1734.7835008628629,34.5
1743.8512378644525,34.5
1752.9663720509295,34.5
1762.1291511680254,34.5
1771.3398242564415,34.4
1780.598641658619,34.3
1789.9058550255418,34.3
1799.2617173235774,34.3
1808.6664828413498,34.2
1818.1204071966588,34.2
1827.6237473434162,34.1
1837.1767615786375,34.1
1846.7797095494598,34.0
1856.4328522602,33.9
1866.1364520794475,33.7
1875.8907727471963,33.6
1885.6960793820124,33.6
1895.552638488241,33.5
1905.4607179632462,33.4
1915.4205871047022,33.4
1925.4325166178992,33.3
1935.4967786231095,33.3
1945.6136466629825,33.3
1955.783395709978,33.2
1966.006302173841,33.2
1976.282643909114,33.1
1986.6127002226892,33.0
1996.996751881399,32.9
2007.4350811196462,32.8
2017.927971647083,32.7
2028.4757086563097,32.6
2039.078578830634,32.5
2049.736870351861,32.4
2060.4508729081267,32.2
2071.22087770177,32.1
2082.0471774572497,32.1
2092.9300664290977,32.0
2103.8698404099196,32.0
2114.8667967384304,31.9
2125.9212343075446,31.9
2137.0334535724887,31.8
2148.2037565589744,31.8
2159.4324468714053,31.7
2170.71982970113,31.7
2182.0662118347364,31.6
2193.4719016623894,31.4
2204.937209186215,31.2
2216.4624460287228,31.1
2228.0479254412767,31.0
2239.6939623126154,31.0
2251.4008731773993,30.9
2263.168976224821,30.8
2274.9985913072546,30.6
2286.890039948944,30.5
2298.843645354747,30.4
2310.8597324189163,30.3
2322.9386277339318,30.2
2335.0806595993763,29.9
2347.2861580308577,29.5
2359.5554547689862,29.4
2371.8888832883777,29.4
2384.2867788067265,29.3
2396.7494782939148,29.2
2409.2773204811715,29.1
2421.8706458702773,28.7
2434.5297967428205,28.3
2447.2551171695004,28.2
2460.0469530194778,28.1
2472.905651969775,27.9
2485.8315635147337,27.7
2498.825038975499,27.5
2511.88643150958,27.3
2525.0160961204438,27.2
2538.2143896671673,27.0
2551.481670874133,26.9
2564.8183003407817,26.8
2578.224640551411,26.8
2591.7010558850307,26.7
2605.247912625263,26.6
2618.8655789702975,26.5
2632.5544250429093,26.4
2646.314822900502,26.3
2660.14714654523,26.2
2674.051771934164,26.0
2688.029076989506,25.9
2702.079441608862,25.9
2716.20324767557,25.8
2730.400879069075,25.7
2744.6727216753675,25.6
2759.0191633974646,25.4
2773.440594165967,25.2
2787.9374059496395,25.0
2802.509992766076,24.9
2817.1587506924047,24.8
2831.8840778760564,24.7
2846.686374545581,24.6
2861.5660430215316,24.4
2876.5234877273942,24.2
2891.5591152005823,24.0
2906.6733341034837,23.8
2921.8665552345788,23.7
2937.139191539587,23.6
2952.4916581227058,23.4
2967.9243722578863,23.4
2983.4377534001765,23.4
2999.0322231971227,23.4
3014.7082055002275,23.4
3030.466126376471,23.4
3046.306414119893,23.4
3062.229499263226,23.4
3078.2358145896155,23.4
3094.325795144359,23.4
3110.4998782467446,23.4
3126.7585035019356,23.5
3143.1021128129173,23.5
3159.5311503925072,23.6
3176.0460627754296,23.7
3192.6472988304513,23.7
3209.335309772584,23.8
3226.1105491753406,23.8
3242.973472983081,23.8
3259.924539523382,23.8
3276.9642095195077,23.8
3294.0929461029286,23.8
3311.311214825911,23.8
3328.6194836741684,23.8
3346.018223079582,23.8
3363.507905932988,23.8
3381.089007597027,23.8
3398.762005919066,23.8
3416.527381244194,23.8
3434.385616428264,23.8
3452.337196851022,23.8
3470.382610429304,23.8
3488.5223476302926,23.7
3506.7569014848486,23.6
3525.0867676009134,23.5
3543.512444176976,23.4
3562.034432015617,23.4
3580.6532345371147,23.3
3599.369357793143,23.2
3618.1833104805046,23.1
3637.095603954969,22.9
3656.1067522451726,22.8
3675.2172720665826,22.7
3694.4276828355482,22.6
3713.738506683413,22.4
3733.1502684707093,22.1
3752.6634958014215,21.9
3772.2787190373247,21.7
3791.9964713124127,21.6
3811.817288547367,21.5
3831.7417094641373,21.1
3851.7702756005806,20.8
3871.9035313251793,20.7
3892.1420238518376,20.7
3912.4863032547537,20.7
3932.936922483372,20.6
3953.4944373774106,20.5
3974.1594066819653,20.4
3994.9323920627126,20.3
4015.8139581211503,20.1
4036.8046724099613,20.0
4057.9051054484326,19.9
4079.115830737964,19.8
4100.437424777656,19.8
4121.870467079975,19.7
4143.41554018651,19.6
4165.0732296838005,19.4
4186.844124219257,19.2
4208.728815517151,19.1
4230.72789839472,19.0
4252.841970778305,18.8
4275.071633719623,18.5
4297.417491412092,18.3
4319.880151207261,18.2
4342.460223631314,18.2
4365.158322401661,18.1
4387.975064443623,18.0
4410.911069907196,17.7
4433.9669621839075,17.4
4457.1433679237725,17.2
4480.4409170523,17.1
4503.860242787635,17.0
4527.40198165776,16.9
4551.0667735177985,16.8
4574.855261567406,16.7
4598.768092368251,16.6
4622.80591586159,16.5
4646.969385385929,16.4
4671.25915769478,16.3
4695.675892974527,16.0
4720.220254862348,15.7
4744.892910464259,15.5
4769.694530373255,15.4
4794.625788687525,15.2
4819.68736302878,14.9
4844.87993456067,14.6
4870.204188007296,14.4
4895.660811671819,14.3
4921.250497455168,14.2
4946.973940874864,14.1
4972.8318410838865,14.0
4998.824900889706,13.8
5024.953826773381,13.6
5051.219328908747,13.5
5077.622121181736,13.4
5104.162921209768,13.2
5130.842450361258,13.1
5157.661433775227,13.0
5184.620600380999,12.9
5211.720682918039,12.6
5238.962417955835,12.4
5266.346545913939,12.4
5293.873811082085,12.4
5321.544961640422,12.4
5349.360749679845,12.3
5377.321931222439,12.1
5405.429266242027,11.9
5433.683518684824,11.7
5462.085456490198,11.5
5490.635851611563,11.4
5519.335480037329,11.2
5548.185121812011,11.0
5577.185561057427,10.8
5606.337585994012,10.8
5635.641988962242,10.7
5665.0995664441625,10.7
5694.7111190850455,10.6
5724.477451715144,10.4
5754.399373371566,9.3
5784.477697320285,8.4
5814.713241078208,8.6
5845.10682643542,9.0
5875.659279477514,9.2
5906.371430608045,9.3
5937.244114571097,9.4
5968.278170473975,9.5
5999.4744418100045,9.6
6030.833776481469,9.6
6062.357026822636,9.6
6094.045049622959,9.6
6125.898706150321,9.6
6157.918862174471,9.6
6190.106387990547,9.5
6222.462158442733,9.5
6254.987052948034,9.5
6287.681955520183,9.5
6320.547754793659,9.6
6353.585344047851,9.7
6386.795621231329,9.8
6420.179488986247,10.0
6453.7378546729,10.3
6487.471630394349,10.5
6521.381733021235,10.8
6555.469084216698,11.0
6589.734610461422,11.1
6624.179243078815,11.3
6658.80391826033,11.5
6693.609577090902,11.9
6728.597165574533,12.2
6763.767634659991,12.3
6799.1219402666875,12.4
6834.661043310619,12.4
6870.385909730507,12.4
6906.297510514049,12.4
6942.39682172431,12.3
6978.684824526248,12.2
7015.162505213385,12.2
7051.830855234612,12.3
7088.690871221135,12.8
7125.7435550135615,13.3
7162.989913689153,13.6
7200.430959589155,14.0
7238.067710346342,14.3
7275.901188912673,14.7
7313.932423587085,15.5
7352.162448043451,16.3
7390.59230135867,16.7
7429.22302804091,17.0
7468.055678057999,17.4
7507.091306865953,18.0
7546.330975437692,18.9
7585.775750291836,19.8
7625.426703521717,20.7
7665.284912824515,21.7
7705.351461530549,22.8
7745.627438632719,23.6
7786.113938816104,24.2
7826.81206248772,24.6
7867.722915806424,25.0
7908.847610712972,26.4
7950.187264960275,27.9
7991.743002143727,28.3
8033.515951731782,28.6
8075.507249096639,28.8
8117.718035545101,28.9
8160.149458349601,29.1
8202.80267077938,29.2
8245.67883213183,29.3
8288.77910776401,29.2
8332.104669124305,28.8
8375.656693784302,28.1
8419.436365470749,27.5
8463.444874097753,27.1
8507.683415799123,26.7
8552.153192960874,26.3
8596.855414253905,25.5
8641.791294666864,24.6
8686.962055539152,24.3
8732.36892459413,24.1
8778.01313597248,23.9
8823.895930265779,23.7
8870.018554550163,23.4
8916.382262420266,23.3
8962.988314023276,23.4
9009.83797609319,23.6
9056.932521985234,23.8
9104.273231710486,23.9
9151.861391970657,24.1
9199.698296193066,24.4
9247.785244565785,24.7
9296.12354407301,25.1
9344.714508530542,25.3
9393.559458621517,25.4
9442.659721932305,25.6
9492.016632988581,25.9
9541.631533291613,26.3
9591.505771354708,26.7
9641.64070273987,27.0
9692.037690094652,27.4
9742.698103189163,27.7
9793.623318953358,28.1
9844.814721514387,28.4
9896.27370223427,28.7
9948.001659747684,29.1
10000.0,29.4
10052.270136285486,29.5
10104.813489285681,29.6
10157.6314871081,29.6
10210.725565324987,29.6
10264.09716701231,29.6
10317.747742788988,29.5
10371.678750856474,29.5
10425.891657038128,29.4
10480.387934819217,29.0
10535.16906538697,28.3
10590.236537670813,27.8
10645.591848382772,27.4
10701.236502058211,27.1
10757.172011096769,26.8
10813.399895803414,25.5
10869.921684429703,23.6
10926.73891321545,22.6
10983.85312643042,21.9
11041.265876416248,21.4
11098.978723628681,20.9
11156.993236680037,19.9
11215.310992381786,18.4
11273.933575787378,17.4
11332.862580235347,16.9
11392.099607392682,16.4
11451.646267298307,16.0
11511.504178406769,15.3
11571.674967632372,13.5
11632.16027039332,12.0
11692.961730656129,11.8
11754.08100098034,11.4
11815.519742563505,10.9
11877.27962528627,10.6
11939.362327757724,10.4
12001.76953736107,10.2
12064.50295029953,10.0
12127.56427164241,9.8
12190.95521537136,9.7
12254.677504427105,9.6
12318.732870756214,9.5
12383.123055358106,9.4
12447.849808332432,9.3
12512.914888926687,9.1
12578.320065583976,9.0
12644.067115991029,8.9
12710.157827126544,8.8
12776.593995309939,8.7
12843.377426249857,8.8
12910.50993509343,9.5
12977.99334647565,11.3
13045.829494568892,12.6
13114.020223132724,13.0
13182.567385564074,13.7
13251.472844947652,15.0
13320.738474106534,17.2
13390.366155652993,21.6
13460.35778203982,24.7
13530.715255611682,25.0
13601.440488656775,25.5
13672.535403458849,25.9
13744.001932349513,26.0
13815.842017760702,26.1
13888.057612277411,26.2
13960.650678690825,26.2
14033.62319005172,26.2
14106.977129724035,26.1
14180.714491438697,25.8
14254.837279347976,25.4
14329.347508079869,25.1
14404.247202792812,24.7
14479.538399230763,24.3
14555.223143778607,23.8
14631.303493517702,22.8
14707.78151628175,21.8
14784.65929071304,21.3
14861.938906319014,20.9
14939.622463529,20.5
15017.712073751207,20.0
15096.209859430292,19.4
15175.117954104964,18.9
15254.438502465904,18.7
15334.173660414117,18.5
15414.325595119602,18.4
15494.896485080177,18.3
15575.88852018064,18.1
15657.303901752315,17.9
15739.1448426331,17.6
15821.413567227246,17.4
15904.112311566014,17.2
15987.243323368504,17.2
16070.808862102673,17.2
16154.811199046684,17.3
16239.252617350698,17.6
16324.135412099,17.9
16409.461890372313,18.3
16495.23437131044,18.7
16581.455186175313,18.8
16668.12667841462,18.7
16755.251203725067,18.5
