10.0,26.1
10.052270136285475,26.1
10.104813489285682,26.2
10.157631487108103,26.3
10.210725565324982,26.4
10.264097167012295,26.4
10.317747742789004,26.4
10.371678750856479,26.4
10.425891657038118,26.4
10.480387934819216,26.4
10.535169065386981,26.4
10.590236537670812,26.4
10.64559184838276,26.4
10.701236502058206,26.4
10.757172011096776,26.5
10.813399895803409,26.6
10.869921684429707,26.6
10.926738913215466,26.6
10.98385312643042,26.6
11.041265876416237,26.6
11.098978723628681,26.7
11.156993236680048,26.8
11.215310992381788,26.8
11.27393357578736,26.8
11.332862580235341,26.8
11.392099607392687,26.8
11.451646267298301,26.8
11.511504178406776,26.8
11.571674967632385,26.8
11.632160270393321,26.8
11.692961730656117,26.8
11.75408100098034,26.9
11.815519742563518,26.9
11.87727962528627,26.9
11.939362327757706,26.9
12.001769537361062,26.9
12.064502950299536,27.0
12.127564271642404,27.1
12.190955215371359,27.1
12.254677504427118,27.1
12.318732870756214,27.1
12.383123055358094,27.1
12.447849808332432,27.1
12.5129148889267,27.1
12.578320065583968,27.1
12.644067115991009,27.1
12.710157827126565,27.2
12.776593995309947,27.2
12.843377426249843,27.3
12.910509935093431,27.3
12.977993346475664,27.3
13.045829494568892,27.3
13.11402022313271,27.3
13.182567385564074,27.3
13.251472844947658,27.3
13.320738474106527,27.5
13.390366155653,27.6
13.460357782039841,27.6
13.530715255611682,27.6
13.601440488656761,27.6
13.672535403458848,27.6
13.744001932349526,27.6
13.815842017760701,27.6
13.888057612277397,27.6
13.960650678690818,27.7
14.033623190051728,27.8
14.10697712972403,27.8
14.180714491438705,27.8
14.25483727934799,27.8
14.32934750807987,27.8
14.404247202792797,27.8
14.479538399230764,27.8
14.55522314377862,27.9
14.631303493517702,28.0
14.707781516281727,28.0
14.784659290713032,28.0
14.861938906319022,28.0
14.939622463528993,28.0
15.017712073751214,28.0
15.096209859430308,28.0
15.175117954104964,28.0
15.254438502465888,28.0
15.334173660414118,28.1
15.414325595119617,28.1
15.494896485080169,28.1
15.575888520180618,28.1
15.65730390175234,28.1
15.73914484263311,28.1
15.821413567227237,28.1
15.904112311566013,28.1
15.98724332336852,28.1
16.070808862102673,28.2
16.154811199046666,28.3
16.239252617350697,28.3
16.324135412099007,28.3
16.409461890372306,28.3
16.495234371310413,28.3
16.58145518617534,28.3
16.668126678414627,28.4
16.755251203725052,28.5
16.84283113011666,28.5
16.930868837977105,28.5
17.01936672013636,28.5
17.108327181931763,28.5
17.197752641273365,28.5
17.28764552870969,28.5
17.378008287493753,28.5
17.4688433736495,28.5
17.560153256038525,28.5
17.651940416427212,28.5
17.744207349554188,28.6
17.836956563198083,28.7
17.93019057824573,28.8
18.023911928760675,28.8
18.118123162052047,28.8
18.21282683874379,28.8
18.30802553284428,28.8
18.403721831816252,28.8
18.499918336647156,28.8
18.59661766191982,28.9
18.69382243588356,29.0
18.791535300525574,29.0
18.889758911642755,29.0
18.98849593891389,29.0
19.08774906597221,29.0
19.187520990478333,29.0
19.287814424193606,29.0
19.388632093053765,29.0
19.48997673724305,29.0
19.591851111268685,29.0
19.69425798403576,29.0
19.79720013892245,29.0
19.90068037385568,29.0
20.004701501387192,29.1
20.109266348769967,29.2
20.214377758035074,29.2
20.320038586068932,29.2
20.426251704690927,29.2
20.533020000731486,29.2
20.64034637611054,29.2
20.748233747916412,29.2
20.856685048485062,29.2
20.965703225479817,29.2
21.075291241971485,29.3
21.185452076518878,29.3
21.296188723249774,29.3
21.407504191942323,29.3
21.519401508106792,29.3
21.631883713067854,29.3
21.744953864047204,29.3
21.858615034246718,29.3
21.972870312931903,29.3
22.087722805515906,29.3
22.203175633643916,29.3
22.319231935278008,29.3
22.435894864782412,29.4
22.553167593009288,29.5
22.671053307384867,29.5
22.789555211996095,29.5
22.908676527677724,29.5
23.028420492099883,29.5
23.148790359856015,29.5
23.26978940255137,29.5
23.391420908891938,29.5
23.51368818477381,29.5
23.63659455337303,29.5
23.760143355235964,29.5
23.884337948370025,29.5
24.009181708334992,29.5
24.134678028334722,29.5
24.260830319309434,29.6
24.387642010028344,29.7
24.515116547182902,29.7
24.64325739548046,29.7
24.772068037738443,29.7
24.901551974979007,29.7
25.031712726524198,29.7
25.162553830091625,29.7
25.294078841890578,29.7
25.426291336718684,29.7
25.559194908059133,29.8
25.692793168178262,29.9
25.827089748223784,30.0
25.96208829832347,30.0
26.097792487684362,30.0
26.234206004692496,30.0
26.371332557013133,30.0
26.5091758716916,30.0
26.647739695254497,30.0
26.787027793811582,30.0
26.9270439531581,30.0
27.06779197887776,30.0
27.209275696446046,30.0
27.351498951334275,30.0
27.494465609114105,30.1
27.638179555562576,30.2
27.782644696767733,30.2
27.92786495923483,30.2
28.07384428999299,30.2
28.220586656702505,30.2
28.368096047762684,30.2
28.516376472420284,30.2
28.66543196087842,30.2
28.815266564406134,30.2
28.965884355448516,30.2
29.11728942773738,30.2
29.26948589640251,30.2
29.42247789808359,30.2
29.57626959104251,30.2
29.730865155276486,30.2
29.88626879263161,30.2
30.04248472691713,30.2
30.19951720402016,30.3
30.357370492021133,30.4
30.516048881309793,30.4
30.675556684701824,30.4
30.835898237556027,30.4
30.99707789789224,30.4
31.15910004650967,30.4
31.321969087106055,30.4
31.485689446397288,30.4
31.650265574237824,30.4
31.815701943741516,30.4
31.98200305140326,30.4
32.14917341722119,30.4
32.31721758481955,30.4
32.486140121572134,30.4
32.655945618726484,30.4
32.82663869152868,30.4
32.99822397934869,30.4
33.170706145806605,30.4
33.34408987889928,30.5
33.51837989112781,30.5
33.69358091962557,30.5
33.86969772628702,30.5
34.04673509789711,30.5
34.224697846261364,30.5
34.40359080833668,30.5
34.58341884636283,30.5
34.764186847994516,30.5
34.94589972643436,30.5
35.12856242056629,30.5
35.312179895089876,30.5
35.496757140655234,30.5
35.68229917399868,30.5
35.86881103807908,30.5
36.05629780221492,30.5
36.24476456222205,30.5
36.434216440552284,30.5
36.6246585864325,30.5
36.81609617600466,30.5
37.00853441246656,30.5
37.2019785262131,30.5
37.39643377497855,30.6
37.591905443979435,30.7
37.788398846058186,30.7
37.985919321827524,30.7
38.184472239815605,30.7
38.384062996612016,30.7
38.584697017014335,30.7
38.786379754175634,30.7
38.98911668975273,30.7
39.1929133340551,30.7
39.39777522619469,30.7
39.60370793423646,30.7
39.810717055349734,30.7
40.0188082159603,30.7
40.227987071903335,30.7
40.43825930857721,30.7
40.64963064109788,30.7
40.8621068144543,30.7
41.075693603664625,30.7
41.29039681393302,30.7
41.506222280807584,30.7
41.72317587033889,30.7
41.94126347923944,30.7
42.16049103504393,30.7
42.38086449627034,30.7
42.60238985258197,30.7
42.825073124950116,30.7
43.04892036581776,30.7
43.27393765926414,30.7
43.500131121170035,30.7
43.727506899384,30.7
43.956071173889484,30.7
44.18583015697281,30.7
44.416790093392,30.7
44.648957260546474,30.7
44.88233796864779,30.7
45.116938560890986,30.7
45.35276541362708,30.7
45.58982493653644,30.7
45.82812357280281,30.7
46.067667799288614,30.7
46.308464126710895,30.7
46.55051909981832,30.7
46.793839297569036,30.7
47.03843133330949,30.7
47.28430185495417,30.7
47.531457545166376,30.7
47.77990512153967,30.7
48.02965133678067,30.7
48.28070297889241,30.7
48.53306687135893,30.7
48.78674987333074,30.7
49.041758879811184,30.7
49.298100821843896,30.7
49.55578266670119,30.7
49.81481141807335,30.7
50.07519411625915,30.7
50.336937838356974,30.7
50.60004969845742,30.7
50.86453684783644,30.7
51.13040647514984,30.7
51.39766580662862,30.7
51.66632210627541,30.7
51.93638267606184,30.7
52.20785485612707,30.7
52.48074602497726,30.7
52.75506359968615,30.7
53.030815036096584,30.7
53.308007829023246,30.7
53.58664951245627,30.7
53.866747659766084,30.7
54.148309883909214,30.7
54.431343837635225,30.7
54.7158572136947,30.7
55.00185774504835,30.7
55.28935320507712,30.7
55.57835140779364,30.7
55.86886020805435,30.7
56.160887501773274,30.7
56.45444122613637,30.7
56.74952935981742,30.7
57.04615992319485,30.7
57.34434097856969,30.6
57.64408063038476,30.5
57.94538702544487,30.5
58.24826835313831,30.5
58.552732845659456,30.5
58.85878877823242,30.5
59.166444469336014,30.5
59.475708280929936,30.5
59.786588618681876,30.5
60.0990939321961,30.5
60.41323271524305,30.5
60.72901350599024,30.5
61.046444887234294,30.5
61.365535486634215,30.5
61.686293976945976,30.5
62.008729076258064,30.5
62.332849548228545,30.5
62.658664202323344,30.5
62.98618189405547,30.5
63.315411525225876,30.5
63.64636204416533,30.4
63.979042445977655,30.4
64.31346177278421,30.4
64.64962911396958,30.4
64.98755360642885,30.4
65.32724443481563,30.4
65.66871083179183,30.4
66.01196207827876,30.4
66.35700750370908,30.4
66.7038564862806,30.4
67.05251845321108,30.4
67.40300288099445,30.4
67.75531929565844,30.4
68.1094772730234,30.4
68.46548643896274,30.4
68.82335646966433,30.4
69.18309709189363,30.3
69.54471808325809,30.2
69.90822927247277,30.2
70.27364053962762,30.2
70.6409618164559,30.2
71.01020308660422,30.2
71.38137438590384,30.1
71.75448580264342,30.0
72.12954747784322,30.0
72.50656960553087,30.0
72.88556243301818,30.0
73.26653626117992,30.0
73.64950144473359,29.9
74.03446839252094,29.8
74.42144756779092,29.7
74.810449488484,29.7
75.20148472751808,29.7
75.59456391307583,29.7
75.98969772889355,29.6
76.38689691455168,29.5
76.78617226576647,29.5
77.18753463468363,29.5
77.59099493017311,29.4
77.99656411812569,29.3
78.404253221751,29.3
78.8140733218772,29.3
79.226035557252,29.3
79.64015112484554,29.3
80.05643128015467,29.3
80.47488733750892,29.3
80.89553067037787,29.3
81.31837271168051,29.3
81.74342495409579,29.3
82.170698950375,29.3
82.60020631365589,29.3
83.03195871777821,29.3
83.46596789760103,29.3
83.90224564932171,29.3
84.34080383079642,29.3
84.78165436186265,29.3
85.22480922466286,29.3
85.67028046397054,29.3
86.11808018751721,29.3
86.56822056632171,29.3
87.020713835021,29.3
87.47557229220259,29.3
87.93280830073893,29.3
88.39243428812335,29.3
88.85446274680783,29.4
89.31890623454267,29.5
89.78577737471758,29.5
90.25508885670492,29.5
90.72685343620469,29.5
91.20108393559097,29.5
91.67779324426061,29.5
92.15699431898352,29.5
92.63870018425483,29.5
93.12292393264887,29.5
93.60967872517497,29.6
94.09897779163542,29.6
94.5908344309847,29.7
95.0852620116911,29.9
95.58227397210023,30.0
96.08188382079996,30.0
96.5841051369878,30.1
97.08895157083991,30.1
97.59643684388209,30.2
98.10657474936274,30.2
98.61937915262773,30.3
99.13486399149741,30.4
99.65304327664518,30.4
100.17393109197839,30.6
100.69754159502135,30.7
101.22388901729977,30.8
101.75298766472777,30.9
102.28485191799675,31.0
102.81949623296607,31.0
103.35693514105618,31.1
103.89718324964329,31.2
104.44025524245698,31.3
104.98616587997819,31.4
105.53492999984189,31.5
106.08656251723878,31.5
106.64107842532215,31.6
107.19849279561431,31.7
107.75882077841675,31.7
108.32207760322176,31.8
108.88827857912626,31.8
109.45743909524856,31.8
110.02957462114523,31.8
110.60470070723336,31.8
111.18283298521138,31.8
111.76398716848561,31.9
112.3481790525961,31.9
112.93542451564652,32.0
113.5257395187356,32.1
114.11914010639099,32.2
114.71564240700522,32.2
115.3152626332741,32.3
115.91801708263789,32.4
116.52392213772293,32.6
117.13299426678874,32.7
117.74525002417371,32.8
118.36070605074681,32.9
118.97937907435858,32.9
119.60128591029638,33.0
120.22644346174131,33.0
120.85486872022751,33.0
121.4865787661046,33.1
122.12159076900052,33.1
122.75992198829012,33.1
123.40158977356222,33.2
124.04661156509306,33.3
124.69500489431896,33.3
125.34678738431336,33.3
126.00197675026583,33.3
126.6605907999634,33.3
127.3226474342747,33.3
127.98816464763628,33.3
128.6571605285424,33.3
129.32965326003517,33.3
130.00566112020084,33.3
130.68520248266435,33.3
131.36829581709074,33.3
132.05495968968575,33.3
132.74521276370103,33.3
133.43907379994133,33.3
134.1365616572744,33.3
134.83769529314347,33.3
135.54249376408254,33.3
136.25097622623485,33.3
136.96316193587217,33.3
137.67907024992007,33.3
138.39872062648203,33.3
139.1221326253702,33.3
139.84932590863562,33.3
140.58032024110324,33.3
141.31513549090906,33.3
142.05379163003997,33.2
142.7963087348772,33.1
143.5427069867405,33.1
144.29300667243896,33.0
145.04722818481977,33.0
145.80539202332486,32.9
146.56751879454652,32.8
147.333629212788,32.7
148.1037441006266,32.6
148.87788438947953,32.5
149.65607112017267,32.4
150.43832544351253,32.3
151.2246686208618,32.2
152.01512202471548,32.1
152.80970713928414,32.0
153.6084455610754,31.9
154.41135899948313,31.8
155.218469277376,31.7
156.02979833169113,31.6
156.8453682140304,31.6
157.66520109125955,31.5
158.48931924611142,31.4
159.3177450777899,31.3
160.15050110258113,31.2
160.9876099544629,31.1
161.82909438572216,31.0
162.67497726757185,30.9
163.52528159077312,30.8
164.38003046626017,30.7
165.23924712576837,30.6
166.1029549224657,30.5
166.97117733158728,30.5
167.8439379510743,30.5
168.72126050221348,30.5
169.60316883028446,30.7
170.48968690520502,30.9
171.38083882218535,31.1
172.27664880238083,31.3
173.17714119355136,31.4
174.08234047072295,31.5
174.99227123685273,31.7
175.9069582234984,31.8
176.82642629148881,32.0
177.75070043160196,32.2
178.67980576524164,32.3
179.61376754512278,32.3
180.55261115595593,32.3
181.49636211513797,32.3
182.44504607344558,32.3
183.39868881573247,32.3
184.35731626163007,32.3
185.3209544662519,32.3
186.28962962090262,32.3
187.26336805378796,32.3
188.24219623073301,32.3
189.2261407558986,32.3
190.21522837250714,32.3
191.20948596356752,32.3
192.20894055260666,32.2
193.21361930440384,32.2
194.22354952572874,32.1
195.2387586660848,32.1
196.25927431845295,32.1
197.28512422004457,32.1
198.31633625305224,32.1
199.35293844541056,32.1
200.39495897155572,32.0
201.4424261531923,32.0
202.4953684600627,32.0
203.55381451072122,31.9
204.6177930733116,31.9
205.6873330663489,31.9
206.76246355950653,31.8
207.84321377440395,31.8
208.92961308540407,31.8
210.02169102040844,31.7
211.11947726166272,31.7
212.22300164656127,31.7
213.33229416845913,31.6
214.447384977487,31.6
215.5683043813707,31.6
216.69508284625502,31.6
217.8277509975314,31.5
218.9663396206716,31.5
220.1108796620618,31.5
221.26140222984722,31.4
222.41793859477394,31.4
223.5805201910423,31.4
224.74917861715863,31.3
225.9239456367954,31.3
227.10485317965416,31.3
228.29193334233327,31.2
229.48521838920135,31.2
230.68474075327168,31.2
231.89053303708724,31.1
233.102628013603,31.1
234.32105862708036,31.0
235.5458579939798,31.0
236.77705940386227,30.9
238.0146963202937,30.9
239.25880238175446,30.8
240.50941140255387,30.8
241.76655737374873,30.7
243.03027446406858,30.7
244.30059702084168,30.6
245.57755957093218,30.6
246.86119682167464,30.5
248.1515436618211,30.4
249.44863516248657,30.4
250.75250657810346,30.3
252.0631933473797,30.3
253.3807310942614,30.2
254.7051556289027,30.2
256.03650294863604,30.1
257.3748092389545,30.1
258.72011087449107,30.0
260.0724444200114,30.0
261.4318466314045,29.9
262.79835445668317,29.9
264.17200503698814,29.8
265.5528357075972,29.8
266.94088399894025,29.7
268.336187637619,29.7
269.7387845474336,29.7
271.1487128504106,29.6
272.56601086784315,29.6
273.9907171213279,29.5
275.4228703338166,29.5
276.86250943066517,29.4
278.30967354069315,29.4
279.764401997247,29.4
281.2267343392687,29.3
282.6967103123723,29.3
284.1743698699204,29.3
285.65975317411466,29.2
287.152900597083,29.2
288.6538527219809,29.1
290.16265034409145,29.1
291.67933447193553,29.1
293.203946328386,29.1
294.7365273517884,29.1
296.27711919708696,29.1
297.8257637369567,29.0
299.38250306294265,29.0
300.947379486601,29.0
302.52043554065347,29.0
304.1017139801383,29.0
305.69125778357716,28.9
307.2891101541398,28.9
308.8953145208197,28.9
310.5099145396145,28.9
312.1329540947119,28.9
313.76447729968413,28.8
315.40452849868336,28.8
317.0531522676519,28.8
318.71039341552853,28.8
320.3762969854716,28.8
322.05090825607795,28.8
323.7342727426186,28.8
325.4264361982722,28.8
327.1274446153702,28.8
328.83734422664674,28.8
330.55618150649445,28.8
332.28400317222986,28.7
334.02085618535915,28.7
335.76678775285944,28.6
337.52184532845695,28.6
339.28607661392135,28.6
341.0595295603587,28.6
342.84225236951676,28.6
344.63429349509414,28.6
346.4357016440579,28.6
348.24652577796684,28.6
350.06681511430224,28.6
351.8966191278073,28.6
353.7359875518278,28.6
355.5849703796693,28.6
357.44361786595016,28.6
359.3119805279728,28.6
361.1901091470929,28.6
363.0780547701014,28.5
364.9758687106112,28.5
366.8836025504522,28.5
368.80130814107446,28.5
370.72903760495365,28.5
372.66684333701346,28.5
374.6147780060434,28.5
376.57289455613636,28.4
378.54124620812286,28.4
380.5198864610201,28.4
382.50886909348526,28.4
384.5082481652772,28.4
386.51807801872604,28.4
388.53841328020957,28.4
390.56930886163985,28.4
392.6108199619517,28.4
394.6630020686084,28.4
396.7259109591041,28.5
398.7996027024853,28.5
400.8841336608706,28.5
402.9795604909844,28.5
405.0859401456969,28.5
407.20332987557106,28.5
409.331787230421,28.5
411.4713700608718,28.5
413.6221365199375,28.6
415.78414506459575,28.6
417.95745445738237,28.6
420.1421237679842,28.6
422.33821237484636,28.6
424.5457799667861,28.6
426.76488654461485,28.6
428.9955924227691,28.6
431.23795823094935,28.7
433.49204491576995,28.7
435.7579137424112,28.7
438.0356262962907,28.7
440.3252444847303,28.7
442.62683053864555,28.7
444.9404470142319,28.7
447.2661567946673,28.7
449.60402309182115,28.8
451.9541094479714,28.8
454.3164797375345,28.8
456.6911981687959,28.8
459.0783292856624,28.8
461.4779379694089,28.8
463.89008944044906,28.8
466.31484926010245,28.8
468.7522833323791,28.9
471.20245790577025,28.9
473.6654395750488,28.9
476.14129528307956,28.9
478.630092322638,28.9
481.1318983382419,28.9
483.6467813279844,28.9
486.1748096453894,28.9
488.7160520012619,29.0
491.27057746556244,29.0
493.8384554692794,29.0
496.4197558063182,29.0
499.01454863539806,29.0
501.6229044819588,29.0
504.24489424007766,29.0
506.88058917439554,29.0
509.53006092205686,29.1
512.1933814946506,29.1
514.8706232801756,29.1
517.5618590449992,29.1
520.2671619358439,29.1
522.9866054817683,29.1
525.7202635961694,29.1
528.4682105787901,29.1
531.230521117739,29.2
534.0072702915224,29.2
536.7985335710792,29.2
539.6043868218401,29.2
542.4249063057814,29.2
545.2601686835053,29.2
548.1102510163182,29.2
550.9752307683272,29.2
553.8551858085453,29.3
556.7501944130083,29.3
559.6603352669016,29.3
562.5856874666987,29.3
565.5263305223134,29.3
568.4823443592555,29.3
571.4538093208106,29.3
574.4408061702153,29.2
577.4434160928608,29.1
580.4617206984933,29.0
583.4958020234345,28.9
586.5457425328113,28.8
589.6116251227962,28.7
592.6935331228639,28.5
595.7915502980484,28.3
598.9057608512304,28.0
602.0362494254149,27.6
605.1831011060411,27.2
608.3464014232891,27.0
611.5262363544065,26.8
614.7226923260454,26.4
617.9358562166111,25.9
621.1658153586235,25.3
624.4126575410903,25.2
627.6764710118958,25.3
630.957344480193,25.4
634.2553671188238,25.5
637.5706285667327,25.6
640.9032189314127,25.8
644.2532287913472,25.9
647.6207491984753,26.0
651.0058716806659,26.1
654.4086882442045,26.2
657.8292913762976,26.3
661.2677740475787,26.4
664.7242297146454,26.5
668.1987523225889,26.6
671.6914363075575,26.7
675.2023765993158,26.8
678.7316686238282,27.0
682.2794083058518,27.1
685.8456920715438,27.2
689.4306168510824,27.3
693.0342800813003,27.4
696.6567797083366,27.5
700.2982141902914,27.6
703.9586824999124,27.6
707.6382841272731,27.6
711.3371190824884,27.7
715.0552878984242,27.7
718.7928916334344,27.7
722.5500318741055,27.7
726.3268107380181,27.7
730.123330876526,27.7
733.9396954775374,27.8
737.7760082683312,27.8
741.6323735183645,27.8
745.508896042117,27.8
749.4056812019327,27.8
753.3228349108862,27.8
757.2604636356614,27.8
761.2186743994453,27.8
765.1975747848361,27.8
769.1972729367671,27.8
773.2178775654501,27.8
777.2594979493206,27.8
781.3222439380205,27.9
785.406225955371,27.9
789.5115550023859,28.0
793.6383426602791,28.0
797.7867010935024,28.0
801.9567430527921,28.1
806.1485818782347,28.2
810.3623315023465,28.3
814.59810645317,28.4
818.8560218573906,28.4
823.1361934434566,28.8
827.4387375447371,29.4
831.7637711026708,29.7
836.1114116699566,29.9
840.4817774137397,30.1
844.8749871188272,30.2
849.2911601909162,30.4
853.7304166598383,30.6
858.1928771828257,30.8
862.6786630477819,30.9
867.1878961765907,31.0
871.7206991284164,31.1
876.2771951030477,31.2
880.8575079442367,31.3
885.4617621430697,31.4
890.0900828413493,31.4
894.742595834996,31.4
899.4194275774676,31.4
904.1207051831946,31.4
908.8465564310401,31.4
913.5971097677627,31.4
918.3724943115215,31.3
923.1728398553701,31.2
927.998276870799,31.0
932.8489365112713,31.0
937.7249506157918,30.9
942.6264517124897,30.9
947.5535730222193,30.8
952.5064484621864,30.7
957.4852126495767,30.6
962.4900009052299,30.5
967.5209492573013,30.5
972.5781944449744,30.4
977.6618739221665,30.4
982.772125861269,30.3
987.9090891569025,30.3
993.0729034296917,30.2
998.26370903006,30.1
1003.4816470420445,30.1
1008.7268592871307,30.0
1013.9994883281055,30.0
1019.2996774729368,30.0
1024.627570778662,30.0
1029.9833130553077,30.0
1035.3670498698243,29.9
1040.778927550043,29.8
1046.219093188652,29.7
1051.687694647196,29.7
1057.1848805600926,29.7
1062.7108003386745,29.8
1068.2656041752484,29.9
1073.849443047181,29.9
1079.4624687209969,30.0
1085.104833756507,30.1
1090.7766915109553,30.2
1096.4781961431852,30.3
1102.2095026178308,30.4
1107.9707667095288,30.7
1113.7621450071517,30.9
1119.5837949180645,31.0
1125.4358746724013,31.1
1131.3185433273702,31.3
1137.231960771571,31.5
1143.1762877293438,32.0
1149.1516857651375,32.5
1155.1583172879002,32.6
1161.1963455554942,32.7
1167.2659346791324,32.7
1173.3672496278396,32.8
1179.5004562329357,32.9
1185.6657211925422,32.9
1191.8632120761172,33.0
1198.0930973290035,33.0
1204.355546277011,33.0
1210.650729131018,33.0
1216.9788169915967,33.0
1223.3399818536654,33.0
1229.7343966111616,33.0
1236.162235061742,32.9
1242.6236719115057,32.7
1249.1188827797416,32.5
1255.6480442037073,32.3
1262.2113336434193,32.1
1268.8089294864806,32.0
1275.4410110529293,31.9
1282.1077586001115,31.7
1288.8093533275808,31.6
1295.5459773820237,31.4
1302.3178138622095,31.1
1309.1250468239675,30.8
1315.967861285188,30.5
1322.8464432308563,30.3
1329.7609796180998,30.1
1336.7116583812742,30.0
1343.6986684370715,29.8
1350.7221996896535,29.8
1357.782443035813,29.8
1364.879590370164,29.8
1372.0138345903551,29.7
1379.1853696023147,29.7
1386.3943903255179,29.7
1393.6410926982915,29.7
1400.9256736831292,29.7
1408.248331272053,29.7
1415.6092644919916,29.6
1423.0086734101894,29.6
1430.4467591396458,29.6
1437.9237238445805,29.6
1445.439770745928,29.6
1452.9951041268616,29.6
1460.589929338344,29.6
1468.224452804715,29.5
1475.898882029292,29.5
1483.6134256000173,29.5
1491.3682931951248,29.5
1499.1636955888393,29.6
1506.999844657106,29.8
1514.8769533833477,30.0
1522.7952358642551,30.2
1530.754907315605,30.3
1538.7561840781082,30.4
1546.799283623296,30.5
1554.8844245594228,30.5
1563.0118266374113,30.4
1571.181710756826,30.4
1579.3942989718767,30.3
1587.649814497453,30.3
1595.9484817151922,30.2
1604.2905261795772,30.1
1612.6761746240677,30.1
1621.1056549672617,30.0
1629.5791963190893,29.9
1638.097028987047,29.8
1646.6593844824454,29.6
1655.266495526711,29.2
1663.9185960577072,29.2
1672.6159212360947,29.2
1681.3587074517213,29.1
1690.1471923300487,28.9
1698.9816147386093,28.8
1707.8622147934998,28.9
1716.789233865905,29.0
1725.7629145886658,29.1
1734.7835008628629,29.2
1743.8512378644525,29.2
1752.9663720509295,29.2
1762.1291511680254,29.2
1771.3398242564415,29.2
1780.598641658619,29.2
1789.9058550255418,29.2
1799.2617173235774,29.2
1808.6664828413498,29.1
1818.1204071966588,29.0
1827.6237473434162,29.0
1837.1767615786375,28.9
1846.7797095494598,28.9
1856.4328522602,28.8
1866.1364520794475,28.8
1875.8907727471963,28.7
1885.6960793820124,28.6
1895.552638488241,28.5
1905.4607179632462,28.3
1915.4205871047022,28.2
1925.4325166178992,28.2
1935.4967786231095,28.1
1945.6136466629825,28.1
1955.783395709978,28.2
1966.006302173841,28.3
1976.282643909114,28.4
1986.6127002226892,28.5
1996.996751881399,28.6
2007.4350811196462,28.8
2017.927971647083,29.0
2028.4757086563097,29.2
2039.078578830634,29.4
2049.736870351861,29.6
2060.4508729081267,29.8
2071.22087770177,29.9
2082.0471774572497,30.0
2092.9300664290977,30.1
2103.8698404099196,30.2
2114.8667967384304,30.1
2125.9212343075446,29.9
2137.0334535724887,29.7
2148.2037565589744,29.6
2159.4324468714053,29.5
2170.71982970113,29.4
2182.0662118347364,29.2
2193.4719016623894,29.1
2204.937209186215,28.9
2216.4624460287228,28.7
2228.0479254412767,28.6
2239.6939623126154,28.5
2251.4008731773993,28.5
2263.168976224821,28.5
2274.9985913072546,28.4
2286.890039948944,28.4
2298.843645354747,28.4
2310.8597324189163,28.3
2322.9386277339318,28.3
2335.0806595993763,28.3
2347.2861580308577,28.2
2359.5554547689862,28.2
2371.8888832883777,28.1
2384.2867788067265,28.1
2396.7494782939148,28.0
2409.2773204811715,27.9
2421.8706458702773,27.7
2434.5297967428205,27.5
2447.2551171695004,27.3
2460.0469530194778,27.1
2472.905651969775,27.0
2485.8315635147337,26.9
2498.825038975499,26.7
2511.88643150958,26.6
2525.0160961204438,26.5
2538.2143896671673,26.4
2551.481670874133,26.3
2564.8183003407817,26.1
2578.224640551411,25.8
2591.7010558850307,25.5
2605.247912625263,25.4
2618.8655789702975,25.4
2632.5544250429093,25.4
2646.314822900502,25.4
2660.14714654523,25.3
2674.051771934164,25.2
2688.029076989506,25.3
2702.079441608862,25.5
2716.20324767557,25.7
2730.400879069075,25.8
2744.6727216753675,25.9
2759.0191633974646,25.8
2773.440594165967,25.7
2787.9374059496395,25.6
2802.509992766076,25.6
2817.1587506924047,25.5
2831.8840778760564,25.4
2846.686374545581,25.3
2861.5660430215316,25.0
2876.5234877273942,24.6
2891.5591152005823,24.4
2906.6733341034837,24.3
2921.8665552345788,24.3
2937.139191539587,24.3
2952.4916581227058,24.3
2967.9243722578863,24.3
2983.4377534001765,24.2
2999.0322231971227,24.2
3014.7082055002275,24.2
3030.466126376471,24.1
3046.306414119893,24.1
3062.229499263226,24.0
3078.2358145896155,24.0
3094.325795144359,24.0
3110.4998782467446,24.0
3126.7585035019356,23.9
3143.1021128129173,23.7
3159.5311503925072,23.5
3176.0460627754296,23.4
3192.6472988304513,23.4
3209.335309772584,23.3
3226.1105491753406,23.2
3242.973472983081,23.1
3259.924539523382,23.0
3276.9642095195077,23.0
3294.0929461029286,22.9
3311.311214825911,22.9
3328.6194836741684,22.8
3346.018223079582,22.4
3363.507905932988,22.1
3381.089007597027,22.2
3398.762005919066,21.9
3416.527381244194,21.5
3434.385616428264,21.3
3452.337196851022,21.2
3470.382610429304,21.1
3488.5223476302926,21.0
3506.7569014848486,20.9
3525.0867676009134,20.8
3543.512444176976,20.7
3562.034432015617,20.7
3580.6532345371147,20.6
3599.369357793143,20.5
3618.1833104805046,20.4
3637.095603954969,20.2
3656.1067522451726,20.0
3675.2172720665826,19.9
3694.4276828355482,19.9
3713.738506683413,19.8
3733.1502684707093,19.7
3752.6634958014215,19.6
3772.2787190373247,19.5
3791.9964713124127,19.5
3811.817288547367,19.4
3831.7417094641373,19.3
3851.7702756005806,19.2
3871.9035313251793,19.2
3892.1420238518376,19.1
3912.4863032547537,19.0
3932.936922483372,18.9
3953.4944373774106,18.9
3974.1594066819653,18.9
3994.9323920627126,19.0
4015.8139581211503,19.2
4036.8046724099613,19.4
4057.9051054484326,20.0
4079.115830737964,20.9
4100.437424777656,21.3
4121.870467079975,21.7
4143.41554018651,22.0
4165.0732296838005,22.3
4186.844124219257,23.0
4208.728815517151,23.7
4230.72789839472,23.9
4252.841970778305,24.0
4275.071633719623,24.1
4297.417491412092,24.2
4319.880151207261,24.2
4342.460223631314,24.2
4365.158322401661,24.2
4387.975064443623,24.1
4410.911069907196,23.8
4433.9669621839075,23.1
4457.1433679237725,22.6
4480.4409170523,22.4
4503.860242787635,22.0
4527.40198165776,21.4
4551.0667735177985,19.7
4574.855261567406,17.8
4598.768092368251,17.0
4622.80591586159,16.3
4646.969385385929,15.4
4671.25915769478,10.9
4695.675892974527,10.8
4720.220254862348,9.0
4744.892910464259,6.8
4769.694530373255,6.1
4794.625788687525,4.9
4819.68736302878,3.0
4844.87993456067,3.0
4870.204188007296,7.2
4895.660811671819,8.0
4921.250497455168,10.0
4946.973940874864,11.8
4972.8318410838865,12.2
4998.824900889706,12.6
5024.953826773381,13.1
5051.219328908747,13.6
5077.622121181736,14.0
5104.162921209768,14.2
5130.842450361258,14.4
5157.661433775227,14.6
5184.620600380999,14.9
5211.720682918039,15.3
5238.962417955835,15.8
5266.346545913939,16.3
5293.873811082085,16.7
5321.544961640422,17.2
5349.360749679845,17.7
5377.321931222439,18.2
5405.429266242027,18.6
5433.683518684824,18.8
5462.085456490198,19.0
5490.635851611563,19.0
5519.335480037329,19.2
5548.185121812011,19.4
5577.185561057427,19.6
5606.337585994012,20.3
5635.641988962242,21.1
5665.0995664441625,21.4
5694.7111190850455,21.6
5724.477451715144,21.8
5754.399373371566,21.9
5784.477697320285,22.0
5814.713241078208,22.1
5845.10682643542,22.2
5875.659279477514,22.3
5906.371430608045,22.4
5937.244114571097,22.5
5968.278170473975,22.7
5999.4744418100045,22.8
6030.833776481469,22.9
6062.357026822636,23.0
6094.045049622959,23.1
6125.898706150321,23.3
6157.918862174471,23.4
6190.106387990547,23.6
6222.462158442733,23.7
6254.987052948034,23.9
6287.681955520183,24.0
6320.547754793659,24.1
6353.585344047851,24.2
6386.795621231329,24.2
6420.179488986247,24.3
6453.7378546729,24.3
6487.471630394349,24.4
6521.381733021235,24.4
6555.469084216698,24.5
6589.734610461422,24.5
6624.179243078815,24.5
6658.80391826033,24.5
6693.609577090902,24.5
6728.597165574533,24.5
6763.767634659991,24.5
6799.1219402666875,24.4
6834.661043310619,24.1
6870.385909730507,23.7
6906.297510514049,23.3
6942.39682172431,23.1
6978.684824526248,22.7
7015.162505213385,20.7
7051.830855234612,18.4
7088.690871221135,18.2
7125.7435550135615,20.4
7162.989913689153,22.7
7200.430959589155,24.0
7238.067710346342,24.4
7275.901188912673,24.9
7313.932423587085,25.5
7352.162448043451,26.0
7390.59230135867,26.6
7429.22302804091,27.2
7468.055678057999,27.7
7507.091306865953,28.3
7546.330975437692,28.7
7585.775750291836,28.9
7625.426703521717,29.0
7665.284912824515,29.0
7705.351461530549,29.0
7745.627438632719,29.0
7786.113938816104,28.9
7826.81206248772,28.8
7867.722915806424,28.6
7908.847610712972,28.4
7950.187264960275,28.2
7991.743002143727,28.0
8033.515951731782,27.9
8075.507249096639,27.8
8117.718035545101,27.8
8160.149458349601,28.3
8202.80267077938,28.9
8245.67883213183,29.1
8288.77910776401,29.2
8332.104669124305,29.3
8375.656693784302,29.4
8419.436365470749,29.5
8463.444874097753,29.6
8507.683415799123,29.7
8552.153192960874,29.8
8596.855414253905,29.9
8641.791294666864,30.0
8686.962055539152,30.0
8732.36892459413,29.9
8778.01313597248,29.8
8823.895930265779,29.3
8870.018554550163,29.0
8916.382262420266,28.8
8962.988314023276,28.6
9009.83797609319,28.4
9056.932521985234,28.1
9104.273231710486,27.7
9151.861391970657,27.4
9199.698296193066,26.6
9247.785244565785,25.2
9296.12354407301,23.7
9344.714508530542,22.7
9393.559458621517,22.1
9442.659721932305,21.3
9492.016632988581,20.2
9541.631533291613,19.2
9591.505771354708,18.3
9641.64070273987,17.6
9692.037690094652,17.5
9742.698103189163,17.3
9793.623318953358,17.0
9844.814721514387,17.2
9896.27370223427,17.5
9948.001659747684,18.3
10000.0,20.0
10052.270136285486,21.2
10104.813489285681,21.5
10157.6314871081,21.7
10210.725565324987,21.8
10264.09716701231,21.8
10317.747742788988,21.8
10371.678750856474,21.9
10425.891657038128,21.9
10480.387934819217,21.9
10535.16906538697,22.0
10590.236537670813,22.1
10645.591848382772,22.3
10701.236502058211,22.4
10757.172011096769,22.6
10813.399895803414,22.7
10869.921684429703,22.8
10926.73891321545,22.9
10983.85312643042,22.9
11041.265876416248,23.0
11098.978723628681,22.9
11156.993236680037,22.7
11215.310992381786,22.4
11273.933575787378,22.1
11332.862580235347,21.0
11392.099607392682,20.0
11451.646267298307,19.9
11511.504178406769,19.6
11571.674967632372,18.0
11632.16027039332,17.2
11692.961730656129,18.0
11754.08100098034,18.7
11815.519742563505,18.8
11877.27962528627,18.9
11939.362327757724,18.9
12001.76953736107,19.0
12064.50295029953,19.0
12127.56427164241,18.9
12190.95521537136,18.9
12254.677504427105,18.8
12318.732870756214,18.7
12383.123055358106,18.1
12447.849808332432,17.4
12512.914888926687,17.8
12578.320065583976,18.7
12644.067115991029,19.0
12710.157827126544,19.2
12776.593995309939,19.5
12843.377426249857,19.7
12910.50993509343,20.0
12977.99334647565,20.2
13045.829494568892,20.2
13114.020223132724,20.1
13182.567385564074,19.4
13251.472844947652,18.6
13320.738474106534,18.6
13390.366155652993,18.4
13460.35778203982,18.0
13530.715255611682,17.6
13601.440488656775,17.2
13672.535403458849,16.8
13744.001932349513,16.4
13815.842017760702,16.2
13888.057612277411,16.6
13960.650678690825,17.0
14033.62319005172,17.2
14106.977129724035,17.5
14180.714491438697,17.6
14254.837279347976,17.5
14329.347508079869,17.4
14404.247202792812,17.3
14479.538399230763,16.7
14555.223143778607,16.2
14631.303493517702,15.2
14707.78151628175,14.9
14784.65929071304,15.9
14861.938906319014,16.6
14939.622463529,16.8
15017.712073751207,16.9
15096.209859430292,16.7
15175.117954104964,16.4
15254.438502465904,15.5
15334.173660414117,14.6
15414.325595119602,14.3
15494.896485080177,14.1
15575.88852018064,12.5
15657.303901752315,11.2
15739.1448426331,12.1
15821.413567227246,12.9
15904.112311566014,13.0
15987.243323368504,13.1
16070.808862102673,13.1
16154.811199046684,13.0
16239.252617350698,12.7
16324.135412099,12.3
16409.461890372313,11.8
16495.23437131044,11.2
16581.455186175313,10.2
16668.12667841462,9.3
16755.251203725067,8.1
