10.0,14.9
10.052270136285475,15.0
10.104813489285682,15.0
10.157631487108103,15.1
10.210725565324982,15.1
10.264097167012295,15.2
10.317747742789004,15.2
10.371678750856479,15.2
10.425891657038118,15.3
10.480387934819216,15.3
10.535169065386981,15.4
10.590236537670812,15.5
10.64559184838276,15.5
10.701236502058206,15.6
10.757172011096776,15.7
10.813399895803409,15.8
10.869921684429707,15.8
10.926738913215466,15.9
10.98385312643042,15.9
11.041265876416237,15.9
11.098978723628681,15.9
11.156993236680048,16.0
11.215310992381788,16.0
11.27393357578736,16.0
11.332862580235341,16.0
11.392099607392687,16.0
11.451646267298301,16.0
11.511504178406776,16.1
11.571674967632385,16.1
11.632160270393321,16.2
11.692961730656117,16.3
11.75408100098034,16.3
11.815519742563518,16.4
11.87727962528627,16.4
11.939362327757706,16.4
12.001769537361062,16.5
12.064502950299536,16.6
12.127564271642404,16.7
12.190955215371359,16.8
12.254677504427118,16.8
12.318732870756214,16.9
12.383123055358094,16.9
12.447849808332432,16.9
12.5129148889267,16.9
12.578320065583968,17.0
12.644067115991009,17.1
12.710157827126565,17.1
12.776593995309947,17.1
12.843377426249843,17.2
12.910509935093431,17.2
12.977993346475664,17.2
13.045829494568892,17.2
13.11402022313271,17.3
13.182567385564074,17.3
13.251472844947658,17.4
13.320738474106527,17.4
13.390366155653,17.4
13.460357782039841,17.4
13.530715255611682,17.4
13.601440488656761,17.5
13.672535403458848,17.5
13.744001932349526,17.6
13.815842017760701,17.6
13.888057612277397,17.7
13.960650678690818,17.8
14.033623190051728,17.8
14.10697712972403,17.8
14.180714491438705,17.8
14.25483727934799,17.9
14.32934750807987,18.0
14.404247202792797,18.1
14.479538399230764,18.1
14.55522314377862,18.1
14.631303493517702,18.2
14.707781516281727,18.2
14.784659290713032,18.3
14.861938906319022,18.3
14.939622463528993,18.4
15.017712073751214,18.5
15.096209859430308,18.5
15.175117954104964,18.5
15.254438502465888,18.5
15.334173660414118,18.6
15.414325595119617,18.6
15.494896485080169,18.6
15.575888520180618,18.6
15.65730390175234,18.6
15.73914484263311,18.6
15.821413567227237,18.7
15.904112311566013,18.7
15.98724332336852,18.8
16.070808862102673,18.9
16.154811199046666,18.9
16.239252617350697,19.0
16.324135412099007,19.2
16.409461890372306,19.3
16.495234371310413,19.3
16.58145518617534,19.3
16.668126678414627,19.3
16.755251203725052,19.3
16.84283113011666,19.4
16.930868837977105,19.5
17.01936672013636,19.5
17.108327181931763,19.5
17.197752641273365,19.5
17.28764552870969,19.5
17.378008287493753,19.6
17.4688433736495,19.7
17.560153256038525,19.7
17.651940416427212,19.7
17.744207349554188,19.7
17.836956563198083,19.7
17.93019057824573,19.7
18.023911928760675,19.7
18.118123162052047,19.8
18.21282683874379,19.8
18.30802553284428,19.8
18.403721831816252,19.8
18.499918336647156,19.8
18.59661766191982,19.8
18.69382243588356,19.9
18.791535300525574,20.0
18.889758911642755,20.0
18.98849593891389,20.1
19.08774906597221,20.1
19.187520990478333,20.2
19.287814424193606,20.2
19.388632093053765,20.2
19.48997673724305,20.4
19.591851111268685,20.5
19.69425798403576,20.5
19.79720013892245,20.5
19.90068037385568,20.5
20.004701501387192,20.6
20.109266348769967,20.7
20.214377758035074,20.7
20.320038586068932,20.7
20.426251704690927,20.7
20.533020000731486,20.7
20.64034637611054,20.8
20.748233747916412,20.9
20.856685048485062,20.9
20.965703225479817,20.9
21.075291241971485,20.9
21.185452076518878,20.9
21.296188723249774,20.9
21.407504191942323,20.9
21.519401508106792,20.9
21.631883713067854,20.9
21.744953864047204,21.0
21.858615034246718,21.0
21.972870312931903,21.0
22.087722805515906,21.0
22.203175633643916,21.0
22.319231935278008,21.0
22.435894864782412,21.1
22.553167593009288,21.2
22.671053307384867,21.2
22.789555211996095,21.2
22.908676527677724,21.2
23.028420492099883,21.3
23.148790359856015,21.3
23.26978940255137,21.4
23.391420908891938,21.4
23.51368818477381,21.4
23.63659455337303,21.4
23.760143355235964,21.5
23.884337948370025,21.6
24.009181708334992,21.7
24.134678028334722,21.7
24.260830319309434,21.8
24.387642010028344,21.9
24.515116547182902,21.9
24.64325739548046,21.9
24.772068037738443,21.9
24.901551974979007,21.9
25.031712726524198,21.9
25.162553830091625,21.9
25.294078841890578,21.9
25.426291336718684,21.9
25.559194908059133,22.0
25.692793168178262,22.0
25.827089748223784,22.1
25.96208829832347,22.1
26.097792487684362,22.1
26.234206004692496,22.1
26.371332557013133,22.2
26.5091758716916,22.2
26.647739695254497,22.2
26.787027793811582,22.2
26.9270439531581,22.2
27.06779197887776,22.2
27.209275696446046,22.2
27.351498951334275,22.2
27.494465609114105,22.3
27.638179555562576,22.4
27.782644696767733,22.4
27.92786495923483,22.4
28.07384428999299,22.4
28.220586656702505,22.4
28.368096047762684,22.4
28.516376472420284,22.4
28.66543196087842,22.5
28.815266564406134,22.5
28.965884355448516,22.6
29.11728942773738,22.6
29.26948589640251,22.6
29.42247789808359,22.6
29.57626959104251,22.7
29.730865155276486,22.8
29.88626879263161,22.8
30.04248472691713,22.8
30.19951720402016,22.8
30.357370492021133,22.8
30.516048881309793,22.8
30.675556684701824,22.8
30.835898237556027,22.8
30.99707789789224,22.8
31.15910004650967,22.9
31.321969087106055,23.0
31.485689446397288,23.1
31.650265574237824,23.1
31.815701943741516,23.1
31.98200305140326,23.1
32.14917341722119,23.1
32.31721758481955,23.1
32.486140121572134,23.1
32.655945618726484,23.1
32.82663869152868,23.1
32.99822397934869,23.1
33.170706145806605,23.2
33.34408987889928,23.2
33.51837989112781,23.3
33.69358091962557,23.3
33.86969772628702,23.4
34.04673509789711,23.5
34.224697846261364,23.5
34.40359080833668,23.5
34.58341884636283,23.5
34.764186847994516,23.5
34.94589972643436,23.5
35.12856242056629,23.5
35.312179895089876,23.5
35.496757140655234,23.5
35.68229917399868,23.6
35.86881103807908,23.6
36.05629780221492,23.6
36.24476456222205,23.6
36.434216440552284,23.6
36.6246585864325,23.6
36.81609617600466,23.6
37.00853441246656,23.6
37.2019785262131,23.6
37.39643377497855,23.6
37.591905443979435,23.6
37.788398846058186,23.6
37.985919321827524,23.7
38.184472239815605,23.8
38.384062996612016,23.8
38.584697017014335,23.8
38.786379754175634,23.8
38.98911668975273,23.8
39.1929133340551,23.8
39.39777522619469,23.8
39.60370793423646,23.8
39.810717055349734,23.8
40.0188082159603,23.9
40.227987071903335,23.9
40.43825930857721,24.0
40.64963064109788,24.0
40.8621068144543,24.0
41.075693603664625,24.0
41.29039681393302,24.2
41.506222280807584,24.3
41.72317587033889,24.3
41.94126347923944,24.3
42.16049103504393,24.3
42.38086449627034,24.3
42.60238985258197,24.3
42.825073124950116,24.3
43.04892036581776,24.3
43.27393765926414,24.3
43.500131121170035,24.3
43.727506899384,24.3
43.956071173889484,24.3
44.18583015697281,24.3
44.416790093392,24.3
44.648957260546474,24.3
44.88233796864779,24.4
45.116938560890986,24.4
45.35276541362708,24.5
45.58982493653644,24.5
45.82812357280281,24.5
46.067667799288614,24.5
46.308464126710895,24.5
46.55051909981832,24.5
46.793839297569036,24.5
47.03843133330949,24.5
47.28430185495417,24.5
47.531457545166376,24.5
47.77990512153967,24.6
48.02965133678067,24.7
48.28070297889241,24.7
48.53306687135893,24.7
48.78674987333074,24.7
49.041758879811184,24.7
49.298100821843896,24.7
49.55578266670119,24.7
49.81481141807335,24.7
50.07519411625915,24.7
50.336937838356974,24.7
50.60004969845742,24.7
50.86453684783644,24.7
51.13040647514984,24.7
51.39766580662862,24.7
51.66632210627541,24.7
51.93638267606184,24.7
52.20785485612707,24.7
52.48074602497726,24.8
52.75506359968615,24.8
53.030815036096584,24.8
53.308007829023246,24.8
53.58664951245627,24.8
53.866747659766084,24.8
54.148309883909214,24.8
54.431343837635225,24.8
54.7158572136947,24.8
55.00185774504835,24.8
55.28935320507712,24.9
55.57835140779364,25.0
55.86886020805435,25.0
56.160887501773274,25.0
56.45444122613637,25.0
56.74952935981742,25.0
57.04615992319485,25.0
57.34434097856969,25.0
57.64408063038476,25.0
57.94538702544487,25.0
58.24826835313831,25.0
58.552732845659456,25.0
58.85878877823242,25.0
59.166444469336014,25.0
59.475708280929936,25.0
59.786588618681876,25.1
60.0990939321961,25.2
60.41323271524305,25.2
60.72901350599024,25.2
61.046444887234294,25.2
61.365535486634215,25.2
61.686293976945976,25.1
62.008729076258064,25.0
62.332849548228545,25.0
62.658664202323344,25.0
62.98618189405547,25.0
63.315411525225876,25.0
63.64636204416533,25.0
63.979042445977655,25.0
64.31346177278421,25.0
64.64962911396958,25.1
64.98755360642885,25.2
65.32724443481563,25.2
65.66871083179183,25.2
66.01196207827876,25.2
66.35700750370908,25.2
66.7038564862806,25.2
67.05251845321108,25.2
67.40300288099445,25.2
67.75531929565844,25.2
68.1094772730234,25.2
68.46548643896274,25.2
68.82335646966433,25.2
69.18309709189363,25.1
69.54471808325809,25.0
69.90822927247277,25.0
70.27364053962762,25.0
70.6409618164559,25.0
71.01020308660422,25.0
71.38137438590384,24.9
71.75448580264342,24.8
72.12954747784322,24.8
72.50656960553087,24.7
72.88556243301818,24.7
73.26653626117992,24.7
73.64950144473359,24.7
74.03446839252094,24.7
74.42144756779092,24.7
74.810449488484,24.7
75.20148472751808,24.6
75.59456391307583,24.5
75.98969772889355,24.5
76.38689691455168,24.5
76.78617226576647,24.6
77.18753463468363,24.6
77.59099493017311,24.7
77.99656411812569,24.7
78.404253221751,24.8
78.8140733218772,24.8
79.226035557252,24.8
79.64015112484554,24.8
80.05643128015467,24.8
80.47488733750892,24.9
80.89553067037787,25.0
81.31837271168051,25.1
81.74342495409579,25.1
82.170698950375,25.2
82.60020631365589,25.2
83.03195871777821,25.3
83.46596789760103,25.4
83.90224564932171,25.5
84.34080383079642,25.5
84.78165436186265,25.6
85.22480922466286,25.7
85.67028046397054,25.7
86.11808018751721,25.7
86.56822056632171,25.7
87.020713835021,25.7
87.47557229220259,25.8
87.93280830073893,25.9
88.39243428812335,25.9
88.85446274680783,25.9
89.31890623454267,25.9
89.78577737471758,25.9
90.25508885670492,25.9
90.72685343620469,25.9
91.20108393559097,25.9
91.67779324426061,25.9
92.15699431898352,26.0
92.63870018425483,26.0
93.12292393264887,26.0
93.60967872517497,26.0
94.09897779163542,26.0
94.5908344309847,26.0
95.0852620116911,26.0
95.58227397210023,26.0
96.08188382079996,26.0
96.5841051369878,26.0
97.08895157083991,26.0
97.59643684388209,26.0
98.10657474936274,26.1
98.61937915262773,26.2
99.13486399149741,26.2
99.65304327664518,26.2
100.17393109197839,26.2
100.69754159502135,26.2
101.22388901729977,26.2
101.75298766472777,26.2
102.28485191799675,26.2
102.81949623296607,26.2
103.35693514105618,26.2
103.89718324964329,26.2
104.44025524245698,26.2
104.98616587997819,26.2
105.53492999984189,26.2
106.08656251723878,26.2
106.64107842532215,26.2
107.19849279561431,26.2
107.75882077841675,26.2
108.32207760322176,26.2
108.88827857912626,26.2
109.45743909524856,26.2
110.02957462114523,26.3
110.60470070723336,26.4
111.18283298521138,26.4
111.76398716848561,26.4
112.3481790525961,26.4
112.93542451564652,26.4
113.5257395187356,26.4
114.11914010639099,26.4
114.71564240700522,26.4
115.3152626332741,26.4
115.91801708263789,26.4
116.52392213772293,26.4
117.13299426678874,26.4
117.74525002417371,26.4
118.36070605074681,26.4
118.97937907435858,26.4
119.60128591029638,26.4
120.22644346174131,26.4
120.85486872022751,26.4
121.4865787661046,26.4
122.12159076900052,26.4
122.75992198829012,26.4
123.40158977356222,26.4
124.04661156509306,26.4
124.69500489431896,26.4
125.34678738431336,26.4
126.00197675026583,26.4
126.6605907999634,26.4
127.3226474342747,26.4
127.98816464763628,26.4
128.6571605285424,26.4
129.32965326003517,26.4
130.00566112020084,26.5
130.68520248266435,26.6
131.36829581709074,26.7
132.05495968968575,26.7
132.74521276370103,26.7
133.43907379994133,26.7
134.1365616572744,26.7
134.83769529314347,26.7
135.54249376408254,26.7
136.25097622623485,26.7
136.96316193587217,26.7
137.67907024992007,26.7
138.39872062648203,26.7
139.1221326253702,26.7
139.84932590863562,26.7
140.58032024110324,26.7
141.31513549090906,26.7
142.05379163003997,26.7
142.7963087348772,26.7
143.5427069867405,26.7
144.29300667243896,26.7
145.04722818481977,26.7
145.80539202332486,26.7
146.56751879454652,26.7
147.333629212788,26.7
148.1037441006266,26.7
148.87788438947953,26.7
149.65607112017267,26.7
150.43832544351253,26.7
151.2246686208618,26.7
152.01512202471548,26.7
152.80970713928414,26.7
153.6084455610754,26.7
154.41135899948313,26.7
155.218469277376,26.7
156.02979833169113,26.7
156.8453682140304,26.7
157.66520109125955,26.7
158.48931924611142,26.7
159.3177450777899,26.7
160.15050110258113,26.7
160.9876099544629,26.6
161.82909438572216,26.5
162.67497726757185,26.4
163.52528159077312,26.4
164.38003046626017,26.4
165.23924712576837,26.4
166.1029549224657,26.5
166.97117733158728,26.5
167.8439379510743,26.6
168.72126050221348,26.7
169.60316883028446,26.7
170.48968690520502,26.7
171.38083882218535,26.7
172.27664880238083,26.7
173.17714119355136,26.7
174.08234047072295,26.7
174.99227123685273,26.7
175.9069582234984,26.7
176.82642629148881,26.7
177.75070043160196,26.7
178.67980576524164,26.7
179.61376754512278,26.7
180.55261115595593,26.7
181.49636211513797,26.7
182.44504607344558,26.7
183.39868881573247,26.7
184.35731626163007,26.7
185.3209544662519,26.7
186.28962962090262,26.7
187.26336805378796,26.7
188.24219623073301,26.7
189.2261407558986,26.7
190.21522837250714,26.7
191.20948596356752,26.7
192.20894055260666,26.7
193.21361930440384,26.7
194.22354952572874,26.7
195.2387586660848,26.7
196.25927431845295,26.7
197.28512422004457,26.7
198.31633625305224,26.7
199.35293844541056,26.7
200.39495897155572,26.7
201.4424261531923,26.7
202.4953684600627,26.7
203.55381451072122,26.7
204.6177930733116,26.7
205.6873330663489,26.7
206.76246355950653,26.7
207.84321377440395,26.7
208.92961308540407,26.7
210.02169102040844,26.7
211.11947726166272,26.7
212.22300164656127,26.7
213.33229416845913,26.7
214.447384977487,26.7
215.5683043813707,26.7
216.69508284625502,26.7
217.8277509975314,26.7
218.9663396206716,26.7
220.1108796620618,26.6
221.26140222984722,26.6
222.41793859477394,26.6
223.5805201910423,26.6
224.74917861715863,26.5
225.9239456367954,26.5
227.10485317965416,26.5
228.29193334233327,26.5
229.48521838920135,26.5
230.68474075327168,26.5
231.89053303708724,26.5
233.102628013603,26.5
234.32105862708036,26.4
235.5458579939798,26.4
236.77705940386227,26.4
238.0146963202937,26.4
239.25880238175446,26.4
240.50941140255387,26.4
241.76655737374873,26.4
243.03027446406858,26.4
244.30059702084168,26.4
245.57755957093218,26.4
246.86119682167464,26.4
248.1515436618211,26.4
249.44863516248657,26.4
250.75250657810346,26.4
252.0631933473797,26.4
253.3807310942614,26.4
254.7051556289027,26.4
256.03650294863604,26.4
257.3748092389545,26.4
258.72011087449107,26.4
260.0724444200114,26.4
261.4318466314045,26.4
262.79835445668317,26.4
264.17200503698814,26.4
265.5528357075972,26.4
266.94088399894025,26.4
268.336187637619,26.4
269.7387845474336,26.4
271.1487128504106,26.4
272.56601086784315,26.4
273.9907171213279,26.4
275.4228703338166,26.4
276.86250943066517,26.3
278.30967354069315,26.3
279.764401997247,26.3
281.2267343392687,26.3
282.6967103123723,26.3
284.1743698699204,26.3
285.65975317411466,26.3
287.152900597083,26.2
288.6538527219809,26.2
290.16265034409145,26.2
291.67933447193553,26.2
293.203946328386,26.2
294.7365273517884,26.2
296.27711919708696,26.2
297.8257637369567,26.2
299.38250306294265,26.2
300.947379486601,26.2
302.52043554065347,26.2
304.1017139801383,26.2
305.69125778357716,26.2
307.2891101541398,26.2
308.8953145208197,26.2
310.5099145396145,26.2
312.1329540947119,26.2
313.76447729968413,26.2
315.40452849868336,26.2
317.0531522676519,26.2
318.71039341552853,26.2
320.3762969854716,26.2
322.05090825607795,26.2
323.7342727426186,26.2
325.4264361982722,26.2
327.1274446153702,26.2
328.83734422664674,26.2
330.55618150649445,26.2
332.28400317222986,26.2
334.02085618535915,26.2
335.76678775285944,26.2
337.52184532845695,26.2
339.28607661392135,26.2
341.0595295603587,26.2
342.84225236951676,26.2
344.63429349509414,26.2
346.4357016440579,26.2
348.24652577796684,26.2
350.06681511430224,26.2
351.8966191278073,26.2
353.7359875518278,26.2
355.5849703796693,26.2
357.44361786595016,26.2
359.3119805279728,26.2
361.1901091470929,26.2
363.0780547701014,26.2
364.9758687106112,26.2
366.8836025504522,26.2
368.80130814107446,26.2
370.72903760495365,26.2
372.66684333701346,26.2
374.6147780060434,26.1
376.57289455613636,26.0
378.54124620812286,26.0
380.5198864610201,26.0
382.50886909348526,26.0
384.5082481652772,26.0
386.51807801872604,26.0
388.53841328020957,26.0
390.56930886163985,26.0
392.6108199619517,26.0
394.6630020686084,26.0
396.7259109591041,26.0
398.7996027024853,26.0
400.8841336608706,26.0
402.9795604909844,26.0
405.0859401456969,26.0
407.20332987557106,26.0
409.331787230421,26.0
411.4713700608718,26.0
413.6221365199375,26.0
415.78414506459575,26.0
417.95745445738237,26.0
420.1421237679842,26.0
422.33821237484636,26.0
424.5457799667861,26.0
426.76488654461485,26.0
428.9955924227691,25.9
431.23795823094935,25.9
433.49204491576995,25.9
435.7579137424112,25.9
438.0356262962907,25.9
440.3252444847303,25.9
442.62683053864555,25.8
444.9404470142319,25.7
447.2661567946673,25.6
449.60402309182115,25.6
451.9541094479714,25.5
454.3164797375345,25.5
456.6911981687959,25.5
459.0783292856624,25.5
461.4779379694089,25.5
463.89008944044906,25.5
466.31484926010245,25.5
468.7522833323791,25.5
471.20245790577025,25.5
473.6654395750488,25.5
476.14129528307956,25.5
478.630092322638,25.5
481.1318983382419,25.5
483.6467813279844,25.6
486.1748096453894,25.7
488.7160520012619,25.7
491.27057746556244,25.7
493.8384554692794,25.7
496.4197558063182,25.7
499.01454863539806,25.7
501.6229044819588,25.7
504.24489424007766,25.7
506.88058917439554,25.7
509.53006092205686,25.7
512.1933814946506,25.7
514.8706232801756,25.7
517.5618590449992,25.7
520.2671619358439,25.7
522.9866054817683,25.7
525.7202635961694,25.7
528.4682105787901,25.7
531.230521117739,25.7
534.0072702915224,25.7
536.7985335710792,25.7
539.6043868218401,25.7
542.4249063057814,25.7
545.2601686835053,25.7
548.1102510163182,25.7
550.9752307683272,25.7
553.8551858085453,25.7
556.7501944130083,25.7
559.6603352669016,25.7
562.5856874666987,25.7
565.5263305223134,25.7
568.4823443592555,25.7
571.4538093208106,25.7
574.4408061702153,25.7
577.4434160928608,25.7
580.4617206984933,25.7
583.4958020234345,25.7
586.5457425328113,25.7
589.6116251227962,25.7
592.6935331228639,25.7
595.7915502980484,25.7
598.9057608512304,25.7
602.0362494254149,25.7
605.1831011060411,25.7
608.3464014232891,25.7
611.5262363544065,25.6
614.7226923260454,25.5
617.9358562166111,25.5
621.1658153586235,25.5
624.4126575410903,25.5
627.6764710118958,25.5
630.957344480193,25.5
634.2553671188238,25.5
637.5706285667327,25.5
640.9032189314127,25.5
644.2532287913472,25.5
647.6207491984753,25.5
651.0058716806659,25.4
654.4086882442045,25.3
657.8292913762976,25.2
661.2677740475787,25.2
664.7242297146454,25.2
668.1987523225889,25.2
671.6914363075575,25.2
675.2023765993158,25.2
678.7316686238282,25.2
682.2794083058518,25.2
685.8456920715438,25.2
689.4306168510824,25.2
693.0342800813003,25.2
696.6567797083366,25.2
700.2982141902914,25.1
703.9586824999124,25.0
707.6382841272731,25.0
711.3371190824884,25.0
715.0552878984242,25.0
718.7928916334344,25.0
722.5500318741055,25.0
726.3268107380181,25.0
730.123330876526,25.0
733.9396954775374,25.0
737.7760082683312,25.0
741.6323735183645,25.0
745.508896042117,25.0
749.4056812019327,24.9
753.3228349108862,24.8
757.2604636356614,24.8
761.2186743994453,24.8
765.1975747848361,24.8
769.1972729367671,24.8
773.2178775654501,24.8
777.2594979493206,24.8
781.3222439380205,24.8
785.406225955371,24.8
789.5115550023859,24.8
793.6383426602791,24.8
797.7867010935024,24.8
801.9567430527921,24.8
806.1485818782347,24.8
810.3623315023465,24.9
814.59810645317,25.0
818.8560218573906,25.0
823.1361934434566,25.0
827.4387375447371,25.1
831.7637711026708,25.2
836.1114116699566,25.2
840.4817774137397,25.2
844.8749871188272,25.2
849.2911601909162,25.2
853.7304166598383,25.2
858.1928771828257,25.2
862.6786630477819,25.2
867.1878961765907,25.2
871.7206991284164,25.2
876.2771951030477,25.2
880.8575079442367,25.2
885.4617621430697,25.2
890.0900828413493,25.2
894.742595834996,25.2
899.4194275774676,25.2
904.1207051831946,25.2
908.8465564310401,25.1
913.5971097677627,25.0
918.3724943115215,25.0
923.1728398553701,25.0
927.998276870799,25.0
932.8489365112713,25.0
937.7249506157918,25.0
942.6264517124897,25.0
947.5535730222193,25.0
952.5064484621864,25.0
957.4852126495767,25.0
962.4900009052299,25.0
967.5209492573013,25.0
972.5781944449744,25.0
977.6618739221665,25.0
982.772125861269,24.9
987.9090891569025,24.9
993.0729034296917,24.9
998.26370903006,24.9
1003.4816470420445,24.8
1008.7268592871307,24.8
1013.9994883281055,24.8
1019.2996774729368,24.8
1024.627570778662,24.8
1029.9833130553077,24.8
1035.3670498698243,24.7
1040.778927550043,24.7
1046.219093188652,24.7
1051.687694647196,24.7
1057.1848805600926,24.7
1062.7108003386745,24.6
1068.2656041752484,24.5
1073.849443047181,24.5
1079.4624687209969,24.4
1085.104833756507,24.3
1090.7766915109553,24.2
1096.4781961431852,24.1
1102.2095026178308,24.1
1107.9707667095288,24.0
1113.7621450071517,23.9
1119.5837949180645,23.9
1125.4358746724013,23.9
1131.3185433273702,23.9
1137.231960771571,23.9
1143.1762877293438,23.9
1149.1516857651375,23.9
1155.1583172879002,23.9
1161.1963455554942,23.8
1167.2659346791324,23.8
1173.3672496278396,23.8
1179.5004562329357,23.8
1185.6657211925422,23.8
1191.8632120761172,23.8
1198.0930973290035,23.7
1204.355546277011,23.7
1210.650729131018,23.6
1216.9788169915967,23.6
1223.3399818536654,23.5
1229.7343966111616,23.5
1236.162235061742,23.4
1242.6236719115057,23.4
1249.1188827797416,23.3
1255.6480442037073,23.2
1262.2113336434193,23.1
1268.8089294864806,23.0
1275.4410110529293,22.8
1282.1077586001115,22.7
1288.8093533275808,22.6
1295.5459773820237,22.6
1302.3178138622095,22.5
1309.1250468239675,22.4
1315.967861285188,22.4
1322.8464432308563,22.4
1329.7609796180998,22.4
1336.7116583812742,22.4
1343.6986684370715,22.4
1350.7221996896535,22.4
1357.782443035813,22.4
1364.879590370164,22.3
1372.0138345903551,22.2
1379.1853696023147,22.2
1386.3943903255179,22.2
1393.6410926982915,22.2
1400.9256736831292,22.2
1408.248331272053,22.1
1415.6092644919916,22.1
1423.0086734101894,22.0
1430.4467591396458,21.9
1437.9237238445805,21.9
1445.439770745928,21.9
1452.9951041268616,21.9
1460.589929338344,21.9
1468.224452804715,21.9
1475.898882029292,21.9
1483.6134256000173,21.9
1491.3682931951248,21.9
1499.1636955888393,21.9
1506.999844657106,21.9
1514.8769533833477,21.9
1522.7952358642551,21.9
1530.754907315605,21.9
1538.7561840781082,21.9
1546.799283623296,21.9
1554.8844245594228,21.9
1563.0118266374113,21.9
1571.181710756826,21.9
1579.3942989718767,21.9
1587.649814497453,21.9
1595.9484817151922,21.9
1604.2905261795772,21.9
1612.6761746240677,21.9
1621.1056549672617,22.0
1629.5791963190893,22.1
1638.097028987047,22.1
1646.6593844824454,22.1
1655.266495526711,22.1
1663.9185960577072,22.1
1672.6159212360947,22.1
1681.3587074517213,22.1
1690.1471923300487,22.2
1698.9816147386093,22.2
1707.8622147934998,22.2
1716.789233865905,22.2
1725.7629145886658,22.2
1734.7835008628629,22.2
1743.8512378644525,22.3
1752.9663720509295,22.3
1762.1291511680254,22.4
1771.3398242564415,22.4
1780.598641658619,22.4
1789.9058550255418,22.4
1799.2617173235774,22.3
1808.6664828413498,22.3
1818.1204071966588,22.2
1827.6237473434162,22.2
1837.1767615786375,22.3
1846.7797095494598,22.4
1856.4328522602,22.4
1866.1364520794475,22.4
1875.8907727471963,22.4
1885.6960793820124,22.4
1895.552638488241,22.4
1905.4607179632462,22.4
1915.4205871047022,22.4
1925.4325166178992,22.4
1935.4967786231095,22.4
1945.6136466629825,22.4
1955.783395709978,22.4
1966.006302173841,22.4
1976.282643909114,22.4
1986.6127002226892,22.4
1996.996751881399,22.5
2007.4350811196462,22.6
2017.927971647083,22.6
2028.4757086563097,22.6
2039.078578830634,22.6
2049.736870351861,22.5
2060.4508729081267,22.4
2071.22087770177,22.4
2082.0471774572497,22.4
2092.9300664290977,22.4
2103.8698404099196,22.4
2114.8667967384304,22.4
2125.9212343075446,22.4
2137.0334535724887,22.4
2148.2037565589744,22.3
2159.4324468714053,22.3
2170.71982970113,22.2
2182.0662118347364,22.2
2193.4719016623894,22.2
2204.937209186215,22.2
2216.4624460287228,22.1
2228.0479254412767,22.1
2239.6939623126154,22.1
2251.4008731773993,22.0
2263.168976224821,21.9
2274.9985913072546,21.8
2286.890039948944,21.8
2298.843645354747,21.7
2310.8597324189163,21.7
2322.9386277339318,21.6
2335.0806595993763,21.5
2347.2861580308577,21.4
2359.5554547689862,21.3
2371.8888832883777,21.2
2384.2867788067265,21.3
2396.7494782939148,21.4
2409.2773204811715,21.4
2421.8706458702773,21.4
2434.5297967428205,21.4
2447.2551171695004,21.4
2460.0469530194778,21.6
2472.905651969775,21.7
2485.8315635147337,21.7
2498.825038975499,21.7
2511.88643150958,21.7
2525.0160961204438,21.7
2538.2143896671673,21.8
2551.481670874133,21.9
2564.8183003407817,22.0
2578.224640551411,22.0
2591.7010558850307,22.1
2605.247912625263,22.1
2618.8655789702975,22.1
2632.5544250429093,22.2
2646.314822900502,22.2
2660.14714654523,22.3
2674.051771934164,22.4
2688.029076989506,22.4
2702.079441608862,22.4
2716.20324767557,22.4
2730.400879069075,22.4
2744.6727216753675,22.3
2759.0191633974646,22.3
2773.440594165967,22.4
2787.9374059496395,22.4
2802.509992766076,22.4
2817.1587506924047,22.4
2831.8840778760564,22.4
2846.686374545581,22.4
2861.5660430215316,22.4
2876.5234877273942,22.4
2891.5591152005823,22.4
2906.6733341034837,22.4
2921.8665552345788,22.3
2937.139191539587,22.3
2952.4916581227058,22.4
2967.9243722578863,22.5
2983.4377534001765,22.5
2999.0322231971227,22.6
3014.7082055002275,22.6
3030.466126376471,22.7
3046.306414119893,22.7
3062.229499263226,22.8
3078.2358145896155,22.9
3094.325795144359,23.0
3110.4998782467446,23.1
3126.7585035019356,23.1
3143.1021128129173,23.1
3159.5311503925072,23.1
3176.0460627754296,23.1
3192.6472988304513,23.1
3209.335309772584,23.1
3226.1105491753406,23.1
3242.973472983081,23.1
3259.924539523382,23.1
3276.9642095195077,23.1
3294.0929461029286,23.1
3311.311214825911,23.1
3328.6194836741684,23.1
3346.018223079582,23.1
3363.507905932988,23.1
3381.089007597027,23.1
3398.762005919066,23.1
3416.527381244194,23.1
3434.385616428264,23.1
3452.337196851022,23.0
3470.382610429304,22.9
3488.5223476302926,22.8
3506.7569014848486,22.8
3525.0867676009134,22.8
3543.512444176976,22.8
3562.034432015617,22.8
3580.6532345371147,22.7
3599.369357793143,22.6
3618.1833104805046,22.5
3637.095603954969,22.5
3656.1067522451726,22.4
3675.2172720665826,22.4
3694.4276828355482,22.3
3713.738506683413,22.2
3733.1502684707093,22.1
3752.6634958014215,22.0
3772.2787190373247,21.9
3791.9964713124127,21.9
3811.817288547367,21.8
3831.7417094641373,21.7
3851.7702756005806,21.5
3871.9035313251793,21.4
3892.1420238518376,21.4
3912.4863032547537,21.3
3932.936922483372,21.2
3953.4944373774106,21.1
3974.1594066819653,21.0
3994.9323920627126,20.9
4015.8139581211503,20.7
4036.8046724099613,20.4
4057.9051054484326,20.3
4079.115830737964,20.2
4100.437424777656,20.1
4121.870467079975,20.0
4143.41554018651,19.8
4165.0732296838005,19.6
4186.844124219257,19.4
4208.728815517151,19.3
4230.72789839472,19.2
4252.841970778305,19.0
4275.071633719623,18.7
4297.417491412092,18.5
4319.880151207261,18.3
4342.460223631314,18.2
4365.158322401661,18.1
4387.975064443623,18.0
4410.911069907196,17.6
4433.9669621839075,17.1
4457.1433679237725,17.1
4480.4409170523,17.0
4503.860242787635,16.5
4527.40198165776,15.9
4551.0667735177985,15.8
4574.855261567406,15.6
4598.768092368251,15.3
4622.80591586159,15.1
4646.969385385929,14.9
4671.25915769478,14.6
4695.675892974527,14.2
4720.220254862348,13.9
4744.892910464259,13.7
4769.694530373255,13.5
4794.625788687525,13.3
4819.68736302878,13.0
4844.87993456067,12.6
4870.204188007296,12.1
4895.660811671819,11.8
4921.250497455168,11.7
4946.973940874864,11.4
4972.8318410838865,10.9
4998.824900889706,10.6
5024.953826773381,10.1
5051.219328908747,9.7
5077.622121181736,9.5
5104.162921209768,9.2
5130.842450361258,8.7
5157.661433775227,8.4
5184.620600380999,8.2
5211.720682918039,7.7
5238.962417955835,7.2
5266.346545913939,6.9
5293.873811082085,6.6
5321.544961640422,6.2
5349.360749679845,5.9
5377.321931222439,4.9
5405.429266242027,3.9
5433.683518684824,3.3
5462.085456490198,3.1
5490.635851611563,3.0
5519.335480037329,2.4
5548.185121812011,1.9
5577.185561057427,1.8
5606.337585994012,2.4
5635.641988962242,4.8
5665.0995664441625,6.8
5694.7111190850455,7.4
5724.477451715144,7.9
5754.399373371566,8.5
5784.477697320285,9.4
5814.713241078208,10.4
5845.10682643542,11.3
5875.659279477514,12.1
5906.371430608045,13.1
5937.244114571097,14.0
5968.278170473975,14.6
5999.4744418100045,15.1
6030.833776481469,15.5
6062.357026822636,16.1
6094.045049622959,16.9
6125.898706150321,17.4
6157.918862174471,17.9
6190.106387990547,18.4
6222.462158442733,18.8
6254.987052948034,19.2
6287.681955520183,19.6
6320.547754793659,20.0
6353.585344047851,20.3
6386.795621231329,20.7
6420.179488986247,21.0
6453.7378546729,21.2
6487.471630394349,21.4
6521.381733021235,21.6
6555.469084216698,21.8
6589.734610461422,21.9
6624.179243078815,22.0
6658.80391826033,22.2
6693.609577090902,22.4
6728.597165574533,22.6
6763.767634659991,22.7
6799.1219402666875,22.8
6834.661043310619,22.8
6870.385909730507,22.8
6906.297510514049,22.8
6942.39682172431,22.8
6978.684824526248,22.7
7015.162505213385,22.6
7051.830855234612,22.5
7088.690871221135,22.4
7125.7435550135615,22.3
7162.989913689153,22.2
7200.430959589155,22.1
7238.067710346342,21.9
7275.901188912673,21.7
7313.932423587085,21.5
7352.162448043451,21.4
7390.59230135867,21.3
7429.22302804091,21.2
7468.055678057999,21.0
7507.091306865953,21.1
7546.330975437692,21.1
7585.775750291836,21.2
7625.426703521717,21.3
7665.284912824515,21.5
7705.351461530549,21.6
7745.627438632719,21.8
7786.113938816104,21.9
7826.81206248772,22.1
7867.722915806424,22.2
7908.847610712972,22.6
7950.187264960275,23.0
7991.743002143727,23.3
8033.515951731782,23.4
8075.507249096639,23.5
8117.718035545101,23.7
8160.149458349601,24.1
8202.80267077938,24.5
8245.67883213183,24.7
8288.77910776401,24.8
8332.104669124305,24.9
8375.656693784302,25.0
8419.436365470749,25.2
8463.444874097753,25.5
8507.683415799123,25.6
8552.153192960874,25.7
8596.855414253905,25.7
8641.791294666864,25.7
8686.962055539152,25.7
8732.36892459413,25.7
8778.01313597248,25.7
8823.895930265779,25.6
8870.018554550163,25.3
8916.382262420266,24.9
8962.988314023276,24.7
9009.83797609319,24.5
9056.932521985234,24.3
9104.273231710486,24.0
9151.861391970657,23.4
9199.698296193066,23.0
9247.785244565785,22.8
9296.12354407301,22.5
9344.714508530542,22.3
9393.559458621517,21.8
9442.659721932305,21.2
9492.016632988581,20.8
9541.631533291613,20.6
9591.505771354708,20.3
9641.64070273987,20.1
9692.037690094652,19.9
9742.698103189163,19.7
9793.623318953358,18.8
9844.814721514387,17.8
9896.27370223427,17.5
9948.001659747684,17.0
10000.0,16.4
10052.270136285486,16.0
10104.813489285681,15.8
10157.6314871081,15.0
10210.725565324987,14.2
10264.09716701231,13.8
10317.747742788988,13.5
10371.678750856474,13.2
10425.891657038128,12.9
10480.387934819217,12.3
10535.16906538697,11.5
10590.236537670813,11.0
10645.591848382772,10.7
10701.236502058211,10.5
10757.172011096769,10.3
10813.399895803414,9.8
10869.921684429703,9.1
10926.73891321545,8.7
10983.85312643042,8.5
11041.265876416248,8.3
11098.978723628681,8.1
11156.993236680037,7.6
11215.310992381786,6.9
11273.933575787378,6.4
11332.862580235347,6.1
11392.099607392682,5.9
11451.646267298307,5.7
11511.504178406769,5.5
11571.674967632372,5.3
11632.16027039332,5.1
11692.961730656129,4.9
11754.08100098034,5.0
11815.519742563505,5.1
11877.27962528627,5.3
11939.362327757724,5.5
12001.76953736107,5.6
12064.50295029953,5.7
12127.56427164241,5.7
12190.95521537136,5.7
12254.677504427105,5.7
12318.732870756214,5.6
12383.123055358106,5.4
12447.849808332432,4.9
12512.914888926687,4.4
12578.320065583976,3.9
12644.067115991029,4.3
12710.157827126544,4.2
12776.593995309939,4.1
12843.377426249857,4.3
12910.50993509343,4.8
12977.99334647565,5.2
13045.829494568892,5.4
13114.020223132724,5.6
13182.567385564074,5.7
13251.472844947652,5.9
13320.738474106534,6.0
13390.366155652993,6.6
13460.35778203982,7.2
13530.715255611682,7.4
13601.440488656775,7.6
13672.535403458849,7.9
13744.001932349513,8.3
13815.842017760702,8.5
13888.057612277411,8.9
13960.650678690825,9.2
14033.62319005172,9.3
14106.977129724035,9.4
14180.714491438697,9.5
14254.837279347976,9.5
14329.347508079869,9.5
14404.247202792812,9.4
14479.538399230763,9.3
14555.223143778607,9.2
14631.303493517702,8.8
14707.78151628175,8.4
14784.65929071304,8.1
14861.938906319014,7.9
14939.622463529,7.6
15017.712073751207,7.3
15096.209859430292,6.6
15175.117954104964,5.9
15254.438502465904,5.5
15334.173660414117,5.2
15414.325595119602,4.5
15494.896485080177,4.6
15575.88852018064,5.0
15657.303901752315,5.5
15739.1448426331,6.0
15821.413567227246,6.5
15904.112311566014,7.3
15987.243323368504,8.2
16070.808862102673,8.8
16154.811199046684,9.4
16239.252617350698,10.0
16324.135412099,10.5
16409.461890372313,11.7
16495.23437131044,12.9
16581.455186175313,13.3
16668.12667841462,13.5
16755.251203725067,13.6
