10.0,38.8
10.052270136285475,38.8
10.104813489285682,38.8
10.157631487108103,38.9
10.210725565324982,38.9
10.264097167012295,39.0
10.317747742789004,39.0
10.371678750856479,39.1
10.425891657038118,39.1
10.480387934819216,39.2
10.535169065386981,39.2
10.590236537670812,39.3
10.64559184838276,39.3
10.701236502058206,39.3
10.757172011096776,39.3
10.813399895803409,39.4
10.869921684429707,39.4
10.926738913215466,39.5
10.98385312643042,39.6
11.041265876416237,39.7
11.098978723628681,39.8
11.156993236680048,39.8
11.215310992381788,39.8
11.27393357578736,39.8
11.332862580235341,39.9
11.392099607392687,39.9
11.451646267298301,40.0
11.511504178406776,40.1
11.571674967632385,40.1
11.632160270393321,40.2
11.692961730656117,40.2
11.75408100098034,40.3
11.815519742563518,40.3
11.87727962528627,40.3
11.939362327757706,40.3
12.001769537361062,40.4
12.064502950299536,40.4
12.127564271642404,40.5
12.190955215371359,40.6
12.254677504427118,40.6
12.318732870756214,40.7
12.383123055358094,40.7
12.447849808332432,40.8
12.5129148889267,40.9
12.578320065583968,40.9
12.644067115991009,40.9
12.710157827126565,40.9
12.776593995309947,40.9
12.843377426249843,40.9
12.910509935093431,41.0
12.977993346475664,41.1
13.045829494568892,41.2
13.11402022313271,41.2
13.182567385564074,41.3
13.251472844947658,41.3
13.320738474106527,41.4
13.390366155653,41.4
13.460357782039841,41.4
13.530715255611682,41.4
13.601440488656761,41.5
13.672535403458848,41.5
13.744001932349526,41.6
13.815842017760701,41.6
13.888057612277397,41.7
13.960650678690818,41.7
14.033623190051728,41.7
14.10697712972403,41.7
14.180714491438705,41.7
14.25483727934799,41.7
14.32934750807987,41.8
14.404247202792797,41.9
14.479538399230764,41.9
14.55522314377862,42.0
14.631303493517702,42.1
14.707781516281727,42.1
14.784659290713032,42.1
14.861938906319022,42.1
14.939622463528993,42.1
15.017712073751214,42.1
15.096209859430308,42.2
15.175117954104964,42.3
15.254438502465888,42.3
15.334173660414118,42.4
15.414325595119617,42.5
15.494896485080169,42.6
15.575888520180618,42.6
15.65730390175234,42.7
15.73914484263311,42.8
15.821413567227237,42.8
15.904112311566013,42.8
15.98724332336852,42.8
16.070808862102673,42.8
16.154811199046666,42.8
16.239252617350697,42.8
16.324135412099007,42.9
16.409461890372306,42.9
16.495234371310413,42.9
16.58145518617534,42.9
16.668126678414627,43.0
16.755251203725052,43.1
16.84283113011666,43.1
16.930868837977105,43.1
17.01936672013636,43.1
17.108327181931763,43.1
17.197752641273365,43.1
17.28764552870969,43.2
17.378008287493753,43.3
17.4688433736495,43.3
17.560153256038525,43.3
17.651940416427212,43.3
17.744207349554188,43.4
17.836956563198083,43.5
17.93019057824573,43.6
18.023911928760675,43.6
18.118123162052047,43.6
18.21282683874379,43.6
18.30802553284428,43.7
18.403721831816252,43.7
18.499918336647156,43.8
18.59661766191982,43.8
18.69382243588356,43.8
18.791535300525574,43.8
18.889758911642755,43.9
18.98849593891389,44.0
19.08774906597221,44.0
19.187520990478333,44.0
19.287814424193606,44.0
19.388632093053765,44.0
19.48997673724305,44.0
19.591851111268685,44.0
19.69425798403576,44.0
19.79720013892245,44.0
19.90068037385568,44.0
20.004701501387192,44.1
20.109266348769967,44.1
20.214377758035074,44.1
20.320038586068932,44.2
20.426251704690927,44.3
20.533020000731486,44.3
20.64034637611054,44.3
20.748233747916412,44.3
20.856685048485062,44.3
20.965703225479817,44.3
21.075291241971485,44.3
21.185452076518878,44.4
21.296188723249774,44.5
21.407504191942323,44.5
21.519401508106792,44.5
21.631883713067854,44.5
21.744953864047204,44.5
21.858615034246718,44.7
21.972870312931903,44.8
22.087722805515906,44.8
22.203175633643916,44.8
22.319231935278008,44.8
22.435894864782412,44.8
22.553167593009288,44.8
22.671053307384867,44.8
22.789555211996095,44.8
22.908676527677724,44.8
23.028420492099883,44.9
23.148790359856015,44.9
23.26978940255137,45.0
23.391420908891938,45.0
23.51368818477381,45.0
23.63659455337303,45.0
23.760143355235964,45.0
23.884337948370025,45.0
24.009181708334992,45.0
24.134678028334722,45.0
24.260830319309434,45.1
24.387642010028344,45.2
24.515116547182902,45.2
24.64325739548046,45.2
24.772068037738443,45.2
24.901551974979007,45.2
25.031712726524198,45.2
25.162553830091625,45.2
25.294078841890578,45.3
25.426291336718684,45.3
25.559194908059133,45.3
25.692793168178262,45.3
25.827089748223784,45.3
25.96208829832347,45.3
26.097792487684362,45.3
26.234206004692496,45.3
26.371332557013133,45.3
26.5091758716916,45.3
26.647739695254497,45.3
26.787027793811582,45.4
26.9270439531581,45.5
27.06779197887776,45.5
27.209275696446046,45.5
27.351498951334275,45.5
27.494465609114105,45.5
27.638179555562576,45.5
27.782644696767733,45.5
27.92786495923483,45.5
28.07384428999299,45.6
28.220586656702505,45.7
28.368096047762684,45.7
28.516376472420284,45.7
28.66543196087842,45.7
28.815266564406134,45.7
28.965884355448516,45.7
29.11728942773738,45.7
29.26948589640251,45.7
29.42247789808359,45.7
29.57626959104251,45.7
29.730865155276486,45.7
29.88626879263161,45.7
30.04248472691713,45.7
30.19951720402016,45.8
30.357370492021133,45.9
30.516048881309793,45.9
30.675556684701824,45.9
30.835898237556027,45.9
30.99707789789224,45.9
31.15910004650967,45.9
31.321969087106055,45.9
31.485689446397288,45.9
31.650265574237824,45.9
31.815701943741516,45.9
31.98200305140326,45.9
32.14917341722119,46.0
32.31721758481955,46.1
32.486140121572134,46.2
32.655945618726484,46.2
32.82663869152868,46.2
32.99822397934869,46.2
33.170706145806605,46.2
33.34408987889928,46.2
33.51837989112781,46.2
33.69358091962557,46.2
33.86969772628702,46.2
34.04673509789711,46.2
34.224697846261364,46.2
34.40359080833668,46.2
34.58341884636283,46.2
34.764186847994516,46.2
34.94589972643436,46.2
35.12856242056629,46.3
35.312179895089876,46.4
35.496757140655234,46.4
35.68229917399868,46.4
35.86881103807908,46.4
36.05629780221492,46.4
36.24476456222205,46.4
36.434216440552284,46.4
36.6246585864325,46.4
36.81609617600466,46.4
37.00853441246656,46.4
37.2019785262131,46.4
37.39643377497855,46.4
37.591905443979435,46.4
37.788398846058186,46.4
37.985919321827524,46.4
38.184472239815605,46.4
38.384062996612016,46.4
38.584697017014335,46.4
38.786379754175634,46.4
38.98911668975273,46.4
39.1929133340551,46.5
39.39777522619469,46.6
39.60370793423646,46.6
39.810717055349734,46.6
40.0188082159603,46.6
40.227987071903335,46.6
40.43825930857721,46.6
40.64963064109788,46.6
40.8621068144543,46.6
41.075693603664625,46.6
41.29039681393302,46.6
41.506222280807584,46.6
41.72317587033889,46.6
41.94126347923944,46.6
42.16049103504393,46.6
42.38086449627034,46.6
42.60238985258197,46.6
42.825073124950116,46.6
43.04892036581776,46.6
43.27393765926414,46.6
43.500131121170035,46.6
43.727506899384,46.6
43.956071173889484,46.6
44.18583015697281,46.6
44.416790093392,46.6
44.648957260546474,46.6
44.88233796864779,46.6
45.116938560890986,46.6
45.35276541362708,46.6
45.58982493653644,46.7
45.82812357280281,46.7
46.067667799288614,46.7
46.308464126710895,46.7
46.55051909981832,46.7
46.793839297569036,46.7
47.03843133330949,46.7
47.28430185495417,46.7
47.531457545166376,46.7
47.77990512153967,46.7
48.02965133678067,46.7
48.28070297889241,46.7
48.53306687135893,46.7
48.78674987333074,46.7
49.041758879811184,46.7
49.298100821843896,46.7
49.55578266670119,46.7
49.81481141807335,46.7
50.07519411625915,46.7
50.336937838356974,46.7
50.60004969845742,46.7
50.86453684783644,46.7
51.13040647514984,46.7
51.39766580662862,46.7
51.66632210627541,46.7
51.93638267606184,46.7
52.20785485612707,46.7
52.48074602497726,46.7
52.75506359968615,46.7
53.030815036096584,46.7
53.308007829023246,46.7
53.58664951245627,46.7
53.866747659766084,46.7
54.148309883909214,46.7
54.431343837635225,46.7
54.7158572136947,46.7
55.00185774504835,46.7
55.28935320507712,46.7
55.57835140779364,46.7
55.86886020805435,46.7
56.160887501773274,46.7
56.45444122613637,46.7
56.74952935981742,46.7
57.04615992319485,46.7
57.34434097856969,46.7
57.64408063038476,46.7
57.94538702544487,46.7
58.24826835313831,46.7
58.552732845659456,46.7
58.85878877823242,46.7
59.166444469336014,46.7
59.475708280929936,46.7
59.786588618681876,46.7
60.0990939321961,46.7
60.41323271524305,46.7
60.72901350599024,46.7
61.046444887234294,46.7
61.365535486634215,46.7
61.686293976945976,46.7
62.008729076258064,46.7
62.332849548228545,46.7
62.658664202323344,46.7
62.98618189405547,46.7
63.315411525225876,46.7
63.64636204416533,46.7
63.979042445977655,46.7
64.31346177278421,46.7
64.64962911396958,46.7
64.98755360642885,46.7
65.32724443481563,46.7
65.66871083179183,46.7
66.01196207827876,46.7
66.35700750370908,46.7
66.7038564862806,46.7
67.05251845321108,46.7
67.40300288099445,46.7
67.75531929565844,46.7
68.1094772730234,46.7
68.46548643896274,46.7
68.82335646966433,46.7
69.18309709189363,46.7
69.54471808325809,46.7
69.90822927247277,46.7
70.27364053962762,46.7
70.6409618164559,46.7
71.01020308660422,46.7
71.38137438590384,46.7
71.75448580264342,46.7
72.12954747784322,46.7
72.50656960553087,46.7
72.88556243301818,46.7
73.26653626117992,46.7
73.64950144473359,46.7
74.03446839252094,46.7
74.42144756779092,46.7
74.810449488484,46.7
75.20148472751808,46.7
75.59456391307583,46.7
75.98969772889355,46.7
76.38689691455168,46.7
76.78617226576647,46.7
77.18753463468363,46.7
77.59099493017311,46.7
77.99656411812569,46.7
78.404253221751,46.7
78.8140733218772,46.7
79.226035557252,46.7
79.64015112484554,46.7
80.05643128015467,46.7
80.47488733750892,46.7
80.89553067037787,46.7
81.31837271168051,46.7
81.74342495409579,46.7
82.170698950375,46.7
82.60020631365589,46.7
83.03195871777821,46.7
83.46596789760103,46.7
83.90224564932171,46.7
84.34080383079642,46.7
84.78165436186265,46.7
85.22480922466286,46.7
85.67028046397054,46.7
86.11808018751721,46.7
86.56822056632171,46.7
87.020713835021,46.7
87.47557229220259,46.7
87.93280830073893,46.7
88.39243428812335,46.7
88.85446274680783,46.6
89.31890623454267,46.6
89.78577737471758,46.6
90.25508885670492,46.6
90.72685343620469,46.6
91.20108393559097,46.6
91.67779324426061,46.6
92.15699431898352,46.6
92.63870018425483,46.5
93.12292393264887,46.4
93.60967872517497,46.4
94.09897779163542,46.4
94.5908344309847,46.4
95.0852620116911,46.4
95.58227397210023,46.4
96.08188382079996,46.5
96.5841051369878,46.5
97.08895157083991,46.6
97.59643684388209,46.6
98.10657474936274,46.6
98.61937915262773,46.6
99.13486399149741,46.6
99.65304327664518,46.6
100.17393109197839,46.6
100.69754159502135,46.7
101.22388901729977,46.7
101.75298766472777,46.7
102.28485191799675,46.7
102.81949623296607,46.7
103.35693514105618,46.7
103.89718324964329,46.7
104.44025524245698,46.7
104.98616587997819,46.7
105.53492999984189,46.7
106.08656251723878,46.7
106.64107842532215,46.7
107.19849279561431,46.7
107.75882077841675,46.7
108.32207760322176,46.7
108.88827857912626,46.7
109.45743909524856,46.7
110.02957462114523,46.7
110.60470070723336,46.7
111.18283298521138,46.7
111.76398716848561,46.7
112.3481790525961,46.7
112.93542451564652,46.6
113.5257395187356,46.6
114.11914010639099,46.6
114.71564240700522,46.6
115.3152626332741,46.6
115.91801708263789,46.6
116.52392213772293,46.6
117.13299426678874,46.6
117.74525002417371,46.5
118.36070605074681,46.4
118.97937907435858,46.4
119.60128591029638,46.4
120.22644346174131,46.4
120.85486872022751,46.4
121.4865787661046,46.4
122.12159076900052,46.4
122.75992198829012,46.4
123.40158977356222,46.4
124.04661156509306,46.4
124.69500489431896,46.4
125.34678738431336,46.4
126.00197675026583,46.4
126.6605907999634,46.4
127.3226474342747,46.4
127.98816464763628,46.4
128.6571605285424,46.4
129.32965326003517,46.4
130.00566112020084,46.4
130.68520248266435,46.4
131.36829581709074,46.4
132.05495968968575,46.4
132.74521276370103,46.4
133.43907379994133,46.4
134.1365616572744,46.4
134.83769529314347,46.4
135.54249376408254,46.4
136.25097622623485,46.4
136.96316193587217,46.4
137.67907024992007,46.4
138.39872062648203,46.4
139.1221326253702,46.4
139.84932590863562,46.4
140.58032024110324,46.4
141.31513549090906,46.4
142.05379163003997,46.4
142.7963087348772,46.4
143.5427069867405,46.4
144.29300667243896,46.4
145.04722818481977,46.4
145.80539202332486,46.4
146.56751879454652,46.4
147.333629212788,46.4
148.1037441006266,46.4
148.87788438947953,46.4
149.65607112017267,46.4
150.43832544351253,46.4
151.2246686208618,46.4
152.01512202471548,46.4
152.80970713928414,46.4
153.6084455610754,46.4
154.41135899948313,46.4
155.218469277376,46.4
156.02979833169113,46.4
156.8453682140304,46.4
157.66520109125955,46.4
158.48931924611142,46.4
159.3177450777899,46.4
160.15050110258113,46.4
160.9876099544629,46.4
161.82909438572216,46.4
162.67497726757185,46.4
163.52528159077312,46.4
164.38003046626017,46.3
165.23924712576837,46.3
166.1029549224657,46.2
166.97117733158728,46.1
167.8439379510743,46.0
168.72126050221348,45.9
169.60316883028446,45.9
170.48968690520502,45.9
171.38083882218535,45.9
172.27664880238083,45.9
173.17714119355136,45.9
174.08234047072295,45.9
174.99227123685273,45.9
175.9069582234984,45.9
176.82642629148881,45.9
177.75070043160196,45.9
178.67980576524164,45.9
179.61376754512278,45.9
180.55261115595593,45.9
181.49636211513797,45.9
182.44504607344558,45.9
183.39868881573247,45.9
184.35731626163007,45.9
185.3209544662519,45.9
186.28962962090262,45.9
187.26336805378796,45.9
188.24219623073301,45.9
189.2261407558986,45.9
190.21522837250714,45.8
191.20948596356752,45.7
192.20894055260666,45.7
193.21361930440384,45.7
194.22354952572874,45.7
195.2387586660848,45.7
196.25927431845295,45.6
197.28512422004457,45.5
198.31633625305224,45.5
199.35293844541056,45.5
200.39495897155572,45.5
201.4424261531923,45.5
202.4953684600627,45.5
203.55381451072122,45.5
204.6177930733116,45.5
205.6873330663489,45.5
206.76246355950653,45.5
207.84321377440395,45.5
208.92961308540407,45.5
210.02169102040844,45.5
211.11947726166272,45.5
212.22300164656127,45.5
213.33229416845913,45.5
214.447384977487,45.5
215.5683043813707,45.5
216.69508284625502,45.4
217.8277509975314,45.4
218.9663396206716,45.3
220.1108796620618,45.3
221.26140222984722,45.3
222.41793859477394,45.3
223.5805201910423,45.3
224.74917861715863,45.3
225.9239456367954,45.3
227.10485317965416,45.3
228.29193334233327,45.2
229.48521838920135,45.2
230.68474075327168,45.2
231.89053303708724,45.2
233.102628013603,45.2
234.32105862708036,45.2
235.5458579939798,45.1
236.77705940386227,45.1
238.0146963202937,45.1
239.25880238175446,45.1
240.50941140255387,45.1
241.76655737374873,45.1
243.03027446406858,45.1
244.30059702084168,45.0
245.57755957093218,45.0
246.86119682167464,45.0
248.1515436618211,45.0
249.44863516248657,45.0
250.75250657810346,45.1
252.0631933473797,45.2
253.3807310942614,45.2
254.7051556289027,45.2
256.03650294863604,45.2
257.3748092389545,45.2
258.72011087449107,45.2
260.0724444200114,45.2
261.4318466314045,45.2
262.79835445668317,45.2
264.17200503698814,45.2
265.5528357075972,45.2
266.94088399894025,45.1
268.336187637619,45.1
269.7387845474336,45.0
271.1487128504106,45.0
272.56601086784315,45.0
273.9907171213279,45.0
275.4228703338166,45.0
276.86250943066517,45.0
278.30967354069315,45.0
279.764401997247,45.0
281.2267343392687,45.0
282.6967103123723,45.0
284.1743698699204,45.0
285.65975317411466,45.0
287.152900597083,45.0
288.6538527219809,45.0
290.16265034409145,45.0
291.67933447193553,45.0
293.203946328386,45.0
294.7365273517884,45.0
296.27711919708696,45.0
297.8257637369567,45.0
299.38250306294265,45.0
300.947379486601,45.0
302.52043554065347,45.0
304.1017139801383,45.0
305.69125778357716,45.0
307.2891101541398,45.0
308.8953145208197,45.1
310.5099145396145,45.1
312.1329540947119,45.2
313.76447729968413,45.2
315.40452849868336,45.2
317.0531522676519,45.2
318.71039341552853,45.2
320.3762969854716,45.2
322.05090825607795,45.2
323.7342727426186,45.3
325.4264361982722,45.3
327.1274446153702,45.3
328.83734422664674,45.3
330.55618150649445,45.3
332.28400317222986,45.3
334.02085618535915,45.3
335.76678775285944,45.4
337.52184532845695,45.4
339.28607661392135,45.5
341.0595295603587,45.5
342.84225236951676,45.5
344.63429349509414,45.5
346.4357016440579,45.5
348.24652577796684,45.6
350.06681511430224,45.7
351.8966191278073,45.7
353.7359875518278,45.7
355.5849703796693,45.7
357.44361786595016,45.7
359.3119805279728,45.7
361.1901091470929,45.7
363.0780547701014,45.7
364.9758687106112,45.8
366.8836025504522,45.8
368.80130814107446,45.9
370.72903760495365,45.9
372.66684333701346,45.9
374.6147780060434,45.9
376.57289455613636,46.0
378.54124620812286,46.1
380.5198864610201,46.2
382.50886909348526,46.2
384.5082481652772,46.2
386.51807801872604,46.2
388.53841328020957,46.2
390.56930886163985,46.2
392.6108199619517,46.3
394.6630020686084,46.3
396.7259109591041,46.3
398.7996027024853,46.3
400.8841336608706,46.3
402.9795604909844,46.3
405.0859401456969,46.3
407.20332987557106,46.4
409.331787230421,46.4
411.4713700608718,46.4
413.6221365199375,46.4
415.78414506459575,46.5
417.95745445738237,46.5
420.1421237679842,46.5
422.33821237484636,46.6
424.5457799667861,46.6
426.76488654461485,46.6
428.9955924227691,46.7
431.23795823094935,46.7
433.49204491576995,46.7
435.7579137424112,46.7
438.0356262962907,46.8
440.3252444847303,46.8
442.62683053864555,46.8
444.9404470142319,46.9
447.2661567946673,46.9
449.60402309182115,46.9
451.9541094479714,47.0
454.3164797375345,47.0
456.6911981687959,47.0
459.0783292856624,47.0
461.4779379694089,47.1
463.89008944044906,47.1
466.31484926010245,47.1
468.7522833323791,47.1
471.20245790577025,47.1
473.6654395750488,47.1
476.14129528307956,47.1
478.630092322638,47.1
481.1318983382419,47.1
483.6467813279844,47.3
486.1748096453894,47.4
488.7160520012619,47.4
491.27057746556244,47.4
493.8384554692794,47.4
496.4197558063182,47.4
499.01454863539806,47.5
501.6229044819588,47.6
504.24489424007766,47.6
506.88058917439554,47.6
509.53006092205686,47.6
512.1933814946506,47.6
514.8706232801756,47.6
517.5618590449992,47.6
520.2671619358439,47.6
522.9866054817683,47.6
525.7202635961694,47.6
528.4682105787901,47.6
531.230521117739,47.6
534.0072702915224,47.6
536.7985335710792,47.6
539.6043868218401,47.6
542.4249063057814,47.7
545.2601686835053,47.8
548.1102510163182,47.8
550.9752307683272,47.8
553.8551858085453,47.8
556.7501944130083,47.8
559.6603352669016,47.8
562.5856874666987,47.8
565.5263305223134,47.8
568.4823443592555,47.8
571.4538093208106,47.8
574.4408061702153,47.8
577.4434160928608,47.8
580.4617206984933,47.8
583.4958020234345,47.8
586.5457425328113,47.8
589.6116251227962,47.8
592.6935331228639,47.8
595.7915502980484,47.8
598.9057608512304,47.8
602.0362494254149,47.8
605.1831011060411,47.8
608.3464014232891,47.8
611.5262363544065,47.8
614.7226923260454,47.8
617.9358562166111,47.8
621.1658153586235,47.8
624.4126575410903,47.8
627.6764710118958,47.8
630.957344480193,47.8
634.2553671188238,47.8
637.5706285667327,47.8
640.9032189314127,47.8
644.2532287913472,47.8
647.6207491984753,47.8
651.0058716806659,47.8
654.4086882442045,47.7
657.8292913762976,47.7
661.2677740475787,47.6
664.7242297146454,47.6
668.1987523225889,47.6
671.6914363075575,47.6
675.2023765993158,47.6
678.7316686238282,47.6
682.2794083058518,47.6
685.8456920715438,47.5
689.4306168510824,47.4
693.0342800813003,47.3
696.6567797083366,47.2
700.2982141902914,47.1
703.9586824999124,47.0
707.6382841272731,47.0
711.3371190824884,47.0
715.0552878984242,47.0
718.7928916334344,47.0
722.5500318741055,47.0
726.3268107380181,47.0
730.123330876526,47.0
733.9396954775374,46.9
737.7760082683312,46.8
741.6323735183645,46.7
745.508896042117,46.7
749.4056812019327,46.6
753.3228349108862,46.6
757.2604636356614,46.5
761.2186743994453,46.5
765.1975747848361,46.4
769.1972729367671,46.4
773.2178775654501,46.3
777.2594979493206,46.2
781.3222439380205,46.0
785.406225955371,45.8
789.5115550023859,45.7
793.6383426602791,45.7
797.7867010935024,45.6
801.9567430527921,45.6
806.1485818782347,45.5
810.3623315023465,45.4
814.59810645317,45.4
818.8560218573906,45.3
823.1361934434566,45.3
827.4387375447371,45.2
831.7637711026708,45.2
836.1114116699566,45.1
840.4817774137397,45.0
844.8749871188272,45.0
849.2911601909162,45.0
853.7304166598383,45.0
858.1928771828257,44.9
862.6786630477819,44.9
867.1878961765907,44.9
871.7206991284164,44.9
876.2771951030477,44.9
880.8575079442367,45.0
885.4617621430697,45.0
890.0900828413493,45.0
894.742595834996,45.0
899.4194275774676,45.1
904.1207051831946,45.1
908.8465564310401,45.0
913.5971097677627,45.0
918.3724943115215,44.9
923.1728398553701,44.8
927.998276870799,44.8
932.8489365112713,44.8
937.7249506157918,44.8
942.6264517124897,44.8
947.5535730222193,44.7
952.5064484621864,44.6
957.4852126495767,44.5
962.4900009052299,44.5
967.5209492573013,44.5
972.5781944449744,44.5
977.6618739221665,44.5
982.772125861269,44.4
987.9090891569025,44.3
993.0729034296917,44.3
998.26370903006,44.2
1003.4816470420445,44.2
1008.7268592871307,44.1
1013.9994883281055,44.1
1019.2996774729368,44.0
1024.627570778662,44.0
1029.9833130553077,43.9
1035.3670498698243,43.9
1040.778927550043,43.8
1046.219093188652,43.8
1051.687694647196,43.7
1057.1848805600926,43.6
1062.7108003386745,43.5
1068.2656041752484,43.5
1073.849443047181,43.4
1079.4624687209969,43.3
1085.104833756507,43.2
1090.7766915109553,43.1
1096.4781961431852,42.9
1102.2095026178308,42.8
1107.9707667095288,42.8
1113.7621450071517,42.8
1119.5837949180645,42.7
1125.4358746724013,42.6
1131.3185433273702,42.4
1137.231960771571,42.3
1143.1762877293438,42.2
1149.1516857651375,42.1
1155.1583172879002,42.0
1161.1963455554942,41.8
1167.2659346791324,41.6
1173.3672496278396,41.6
1179.5004562329357,41.5
1185.6657211925422,41.4
1191.8632120761172,41.3
1198.0930973290035,41.2
1204.355546277011,41.0
1210.650729131018,40.9
1216.9788169915967,40.7
1223.3399818536654,40.5
1229.7343966111616,40.4
1236.162235061742,40.3
1242.6236719115057,40.1
1249.1188827797416,40.0
1255.6480442037073,39.9
1262.2113336434193,39.8
1268.8089294864806,39.7
1275.4410110529293,39.5
1282.1077586001115,39.3
1288.8093533275808,39.2
1295.5459773820237,39.1
1302.3178138622095,38.9
1309.1250468239675,38.8
1315.967861285188,38.7
1322.8464432308563,38.6
1329.7609796180998,38.5
1336.7116583812742,38.3
1343.6986684370715,38.1
1350.7221996896535,38.0
1357.782443035813,37.9
1364.879590370164,37.8
1372.0138345903551,37.7
1379.1853696023147,37.6
1386.3943903255179,37.5
1393.6410926982915,37.4
1400.9256736831292,37.2
1408.248331272053,36.9
1415.6092644919916,36.7
1423.0086734101894,36.6
1430.4467591396458,36.5
1437.9237238445805,36.4
1445.439770745928,36.3
1452.9951041268616,36.1
1460.589929338344,36.0
1468.224452804715,36.0
1475.898882029292,35.9
1483.6134256000173,35.8
1491.3682931951248,35.7
1499.1636955888393,35.6
1506.999844657106,35.5
1514.8769533833477,35.5
1522.7952358642551,35.4
1530.754907315605,35.4
1538.7561840781082,35.3
1546.799283623296,35.2
1554.8844245594228,35.1
1563.0118266374113,35.1
1571.181710756826,35.0
1579.3942989718767,34.9
1587.649814497453,34.9
1595.9484817151922,34.8
1604.2905261795772,34.7
1612.6761746240677,34.6
1621.1056549672617,34.5
1629.5791963190893,34.5
1638.097028987047,34.5
1646.6593844824454,34.5
1655.266495526711,34.4
1663.9185960577072,34.4
1672.6159212360947,34.3
1681.3587074517213,34.2
1690.1471923300487,34.1
1698.9816147386093,34.1
1707.8622147934998,34.0
1716.789233865905,34.0
1725.7629145886658,33.9
1734.7835008628629,33.9
1743.8512378644525,33.8
1752.9663720509295,33.7
1762.1291511680254,33.7
1771.3398242564415,33.6
1780.598641658619,33.6
1789.9058550255418,33.5
1799.2617173235774,33.4
1808.6664828413498,33.2
1818.1204071966588,33.2
1827.6237473434162,33.1
1837.1767615786375,33.1
1846.7797095494598,33.1
1856.4328522602,33.0
1866.1364520794475,33.0
1875.8907727471963,32.9
1885.6960793820124,32.9
1895.552638488241,32.8
1905.4607179632462,32.8
1915.4205871047022,32.8
1925.4325166178992,32.8
1935.4967786231095,32.8
1945.6136466629825,32.8
1955.783395709978,32.8
1966.006302173841,32.8
1976.282643909114,32.7
1986.6127002226892,32.6
1996.996751881399,32.6
2007.4350811196462,32.5
2017.927971647083,32.5
2028.4757086563097,32.4
2039.078578830634,32.4
2049.736870351861,32.3
2060.4508729081267,32.2
2071.22087770177,32.1
2082.0471774572497,32.0
2092.9300664290977,31.9
2103.8698404099196,31.9
2114.8667967384304,31.9
2125.9212343075446,31.9
2137.0334535724887,31.9
2148.2037565589744,31.8
2159.4324468714053,31.8
2170.71982970113,31.7
2182.0662118347364,31.7
2193.4719016623894,31.7
2204.937209186215,31.7
2216.4624460287228,31.7
2228.0479254412767,31.7
2239.6939623126154,31.7
2251.4008731773993,31.7
2263.168976224821,31.7
2274.9985913072546,31.7
2286.890039948944,31.7
2298.843645354747,31.7
2310.8597324189163,31.7
2322.9386277339318,31.6
2335.0806595993763,31.6
2347.2861580308577,31.6
2359.5554547689862,31.6
2371.8888832883777,31.6
2384.2867788067265,31.6
2396.7494782939148,31.5
2409.2773204811715,31.6
2421.8706458702773,31.6
2434.5297967428205,31.7
2447.2551171695004,31.7
2460.0469530194778,31.8
2472.905651969775,31.9
2485.8315635147337,31.9
2498.825038975499,31.9
2511.88643150958,31.9
2525.0160961204438,31.9
2538.2143896671673,32.0
2551.481670874133,32.1
2564.8183003407817,32.1
2578.224640551411,32.1
2591.7010558850307,32.1
2605.247912625263,32.1
2618.8655789702975,32.1
2632.5544250429093,32.1
2646.314822900502,32.1
2660.14714654523,32.1
2674.051771934164,32.1
2688.029076989506,32.1
2702.079441608862,32.1
2716.20324767557,32.1
2730.400879069075,32.1
2744.6727216753675,32.1
2759.0191633974646,32.1
2773.440594165967,32.1
2787.9374059496395,32.0
2802.509992766076,32.0
2817.1587506924047,31.9
2831.8840778760564,31.9
2846.686374545581,31.8
2861.5660430215316,31.7
2876.5234877273942,31.7
2891.5591152005823,31.7
2906.6733341034837,31.7
2921.8665552345788,31.7
2937.139191539587,31.7
2952.4916581227058,31.7
2967.9243722578863,31.7
2983.4377534001765,31.7
2999.0322231971227,31.7
3014.7082055002275,31.7
3030.466126376471,31.7
3046.306414119893,31.7
3062.229499263226,31.7
3078.2358145896155,31.7
3094.325795144359,31.7
3110.4998782467446,31.7
3126.7585035019356,31.7
3143.1021128129173,31.6
3159.5311503925072,31.6
3176.0460627754296,31.6
3192.6472988304513,31.6
3209.335309772584,31.6
3226.1105491753406,31.5
3242.973472983081,31.4
3259.924539523382,31.2
3276.9642095195077,31.1
3294.0929461029286,31.0
3311.311214825911,30.8
3328.6194836741684,30.6
3346.018223079582,30.4
3363.507905932988,30.2
3381.089007597027,30.1
3398.762005919066,30.0
3416.527381244194,30.0
3434.385616428264,29.9
3452.337196851022,29.8
3470.382610429304,29.6
3488.5223476302926,29.4
3506.7569014848486,29.3
3525.0867676009134,29.2
3543.512444176976,29.0
3562.034432015617,28.8
3580.6532345371147,28.6
3599.369357793143,28.4
3618.1833104805046,28.2
3637.095603954969,28.0
3656.1067522451726,27.8
3675.2172720665826,27.6
3694.4276828355482,27.4
3713.738506683413,27.2
3733.1502684707093,27.1
3752.6634958014215,27.0
3772.2787190373247,26.8
3791.9964713124127,26.6
3811.817288547367,26.5
3831.7417094641373,26.4
3851.7702756005806,26.3
3871.9035313251793,26.2
3892.1420238518376,26.1
3912.4863032547537,26.0
3932.936922483372,25.8
3953.4944373774106,25.4
3974.1594066819653,25.2
3994.9323920627126,25.1
4015.8139581211503,25.1
4036.8046724099613,25.1
4057.9051054484326,25.2
4079.115830737964,25.4
4100.437424777656,25.4
4121.870467079975,25.6
4143.41554018651,25.9
4165.0732296838005,26.2
4186.844124219257,26.4
4208.728815517151,26.6
4230.72789839472,26.8
4252.841970778305,27.1
4275.071633719623,27.7
4297.417491412092,28.4
4319.880151207261,28.7
4342.460223631314,29.0
4365.158322401661,29.1
4387.975064443623,29.3
4410.911069907196,29.3
4433.9669621839075,29.3
4457.1433679237725,29.3
4480.4409170523,29.3
4503.860242787635,29.3
4527.40198165776,29.2
4551.0667735177985,29.1
4574.855261567406,28.8
4598.768092368251,28.6
4622.80591586159,28.4
4646.969385385929,28.2
4671.25915769478,27.9
4695.675892974527,27.4
4720.220254862348,27.0
4744.892910464259,26.7
4769.694530373255,26.4
4794.625788687525,26.1
4819.68736302878,25.7
4844.87993456067,25.3
4870.204188007296,24.8
4895.660811671819,24.4
4921.250497455168,23.7
4946.973940874864,23.1
4972.8318410838865,22.9
4998.824900889706,22.6
5024.953826773381,22.4
5051.219328908747,22.1
5077.622121181736,21.7
5104.162921209768,21.4
5130.842450361258,21.2
5157.661433775227,21.0
5184.620600380999,20.8
5211.720682918039,20.5
5238.962417955835,20.2
5266.346545913939,20.1
5293.873811082085,19.9
5321.544961640422,19.8
5349.360749679845,19.8
5377.321931222439,19.6
5405.429266242027,19.5
5433.683518684824,19.6
5462.085456490198,19.7
5490.635851611563,19.8
5519.335480037329,19.8
5548.185121812011,19.8
5577.185561057427,19.9
5606.337585994012,19.9
5635.641988962242,20.1
5665.0995664441625,20.4
5694.7111190850455,20.7
5724.477451715144,20.9
5754.399373371566,21.0
5784.477697320285,21.2
5814.713241078208,21.4
5845.10682643542,21.6
5875.659279477514,21.7
5906.371430608045,21.9
5937.244114571097,22.1
5968.278170473975,22.4
5999.4744418100045,22.6
6030.833776481469,22.7
6062.357026822636,22.8
6094.045049622959,22.9
6125.898706150321,23.1
6157.918862174471,23.2
6190.106387990547,23.4
6222.462158442733,23.5
6254.987052948034,23.6
6287.681955520183,23.7
6320.547754793659,23.7
6353.585344047851,23.8
6386.795621231329,23.9
6420.179488986247,23.9
6453.7378546729,24.0
6487.471630394349,24.0
6521.381733021235,24.0
6555.469084216698,24.0
6589.734610461422,24.0
6624.179243078815,24.0
6658.80391826033,24.0
6693.609577090902,24.0
6728.597165574533,24.0
6763.767634659991,24.0
6799.1219402666875,23.9
6834.661043310619,23.9
6870.385909730507,23.9
6906.297510514049,24.0
6942.39682172431,24.0
6978.684824526248,24.0
7015.162505213385,24.0
7051.830855234612,24.0
7088.690871221135,24.0
7125.7435550135615,24.0
7162.989913689153,24.0
7200.430959589155,23.9
7238.067710346342,23.7
7275.901188912673,23.5
7313.932423587085,23.4
7352.162448043451,23.3
7390.59230135867,23.2
7429.22302804091,23.1
7468.055678057999,22.9
7507.091306865953,22.8
7546.330975437692,22.7
7585.775750291836,22.6
7625.426703521717,22.6
7665.284912824515,22.5
7705.351461530549,22.5
7745.627438632719,22.4
7786.113938816104,22.3
7826.81206248772,22.2
7867.722915806424,22.1
7908.847610712972,22.0
7950.187264960275,21.9
7991.743002143727,21.8
8033.515951731782,21.7
8075.507249096639,21.5
8117.718035545101,21.5
8160.149458349601,21.4
8202.80267077938,21.1
8245.67883213183,20.6
8288.77910776401,20.0
8332.104669124305,19.6
8375.656693784302,19.2
8419.436365470749,18.8
8463.444874097753,18.4
8507.683415799123,18.0
8552.153192960874,17.6
8596.855414253905,17.2
8641.791294666864,16.8
8686.962055539152,16.4
8732.36892459413,16.2
8778.01313597248,16.1
8823.895930265779,16.3
8870.018554550163,16.6
8916.382262420266,17.4
8962.988314023276,18.1
9009.83797609319,18.4
9056.932521985234,18.7
9104.273231710486,18.8
9151.861391970657,18.9
9199.698296193066,18.9
9247.785244565785,19.0
9296.12354407301,19.0
9344.714508530542,18.9
9393.559458621517,18.8
9442.659721932305,18.7
9492.016632988581,18.6
9541.631533291613,18.5
9591.505771354708,18.4
9641.64070273987,18.3
9692.037690094652,18.1
9742.698103189163,18.0
9793.623318953358,17.9
9844.814721514387,18.0
9896.27370223427,18.1
9948.001659747684,18.5
10000.0,19.0
10052.270136285486,19.3
10104.813489285681,19.5
10157.6314871081,19.7
10210.725565324987,19.9
10264.09716701231,20.4
10317.747742788988,21.2
10371.678750856474,21.6
10425.891657038128,21.9
10480.387934819217,22.1
10535.16906538697,22.4
10590.236537670813,22.8
10645.591848382772,23.2
10701.236502058211,23.5
10757.172011096769,23.6
10813.399895803414,23.7
10869.921684429703,23.8
10926.73891321545,23.9
10983.85312643042,23.9
11041.265876416248,24.0
11098.978723628681,23.9
11156.993236680037,23.8
11215.310992381786,23.6
11273.933575787378,23.3
11332.862580235347,22.9
11392.099607392682,22.6
11451.646267298307,22.2
11511.504178406769,21.8
11571.674967632372,20.4
11632.16027039332,18.9
11692.961730656129,18.0
11754.08100098034,17.0
11815.519742563505,15.9
11877.27962528627,15.0
11939.362327757724,13.7
12001.76953736107,12.7
12064.50295029953,12.5
12127.56427164241,12.0
12190.95521537136,11.2
12254.677504427105,10.7
12318.732870756214,10.3
12383.123055358106,9.8
12447.849808332432,9.0
12512.914888926687,8.2
12578.320065583976,7.7
12644.067115991029,7.3
12710.157827126544,6.9
12776.593995309939,6.1
12843.377426249857,5.5
12910.50993509343,5.2
12977.99334647565,5.0
13045.829494568892,5.0
13114.020223132724,4.9
13182.567385564074,4.4
13251.472844947652,3.8
13320.738474106534,3.5
13390.366155652993,4.0
13460.35778203982,4.7
13530.715255611682,5.1
13601.440488656775,6.3
13672.535403458849,7.8
13744.001932349513,8.8
13815.842017760702,9.7
13888.057612277411,11.3
13960.650678690825,12.9
14033.62319005172,13.6
14106.977129724035,14.1
14180.714491438697,14.5
14254.837279347976,14.8
14329.347508079869,15.0
14404.247202792812,15.2
14479.538399230763,15.3
14555.223143778607,15.2
14631.303493517702,15.0
14707.78151628175,14.7
14784.65929071304,14.3
14861.938906319014,14.1
14939.622463529,13.8
15017.712073751207,13.6
15096.209859430292,13.4
15175.117954104964,13.1
15254.438502465904,12.8
15334.173660414117,12.8
15414.325595119602,12.8
15494.896485080177,12.9
15575.88852018064,13.0
15657.303901752315,13.1
15739.1448426331,13.2
15821.413567227246,13.2
15904.112311566014,13.3
15987.243323368504,13.3
16070.808862102673,13.3
16154.811199046684,13.2
16239.252617350698,13.2
16324.135412099,13.1
16409.461890372313,13.1
16495.23437131044,13.0
16581.455186175313,12.9
16668.12667841462,12.9
16755.251203725067,12.9
