10.0,22.2
10.052270136285475,22.2
10.104813489285682,22.2
10.157631487108103,22.2
10.210725565324982,22.2
10.264097167012295,22.2
10.317747742789004,22.2
10.371678750856479,22.3
10.425891657038118,22.4
10.480387934819216,22.5
10.535169065386981,22.6
10.590236537670812,22.7
10.64559184838276,22.9
10.701236502058206,23.1
10.757172011096776,23.2
10.813399895803409,23.3
10.869921684429707,23.4
10.926738913215466,23.4
10.98385312643042,23.5
11.041265876416237,23.7
11.098978723628681,23.8
11.156993236680048,24.0
11.215310992381788,24.1
11.27393357578736,24.3
11.332862580235341,24.4
11.392099607392687,24.5
11.451646267298301,24.6
11.511504178406776,24.7
11.571674967632385,24.9
11.632160270393321,25.0
11.692961730656117,25.2
11.75408100098034,25.4
11.815519742563518,25.6
11.87727962528627,25.7
11.939362327757706,25.8
12.001769537361062,25.9
12.064502950299536,26.0
12.127564271642404,26.2
12.190955215371359,26.3
12.254677504427118,26.4
12.318732870756214,26.5
12.383123055358094,26.7
12.447849808332432,27.0
12.5129148889267,27.1
12.578320065583968,27.2
12.644067115991009,27.3
12.710157827126565,27.4
12.776593995309947,27.5
12.843377426249843,27.7
12.910509935093431,27.8
12.977993346475664,27.9
13.045829494568892,28.0
13.11402022313271,28.1
13.182567385564074,28.2
13.251472844947658,28.3
13.320738474106527,28.4
13.390366155653,28.6
13.460357782039841,28.7
13.530715255611682,28.8
13.601440488656761,28.9
13.672535403458848,29.0
13.744001932349526,29.2
13.815842017760701,29.4
13.888057612277397,29.5
13.960650678690818,29.6
14.033623190051728,29.7
14.10697712972403,29.8
14.180714491438705,29.9
14.25483727934799,30.2
14.32934750807987,30.4
14.404247202792797,30.5
14.479538399230764,30.6
14.55522314377862,30.7
14.631303493517702,30.7
14.707781516281727,30.8
14.784659290713032,30.9
14.861938906319022,31.1
14.939622463528993,31.2
15.017712073751214,31.4
15.096209859430308,31.5
15.175117954104964,31.6
15.254438502465888,31.8
15.334173660414118,32.0
15.414325595119617,32.1
15.494896485080169,32.2
15.575888520180618,32.3
15.65730390175234,32.4
15.73914484263311,32.5
15.821413567227237,32.6
15.904112311566013,32.7
15.98724332336852,32.8
16.070808862102673,33.0
16.154811199046666,33.2
16.239252617350697,33.3
16.324135412099007,33.4
16.409461890372306,33.6
16.495234371310413,33.7
16.58145518617534,33.9
16.668126678414627,34.0
16.755251203725052,34.2
16.84283113011666,34.3
16.930868837977105,34.4
17.01936672013636,34.5
17.108327181931763,34.5
17.197752641273365,34.6
17.28764552870969,34.7
17.378008287493753,34.9
17.4688433736495,35.1
17.560153256038525,35.3
17.651940416427212,35.4
17.744207349554188,35.4
17.836956563198083,35.5
17.93019057824573,35.5
18.023911928760675,35.6
18.118123162052047,35.8
18.21282683874379,35.9
18.30802553284428,36.0
18.403721831816252,36.1
18.499918336647156,36.2
18.59661766191982,36.3
18.69382243588356,36.4
18.791535300525574,36.5
18.889758911642755,36.6
18.98849593891389,36.7
19.08774906597221,36.8
19.187520990478333,36.9
19.287814424193606,37.0
19.388632093053765,37.1
19.48997673724305,37.2
19.591851111268685,37.3
19.69425798403576,37.4
19.79720013892245,37.5
19.90068037385568,37.8
20.004701501387192,38.0
20.109266348769967,38.1
20.214377758035074,38.2
20.320038586068932,38.3
20.426251704690927,38.3
20.533020000731486,38.4
20.64034637611054,38.5
20.748233747916412,38.5
20.856685048485062,38.6
20.965703225479817,38.7
21.075291241971485,38.8
21.185452076518878,38.9
21.296188723249774,39.0
21.407504191942323,39.2
21.519401508106792,39.3
21.631883713067854,39.4
21.744953864047204,39.5
21.858615034246718,39.5
21.972870312931903,39.6
22.087722805515906,39.7
22.203175633643916,39.8
22.319231935278008,39.9
22.435894864782412,40.0
22.553167593009288,40.1
22.671053307384867,40.2
22.789555211996095,40.3
22.908676527677724,40.4
23.028420492099883,40.5
23.148790359856015,40.5
23.26978940255137,40.6
23.391420908891938,40.6
23.51368818477381,40.7
23.63659455337303,40.8
23.760143355235964,40.9
23.884337948370025,40.9
24.009181708334992,41.0
24.134678028334722,41.1
24.260830319309434,41.2
24.387642010028344,41.3
24.515116547182902,41.4
24.64325739548046,41.5
24.772068037738443,41.6
24.901551974979007,41.6
25.031712726524198,41.7
25.162553830091625,41.8
25.294078841890578,41.8
25.426291336718684,41.8
25.559194908059133,41.8
25.692793168178262,41.9
25.827089748223784,41.9
25.96208829832347,42.0
26.097792487684362,42.1
26.234206004692496,42.2
26.371332557013133,42.2
26.5091758716916,42.2
26.647739695254497,42.3
26.787027793811582,42.3
26.9270439531581,42.3
27.06779197887776,42.4
27.209275696446046,42.5
27.351498951334275,42.6
27.494465609114105,42.6
27.638179555562576,42.7
27.782644696767733,42.7
27.92786495923483,42.7
28.07384428999299,42.9
28.220586656702505,43.0
28.368096047762684,43.0
28.516376472420284,43.0
28.66543196087842,43.0
28.815266564406134,43.1
28.965884355448516,43.2
29.11728942773738,43.2
29.26948589640251,43.2
29.42247789808359,43.2
29.57626959104251,43.3
29.730865155276486,43.4
29.88626879263161,43.4
30.04248472691713,43.4
30.19951720402016,43.4
30.357370492021133,43.4
30.516048881309793,43.4
30.675556684701824,43.4
30.835898237556027,43.4
30.99707789789224,43.4
31.15910004650967,43.4
31.321969087106055,43.5
31.485689446397288,43.5
31.650265574237824,43.5
31.815701943741516,43.5
31.98200305140326,43.5
32.14917341722119,43.5
32.31721758481955,43.5
32.486140121572134,43.5
32.655945618726484,43.5
32.82663869152868,43.5
32.99822397934869,43.5
33.170706145806605,43.5
33.34408987889928,43.5
33.51837989112781,43.5
33.69358091962557,43.5
33.86969772628702,43.6
34.04673509789711,43.7
34.224697846261364,43.7
34.40359080833668,43.7
34.58341884636283,43.7
34.764186847994516,43.7
34.94589972643436,43.7
35.12856242056629,43.7
35.312179895089876,43.7
35.496757140655234,43.7
35.68229917399868,43.7
35.86881103807908,43.7
36.05629780221492,43.7
36.24476456222205,43.7
36.434216440552284,43.7
36.6246585864325,43.6
36.81609617600466,43.5
37.00853441246656,43.5
37.2019785262131,43.5
37.39643377497855,43.5
37.591905443979435,43.5
37.788398846058186,43.5
37.985919321827524,43.5
38.184472239815605,43.5
38.384062996612016,43.5
38.584697017014335,43.5
38.786379754175634,43.5
38.98911668975273,43.5
39.1929133340551,43.5
39.39777522619469,43.5
39.60370793423646,43.5
39.810717055349734,43.5
40.0188082159603,43.5
40.227987071903335,43.5
40.43825930857721,43.5
40.64963064109788,43.5
40.8621068144543,43.5
41.075693603664625,43.5
41.29039681393302,43.4
41.506222280807584,43.4
41.72317587033889,43.4
41.94126347923944,43.4
42.16049103504393,43.4
42.38086449627034,43.4
42.60238985258197,43.4
42.825073124950116,43.4
43.04892036581776,43.4
43.27393765926414,43.4
43.500131121170035,43.4
43.727506899384,43.4
43.956071173889484,43.4
44.18583015697281,43.4
44.416790093392,43.3
44.648957260546474,43.2
44.88233796864779,43.2
45.116938560890986,43.2
45.35276541362708,43.2
45.58982493653644,43.2
45.82812357280281,43.2
46.067667799288614,43.2
46.308464126710895,43.2
46.55051909981832,43.2
46.793839297569036,43.2
47.03843133330949,43.2
47.28430185495417,43.2
47.531457545166376,43.1
47.77990512153967,43.0
48.02965133678067,43.0
48.28070297889241,43.0
48.53306687135893,43.0
48.78674987333074,43.0
49.041758879811184,43.0
49.298100821843896,43.0
49.55578266670119,43.0
49.81481141807335,43.0
50.07519411625915,43.0
50.336937838356974,43.0
50.60004969845742,43.0
50.86453684783644,43.0
51.13040647514984,42.9
51.39766580662862,42.8
51.66632210627541,42.7
51.93638267606184,42.7
52.20785485612707,42.7
52.48074602497726,42.7
52.75506359968615,42.7
53.030815036096584,42.7
53.308007829023246,42.7
53.58664951245627,42.7
53.866747659766084,42.7
54.148309883909214,42.7
54.431343837635225,42.7
54.7158572136947,42.7
55.00185774504835,42.7
55.28935320507712,42.7
55.57835140779364,42.7
55.86886020805435,42.7
56.160887501773274,42.7
56.45444122613637,42.7
56.74952935981742,42.7
57.04615992319485,42.7
57.34434097856969,42.7
57.64408063038476,42.7
57.94538702544487,42.7
58.24826835313831,42.6
58.552732845659456,42.5
58.85878877823242,42.5
59.166444469336014,42.5
59.475708280929936,42.5
59.786588618681876,42.5
60.0990939321961,42.5
60.41323271524305,42.5
60.72901350599024,42.5
61.046444887234294,42.5
61.365535486634215,42.5
61.686293976945976,42.5
62.008729076258064,42.5
62.332849548228545,42.5
62.658664202323344,42.5
62.98618189405547,42.5
63.315411525225876,42.5
63.64636204416533,42.6
63.979042445977655,42.7
64.31346177278421,42.7
64.64962911396958,42.7
64.98755360642885,42.7
65.32724443481563,42.7
65.66871083179183,42.7
66.01196207827876,42.7
66.35700750370908,42.7
66.7038564862806,42.7
67.05251845321108,42.7
67.40300288099445,42.7
67.75531929565844,42.7
68.1094772730234,42.7
68.46548643896274,42.7
68.82335646966433,42.7
69.18309709189363,42.7
69.54471808325809,42.7
69.90822927247277,42.7
70.27364053962762,42.7
70.6409618164559,42.7
71.01020308660422,42.7
71.38137438590384,42.7
71.75448580264342,42.8
72.12954747784322,42.9
72.50656960553087,43.0
72.88556243301818,43.0
73.26653626117992,43.0
73.64950144473359,43.0
74.03446839252094,43.0
74.42144756779092,43.0
74.810449488484,43.0
75.20148472751808,43.0
75.59456391307583,43.0
75.98969772889355,43.0
76.38689691455168,43.0
76.78617226576647,43.0
77.18753463468363,43.0
77.59099493017311,43.1
77.99656411812569,43.2
78.404253221751,43.2
78.8140733218772,43.2
79.226035557252,43.2
79.64015112484554,43.2
80.05643128015467,43.2
80.47488733750892,43.2
80.89553067037787,43.2
81.31837271168051,43.2
81.74342495409579,43.2
82.170698950375,43.2
82.60020631365589,43.2
83.03195871777821,43.2
83.46596789760103,43.3
83.90224564932171,43.4
84.34080383079642,43.4
84.78165436186265,43.4
85.22480922466286,43.4
85.67028046397054,43.4
86.11808018751721,43.4
86.56822056632171,43.4
87.020713835021,43.4
87.47557229220259,43.4
87.93280830073893,43.4
88.39243428812335,43.4
88.85446274680783,43.4
89.31890623454267,43.4
89.78577737471758,43.4
90.25508885670492,43.4
90.72685343620469,43.4
91.20108393559097,43.4
91.67779324426061,43.4
92.15699431898352,43.4
92.63870018425483,43.4
93.12292393264887,43.4
93.60967872517497,43.5
94.09897779163542,43.5
94.5908344309847,43.5
95.0852620116911,43.5
95.58227397210023,43.5
96.08188382079996,43.5
96.5841051369878,43.5
97.08895157083991,43.5
97.59643684388209,43.5
98.10657474936274,43.5
98.61937915262773,43.5
99.13486399149741,43.5
99.65304327664518,43.5
100.17393109197839,43.5
100.69754159502135,43.5
101.22388901729977,43.5
101.75298766472777,43.5
102.28485191799675,43.5
102.81949623296607,43.5
103.35693514105618,43.5
103.89718324964329,43.5
104.44025524245698,43.5
104.98616587997819,43.5
105.53492999984189,43.5
106.08656251723878,43.5
106.64107842532215,43.5
107.19849279561431,43.5
107.75882077841675,43.5
108.32207760322176,43.5
108.88827857912626,43.5
109.45743909524856,43.5
110.02957462114523,43.5
110.60470070723336,43.5
111.18283298521138,43.5
111.76398716848561,43.4
112.3481790525961,43.4
112.93542451564652,43.4
113.5257395187356,43.4
114.11914010639099,43.4
114.71564240700522,43.4
115.3152626332741,43.4
115.91801708263789,43.4
116.52392213772293,43.4
117.13299426678874,43.4
117.74525002417371,43.4
118.36070605074681,43.4
118.97937907435858,43.4
119.60128591029638,43.4
120.22644346174131,43.4
120.85486872022751,43.3
121.4865787661046,43.3
122.12159076900052,43.2
122.75992198829012,43.2
123.40158977356222,43.2
124.04661156509306,43.2
124.69500489431896,43.2
125.34678738431336,43.2
126.00197675026583,43.2
126.6605907999634,43.2
127.3226474342747,43.2
127.98816464763628,43.2
128.6571605285424,43.1
129.32965326003517,43.1
130.00566112020084,43.0
130.68520248266435,43.0
131.36829581709074,43.0
132.05495968968575,43.0
132.74521276370103,43.0
133.43907379994133,43.0
134.1365616572744,43.0
134.83769529314347,43.0
135.54249376408254,43.0
136.25097622623485,43.0
136.96316193587217,42.9
137.67907024992007,42.8
138.39872062648203,42.7
139.1221326253702,42.7
139.84932590863562,42.7
140.58032024110324,42.7
141.31513549090906,42.7
142.05379163003997,42.7
142.7963087348772,42.7
143.5427069867405,42.7
144.29300667243896,42.7
145.04722818481977,42.7
145.80539202332486,42.7
146.56751879454652,42.7
147.333629212788,42.7
148.1037441006266,42.6
148.87788438947953,42.5
149.65607112017267,42.5
150.43832544351253,42.5
151.2246686208618,42.5
152.01512202471548,42.5
152.80970713928414,42.5
153.6084455610754,42.5
154.41135899948313,42.5
155.218469277376,42.5
156.02979833169113,42.5
156.8453682140304,42.5
157.66520109125955,42.5
158.48931924611142,42.5
159.3177450777899,42.5
160.15050110258113,42.5
160.9876099544629,42.5
161.82909438572216,42.5
162.67497726757185,42.5
163.52528159077312,42.5
164.38003046626017,42.5
165.23924712576837,42.5
166.1029549224657,42.5
166.97117733158728,42.5
167.8439379510743,42.5
168.72126050221348,42.5
169.60316883028446,42.4
170.48968690520502,42.3
171.38083882218535,42.3
172.27664880238083,42.3
173.17714119355136,42.3
174.08234047072295,42.3
174.99227123685273,42.3
175.9069582234984,42.3
176.82642629148881,42.3
177.75070043160196,42.3
178.67980576524164,42.3
179.61376754512278,42.3
180.55261115595593,42.3
181.49636211513797,42.3
182.44504607344558,42.3
183.39868881573247,42.3
184.35731626163007,42.3
185.3209544662519,42.3
186.28962962090262,42.3
187.26336805378796,42.3
188.24219623073301,42.3
189.2261407558986,42.3
190.21522837250714,42.3
191.20948596356752,42.3
192.20894055260666,42.3
193.21361930440384,42.3
194.22354952572874,42.3
195.2387586660848,42.3
196.25927431845295,42.3
197.28512422004457,42.3
198.31633625305224,42.3
199.35293844541056,42.3
200.39495897155572,42.3
201.4424261531923,42.3
202.4953684600627,42.3
203.55381451072122,42.3
204.6177930733116,42.3
205.6873330663489,42.3
206.76246355950653,42.3
207.84321377440395,42.3
208.92961308540407,42.3
210.02169102040844,42.3
211.11947726166272,42.3
212.22300164656127,42.3
213.33229416845913,42.2
214.447384977487,42.2
215.5683043813707,42.2
216.69508284625502,42.2
217.8277509975314,42.2
218.9663396206716,42.2
220.1108796620618,42.2
221.26140222984722,42.2
222.41793859477394,42.2
223.5805201910423,42.2
224.74917861715863,42.2
225.9239456367954,42.2
227.10485317965416,42.2
228.29193334233327,42.2
229.48521838920135,42.2
230.68474075327168,42.2
231.89053303708724,42.2
233.102628013603,42.2
234.32105862708036,42.2
235.5458579939798,42.1
236.77705940386227,42.1
238.0146963202937,42.0
239.25880238175446,42.0
240.50941140255387,42.0
241.76655737374873,42.0
243.03027446406858,42.0
244.30059702084168,42.0
245.57755957093218,42.0
246.86119682167464,42.0
248.1515436618211,42.0
249.44863516248657,42.0
250.75250657810346,42.0
252.0631933473797,42.0
253.3807310942614,42.0
254.7051556289027,42.0
256.03650294863604,42.0
257.3748092389545,42.0
258.72011087449107,41.9
260.0724444200114,41.9
261.4318466314045,41.8
262.79835445668317,41.8
264.17200503698814,41.8
265.5528357075972,41.8
266.94088399894025,41.8
268.336187637619,41.8
269.7387845474336,41.8
271.1487128504106,41.8
272.56601086784315,41.8
273.9907171213279,41.8
275.4228703338166,41.8
276.86250943066517,41.8
278.30967354069315,41.8
279.764401997247,41.8
281.2267343392687,41.8
282.6967103123723,41.8
284.1743698699204,41.8
285.65975317411466,41.8
287.152900597083,41.8
288.6538527219809,41.7
290.16265034409145,41.6
291.67933447193553,41.5
293.203946328386,41.5
294.7365273517884,41.5
296.27711919708696,41.5
297.8257637369567,41.5
299.38250306294265,41.5
300.947379486601,41.5
302.52043554065347,41.5
304.1017139801383,41.5
305.69125778357716,41.5
307.2891101541398,41.5
308.8953145208197,41.5
310.5099145396145,41.5
312.1329540947119,41.5
313.76447729968413,41.5
315.40452849868336,41.5
317.0531522676519,41.5
318.71039341552853,41.5
320.3762969854716,41.5
322.05090825607795,41.5
323.7342727426186,41.5
325.4264361982722,41.5
327.1274446153702,41.5
328.83734422664674,41.5
330.55618150649445,41.5
332.28400317222986,41.5
334.02085618535915,41.4
335.76678775285944,41.3
337.52184532845695,41.3
339.28607661392135,41.3
341.0595295603587,41.3
342.84225236951676,41.3
344.63429349509414,41.3
346.4357016440579,41.3
348.24652577796684,41.3
350.06681511430224,41.3
351.8966191278073,41.3
353.7359875518278,41.3
355.5849703796693,41.3
357.44361786595016,41.3
359.3119805279728,41.3
361.1901091470929,41.3
363.0780547701014,41.3
364.9758687106112,41.3
366.8836025504522,41.3
368.80130814107446,41.3
370.72903760495365,41.3
372.66684333701346,41.3
374.6147780060434,41.3
376.57289455613636,41.3
378.54124620812286,41.3
380.5198864610201,41.3
382.50886909348526,41.3
384.5082481652772,41.3
386.51807801872604,41.3
388.53841328020957,41.3
390.56930886163985,41.3
392.6108199619517,41.3
394.6630020686084,41.3
396.7259109591041,41.3
398.7996027024853,41.3
400.8841336608706,41.3
402.9795604909844,41.3
405.0859401456969,41.3
407.20332987557106,41.3
409.331787230421,41.3
411.4713700608718,41.3
413.6221365199375,41.3
415.78414506459575,41.3
417.95745445738237,41.3
420.1421237679842,41.3
422.33821237484636,41.3
424.5457799667861,41.3
426.76488654461485,41.3
428.9955924227691,41.3
431.23795823094935,41.3
433.49204491576995,41.3
435.7579137424112,41.3
438.0356262962907,41.3
440.3252444847303,41.3
442.62683053864555,41.3
444.9404470142319,41.3
447.2661567946673,41.3
449.60402309182115,41.3
451.9541094479714,41.3
454.3164797375345,41.3
456.6911981687959,41.3
459.0783292856624,41.3
461.4779379694089,41.3
463.89008944044906,41.3
466.31484926010245,41.3
468.7522833323791,41.3
471.20245790577025,41.2
473.6654395750488,41.1
476.14129528307956,41.1
478.630092322638,41.1
481.1318983382419,41.1
483.6467813279844,41.1
486.1748096453894,41.1
488.7160520012619,41.1
491.27057746556244,41.1
493.8384554692794,41.1
496.4197558063182,41.1
499.01454863539806,41.1
501.6229044819588,41.0
504.24489424007766,40.9
506.88058917439554,40.9
509.53006092205686,40.9
512.1933814946506,40.9
514.8706232801756,40.9
517.5618590449992,40.9
520.2671619358439,40.9
522.9866054817683,40.8
525.7202635961694,40.8
528.4682105787901,40.8
531.230521117739,40.8
534.0072702915224,40.8
536.7985335710792,40.8
539.6043868218401,40.8
542.4249063057814,40.8
545.2601686835053,40.8
548.1102510163182,40.7
550.9752307683272,40.7
553.8551858085453,40.6
556.7501944130083,40.6
559.6603352669016,40.6
562.5856874666987,40.6
565.5263305223134,40.6
568.4823443592555,40.6
571.4538093208106,40.6
574.4408061702153,40.6
577.4434160928608,40.5
580.4617206984933,40.4
583.4958020234345,40.4
586.5457425328113,40.4
589.6116251227962,40.4
592.6935331228639,40.4
595.7915502980484,40.4
598.9057608512304,40.4
602.0362494254149,40.4
605.1831011060411,40.4
608.3464014232891,40.4
611.5262363544065,40.4
614.7226923260454,40.4
617.9358562166111,40.4
621.1658153586235,40.4
624.4126575410903,40.4
627.6764710118958,40.4
630.957344480193,40.4
634.2553671188238,40.4
637.5706285667327,40.4
640.9032189314127,40.4
644.2532287913472,40.4
647.6207491984753,40.5
651.0058716806659,40.6
654.4086882442045,40.6
657.8292913762976,40.6
661.2677740475787,40.6
664.7242297146454,40.6
668.1987523225889,40.6
671.6914363075575,40.6
675.2023765993158,40.6
678.7316686238282,40.6
682.2794083058518,40.6
685.8456920715438,40.6
689.4306168510824,40.6
693.0342800813003,40.6
696.6567797083366,40.6
700.2982141902914,40.6
703.9586824999124,40.6
707.6382841272731,40.6
711.3371190824884,40.6
715.0552878984242,40.6
718.7928916334344,40.6
722.5500318741055,40.5
726.3268107380181,40.4
730.123330876526,40.4
733.9396954775374,40.4
737.7760082683312,40.4
741.6323735183645,40.4
745.508896042117,40.4
749.4056812019327,40.4
753.3228349108862,40.4
757.2604636356614,40.4
761.2186743994453,40.4
765.1975747848361,40.4
769.1972729367671,40.3
773.2178775654501,40.2
777.2594979493206,40.1
781.3222439380205,40.1
785.406225955371,40.1
789.5115550023859,40.1
793.6383426602791,40.1
797.7867010935024,40.0
801.9567430527921,40.0
806.1485818782347,39.9
810.3623315023465,39.9
814.59810645317,39.9
818.8560218573906,39.9
823.1361934434566,39.9
827.4387375447371,39.9
831.7637711026708,39.9
836.1114116699566,39.8
840.4817774137397,39.7
844.8749871188272,39.7
849.2911601909162,39.7
853.7304166598383,39.7
858.1928771828257,39.7
862.6786630477819,39.7
867.1878961765907,39.7
871.7206991284164,39.7
876.2771951030477,39.7
880.8575079442367,39.7
885.4617621430697,39.7
890.0900828413493,39.7
894.742595834996,39.7
899.4194275774676,39.7
904.1207051831946,39.7
908.8465564310401,39.7
913.5971097677627,39.7
918.3724943115215,39.7
923.1728398553701,39.7
927.998276870799,39.7
932.8489365112713,39.7
937.7249506157918,39.7
942.6264517124897,39.7
947.5535730222193,39.7
952.5064484621864,39.8
957.4852126495767,39.8
962.4900009052299,39.9
967.5209492573013,39.9
972.5781944449744,40.0
977.6618739221665,40.1
982.772125861269,40.1
987.9090891569025,40.1
993.0729034296917,40.1
998.26370903006,40.1
1003.4816470420445,40.1
1008.7268592871307,40.1
1013.9994883281055,40.1
1019.2996774729368,40.1
1024.627570778662,40.3
1029.9833130553077,40.4
1035.3670498698243,40.4
1040.778927550043,40.4
1046.219093188652,40.4
1051.687694647196,40.4
1057.1848805600926,40.5
1062.7108003386745,40.6
1068.2656041752484,40.6
1073.849443047181,40.6
1079.4624687209969,40.6
1085.104833756507,40.6
1090.7766915109553,40.6
1096.4781961431852,40.6
1102.2095026178308,40.6
1107.9707667095288,40.7
1113.7621450071517,40.8
1119.5837949180645,40.8
1125.4358746724013,40.8
1131.3185433273702,40.8
1137.231960771571,40.8
1143.1762877293438,40.8
1149.1516857651375,40.8
1155.1583172879002,40.8
1161.1963455554942,40.8
1167.2659346791324,40.8
1173.3672496278396,40.8
1179.5004562329357,40.8
1185.6657211925422,40.8
1191.8632120761172,40.9
1198.0930973290035,40.9
1204.355546277011,40.9
1210.650729131018,40.9
1216.9788169915967,40.9
1223.3399818536654,40.9
1229.7343966111616,40.9
1236.162235061742,40.9
1242.6236719115057,40.9
1249.1188827797416,40.9
1255.6480442037073,40.9
1262.2113336434193,40.9
1268.8089294864806,40.9
1275.4410110529293,40.9
1282.1077586001115,40.9
1288.8093533275808,40.9
1295.5459773820237,40.9
1302.3178138622095,40.9
1309.1250468239675,40.9
1315.967861285188,40.9
1322.8464432308563,40.9
1329.7609796180998,40.9
1336.7116583812742,40.9
1343.6986684370715,40.9
1350.7221996896535,40.9
1357.782443035813,40.9
1364.879590370164,40.9
1372.0138345903551,40.9
1379.1853696023147,40.9
1386.3943903255179,40.9
1393.6410926982915,40.9
1400.9256736831292,40.9
1408.248331272053,41.0
1415.6092644919916,41.1
1423.0086734101894,41.1
1430.4467591396458,41.1
1437.9237238445805,41.1
1445.439770745928,41.2
1452.9951041268616,41.3
1460.589929338344,41.3
1468.224452804715,41.3
1475.898882029292,41.3
1483.6134256000173,41.3
1491.3682931951248,41.3
1499.1636955888393,41.3
1506.999844657106,41.4
1514.8769533833477,41.5
1522.7952358642551,41.6
1530.754907315605,41.7
1538.7561840781082,41.7
1546.799283623296,41.8
1554.8844245594228,41.9
1563.0118266374113,41.9
1571.181710756826,42.0
1579.3942989718767,42.0
1587.649814497453,42.0
1595.9484817151922,42.0
1604.2905261795772,42.0
1612.6761746240677,42.0
1621.1056549672617,42.0
1629.5791963190893,42.0
1638.097028987047,42.0
1646.6593844824454,42.0
1655.266495526711,42.0
1663.9185960577072,42.0
1672.6159212360947,42.0
1681.3587074517213,42.0
1690.1471923300487,42.0
1698.9816147386093,41.9
1707.8622147934998,41.9
1716.789233865905,41.8
1725.7629145886658,41.8
1734.7835008628629,41.7
1743.8512378644525,41.6
1752.9663720509295,41.4
1762.1291511680254,41.4
1771.3398242564415,41.3
1780.598641658619,41.3
1789.9058550255418,41.2
1799.2617173235774,41.0
1808.6664828413498,40.9
1818.1204071966588,40.8
1827.6237473434162,40.8
1837.1767615786375,40.8
1846.7797095494598,40.7
1856.4328522602,40.5
1866.1364520794475,40.3
1875.8907727471963,40.2
1885.6960793820124,40.1
1895.552638488241,40.0
1905.4607179632462,39.9
1915.4205871047022,39.7
1925.4325166178992,39.6
1935.4967786231095,39.6
1945.6136466629825,39.6
1955.783395709978,39.5
1966.006302173841,39.4
1976.282643909114,39.3
1986.6127002226892,39.2
1996.996751881399,39.1
2007.4350811196462,38.9
2017.927971647083,38.8
2028.4757086563097,38.7
2039.078578830634,38.7
2049.736870351861,38.7
2060.4508729081267,38.7
2071.22087770177,38.7
2082.0471774572497,38.6
2092.9300664290977,38.6
2103.8698404099196,38.5
2114.8667967384304,38.5
2125.9212343075446,38.5
2137.0334535724887,38.5
2148.2037565589744,38.4
2159.4324468714053,38.4
2170.71982970113,38.4
2182.0662118347364,38.3
2193.4719016623894,38.2
2204.937209186215,38.1
2216.4624460287228,38.1
2228.0479254412767,38.0
2239.6939623126154,38.0
2251.4008731773993,37.9
2263.168976224821,37.8
2274.9985913072546,37.6
2286.890039948944,37.6
2298.843645354747,37.5
2310.8597324189163,37.5
2322.9386277339318,37.4
2335.0806595993763,37.3
2347.2861580308577,37.2
2359.5554547689862,37.1
2371.8888832883777,37.1
2384.2867788067265,37.0
2396.7494782939148,36.9
2409.2773204811715,36.8
2421.8706458702773,36.7
2434.5297967428205,36.6
2447.2551171695004,36.5
2460.0469530194778,36.3
2472.905651969775,36.2
2485.8315635147337,36.1
2498.825038975499,36.0
2511.88643150958,35.9
2525.0160961204438,35.9
2538.2143896671673,35.8
2551.481670874133,35.8
2564.8183003407817,35.8
2578.224640551411,35.8
2591.7010558850307,35.8
2605.247912625263,35.8
2618.8655789702975,35.7
2632.5544250429093,35.7
2646.314822900502,35.6
2660.14714654523,35.6
2674.051771934164,35.6
2688.029076989506,35.5
2702.079441608862,35.5
2716.20324767557,35.4
2730.400879069075,35.4
2744.6727216753675,35.3
2759.0191633974646,35.2
2773.440594165967,35.0
2787.9374059496395,34.9
2802.509992766076,34.8
2817.1587506924047,34.7
2831.8840778760564,34.6
2846.686374545581,34.5
2861.5660430215316,34.3
2876.5234877273942,34.1
2891.5591152005823,34.0
2906.6733341034837,33.9
2921.8665552345788,33.8
2937.139191539587,33.7
2952.4916581227058,33.5
2967.9243722578863,33.4
2983.4377534001765,33.3
2999.0322231971227,33.2
3014.7082055002275,33.2
3030.466126376471,33.2
3046.306414119893,33.2
3062.229499263226,33.2
3078.2358145896155,33.2
3094.325795144359,33.2
3110.4998782467446,33.2
3126.7585035019356,33.1
3143.1021128129173,33.1
3159.5311503925072,33.0
3176.0460627754296,33.0
3192.6472988304513,33.0
3209.335309772584,33.0
3226.1105491753406,33.0
3242.973472983081,33.0
3259.924539523382,33.1
3276.9642095195077,33.2
3294.0929461029286,33.2
3311.311214825911,33.2
3328.6194836741684,33.2
3346.018223079582,33.2
3363.507905932988,33.3
3381.089007597027,33.4
3398.762005919066,33.4
3416.527381244194,33.4
3434.385616428264,33.5
3452.337196851022,33.5
3470.382610429304,33.6
3488.5223476302926,33.7
3506.7569014848486,33.8
3525.0867676009134,33.8
3543.512444176976,33.9
3562.034432015617,33.9
3580.6532345371147,33.9
3599.369357793143,33.9
3618.1833104805046,33.9
3637.095603954969,33.9
3656.1067522451726,33.9
3675.2172720665826,33.9
3694.4276828355482,33.9
3713.738506683413,33.9
3733.1502684707093,33.9
3752.6634958014215,33.9
3772.2787190373247,33.9
3791.9964713124127,34.0
3811.817288547367,34.1
3831.7417094641373,34.2
3851.7702756005806,34.3
3871.9035313251793,34.4
3892.1420238518376,34.5
3912.4863032547537,34.6
3932.936922483372,34.7
3953.4944373774106,34.9
3974.1594066819653,35.1
3994.9323920627126,35.3
4015.8139581211503,35.4
4036.8046724099613,35.5
4057.9051054484326,35.6
4079.115830737964,35.7
4100.437424777656,35.8
4121.870467079975,35.8
4143.41554018651,35.8
4165.0732296838005,35.7
4186.844124219257,35.7
4208.728815517151,35.6
4230.72789839472,35.6
4252.841970778305,35.5
4275.071633719623,35.3
4297.417491412092,35.1
4319.880151207261,34.9
4342.460223631314,34.8
4365.158322401661,34.7
4387.975064443623,34.6
4410.911069907196,34.4
4433.9669621839075,34.1
4457.1433679237725,33.9
4480.4409170523,33.7
4503.860242787635,33.6
4527.40198165776,33.4
4551.0667735177985,33.0
4574.855261567406,32.5
4598.768092368251,32.2
4622.80591586159,32.0
4646.969385385929,31.8
4671.25915769478,31.5
4695.675892974527,31.1
4720.220254862348,30.7
4744.892910464259,30.3
4769.694530373255,30.0
4794.625788687525,29.8
4819.68736302878,29.5
4844.87993456067,29.1
4870.204188007296,28.7
4895.660811671819,28.5
4921.250497455168,28.3
4946.973940874864,28.0
4972.8318410838865,27.7
4998.824900889706,27.4
5024.953826773381,27.1
5051.219328908747,26.8
5077.622121181736,26.6
5104.162921209768,26.4
5130.842450361258,26.2
5157.661433775227,26.0
5184.620600380999,25.8
5211.720682918039,25.6
5238.962417955835,25.3
5266.346545913939,25.0
5293.873811082085,24.8
5321.544961640422,24.7
5349.360749679845,24.6
5377.321931222439,24.5
5405.429266242027,24.5
5433.683518684824,24.4
5462.085456490198,24.3
5490.635851611563,24.2
5519.335480037329,24.1
5548.185121812011,23.9
5577.185561057427,23.7
5606.337585994012,23.5
5635.641988962242,23.5
5665.0995664441625,23.4
5694.7111190850455,23.3
5724.477451715144,23.2
5754.399373371566,23.2
5784.477697320285,23.2
5814.713241078208,23.2
5845.10682643542,23.2
5875.659279477514,23.2
5906.371430608045,23.3
5937.244114571097,23.3
5968.278170473975,23.4
5999.4744418100045,23.5
6030.833776481469,23.7
6062.357026822636,24.0
6094.045049622959,24.2
6125.898706150321,24.4
6157.918862174471,24.7
6190.106387990547,24.9
6222.462158442733,25.2
6254.987052948034,25.4
6287.681955520183,25.7
6320.547754793659,26.1
6353.585344047851,26.4
6386.795621231329,26.8
6420.179488986247,27.1
6453.7378546729,27.5
6487.471630394349,27.8
6521.381733021235,28.1
6555.469084216698,28.4
6589.734610461422,28.7
6624.179243078815,29.1
6658.80391826033,29.6
6693.609577090902,30.5
6728.597165574533,31.4
6763.767634659991,31.8
6799.1219402666875,31.9
6834.661043310619,32.3
6870.385909730507,33.3
6906.297510514049,34.2
6942.39682172431,34.7
6978.684824526248,35.2
7015.162505213385,35.7
7051.830855234612,36.1
7088.690871221135,37.0
7125.7435550135615,37.9
7162.989913689153,38.3
7200.430959589155,38.5
7238.067710346342,38.8
7275.901188912673,39.1
7313.932423587085,39.3
7352.162448043451,39.5
7390.59230135867,39.6
7429.22302804091,39.5
7468.055678057999,39.4
7507.091306865953,39.3
7546.330975437692,39.2
7585.775750291836,39.1
7625.426703521717,38.9
7665.284912824515,38.6
7705.351461530549,37.9
7745.627438632719,37.3
7786.113938816104,37.1
7826.81206248772,36.8
7867.722915806424,36.4
7908.847610712972,36.1
7950.187264960275,35.7
7991.743002143727,35.4
8033.515951731782,35.2
8075.507249096639,34.9
8117.718035545101,34.6
8160.149458349601,34.4
8202.80267077938,34.3
8245.67883213183,34.2
8288.77910776401,34.1
8332.104669124305,33.8
8375.656693784302,33.3
8419.436365470749,33.0
8463.444874097753,32.8
8507.683415799123,32.6
8552.153192960874,32.4
8596.855414253905,31.9
8641.791294666864,31.3
8686.962055539152,31.0
8732.36892459413,30.9
8778.01313597248,30.7
8823.895930265779,30.6
8870.018554550163,30.3
8916.382262420266,30.1
8962.988314023276,29.9
9009.83797609319,29.9
9056.932521985234,30.0
9104.273231710486,30.1
9151.861391970657,30.3
9199.698296193066,30.6
9247.785244565785,30.9
9296.12354407301,31.3
9344.714508530542,31.5
9393.559458621517,31.8
9442.659721932305,32.1
9492.016632988581,32.5
9541.631533291613,32.9
9591.505771354708,33.9
9641.64070273987,35.0
9692.037690094652,35.7
9742.698103189163,36.4
9793.623318953358,37.1
9844.814721514387,37.5
9896.27370223427,37.8
9948.001659747684,38.3
10000.0,38.8
10052.270136285486,38.9
10104.813489285681,38.9
10157.6314871081,38.8
10210.725565324987,38.5
10264.09716701231,38.2
10317.747742788988,37.9
10371.678750856474,37.6
10425.891657038128,37.2
10480.387934819217,35.8
10535.16906538697,34.2
10590.236537670813,33.4
10645.591848382772,32.8
10701.236502058211,32.3
10757.172011096769,31.7
10813.399895803414,30.5
10869.921684429703,28.7
10926.73891321545,27.6
10983.85312643042,27.0
11041.265876416248,26.4
11098.978723628681,25.8
11156.993236680037,24.5
11215.310992381786,22.6
11273.933575787378,21.1
11332.862580235347,20.3
11392.099607392682,19.3
11451.646267298307,18.7
11511.504178406769,18.1
11571.674967632372,15.8
11632.16027039332,13.9
11692.961730656129,13.5
11754.08100098034,13.0
11815.519742563505,12.1
11877.27962528627,11.3
11939.362327757724,10.3
12001.76953736107,9.4
12064.50295029953,9.0
12127.56427164241,8.7
12190.95521537136,8.2
12254.677504427105,7.7
12318.732870756214,7.3
12383.123055358106,6.5
12447.849808332432,5.9
12512.914888926687,5.6
12578.320065583976,5.3
12644.067115991029,5.0
12710.157827126544,4.8
12776.593995309939,4.4
12843.377426249857,4.0
12910.50993509343,3.8
12977.99334647565,3.7
13045.829494568892,3.7
13114.020223132724,3.6
13182.567385564074,3.6
13251.472844947652,3.7
13320.738474106534,4.0
13390.366155652993,5.6
13460.35778203982,7.3
13530.715255611682,7.7
13601.440488656775,8.3
13672.535403458849,9.0
13744.001932349513,9.7
13815.842017760702,10.5
13888.057612277411,12.0
13960.650678690825,13.4
14033.62319005172,14.0
14106.977129724035,14.5
14180.714491438697,14.9
14254.837279347976,15.3
14329.347508079869,15.7
14404.247202792812,16.0
14479.538399230763,16.1
14555.223143778607,16.2
14631.303493517702,16.3
14707.78151628175,16.3
14784.65929071304,16.3
14861.938906319014,16.3
14939.622463529,16.3
15017.712073751207,16.3
15096.209859430292,16.3
15175.117954104964,16.2
15254.438502465904,16.0
15334.173660414117,15.8
15414.325595119602,15.6
15494.896485080177,15.5
15575.88852018064,15.1
15657.303901752315,14.7
15739.1448426331,14.6
15821.413567227246,14.7
15904.112311566014,14.9
15987.243323368504,15.2
16070.808862102673,15.5
16154.811199046684,15.8
16239.252617350698,16.1
16324.135412099,16.6
16409.461890372313,17.4
16495.23437131044,18.1
16581.455186175313,18.2
16668.12667841462,18.2
16755.251203725067,18.2
