10.0,25.5
10.052270136285475,25.5
10.104813489285682,25.5
10.157631487108103,25.5
10.210725565324982,25.5
10.264097167012295,25.7
10.317747742789004,25.8
10.371678750856479,25.9
10.425891657038118,26.0
10.480387934819216,26.0
10.535169065386981,26.1
10.590236537670812,26.2
10.64559184838276,26.4
10.701236502058206,26.5
10.757172011096776,26.6
10.813399895803409,26.6
10.869921684429707,26.6
10.926738913215466,26.7
10.98385312643042,26.9
11.041265876416237,27.0
11.098978723628681,27.1
11.156993236680048,27.2
11.215310992381788,27.3
11.27393357578736,27.5
11.332862580235341,27.6
11.392099607392687,27.7
11.451646267298301,27.8
11.511504178406776,27.8
11.571674967632385,27.9
11.632160270393321,28.0
11.692961730656117,28.1
11.75408100098034,28.2
11.815519742563518,28.3
11.87727962528627,28.4
11.939362327757706,28.5
12.001769537361062,28.6
12.064502950299536,28.7
12.127564271642404,28.9
12.190955215371359,29.0
12.254677504427118,29.1
12.318732870756214,29.2
12.383123055358094,29.2
12.447849808332432,29.3
12.5129148889267,29.3
12.578320065583968,29.4
12.644067115991009,29.6
12.710157827126565,29.7
12.776593995309947,29.8
12.843377426249843,29.9
12.910509935093431,30.0
12.977993346475664,30.1
13.045829494568892,30.2
13.11402022313271,30.2
13.182567385564074,30.3
13.251472844947658,30.3
13.320738474106527,30.4
13.390366155653,30.6
13.460357782039841,30.7
13.530715255611682,30.7
13.601440488656761,30.8
13.672535403458848,30.8
13.744001932349526,30.9
13.815842017760701,31.0
13.888057612277397,31.1
13.960650678690818,31.2
14.033623190051728,31.3
14.10697712972403,31.3
14.180714491438705,31.4
14.25483727934799,31.5
14.32934750807987,31.7
14.404247202792797,31.8
14.479538399230764,31.9
14.55522314377862,31.9
14.631303493517702,32.0
14.707781516281727,32.0
14.784659290713032,32.1
14.861938906319022,32.2
14.939622463528993,32.3
15.017712073751214,32.4
15.096209859430308,32.5
15.175117954104964,32.5
15.254438502465888,32.6
15.334173660414118,32.6
15.414325595119617,32.7
15.494896485080169,32.8
15.575888520180618,32.9
15.65730390175234,33.0
15.73914484263311,33.1
15.821413567227237,33.2
15.904112311566013,33.2
15.98724332336852,33.3
16.070808862102673,33.4
16.154811199046666,33.5
16.239252617350697,33.6
16.324135412099007,33.7
16.409461890372306,33.8
16.495234371310413,33.9
16.58145518617534,33.9
16.668126678414627,34.0
16.755251203725052,34.1
16.84283113011666,34.1
16.930868837977105,34.2
17.01936672013636,34.2
17.108327181931763,34.3
17.197752641273365,34.3
17.28764552870969,34.4
17.378008287493753,34.4
17.4688433736495,34.5
17.560153256038525,34.6
17.651940416427212,34.7
17.744207349554188,34.7
17.836956563198083,34.7
17.93019057824573,34.7
18.023911928760675,34.7
18.118123162052047,34.9
18.21282683874379,35.0
18.30802553284428,35.0
18.403721831816252,35.1
18.499918336647156,35.1
18.59661766191982,35.2
18.69382243588356,35.3
18.791535300525574,35.4
18.889758911642755,35.4
18.98849593891389,35.4
19.08774906597221,35.5
19.187520990478333,35.5
19.287814424193606,35.5
19.388632093053765,35.6
19.48997673724305,35.7
19.591851111268685,35.7
19.69425798403576,35.7
19.79720013892245,35.7
19.90068037385568,35.7
20.004701501387192,35.9
20.109266348769967,36.1
20.214377758035074,36.2
20.320038586068932,36.2
20.426251704690927,36.3
20.533020000731486,36.3
20.64034637611054,36.4
20.748233747916412,36.4
20.856685048485062,36.4
20.965703225479817,36.4
21.075291241971485,36.5
21.185452076518878,36.5
21.296188723249774,36.6
21.407504191942323,36.6
21.519401508106792,36.7
21.631883713067854,36.7
21.744953864047204,36.8
21.858615034246718,36.8
21.972870312931903,36.9
22.087722805515906,36.9
22.203175633643916,36.9
22.319231935278008,36.9
22.435894864782412,37.0
22.553167593009288,37.1
22.671053307384867,37.2
22.789555211996095,37.3
22.908676527677724,37.4
23.028420492099883,37.4
23.148790359856015,37.4
23.26978940255137,37.4
23.391420908891938,37.4
23.51368818477381,37.5
23.63659455337303,37.6
23.760143355235964,37.6
23.884337948370025,37.7
24.009181708334992,37.7
24.134678028334722,37.8
24.260830319309434,37.8
24.387642010028344,37.9
24.515116547182902,37.9
24.64325739548046,37.9
24.772068037738443,37.9
24.901551974979007,37.9
25.031712726524198,37.9
25.162553830091625,37.9
25.294078841890578,38.0
25.426291336718684,38.1
25.559194908059133,38.1
25.692793168178262,38.2
25.827089748223784,38.2
25.96208829832347,38.3
26.097792487684362,38.3
26.234206004692496,38.3
26.371332557013133,38.4
26.5091758716916,38.5
26.647739695254497,38.5
26.787027793811582,38.5
26.9270439531581,38.5
27.06779197887776,38.5
27.209275696446046,38.5
27.351498951334275,38.6
27.494465609114105,38.7
27.638179555562576,38.8
27.782644696767733,38.9
27.92786495923483,38.9
28.07384428999299,39.0
28.220586656702505,39.0
28.368096047762684,39.0
28.516376472420284,39.0
28.66543196087842,39.1
28.815266564406134,39.1
28.965884355448516,39.2
29.11728942773738,39.2
29.26948589640251,39.2
29.42247789808359,39.3
29.57626959104251,39.3
29.730865155276486,39.3
29.88626879263161,39.3
30.04248472691713,39.3
30.19951720402016,39.4
30.357370492021133,39.5
30.516048881309793,39.5
30.675556684701824,39.5
30.835898237556027,39.5
30.99707789789224,39.5
31.15910004650967,39.5
31.321969087106055,39.6
31.485689446397288,39.7
31.650265574237824,39.8
31.815701943741516,39.9
31.98200305140326,40.0
32.14917341722119,40.0
32.31721758481955,40.0
32.486140121572134,40.1
32.655945618726484,40.2
32.82663869152868,40.2
32.99822397934869,40.2
33.170706145806605,40.2
33.34408987889928,40.2
33.51837989112781,40.2
33.69358091962557,40.2
33.86969772628702,40.3
34.04673509789711,40.4
34.224697846261364,40.4
34.40359080833668,40.4
34.58341884636283,40.4
34.764186847994516,40.5
34.94589972643436,40.5
35.12856242056629,40.5
35.312179895089876,40.5
35.496757140655234,40.5
35.68229917399868,40.6
35.86881103807908,40.7
36.05629780221492,40.7
36.24476456222205,40.7
36.434216440552284,40.7
36.6246585864325,40.7
36.81609617600466,40.7
37.00853441246656,40.8
37.2019785262131,40.8
37.39643377497855,40.9
37.591905443979435,41.0
37.788398846058186,41.1
37.985919321827524,41.2
38.184472239815605,41.2
38.384062996612016,41.3
38.584697017014335,41.4
38.786379754175634,41.4
38.98911668975273,41.4
39.1929133340551,41.4
39.39777522619469,41.4
39.60370793423646,41.4
39.810717055349734,41.4
40.0188082159603,41.5
40.227987071903335,41.5
40.43825930857721,41.6
40.64963064109788,41.6
40.8621068144543,41.6
41.075693603664625,41.7
41.29039681393302,41.7
41.506222280807584,41.7
41.72317587033889,41.7
41.94126347923944,41.7
42.16049103504393,41.8
42.38086449627034,41.9
42.60238985258197,41.9
42.825073124950116,41.9
43.04892036581776,41.9
43.27393765926414,41.9
43.500131121170035,41.9
43.727506899384,42.0
43.956071173889484,42.1
44.18583015697281,42.1
44.416790093392,42.1
44.648957260546474,42.1
44.88233796864779,42.2
45.116938560890986,42.3
45.35276541362708,42.4
45.58982493653644,42.4
45.82812357280281,42.4
46.067667799288614,42.4
46.308464126710895,42.5
46.55051909981832,42.6
46.793839297569036,42.6
47.03843133330949,42.6
47.28430185495417,42.6
47.531457545166376,42.6
47.77990512153967,42.7
48.02965133678067,42.8
48.28070297889241,42.8
48.53306687135893,42.8
48.78674987333074,42.8
49.041758879811184,42.8
49.298100821843896,42.8
49.55578266670119,42.8
49.81481141807335,42.9
50.07519411625915,42.9
50.336937838356974,42.9
50.60004969845742,42.9
50.86453684783644,42.9
51.13040647514984,42.9
51.39766580662862,43.0
51.66632210627541,43.1
51.93638267606184,43.1
52.20785485612707,43.1
52.48074602497726,43.1
52.75506359968615,43.1
53.030815036096584,43.1
53.308007829023246,43.1
53.58664951245627,43.2
53.866747659766084,43.3
54.148309883909214,43.3
54.431343837635225,43.3
54.7158572136947,43.3
55.00185774504835,43.3
55.28935320507712,43.3
55.57835140779364,43.3
55.86886020805435,43.3
56.160887501773274,43.3
56.45444122613637,43.3
56.74952935981742,43.4
57.04615992319485,43.5
57.34434097856969,43.5
57.64408063038476,43.5
57.94538702544487,43.5
58.24826835313831,43.5
58.552732845659456,43.5
58.85878877823242,43.5
59.166444469336014,43.5
59.475708280929936,43.5
59.786588618681876,43.7
60.0990939321961,43.8
60.41323271524305,43.8
60.72901350599024,43.8
61.046444887234294,43.8
61.365535486634215,43.8
61.686293976945976,43.8
62.008729076258064,43.8
62.332849548228545,43.8
62.658664202323344,43.8
62.98618189405547,43.8
63.315411525225876,43.8
63.64636204416533,43.8
63.979042445977655,43.8
64.31346177278421,43.8
64.64962911396958,43.8
64.98755360642885,43.8
65.32724443481563,43.8
65.66871083179183,43.8
66.01196207827876,43.8
66.35700750370908,43.8
66.7038564862806,43.8
67.05251845321108,43.8
67.40300288099445,43.8
67.75531929565844,43.8
68.1094772730234,43.8
68.46548643896274,43.8
68.82335646966433,43.8
69.18309709189363,43.8
69.54471808325809,43.8
69.90822927247277,43.8
70.27364053962762,43.8
70.6409618164559,43.8
71.01020308660422,43.8
71.38137438590384,43.8
71.75448580264342,43.8
72.12954747784322,43.8
72.50656960553087,43.8
72.88556243301818,43.7
73.26653626117992,43.6
73.64950144473359,43.5
74.03446839252094,43.5
74.42144756779092,43.5
74.810449488484,43.5
75.20148472751808,43.5
75.59456391307583,43.5
75.98969772889355,43.5
76.38689691455168,43.5
76.78617226576647,43.5
77.18753463468363,43.5
77.59099493017311,43.4
77.99656411812569,43.3
78.404253221751,43.3
78.8140733218772,43.3
79.226035557252,43.3
79.64015112484554,43.3
80.05643128015467,43.3
80.47488733750892,43.3
80.89553067037787,43.2
81.31837271168051,43.1
81.74342495409579,43.1
82.170698950375,43.1
82.60020631365589,43.1
83.03195871777821,43.1
83.46596789760103,43.1
83.90224564932171,43.1
84.34080383079642,43.0
84.78165436186265,42.9
85.22480922466286,42.9
85.67028046397054,42.9
86.11808018751721,42.8
86.56822056632171,42.8
87.020713835021,42.8
87.47557229220259,42.8
87.93280830073893,42.8
88.39243428812335,42.7
88.85446274680783,42.7
89.31890623454267,42.6
89.78577737471758,42.6
90.25508885670492,42.6
90.72685343620469,42.6
91.20108393559097,42.6
91.67779324426061,42.6
92.15699431898352,42.6
92.63870018425483,42.5
93.12292393264887,42.4
93.60967872517497,42.4
94.09897779163542,42.4
94.5908344309847,42.4
95.0852620116911,42.4
95.58227397210023,42.3
96.08188382079996,42.2
96.5841051369878,42.1
97.08895157083991,42.1
97.59643684388209,42.1
98.10657474936274,42.1
98.61937915262773,42.1
99.13486399149741,42.0
99.65304327664518,42.0
100.17393109197839,41.9
100.69754159502135,41.9
101.22388901729977,41.9
101.75298766472777,41.9
102.28485191799675,41.9
102.81949623296607,41.9
103.35693514105618,41.9
103.89718324964329,41.9
104.44025524245698,42.0
104.98616587997819,42.1
105.53492999984189,42.1
106.08656251723878,42.1
106.64107842532215,42.1
107.19849279561431,42.1
107.75882077841675,42.1
108.32207760322176,42.3
108.88827857912626,42.4
109.45743909524856,42.4
110.02957462114523,42.4
110.60470070723336,42.4
111.18283298521138,42.4
111.76398716848561,42.4
112.3481790525961,42.4
112.93542451564652,42.4
113.5257395187356,42.4
114.11914010639099,42.4
114.71564240700522,42.3
115.3152626332741,42.2
115.91801708263789,42.1
116.52392213772293,42.1
117.13299426678874,42.1
117.74525002417371,42.0
118.36070605074681,41.9
118.97937907435858,41.8
119.60128591029638,41.7
120.22644346174131,41.7
120.85486872022751,41.7
121.4865787661046,41.6
122.12159076900052,41.6
122.75992198829012,41.5
123.40158977356222,41.5
124.04661156509306,41.4
124.69500489431896,41.3
125.34678738431336,41.3
126.00197675026583,41.2
126.6605907999634,41.1
127.3226474342747,41.0
127.98816464763628,40.9
128.6571605285424,40.8
129.32965326003517,40.8
130.00566112020084,40.7
130.68520248266435,40.7
131.36829581709074,40.7
132.05495968968575,40.7
132.74521276370103,40.7
133.43907379994133,40.7
134.1365616572744,40.7
134.83769529314347,40.7
135.54249376408254,40.7
136.25097622623485,40.7
136.96316193587217,40.7
137.67907024992007,40.7
138.39872062648203,40.7
139.1221326253702,40.8
139.84932590863562,40.8
140.58032024110324,40.9
141.31513549090906,41.2
142.05379163003997,41.4
142.7963087348772,41.5
143.5427069867405,41.6
144.29300667243896,41.7
145.04722818481977,41.7
145.80539202332486,41.8
146.56751879454652,42.1
147.333629212788,42.3
148.1037441006266,42.4
148.87788438947953,42.5
149.65607112017267,42.5
150.43832544351253,42.6
151.2246686208618,42.7
152.01512202471548,42.8
152.80970713928414,42.8
153.6084455610754,42.8
154.41135899948313,42.8
155.218469277376,42.8
156.02979833169113,42.7
156.8453682140304,42.6
157.66520109125955,42.1
158.48931924611142,41.7
159.3177450777899,41.5
160.15050110258113,41.3
160.9876099544629,41.0
161.82909438572216,40.8
162.67497726757185,40.5
163.52528159077312,40.3
164.38003046626017,40.1
165.23924712576837,39.8
166.1029549224657,39.6
166.97117733158728,39.4
167.8439379510743,39.3
168.72126050221348,39.3
169.60316883028446,39.3
170.48968690520502,39.3
171.38083882218535,39.4
172.27664880238083,39.5
173.17714119355136,39.7
174.08234047072295,39.8
174.99227123685273,39.9
175.9069582234984,40.0
176.82642629148881,40.1
177.75070043160196,40.1
178.67980576524164,40.2
179.61376754512278,40.3
180.55261115595593,40.4
181.49636211513797,40.4
182.44504607344558,40.4
183.39868881573247,40.5
184.35731626163007,40.5
185.3209544662519,40.5
186.28962962090262,40.5
187.26336805378796,40.5
188.24219623073301,40.5
189.2261407558986,40.5
190.21522837250714,40.5
191.20948596356752,40.5
192.20894055260666,40.5
193.21361930440384,40.5
194.22354952572874,40.5
195.2387586660848,40.5
196.25927431845295,40.4
197.28512422004457,40.4
198.31633625305224,40.4
199.35293844541056,40.3
200.39495897155572,40.3
201.4424261531923,40.2
202.4953684600627,40.2
203.55381451072122,40.2
204.6177930733116,40.2
205.6873330663489,40.1
206.76246355950653,40.1
207.84321377440395,40.0
208.92961308540407,39.9
210.02169102040844,39.9
211.11947726166272,39.8
212.22300164656127,39.7
213.33229416845913,39.6
214.447384977487,39.5
215.5683043813707,39.4
216.69508284625502,39.4
217.8277509975314,39.3
218.9663396206716,39.2
220.1108796620618,39.1
221.26140222984722,39.0
222.41793859477394,38.9
223.5805201910423,38.8
224.74917861715863,38.7
225.9239456367954,38.6
227.10485317965416,38.5
228.29193334233327,38.3
229.48521838920135,38.3
230.68474075327168,38.3
231.89053303708724,38.3
233.102628013603,38.3
234.32105862708036,38.2
235.5458579939798,38.1
236.77705940386227,38.0
238.0146963202937,37.9
239.25880238175446,37.9
240.50941140255387,37.9
241.76655737374873,37.9
243.03027446406858,37.9
244.30059702084168,37.8
245.57755957093218,37.8
246.86119682167464,37.7
248.1515436618211,37.7
249.44863516248657,37.6
250.75250657810346,37.5
252.0631933473797,37.5
253.3807310942614,37.4
254.7051556289027,37.3
256.03650294863604,37.2
257.3748092389545,37.1
258.72011087449107,37.0
260.0724444200114,37.0
261.4318466314045,36.9
262.79835445668317,36.8
264.17200503698814,36.8
265.5528357075972,36.7
266.94088399894025,36.7
268.336187637619,36.6
269.7387845474336,36.6
271.1487128504106,36.5
272.56601086784315,36.5
273.9907171213279,36.4
275.4228703338166,36.4
276.86250943066517,36.3
278.30967354069315,36.2
279.764401997247,36.1
281.2267343392687,36.1
282.6967103123723,36.0
284.1743698699204,35.9
285.65975317411466,35.8
287.152900597083,35.7
288.6538527219809,35.6
290.16265034409145,35.5
291.67933447193553,35.5
293.203946328386,35.4
294.7365273517884,35.4
296.27711919708696,35.4
297.8257637369567,35.3
299.38250306294265,35.2
300.947379486601,35.1
302.52043554065347,35.0
304.1017139801383,35.0
305.69125778357716,34.9
307.2891101541398,34.8
308.8953145208197,34.7
310.5099145396145,34.7
312.1329540947119,34.7
313.76447729968413,34.7
315.40452849868336,34.6
317.0531522676519,34.6
318.71039341552853,34.5
320.3762969854716,34.4
322.05090825607795,34.4
323.7342727426186,34.3
325.4264361982722,34.3
327.1274446153702,34.3
328.83734422664674,34.3
330.55618150649445,34.3
332.28400317222986,34.3
334.02085618535915,34.2
335.76678775285944,34.2
337.52184532845695,34.2
339.28607661392135,34.2
341.0595295603587,34.1
342.84225236951676,34.0
344.63429349509414,34.0
346.4357016440579,34.0
348.24652577796684,34.0
350.06681511430224,34.0
351.8966191278073,33.9
353.7359875518278,33.8
355.5849703796693,33.8
357.44361786595016,33.8
359.3119805279728,33.8
361.1901091470929,33.8
363.0780547701014,33.7
364.9758687106112,33.6
366.8836025504522,33.5
368.80130814107446,33.5
370.72903760495365,33.5
372.66684333701346,33.5
374.6147780060434,33.5
376.57289455613636,33.5
378.54124620812286,33.5
380.5198864610201,33.5
382.50886909348526,33.5
384.5082481652772,33.5
386.51807801872604,33.4
388.53841328020957,33.3
390.56930886163985,33.3
392.6108199619517,33.3
394.6630020686084,33.3
396.7259109591041,33.3
398.7996027024853,33.3
400.8841336608706,33.3
402.9795604909844,33.3
405.0859401456969,33.3
407.20332987557106,33.3
409.331787230421,33.3
411.4713700608718,33.3
413.6221365199375,33.3
415.78414506459575,33.2
417.95745445738237,33.1
420.1421237679842,33.1
422.33821237484636,33.1
424.5457799667861,33.1
426.76488654461485,33.1
428.9955924227691,33.1
431.23795823094935,33.1
433.49204491576995,33.1
435.7579137424112,33.1
438.0356262962907,33.1
440.3252444847303,33.1
442.62683053864555,33.1
444.9404470142319,33.1
447.2661567946673,33.1
449.60402309182115,33.1
451.9541094479714,33.1
454.3164797375345,33.1
456.6911981687959,33.1
459.0783292856624,33.1
461.4779379694089,33.1
463.89008944044906,33.1
466.31484926010245,33.1
468.7522833323791,33.1
471.20245790577025,33.1
473.6654395750488,33.1
476.14129528307956,33.1
478.630092322638,33.1
481.1318983382419,33.1
483.6467813279844,33.2
486.1748096453894,33.3
488.7160520012619,33.3
491.27057746556244,33.3
493.8384554692794,33.3
496.4197558063182,33.3
499.01454863539806,33.3
501.6229044819588,33.3
504.24489424007766,33.3
506.88058917439554,33.3
509.53006092205686,33.3
512.1933814946506,33.3
514.8706232801756,33.3
517.5618590449992,33.3
520.2671619358439,33.3
522.9866054817683,33.3
525.7202635961694,33.3
528.4682105787901,33.3
531.230521117739,33.3
534.0072702915224,33.4
536.7985335710792,33.5
539.6043868218401,33.5
542.4249063057814,33.5
545.2601686835053,33.5
548.1102510163182,33.5
550.9752307683272,33.5
553.8551858085453,33.5
556.7501944130083,33.5
559.6603352669016,33.5
562.5856874666987,33.5
565.5263305223134,33.5
568.4823443592555,33.5
571.4538093208106,33.7
574.4408061702153,33.8
577.4434160928608,33.8
580.4617206984933,33.8
583.4958020234345,33.8
586.5457425328113,33.8
589.6116251227962,33.9
592.6935331228639,34.0
595.7915502980484,34.0
598.9057608512304,34.0
602.0362494254149,34.0
605.1831011060411,34.0
608.3464014232891,34.0
611.5262363544065,34.0
614.7226923260454,34.0
617.9358562166111,34.0
621.1658153586235,34.0
624.4126575410903,34.1
627.6764710118958,34.2
630.957344480193,34.2
634.2553671188238,34.2
637.5706285667327,34.2
640.9032189314127,34.2
644.2532287913472,34.3
647.6207491984753,34.3
651.0058716806659,34.3
654.4086882442045,34.3
657.8292913762976,34.3
661.2677740475787,34.4
664.7242297146454,34.5
668.1987523225889,34.5
671.6914363075575,34.5
675.2023765993158,34.5
678.7316686238282,34.6
682.2794083058518,34.7
685.8456920715438,34.7
689.4306168510824,34.7
693.0342800813003,34.7
696.6567797083366,34.7
700.2982141902914,34.7
703.9586824999124,34.9
707.6382841272731,35.0
711.3371190824884,35.0
715.0552878984242,35.1
718.7928916334344,35.1
722.5500318741055,35.2
726.3268107380181,35.2
730.123330876526,35.2
733.9396954775374,35.3
737.7760082683312,35.3
741.6323735183645,35.4
745.508896042117,35.4
749.4056812019327,35.4
753.3228349108862,35.4
757.2604636356614,35.4
761.2186743994453,35.4
765.1975747848361,35.5
769.1972729367671,35.5
773.2178775654501,35.6
777.2594979493206,35.7
781.3222439380205,35.7
785.406225955371,35.7
789.5115550023859,35.8
793.6383426602791,35.9
797.7867010935024,35.9
801.9567430527921,35.9
806.1485818782347,35.9
810.3623315023465,35.9
814.59810645317,35.9
818.8560218573906,35.9
823.1361934434566,36.0
827.4387375447371,36.1
831.7637711026708,36.2
836.1114116699566,36.2
840.4817774137397,36.3
844.8749871188272,36.4
849.2911601909162,36.4
853.7304166598383,36.4
858.1928771828257,36.4
862.6786630477819,36.4
867.1878961765907,36.4
871.7206991284164,36.4
876.2771951030477,36.4
880.8575079442367,36.4
885.4617621430697,36.4
890.0900828413493,36.4
894.742595834996,36.4
899.4194275774676,36.4
904.1207051831946,36.4
908.8465564310401,36.4
913.5971097677627,36.4
918.3724943115215,36.4
923.1728398553701,36.4
927.998276870799,36.4
932.8489365112713,36.4
937.7249506157918,36.3
942.6264517124897,36.2
947.5535730222193,36.2
952.5064484621864,36.2
957.4852126495767,36.2
962.4900009052299,36.2
967.5209492573013,36.2
972.5781944449744,36.1
977.6618739221665,36.0
982.772125861269,35.9
987.9090891569025,35.8
993.0729034296917,35.7
998.26370903006,35.7
1003.4816470420445,35.7
1008.7268592871307,35.7
1013.9994883281055,35.6
1019.2996774729368,35.6
1024.627570778662,35.5
1029.9833130553077,35.5
1035.3670498698243,35.4
1040.778927550043,35.4
1046.219093188652,35.4
1051.687694647196,35.3
1057.1848805600926,35.2
1062.7108003386745,35.1
1068.2656041752484,35.0
1073.849443047181,34.9
1079.4624687209969,34.8
1085.104833756507,34.7
1090.7766915109553,34.5
1096.4781961431852,34.4
1102.2095026178308,34.4
1107.9707667095288,34.3
1113.7621450071517,34.3
1119.5837949180645,34.2
1125.4358746724013,34.1
1131.3185433273702,33.9
1137.231960771571,33.7
1143.1762877293438,33.6
1149.1516857651375,33.5
1155.1583172879002,33.4
1161.1963455554942,33.3
1167.2659346791324,33.1
1173.3672496278396,33.0
1179.5004562329357,32.9
1185.6657211925422,32.7
1191.8632120761172,32.6
1198.0930973290035,32.5
1204.355546277011,32.4
1210.650729131018,32.3
1216.9788169915967,32.1
1223.3399818536654,31.9
1229.7343966111616,31.8
1236.162235061742,31.7
1242.6236719115057,31.5
1249.1188827797416,31.4
1255.6480442037073,31.3
1262.2113336434193,31.2
1268.8089294864806,31.1
1275.4410110529293,30.9
1282.1077586001115,30.7
1288.8093533275808,30.6
1295.5459773820237,30.5
1302.3178138622095,30.3
1309.1250468239675,30.2
1315.967861285188,30.1
1322.8464432308563,30.0
1329.7609796180998,29.9
1336.7116583812742,29.7
1343.6986684370715,29.5
1350.7221996896535,29.3
1357.782443035813,29.2
1364.879590370164,29.1
1372.0138345903551,28.6
1379.1853696023147,28.0
1386.3943903255179,27.7
1393.6410926982915,27.3
1400.9256736831292,27.0
1408.248331272053,26.8
1415.6092644919916,26.6
1423.0086734101894,26.6
1430.4467591396458,26.6
1437.9237238445805,26.7
1445.439770745928,26.7
1452.9951041268616,26.7
1460.589929338344,26.7
1468.224452804715,26.7
1475.898882029292,26.7
1483.6134256000173,26.7
1491.3682931951248,26.7
1499.1636955888393,26.7
1506.999844657106,26.6
1514.8769533833477,26.6
1522.7952358642551,26.6
1530.754907315605,26.6
1538.7561840781082,26.6
1546.799283623296,26.6
1554.8844245594228,26.5
1563.0118266374113,26.5
1571.181710756826,26.4
1579.3942989718767,26.4
1587.649814497453,26.4
1595.9484817151922,26.4
1604.2905261795772,26.3
1612.6761746240677,26.3
1621.1056549672617,26.2
1629.5791963190893,26.2
1638.097028987047,26.2
1646.6593844824454,26.2
1655.266495526711,26.2
1663.9185960577072,26.3
1672.6159212360947,26.4
1681.3587074517213,26.4
1690.1471923300487,26.4
1698.9816147386093,26.4
1707.8622147934998,26.4
1716.789233865905,26.4
1725.7629145886658,26.4
1734.7835008628629,26.4
1743.8512378644525,26.4
1752.9663720509295,26.4
1762.1291511680254,26.4
1771.3398242564415,26.4
1780.598641658619,26.4
1789.9058550255418,26.4
1799.2617173235774,26.4
1808.6664828413498,26.4
1818.1204071966588,26.4
1827.6237473434162,26.4
1837.1767615786375,26.4
1846.7797095494598,26.3
1856.4328522602,26.2
1866.1364520794475,26.1
1875.8907727471963,26.0
1885.6960793820124,25.9
1895.552638488241,25.9
1905.4607179632462,25.9
1915.4205871047022,25.8
1925.4325166178992,25.8
1935.4967786231095,25.7
1945.6136466629825,25.7
1955.783395709978,25.6
1966.006302173841,25.6
1976.282643909114,25.5
1986.6127002226892,25.5
1996.996751881399,25.4
2007.4350811196462,25.4
2017.927971647083,25.4
2028.4757086563097,25.4
2039.078578830634,25.4
2049.736870351861,25.3
2060.4508729081267,25.2
2071.22087770177,25.2
2082.0471774572497,25.2
2092.9300664290977,25.2
2103.8698404099196,25.2
2114.8667967384304,25.2
2125.9212343075446,25.2
2137.0334535724887,25.2
2148.2037565589744,25.2
2159.4324468714053,25.2
2170.71982970113,25.2
2182.0662118347364,25.1
2193.4719016623894,25.0
2204.937209186215,25.0
2216.4624460287228,25.0
2228.0479254412767,25.0
2239.6939623126154,25.0
2251.4008731773993,24.9
2263.168976224821,24.8
2274.9985913072546,24.6
2286.890039948944,24.6
2298.843645354747,24.5
2310.8597324189163,24.5
2322.9386277339318,24.4
2335.0806595993763,24.3
2347.2861580308577,24.3
2359.5554547689862,24.2
2371.8888832883777,24.2
2384.2867788067265,24.2
2396.7494782939148,24.1
2409.2773204811715,24.0
2421.8706458702773,24.0
2434.5297967428205,24.0
2447.2551171695004,24.0
2460.0469530194778,23.9
2472.905651969775,23.8
2485.8315635147337,23.8
2498.825038975499,23.8
2511.88643150958,23.8
2525.0160961204438,23.8
2538.2143896671673,23.9
2551.481670874133,24.0
2564.8183003407817,24.0
2578.224640551411,24.0
2591.7010558850307,24.0
2605.247912625263,24.0
2618.8655789702975,24.0
2632.5544250429093,24.0
2646.314822900502,24.0
2660.14714654523,24.1
2674.051771934164,24.2
2688.029076989506,24.2
2702.079441608862,24.2
2716.20324767557,24.3
2730.400879069075,24.4
2744.6727216753675,24.5
2759.0191633974646,24.5
2773.440594165967,24.5
2787.9374059496395,24.5
2802.509992766076,24.5
2817.1587506924047,24.6
2831.8840778760564,24.7
2846.686374545581,24.7
2861.5660430215316,24.7
2876.5234877273942,24.7
2891.5591152005823,24.7
2906.6733341034837,24.7
2921.8665552345788,24.8
2937.139191539587,24.9
2952.4916581227058,25.0
2967.9243722578863,25.1
2983.4377534001765,25.1
2999.0322231971227,25.2
3014.7082055002275,25.2
3030.466126376471,25.3
3046.306414119893,25.3
3062.229499263226,25.4
3078.2358145896155,25.7
3094.325795144359,25.9
3110.4998782467446,26.0
3126.7585035019356,26.2
3143.1021128129173,26.3
3159.5311503925072,26.4
3176.0460627754296,26.5
3192.6472988304513,26.5
3209.335309772584,26.6
3226.1105491753406,26.6
3242.973472983081,26.7
3259.924539523382,26.7
3276.9642095195077,26.8
3294.0929461029286,26.8
3311.311214825911,26.9
3328.6194836741684,27.0
3346.018223079582,27.0
3363.507905932988,27.1
3381.089007597027,27.0
3398.762005919066,26.9
3416.527381244194,26.8
3434.385616428264,26.7
3452.337196851022,26.7
3470.382610429304,26.6
3488.5223476302926,26.5
3506.7569014848486,26.3
3525.0867676009134,26.1
3543.512444176976,26.0
3562.034432015617,25.9
3580.6532345371147,25.8
3599.369357793143,25.7
3618.1833104805046,25.5
3637.095603954969,25.4
3656.1067522451726,25.3
3675.2172720665826,25.2
3694.4276828355482,25.1
3713.738506683413,25.0
3733.1502684707093,24.9
3752.6634958014215,24.8
3772.2787190373247,24.7
3791.9964713124127,24.6
3811.817288547367,24.5
3831.7417094641373,24.3
3851.7702756005806,24.2
3871.9035313251793,24.1
3892.1420238518376,24.0
3912.4863032547537,24.0
3932.936922483372,23.9
3953.4944373774106,23.9
3974.1594066819653,23.8
3994.9323920627126,23.8
4015.8139581211503,23.8
4036.8046724099613,23.7
4057.9051054484326,23.7
4079.115830737964,23.6
4100.437424777656,23.5
4121.870467079975,23.4
4143.41554018651,23.3
4165.0732296838005,23.2
4186.844124219257,23.1
4208.728815517151,23.0
4230.72789839472,22.9
4252.841970778305,22.8
4275.071633719623,22.7
4297.417491412092,22.5
4319.880151207261,22.3
4342.460223631314,22.2
4365.158322401661,22.1
4387.975064443623,22.0
4410.911069907196,21.9
4433.9669621839075,21.8
4457.1433679237725,21.7
4480.4409170523,21.7
4503.860242787635,21.6
4527.40198165776,21.5
4551.0667735177985,21.3
4574.855261567406,21.1
4598.768092368251,20.9
4622.80591586159,20.8
4646.969385385929,20.7
4671.25915769478,20.4
4695.675892974527,20.2
4720.220254862348,20.1
4744.892910464259,20.0
4769.694530373255,20.0
4794.625788687525,19.9
4819.68736302878,19.8
4844.87993456067,19.7
4870.204188007296,19.6
4895.660811671819,19.5
4921.250497455168,19.4
4946.973940874864,19.4
4972.8318410838865,19.3
4998.824900889706,19.3
5024.953826773381,19.3
5051.219328908747,19.3
5077.622121181736,19.3
5104.162921209768,19.2
5130.842450361258,19.2
5157.661433775227,19.2
5184.620600380999,19.1
5211.720682918039,19.0
5238.962417955835,18.8
5266.346545913939,18.5
5293.873811082085,18.2
5321.544961640422,18.0
5349.360749679845,17.8
5377.321931222439,17.2
5405.429266242027,16.8
5433.683518684824,17.2
5462.085456490198,17.8
5490.635851611563,18.2
5519.335480037329,18.6
5548.185121812011,18.9
5577.185561057427,19.2
5606.337585994012,19.7
5635.641988962242,21.2
5665.0995664441625,22.4
5694.7111190850455,22.6
5724.477451715144,22.8
5754.399373371566,23.0
5784.477697320285,23.2
5814.713241078208,23.5
5845.10682643542,23.7
5875.659279477514,23.8
5906.371430608045,23.9
5937.244114571097,23.9
5968.278170473975,24.0
5999.4744418100045,24.0
6030.833776481469,24.0
6062.357026822636,24.0
6094.045049622959,24.1
6125.898706150321,24.1
6157.918862174471,24.2
6190.106387990547,24.2
6222.462158442733,24.3
6254.987052948034,24.3
6287.681955520183,24.4
6320.547754793659,24.4
6353.585344047851,24.5
6386.795621231329,24.7
6420.179488986247,24.9
6453.7378546729,25.0
6487.471630394349,25.0
6521.381733021235,25.0
6555.469084216698,25.0
6589.734610461422,24.9
6624.179243078815,24.8
6658.80391826033,24.7
6693.609577090902,24.6
6728.597165574533,24.5
6763.767634659991,24.3
6799.1219402666875,24.2
6834.661043310619,24.1
6870.385909730507,23.9
6906.297510514049,23.7
6942.39682172431,23.6
6978.684824526248,23.5
7015.162505213385,23.3
7051.830855234612,23.1
7088.690871221135,23.0
7125.7435550135615,22.9
7162.989913689153,22.8
7200.430959589155,22.7
7238.067710346342,22.4
7275.901188912673,22.0
7313.932423587085,21.8
7352.162448043451,21.6
7390.59230135867,21.4
7429.22302804091,21.2
7468.055678057999,20.9
7507.091306865953,20.6
7546.330975437692,20.2
7585.775750291836,20.0
7625.426703521717,19.8
7665.284912824515,19.6
7705.351461530549,19.4
7745.627438632719,19.2
7786.113938816104,19.0
7826.81206248772,18.7
7867.722915806424,18.4
7908.847610712972,18.1
7950.187264960275,17.9
7991.743002143727,17.8
8033.515951731782,17.7
8075.507249096639,17.6
8117.718035545101,17.6
8160.149458349601,17.6
8202.80267077938,17.6
8245.67883213183,17.7
8288.77910776401,17.8
8332.104669124305,17.9
8375.656693784302,17.9
8419.436365470749,18.0
8463.444874097753,18.2
8507.683415799123,18.4
8552.153192960874,18.5
8596.855414253905,18.6
8641.791294666864,18.6
8686.962055539152,18.7
8732.36892459413,18.9
8778.01313597248,19.1
8823.895930265779,19.2
8870.018554550163,19.3
8916.382262420266,19.5
8962.988314023276,19.7
9009.83797609319,19.8
9056.932521985234,19.9
9104.273231710486,20.0
9151.861391970657,20.0
9199.698296193066,20.0
9247.785244565785,20.0
9296.12354407301,19.9
9344.714508530542,19.8
9393.559458621517,19.3
9442.659721932305,18.7
9492.016632988581,18.3
9541.631533291613,18.0
9591.505771354708,17.6
9641.64070273987,17.3
9692.037690094652,16.9
9742.698103189163,16.6
9793.623318953358,15.2
9844.814721514387,13.8
9896.27370223427,13.6
9948.001659747684,13.2
10000.0,12.8
10052.270136285486,12.6
10104.813489285681,12.5
10157.6314871081,12.5
10210.725565324987,12.6
10264.09716701231,12.7
10317.747742788988,13.0
10371.678750856474,13.3
10425.891657038128,13.5
10480.387934819217,13.7
10535.16906538697,13.9
10590.236537670813,14.0
10645.591848382772,14.1
10701.236502058211,14.2
10757.172011096769,14.3
10813.399895803414,14.3
10869.921684429703,14.3
10926.73891321545,14.2
10983.85312643042,14.2
11041.265876416248,14.2
11098.978723628681,14.1
11156.993236680037,13.8
11215.310992381786,13.4
11273.933575787378,13.0
11332.862580235347,12.8
11392.099607392682,12.6
11451.646267298307,12.4
11511.504178406769,12.1
11571.674967632372,11.4
11632.16027039332,10.9
11692.961730656129,10.8
11754.08100098034,10.7
11815.519742563505,10.5
11877.27962528627,10.5
11939.362327757724,10.5
12001.76953736107,10.5
12064.50295029953,10.4
12127.56427164241,10.4
12190.95521537136,10.3
12254.677504427105,10.2
12318.732870756214,10.1
12383.123055358106,10.0
12447.849808332432,9.8
12512.914888926687,9.5
12578.320065583976,9.3
12644.067115991029,9.3
12710.157827126544,9.6
12776.593995309939,10.0
12843.377426249857,10.3
12910.50993509343,11.1
12977.99334647565,11.8
13045.829494568892,12.1
13114.020223132724,12.2
13182.567385564074,12.4
13251.472844947652,12.5
13320.738474106534,12.7
13390.366155652993,12.8
13460.35778203982,12.9
13530.715255611682,12.9
13601.440488656775,12.8
13672.535403458849,12.6
13744.001932349513,12.6
13815.842017760702,12.8
13888.057612277411,13.4
13960.650678690825,14.0
14033.62319005172,14.1
14106.977129724035,14.3
14180.714491438697,14.5
14254.837279347976,14.7
14329.347508079869,14.8
14404.247202792812,14.9
14479.538399230763,15.0
14555.223143778607,14.9
14631.303493517702,14.7
14707.78151628175,14.4
14784.65929071304,14.3
14861.938906319014,14.2
14939.622463529,14.1
15017.712073751207,14.0
15096.209859430292,13.5
15175.117954104964,13.1
15254.438502465904,12.9
15334.173660414117,12.8
15414.325595119602,12.8
15494.896485080177,12.7
15575.88852018064,12.2
15657.303901752315,11.7
15739.1448426331,11.2
15821.413567227246,10.5
15904.112311566014,10.0
15987.243323368504,9.6
16070.808862102673,8.8
16154.811199046684,8.0
16239.252617350698,8.1
16324.135412099,8.5
16409.461890372313,9.0
16495.23437131044,9.4
16581.455186175313,9.5
16668.12667841462,9.5
16755.251203725067,9.5
