10.0,25.0
10.052270136285475,25.1
10.104813489285682,25.1
10.157631487108103,25.2
10.210725565324982,25.2
10.264097167012295,25.3
10.317747742789004,25.3
10.371678750856479,25.3
10.425891657038118,25.3
10.480387934819216,25.3
10.535169065386981,25.4
10.590236537670812,25.4
10.64559184838276,25.4
10.701236502058206,25.5
10.757172011096776,25.6
10.813399895803409,25.6
10.869921684429707,25.6
10.926738913215466,25.7
10.98385312643042,25.8
11.041265876416237,25.8
11.098978723628681,25.8
11.156993236680048,25.8
11.215310992381788,25.8
11.27393357578736,25.8
11.332862580235341,25.9
11.392099607392687,25.9
11.451646267298301,26.0
11.511504178406776,26.1
11.571674967632385,26.2
11.632160270393321,26.3
11.692961730656117,26.3
11.75408100098034,26.4
11.815519742563518,26.5
11.87727962528627,26.5
11.939362327757706,26.5
12.001769537361062,26.5
12.064502950299536,26.5
12.127564271642404,26.5
12.190955215371359,26.6
12.254677504427118,26.6
12.318732870756214,26.7
12.383123055358094,26.7
12.447849808332432,26.8
12.5129148889267,26.8
12.578320065583968,26.8
12.644067115991009,26.8
12.710157827126565,26.8
12.776593995309947,26.8
12.843377426249843,26.9
12.910509935093431,27.0
12.977993346475664,27.0
13.045829494568892,27.0
13.11402022313271,27.0
13.182567385564074,27.0
13.251472844947658,27.0
13.320738474106527,27.1
13.390366155653,27.2
13.460357782039841,27.2
13.530715255611682,27.2
13.601440488656761,27.2
13.672535403458848,27.2
13.744001932349526,27.4
13.815842017760701,27.5
13.888057612277397,27.5
13.960650678690818,27.5
14.033623190051728,27.5
14.10697712972403,27.5
14.180714491438705,27.5
14.25483727934799,27.5
14.32934750807987,27.6
14.404247202792797,27.7
14.479538399230764,27.7
14.55522314377862,27.8
14.631303493517702,27.9
14.707781516281727,27.9
14.784659290713032,27.9
14.861938906319022,27.9
14.939622463528993,27.9
15.017712073751214,27.9
15.096209859430308,27.9
15.175117954104964,27.9
15.254438502465888,27.9
15.334173660414118,28.0
15.414325595119617,28.0
15.494896485080169,28.0
15.575888520180618,28.0
15.65730390175234,28.1
15.73914484263311,28.2
15.821413567227237,28.2
15.904112311566013,28.2
15.98724332336852,28.2
16.070808862102673,28.2
16.154811199046666,28.2
16.239252617350697,28.2
16.324135412099007,28.3
16.409461890372306,28.4
16.495234371310413,28.4
16.58145518617534,28.4
16.668126678414627,28.4
16.755251203725052,28.4
16.84283113011666,28.6
16.930868837977105,28.7
17.01936672013636,28.7
17.108327181931763,28.7
17.197752641273365,28.7
17.28764552870969,28.7
17.378008287493753,28.7
17.4688433736495,28.7
17.560153256038525,28.7
17.651940416427212,28.7
17.744207349554188,28.8
17.836956563198083,28.8
17.93019057824573,28.9
18.023911928760675,28.9
18.118123162052047,28.9
18.21282683874379,28.9
18.30802553284428,28.9
18.403721831816252,28.9
18.499918336647156,28.9
18.59661766191982,29.0
18.69382243588356,29.1
18.791535300525574,29.1
18.889758911642755,29.1
18.98849593891389,29.1
19.08774906597221,29.1
19.187520990478333,29.1
19.287814424193606,29.1
19.388632093053765,29.1
19.48997673724305,29.1
19.591851111268685,29.2
19.69425798403576,29.2
19.79720013892245,29.2
19.90068037385568,29.2
20.004701501387192,29.2
20.109266348769967,29.2
20.214377758035074,29.2
20.320038586068932,29.2
20.426251704690927,29.2
20.533020000731486,29.2
20.64034637611054,29.3
20.748233747916412,29.4
20.856685048485062,29.4
20.965703225479817,29.4
21.075291241971485,29.4
21.185452076518878,29.4
21.296188723249774,29.4
21.407504191942323,29.4
21.519401508106792,29.4
21.631883713067854,29.5
21.744953864047204,29.6
21.858615034246718,29.6
21.972870312931903,29.6
22.087722805515906,29.6
22.203175633643916,29.6
22.319231935278008,29.6
22.435894864782412,29.6
22.553167593009288,29.6
22.671053307384867,29.6
22.789555211996095,29.6
22.908676527677724,29.6
23.028420492099883,29.6
23.148790359856015,29.6
23.26978940255137,29.8
23.391420908891938,29.9
23.51368818477381,29.9
23.63659455337303,29.9
23.760143355235964,29.9
23.884337948370025,29.9
24.009181708334992,29.9
24.134678028334722,29.9
24.260830319309434,29.9
24.387642010028344,29.9
24.515116547182902,29.9
24.64325739548046,29.9
24.772068037738443,30.0
24.901551974979007,30.0
25.031712726524198,30.1
25.162553830091625,30.1
25.294078841890578,30.1
25.426291336718684,30.1
25.559194908059133,30.1
25.692793168178262,30.1
25.827089748223784,30.1
25.96208829832347,30.1
26.097792487684362,30.1
26.234206004692496,30.1
26.371332557013133,30.1
26.5091758716916,30.1
26.647739695254497,30.1
26.787027793811582,30.2
26.9270439531581,30.3
27.06779197887776,30.3
27.209275696446046,30.3
27.351498951334275,30.3
27.494465609114105,30.3
27.638179555562576,30.3
27.782644696767733,30.3
27.92786495923483,30.3
28.07384428999299,30.3
28.220586656702505,30.3
28.368096047762684,30.3
28.516376472420284,30.3
28.66543196087842,30.3
28.815266564406134,30.3
28.965884355448516,30.3
29.11728942773738,30.3
29.26948589640251,30.3
29.42247789808359,30.4
29.57626959104251,30.4
29.730865155276486,30.4
29.88626879263161,30.4
30.04248472691713,30.4
30.19951720402016,30.4
30.357370492021133,30.4
30.516048881309793,30.4
30.675556684701824,30.4
30.835898237556027,30.4
30.99707789789224,30.4
31.15910004650967,30.4
31.321969087106055,30.4
31.485689446397288,30.4
31.650265574237824,30.4
31.815701943741516,30.4
31.98200305140326,30.4
32.14917341722119,30.4
32.31721758481955,30.4
32.486140121572134,30.4
32.655945618726484,30.4
32.82663869152868,30.4
32.99822397934869,30.4
33.170706145806605,30.5
33.34408987889928,30.5
33.51837989112781,30.6
33.69358091962557,30.6
33.86969772628702,30.6
34.04673509789711,30.6
34.224697846261364,30.6
34.40359080833668,30.6
34.58341884636283,30.6
34.764186847994516,30.6
34.94589972643436,30.6
35.12856242056629,30.6
35.312179895089876,30.6
35.496757140655234,30.6
35.68229917399868,30.6
35.86881103807908,30.6
36.05629780221492,30.6
36.24476456222205,30.6
36.434216440552284,30.6
36.6246585864325,30.6
36.81609617600466,30.6
37.00853441246656,30.6
37.2019785262131,30.6
37.39643377497855,30.6
37.591905443979435,30.6
37.788398846058186,30.6
37.985919321827524,30.6
38.184472239815605,30.6
38.384062996612016,30.6
38.584697017014335,30.6
38.786379754175634,30.6
38.98911668975273,30.6
39.1929133340551,30.6
39.39777522619469,30.6
39.60370793423646,30.6
39.810717055349734,30.6
40.0188082159603,30.6
40.227987071903335,30.6
40.43825930857721,30.6
40.64963064109788,30.6
40.8621068144543,30.6
41.075693603664625,30.6
41.29039681393302,30.6
41.506222280807584,30.6
41.72317587033889,30.6
41.94126347923944,30.6
42.16049103504393,30.6
42.38086449627034,30.6
42.60238985258197,30.6
42.825073124950116,30.6
43.04892036581776,30.6
43.27393765926414,30.6
43.500131121170035,30.6
43.727506899384,30.6
43.956071173889484,30.6
44.18583015697281,30.6
44.416790093392,30.6
44.648957260546474,30.6
44.88233796864779,30.6
45.116938560890986,30.6
45.35276541362708,30.6
45.58982493653644,30.6
45.82812357280281,30.6
46.067667799288614,30.6
46.308464126710895,30.6
46.55051909981832,30.6
46.793839297569036,30.6
47.03843133330949,30.6
47.28430185495417,30.6
47.531457545166376,30.6
47.77990512153967,30.6
48.02965133678067,30.6
48.28070297889241,30.6
48.53306687135893,30.6
48.78674987333074,30.6
49.041758879811184,30.6
49.298100821843896,30.6
49.55578266670119,30.6
49.81481141807335,30.6
50.07519411625915,30.6
50.336937838356974,30.5
50.60004969845742,30.5
50.86453684783644,30.4
51.13040647514984,30.4
51.39766580662862,30.4
51.66632210627541,30.4
51.93638267606184,30.4
52.20785485612707,30.4
52.48074602497726,30.4
52.75506359968615,30.4
53.030815036096584,30.4
53.308007829023246,30.4
53.58664951245627,30.4
53.866747659766084,30.4
54.148309883909214,30.4
54.431343837635225,30.4
54.7158572136947,30.4
55.00185774504835,30.4
55.28935320507712,30.4
55.57835140779364,30.4
55.86886020805435,30.4
56.160887501773274,30.4
56.45444122613637,30.4
56.74952935981742,30.4
57.04615992319485,30.4
57.34434097856969,30.4
57.64408063038476,30.4
57.94538702544487,30.4
58.24826835313831,30.3
58.552732845659456,30.3
58.85878877823242,30.3
59.166444469336014,30.3
59.475708280929936,30.3
59.786588618681876,30.3
60.0990939321961,30.3
60.41323271524305,30.3
60.72901350599024,30.3
61.046444887234294,30.3
61.365535486634215,30.3
61.686293976945976,30.3
62.008729076258064,30.3
62.332849548228545,30.3
62.658664202323344,30.3
62.98618189405547,30.3
63.315411525225876,30.3
63.64636204416533,30.3
63.979042445977655,30.3
64.31346177278421,30.2
64.64962911396958,30.1
64.98755360642885,30.1
65.32724443481563,30.1
65.66871083179183,30.1
66.01196207827876,30.1
66.35700750370908,30.1
66.7038564862806,30.1
67.05251845321108,30.1
67.40300288099445,30.1
67.75531929565844,30.1
68.1094772730234,30.1
68.46548643896274,30.1
68.82335646966433,30.1
69.18309709189363,30.1
69.54471808325809,30.1
69.90822927247277,30.1
70.27364053962762,30.1
70.6409618164559,30.1
71.01020308660422,30.1
71.38137438590384,30.1
71.75448580264342,30.1
72.12954747784322,30.1
72.50656960553087,30.1
72.88556243301818,30.1
73.26653626117992,30.1
73.64950144473359,30.1
74.03446839252094,30.1
74.42144756779092,30.1
74.810449488484,30.1
75.20148472751808,30.1
75.59456391307583,30.1
75.98969772889355,30.1
76.38689691455168,30.1
76.78617226576647,30.1
77.18753463468363,30.1
77.59099493017311,30.1
77.99656411812569,30.1
78.404253221751,30.1
78.8140733218772,30.1
79.226035557252,30.1
79.64015112484554,30.1
80.05643128015467,30.1
80.47488733750892,30.1
80.89553067037787,30.1
81.31837271168051,30.1
81.74342495409579,30.1
82.170698950375,30.1
82.60020631365589,30.1
83.03195871777821,30.1
83.46596789760103,30.1
83.90224564932171,30.1
84.34080383079642,30.1
84.78165436186265,30.1
85.22480922466286,30.1
85.67028046397054,30.1
86.11808018751721,30.1
86.56822056632171,30.1
87.020713835021,30.1
87.47557229220259,30.1
87.93280830073893,30.1
88.39243428812335,30.1
88.85446274680783,30.1
89.31890623454267,30.1
89.78577737471758,30.1
90.25508885670492,30.1
90.72685343620469,30.1
91.20108393559097,30.1
91.67779324426061,30.1
92.15699431898352,30.1
92.63870018425483,30.1
93.12292393264887,30.1
93.60967872517497,30.1
94.09897779163542,30.1
94.5908344309847,30.1
95.0852620116911,30.1
95.58227397210023,30.0
96.08188382079996,29.9
96.5841051369878,29.9
97.08895157083991,29.9
97.59643684388209,29.9
98.10657474936274,29.9
98.61937915262773,29.9
99.13486399149741,29.9
99.65304327664518,29.9
100.17393109197839,29.9
100.69754159502135,29.9
101.22388901729977,29.9
101.75298766472777,29.9
102.28485191799675,29.8
102.81949623296607,29.7
103.35693514105618,29.6
103.89718324964329,29.6
104.44025524245698,29.6
104.98616587997819,29.6
105.53492999984189,29.6
106.08656251723878,29.6
106.64107842532215,29.6
107.19849279561431,29.6
107.75882077841675,29.6
108.32207760322176,29.6
108.88827857912626,29.6
109.45743909524856,29.6
110.02957462114523,29.6
110.60470070723336,29.6
111.18283298521138,29.5
111.76398716848561,29.5
112.3481790525961,29.4
112.93542451564652,29.4
113.5257395187356,29.4
114.11914010639099,29.4
114.71564240700522,29.4
115.3152626332741,29.4
115.91801708263789,29.4
116.52392213772293,29.4
117.13299426678874,29.4
117.74525002417371,29.3
118.36070605074681,29.2
118.97937907435858,29.2
119.60128591029638,29.2
120.22644346174131,29.2
120.85486872022751,29.2
121.4865787661046,29.2
122.12159076900052,29.2
122.75992198829012,29.2
123.40158977356222,29.2
124.04661156509306,29.2
124.69500489431896,29.2
125.34678738431336,29.1
126.00197675026583,29.1
126.6605907999634,29.1
127.3226474342747,29.1
127.98816464763628,29.1
128.6571605285424,29.1
129.32965326003517,29.1
130.00566112020084,29.1
130.68520248266435,29.1
131.36829581709074,29.1
132.05495968968575,29.1
132.74521276370103,29.0
133.43907379994133,29.0
134.1365616572744,28.9
134.83769529314347,28.9
135.54249376408254,28.9
136.25097622623485,28.9
136.96316193587217,28.9
137.67907024992007,28.9
138.39872062648203,28.9
139.1221326253702,28.9
139.84932590863562,28.9
140.58032024110324,28.9
141.31513549090906,28.9
142.05379163003997,28.9
142.7963087348772,28.9
143.5427069867405,28.8
144.29300667243896,28.7
145.04722818481977,28.7
145.80539202332486,28.7
146.56751879454652,28.7
147.333629212788,28.7
148.1037441006266,28.7
148.87788438947953,28.7
149.65607112017267,28.7
150.43832544351253,28.7
151.2246686208618,28.6
152.01512202471548,28.5
152.80970713928414,28.4
153.6084455610754,28.4
154.41135899948313,28.4
155.218469277376,28.4
156.02979833169113,28.4
156.8453682140304,28.3
157.66520109125955,28.2
158.48931924611142,28.2
159.3177450777899,28.2
160.15050110258113,28.2
160.9876099544629,28.2
161.82909438572216,28.1
162.67497726757185,28.1
163.52528159077312,28.0
164.38003046626017,28.0
165.23924712576837,27.9
166.1029549224657,27.9
166.97117733158728,27.9
167.8439379510743,27.9
168.72126050221348,27.9
169.60316883028446,27.9
170.48968690520502,27.9
171.38083882218535,27.9
172.27664880238083,27.9
173.17714119355136,27.9
174.08234047072295,27.9
174.99227123685273,27.9
175.9069582234984,27.9
176.82642629148881,27.9
177.75070043160196,27.9
178.67980576524164,27.9
179.61376754512278,27.9
180.55261115595593,27.9
181.49636211513797,27.9
182.44504607344558,27.9
183.39868881573247,27.9
184.35731626163007,27.9
185.3209544662519,27.9
186.28962962090262,27.9
187.26336805378796,27.9
188.24219623073301,27.9
189.2261407558986,27.9
190.21522837250714,27.8
191.20948596356752,27.7
192.20894055260666,27.7
193.21361930440384,27.7
194.22354952572874,27.7
195.2387586660848,27.7
196.25927431845295,27.7
197.28512422004457,27.7
198.31633625305224,27.7
199.35293844541056,27.7
200.39495897155572,27.7
201.4424261531923,27.7
202.4953684600627,27.7
203.55381451072122,27.6
204.6177930733116,27.5
205.6873330663489,27.5
206.76246355950653,27.5
207.84321377440395,27.5
208.92961308540407,27.5
210.02169102040844,27.5
211.11947726166272,27.5
212.22300164656127,27.5
213.33229416845913,27.5
214.447384977487,27.5
215.5683043813707,27.5
216.69508284625502,27.5
217.8277509975314,27.5
218.9663396206716,27.5
220.1108796620618,27.5
221.26140222984722,27.5
222.41793859477394,27.5
223.5805201910423,27.4
224.74917861715863,27.3
225.9239456367954,27.2
227.10485317965416,27.2
228.29193334233327,27.2
229.48521838920135,27.2
230.68474075327168,27.2
231.89053303708724,27.2
233.102628013603,27.2
234.32105862708036,27.2
235.5458579939798,27.1
236.77705940386227,27.1
238.0146963202937,27.0
239.25880238175446,27.0
240.50941140255387,27.0
241.76655737374873,27.0
243.03027446406858,27.0
244.30059702084168,27.0
245.57755957093218,27.0
246.86119682167464,27.0
248.1515436618211,27.0
249.44863516248657,27.0
250.75250657810346,27.0
252.0631933473797,27.0
253.3807310942614,27.0
254.7051556289027,27.0
256.03650294863604,27.0
257.3748092389545,27.0
258.72011087449107,27.0
260.0724444200114,27.0
261.4318466314045,27.0
262.79835445668317,27.0
264.17200503698814,26.9
265.5528357075972,26.8
266.94088399894025,26.8
268.336187637619,26.8
269.7387845474336,26.8
271.1487128504106,26.8
272.56601086784315,26.8
273.9907171213279,26.8
275.4228703338166,26.8
276.86250943066517,26.7
278.30967354069315,26.7
279.764401997247,26.7
281.2267343392687,26.7
282.6967103123723,26.7
284.1743698699204,26.7
285.65975317411466,26.7
287.152900597083,26.7
288.6538527219809,26.7
290.16265034409145,26.7
291.67933447193553,26.7
293.203946328386,26.7
294.7365273517884,26.6
296.27711919708696,26.5
297.8257637369567,26.5
299.38250306294265,26.5
300.947379486601,26.5
302.52043554065347,26.5
304.1017139801383,26.5
305.69125778357716,26.4
307.2891101541398,26.3
308.8953145208197,26.3
310.5099145396145,26.3
312.1329540947119,26.3
313.76447729968413,26.3
315.40452849868336,26.3
317.0531522676519,26.3
318.71039341552853,26.3
320.3762969854716,26.3
322.05090825607795,26.3
323.7342727426186,26.2
325.4264361982722,26.1
327.1274446153702,26.0
328.83734422664674,26.0
330.55618150649445,26.0
332.28400317222986,26.0
334.02085618535915,26.0
335.76678775285944,26.0
337.52184532845695,26.0
339.28607661392135,26.0
341.0595295603587,25.9
342.84225236951676,25.8
344.63429349509414,25.8
346.4357016440579,25.8
348.24652577796684,25.8
350.06681511430224,25.8
351.8966191278073,25.7
353.7359875518278,25.6
355.5849703796693,25.6
357.44361786595016,25.6
359.3119805279728,25.6
361.1901091470929,25.6
363.0780547701014,25.6
364.9758687106112,25.6
366.8836025504522,25.6
368.80130814107446,25.6
370.72903760495365,25.5
372.66684333701346,25.4
374.6147780060434,25.4
376.57289455613636,25.4
378.54124620812286,25.4
380.5198864610201,25.4
382.50886909348526,25.3
384.5082481652772,25.3
386.51807801872604,25.3
388.53841328020957,25.3
390.56930886163985,25.3
392.6108199619517,25.3
394.6630020686084,25.3
396.7259109591041,25.2
398.7996027024853,25.1
400.8841336608706,25.1
402.9795604909844,25.1
405.0859401456969,25.1
407.20332987557106,25.1
409.331787230421,25.1
411.4713700608718,25.1
413.6221365199375,25.1
415.78414506459575,25.0
417.95745445738237,24.9
420.1421237679842,24.9
422.33821237484636,24.9
424.5457799667861,24.9
426.76488654461485,24.9
428.9955924227691,24.9
431.23795823094935,24.9
433.49204491576995,24.9
435.7579137424112,24.8
438.0356262962907,24.7
440.3252444847303,24.6
442.62683053864555,24.6
444.9404470142319,24.6
447.2661567946673,24.6
449.60402309182115,24.6
451.9541094479714,24.6
454.3164797375345,24.6
456.6911981687959,24.5
459.0783292856624,24.4
461.4779379694089,24.4
463.89008944044906,24.4
466.31484926010245,24.4
468.7522833323791,24.4
471.20245790577025,24.4
473.6654395750488,24.4
476.14129528307956,24.4
478.630092322638,24.4
481.1318983382419,24.4
483.6467813279844,24.4
486.1748096453894,24.4
488.7160520012619,24.3
491.27057746556244,24.2
493.8384554692794,24.2
496.4197558063182,24.2
499.01454863539806,24.2
501.6229044819588,24.2
504.24489424007766,24.2
506.88058917439554,24.1
509.53006092205686,24.1
512.1933814946506,24.1
514.8706232801756,24.1
517.5618590449992,24.1
520.2671619358439,24.1
522.9866054817683,24.1
525.7202635961694,24.1
528.4682105787901,24.1
531.230521117739,24.1
534.0072702915224,24.1
536.7985335710792,24.1
539.6043868218401,24.0
542.4249063057814,23.9
545.2601686835053,23.9
548.1102510163182,23.9
550.9752307683272,23.9
553.8551858085453,23.9
556.7501944130083,23.9
559.6603352669016,23.9
562.5856874666987,23.9
565.5263305223134,23.8
568.4823443592555,23.8
571.4538093208106,23.7
574.4408061702153,23.7
577.4434160928608,23.7
580.4617206984933,23.7
583.4958020234345,23.7
586.5457425328113,23.7
589.6116251227962,23.7
592.6935331228639,23.7
595.7915502980484,23.7
598.9057608512304,23.7
602.0362494254149,23.7
605.1831011060411,23.7
608.3464014232891,23.7
611.5262363544065,23.6
614.7226923260454,23.5
617.9358562166111,23.4
621.1658153586235,23.4
624.4126575410903,23.4
627.6764710118958,23.4
630.957344480193,23.4
634.2553671188238,23.3
637.5706285667327,23.3
640.9032189314127,23.2
644.2532287913472,23.2
647.6207491984753,23.2
651.0058716806659,23.2
654.4086882442045,23.2
657.8292913762976,23.2
661.2677740475787,23.2
664.7242297146454,23.2
668.1987523225889,23.2
671.6914363075575,23.2
675.2023765993158,23.2
678.7316686238282,23.2
682.2794083058518,23.2
685.8456920715438,23.2
689.4306168510824,23.2
693.0342800813003,23.2
696.6567797083366,23.2
700.2982141902914,23.2
703.9586824999124,23.2
707.6382841272731,23.2
711.3371190824884,23.2
715.0552878984242,23.2
718.7928916334344,23.2
722.5500318741055,23.2
726.3268107380181,23.2
730.123330876526,23.2
733.9396954775374,23.2
737.7760082683312,23.2
741.6323735183645,23.2
745.508896042117,23.2
749.4056812019327,23.2
753.3228349108862,23.2
757.2604636356614,23.2
761.2186743994453,23.2
765.1975747848361,23.2
769.1972729367671,23.2
773.2178775654501,23.2
777.2594979493206,23.2
781.3222439380205,23.2
785.406225955371,23.2
789.5115550023859,23.2
793.6383426602791,23.2
797.7867010935024,23.2
801.9567430527921,23.2
806.1485818782347,23.2
810.3623315023465,23.3
814.59810645317,23.4
818.8560218573906,23.4
823.1361934434566,23.4
827.4387375447371,23.4
831.7637711026708,23.4
836.1114116699566,23.4
840.4817774137397,23.4
844.8749871188272,23.4
849.2911601909162,23.4
853.7304166598383,23.6
858.1928771828257,23.7
862.6786630477819,23.7
867.1878961765907,23.7
871.7206991284164,23.7
876.2771951030477,23.7
880.8575079442367,23.7
885.4617621430697,23.7
890.0900828413493,23.7
894.742595834996,23.8
899.4194275774676,23.8
904.1207051831946,23.9
908.8465564310401,23.9
913.5971097677627,23.9
918.3724943115215,23.9
923.1728398553701,24.0
927.998276870799,24.0
932.8489365112713,24.1
937.7249506157918,24.1
942.6264517124897,24.1
947.5535730222193,24.1
952.5064484621864,24.1
957.4852126495767,24.2
962.4900009052299,24.2
967.5209492573013,24.2
972.5781944449744,24.3
977.6618739221665,24.4
982.772125861269,24.4
987.9090891569025,24.4
993.0729034296917,24.4
998.26370903006,24.4
1003.4816470420445,24.4
1008.7268592871307,24.4
1013.9994883281055,24.5
1019.2996774729368,24.5
1024.627570778662,24.6
1029.9833130553077,24.7
1035.3670498698243,24.8
1040.778927550043,24.8
1046.219093188652,24.9
1051.687694647196,24.9
1057.1848805600926,25.0
1062.7108003386745,25.1
1068.2656041752484,25.1
1073.849443047181,25.1
1079.4624687209969,25.1
1085.104833756507,25.1
1090.7766915109553,25.2
1096.4781961431852,25.3
1102.2095026178308,25.3
1107.9707667095288,25.3
1113.7621450071517,25.3
1119.5837949180645,25.3
1125.4358746724013,25.4
1131.3185433273702,25.4
1137.231960771571,25.4
1143.1762877293438,25.4
1149.1516857651375,25.4
1155.1583172879002,25.4
1161.1963455554942,25.4
1167.2659346791324,25.4
1173.3672496278396,25.4
1179.5004562329357,25.5
1185.6657211925422,25.6
1191.8632120761172,25.6
1198.0930973290035,25.6
1204.355546277011,25.6
1210.650729131018,25.6
1216.9788169915967,25.6
1223.3399818536654,25.6
1229.7343966111616,25.6
1236.162235061742,25.5
1242.6236719115057,25.5
1249.1188827797416,25.4
1255.6480442037073,25.4
1262.2113336434193,25.4
1268.8089294864806,25.4
1275.4410110529293,25.4
1282.1077586001115,25.3
1288.8093533275808,25.3
1295.5459773820237,25.3
1302.3178138622095,25.3
1309.1250468239675,25.3
1315.967861285188,25.2
1322.8464432308563,25.2
1329.7609796180998,25.1
1336.7116583812742,25.0
1343.6986684370715,24.9
1350.7221996896535,24.8
1357.782443035813,24.7
1364.879590370164,24.6
1372.0138345903551,24.4
1379.1853696023147,24.2
1386.3943903255179,24.0
1393.6410926982915,23.9
1400.9256736831292,23.8
1408.248331272053,23.7
1415.6092644919916,23.5
1423.0086734101894,23.3
1430.4467591396458,23.1
1437.9237238445805,23.1
1445.439770745928,23.2
1452.9951041268616,23.2
1460.589929338344,23.2
1468.224452804715,23.2
1475.898882029292,23.2
1483.6134256000173,23.2
1491.3682931951248,23.3
1499.1636955888393,23.4
1506.999844657106,23.4
1514.8769533833477,23.4
1522.7952358642551,23.4
1530.754907315605,23.4
1538.7561840781082,23.4
1546.799283623296,23.4
1554.8844245594228,23.5
1563.0118266374113,23.6
1571.181710756826,23.7
1579.3942989718767,23.8
1587.649814497453,23.8
1595.9484817151922,23.9
1604.2905261795772,23.9
1612.6761746240677,23.9
1621.1056549672617,24.0
1629.5791963190893,24.1
1638.097028987047,24.1
1646.6593844824454,24.1
1655.266495526711,24.1
1663.9185960577072,24.1
1672.6159212360947,24.2
1681.3587074517213,24.2
1690.1471923300487,24.2
1698.9816147386093,24.2
1707.8622147934998,24.2
1716.789233865905,24.2
1725.7629145886658,24.3
1734.7835008628629,24.4
1743.8512378644525,24.4
1752.9663720509295,24.5
1762.1291511680254,24.5
1771.3398242564415,24.6
1780.598641658619,24.6
1789.9058550255418,24.6
1799.2617173235774,24.6
1808.6664828413498,24.6
1818.1204071966588,24.6
1827.6237473434162,24.6
1837.1767615786375,24.6
1846.7797095494598,24.5
1856.4328522602,24.4
1866.1364520794475,24.4
1875.8907727471963,24.4
1885.6960793820124,24.4
1895.552638488241,24.3
1905.4607179632462,24.2
1915.4205871047022,24.2
1925.4325166178992,24.1
1935.4967786231095,24.1
1945.6136466629825,24.1
1955.783395709978,24.1
1966.006302173841,24.2
1976.282643909114,24.2
1986.6127002226892,24.2
1996.996751881399,24.3
2007.4350811196462,24.4
2017.927971647083,24.4
2028.4757086563097,24.4
2039.078578830634,24.4
2049.736870351861,24.4
2060.4508729081267,24.4
2071.22087770177,24.4
2082.0471774572497,24.4
2092.9300664290977,24.4
2103.8698404099196,24.4
2114.8667967384304,24.4
2125.9212343075446,24.4
2137.0334535724887,24.4
2148.2037565589744,24.4
2159.4324468714053,24.5
2170.71982970113,24.6
2182.0662118347364,24.6
2193.4719016623894,24.6
2204.937209186215,24.6
2216.4624460287228,24.6
2228.0479254412767,24.6
2239.6939623126154,24.6
2251.4008731773993,24.5
2263.168976224821,24.4
2274.9985913072546,24.4
2286.890039948944,24.4
2298.843645354747,24.4
2310.8597324189163,24.4
2322.9386277339318,24.3
2335.0806595993763,24.2
2347.2861580308577,24.1
2359.5554547689862,24.0
2371.8888832883777,24.0
2384.2867788067265,23.9
2396.7494782939148,23.8
2409.2773204811715,23.7
2421.8706458702773,23.5
2434.5297967428205,23.4
2447.2551171695004,23.2
2460.0469530194778,23.0
2472.905651969775,22.9
2485.8315635147337,22.8
2498.825038975499,22.8
2511.88643150958,22.7
2525.0160961204438,22.6
2538.2143896671673,22.5
2551.481670874133,22.4
2564.8183003407817,22.2
2578.224640551411,22.1
2591.7010558850307,22.0
2605.247912625263,21.9
2618.8655789702975,21.9
2632.5544250429093,21.8
2646.314822900502,21.8
2660.14714654523,21.8
2674.051771934164,21.8
2688.029076989506,21.8
2702.079441608862,21.8
2716.20324767557,21.8
2730.400879069075,21.8
2744.6727216753675,21.7
2759.0191633974646,21.6
2773.440594165967,21.4
2787.9374059496395,21.4
2802.509992766076,21.3
2817.1587506924047,21.3
2831.8840778760564,21.2
2846.686374545581,21.1
2861.5660430215316,20.8
2876.5234877273942,20.6
2891.5591152005823,20.5
2906.6733341034837,20.4
2921.8665552345788,20.3
2937.139191539587,20.2
2952.4916581227058,20.1
2967.9243722578863,20.0
2983.4377534001765,19.9
2999.0322231971227,19.8
3014.7082055002275,19.7
3030.466126376471,19.6
3046.306414119893,19.5
3062.229499263226,19.4
3078.2358145896155,19.3
3094.325795144359,19.3
3110.4998782467446,19.2
3126.7585035019356,19.2
3143.1021128129173,19.2
3159.5311503925072,19.2
3176.0460627754296,19.2
3192.6472988304513,19.1
3209.335309772584,19.1
3226.1105491753406,19.0
3242.973472983081,18.8
3259.924539523382,18.6
3276.9642095195077,18.4
3294.0929461029286,18.1
3311.311214825911,17.9
3328.6194836741684,17.7
3346.018223079582,17.5
3363.507905932988,17.3
3381.089007597027,17.1
3398.762005919066,15.8
3416.527381244194,14.2
3434.385616428264,13.7
3452.337196851022,13.5
3470.382610429304,13.2
3488.5223476302926,13.0
3506.7569014848486,12.3
3525.0867676009134,12.3
3543.512444176976,13.2
3562.034432015617,13.7
3580.6532345371147,14.2
3599.369357793143,14.6
3618.1833104805046,15.2
3637.095603954969,16.1
3656.1067522451726,17.0
3675.2172720665826,17.7
3694.4276828355482,18.1
3713.738506683413,18.4
3733.1502684707093,18.7
3752.6634958014215,19.3
3772.2787190373247,20.0
3791.9964713124127,20.7
3811.817288547367,21.1
3831.7417094641373,21.3
3851.7702756005806,21.8
3871.9035313251793,22.4
3892.1420238518376,22.7
3912.4863032547537,22.8
3932.936922483372,23.5
3953.4944373774106,24.1
3974.1594066819653,24.2
3994.9323920627126,24.4
4015.8139581211503,24.5
4036.8046724099613,24.6
4057.9051054484326,24.6
4079.115830737964,24.6
4100.437424777656,24.6
4121.870467079975,24.5
4143.41554018651,24.3
4165.0732296838005,24.1
4186.844124219257,24.0
4208.728815517151,24.0
4230.72789839472,23.9
4252.841970778305,23.8
4275.071633719623,23.4
4297.417491412092,22.9
4319.880151207261,22.7
4342.460223631314,22.5
4365.158322401661,22.4
4387.975064443623,22.2
4410.911069907196,21.9
4433.9669621839075,21.6
4457.1433679237725,21.4
4480.4409170523,21.3
4503.860242787635,21.1
4527.40198165776,20.9
4551.0667735177985,20.6
4574.855261567406,20.2
4598.768092368251,19.9
4622.80591586159,19.7
4646.969385385929,19.5
4671.25915769478,19.2
4695.675892974527,18.9
4720.220254862348,18.5
4744.892910464259,18.3
4769.694530373255,18.1
4794.625788687525,17.9
4819.68736302878,17.6
4844.87993456067,17.2
4870.204188007296,16.9
4895.660811671819,16.7
4921.250497455168,16.5
4946.973940874864,16.2
4972.8318410838865,15.9
4998.824900889706,15.6
5024.953826773381,15.3
5051.219328908747,15.2
5077.622121181736,15.3
5104.162921209768,15.3
5130.842450361258,15.3
5157.661433775227,15.3
5184.620600380999,15.2
5211.720682918039,14.9
5238.962417955835,14.5
5266.346545913939,14.2
5293.873811082085,14.6
5321.544961640422,15.1
5349.360749679845,15.4
5377.321931222439,15.8
5405.429266242027,16.2
5433.683518684824,17.3
5462.085456490198,18.4
5490.635851611563,18.7
5519.335480037329,19.0
5548.185121812011,19.2
5577.185561057427,19.5
5606.337585994012,19.9
5635.641988962242,20.4
5665.0995664441625,20.7
5694.7111190850455,20.8
5724.477451715144,20.9
5754.399373371566,21.0
5784.477697320285,21.0
5814.713241078208,21.0
5845.10682643542,21.0
5875.659279477514,20.9
5906.371430608045,20.8
5937.244114571097,20.6
5968.278170473975,20.6
5999.4744418100045,20.9
6030.833776481469,21.2
6062.357026822636,21.3
6094.045049622959,21.4
6125.898706150321,21.5
6157.918862174471,21.6
6190.106387990547,21.7
6222.462158442733,21.9
6254.987052948034,22.0
6287.681955520183,22.1
6320.547754793659,22.1
6353.585344047851,22.2
6386.795621231329,22.3
6420.179488986247,22.4
6453.7378546729,22.5
6487.471630394349,22.5
6521.381733021235,22.5
6555.469084216698,22.5
6589.734610461422,22.4
6624.179243078815,22.3
6658.80391826033,22.2
6693.609577090902,22.1
6728.597165574533,22.0
6763.767634659991,21.8
6799.1219402666875,21.7
6834.661043310619,21.4
6870.385909730507,21.2
6906.297510514049,21.1
6942.39682172431,21.0
6978.684824526248,20.9
7015.162505213385,20.8
7051.830855234612,20.6
7088.690871221135,20.5
7125.7435550135615,20.4
7162.989913689153,20.3
7200.430959589155,20.2
7238.067710346342,19.8
7275.901188912673,19.3
7313.932423587085,18.8
7352.162448043451,18.4
7390.59230135867,18.1
7429.22302804091,17.6
7468.055678057999,16.4
7507.091306865953,15.4
7546.330975437692,14.9
7585.775750291836,14.5
7625.426703521717,14.3
7665.284912824515,14.0
7705.351461530549,13.3
7745.627438632719,12.7
7786.113938816104,12.5
7826.81206248772,12.2
7867.722915806424,11.9
7908.847610712972,12.1
7950.187264960275,12.7
7991.743002143727,13.1
8033.515951731782,13.5
8075.507249096639,13.8
8117.718035545101,14.1
8160.149458349601,14.7
8202.80267077938,15.4
8245.67883213183,15.6
8288.77910776401,15.8
8332.104669124305,15.9
8375.656693784302,16.0
8419.436365470749,16.2
8463.444874097753,16.6
8507.683415799123,16.8
8552.153192960874,17.1
8596.855414253905,17.3
8641.791294666864,17.5
8686.962055539152,18.4
8732.36892459413,19.3
8778.01313597248,19.7
8823.895930265779,20.1
8870.018554550163,20.4
8916.382262420266,21.1
8962.988314023276,21.7
9009.83797609319,21.8
9056.932521985234,21.9
9104.273231710486,22.0
9151.861391970657,21.9
9199.698296193066,21.9
9247.785244565785,21.8
9296.12354407301,21.7
9344.714508530542,21.5
9393.559458621517,20.8
9442.659721932305,20.1
9492.016632988581,19.7
9541.631533291613,19.5
9591.505771354708,19.2
9641.64070273987,19.0
9692.037690094652,18.7
9742.698103189163,18.4
9793.623318953358,18.1
9844.814721514387,17.9
9896.27370223427,17.8
9948.001659747684,17.7
10000.0,17.6
10052.270136285486,17.7
10104.813489285681,17.8
10157.6314871081,18.0
10210.725565324987,18.3
10264.09716701231,18.8
10317.747742788988,19.4
10371.678750856474,19.6
10425.891657038128,19.8
10480.387934819217,20.0
10535.16906538697,20.1
10590.236537670813,20.2
10645.591848382772,20.2
10701.236502058211,20.3
10757.172011096769,20.2
10813.399895803414,20.0
10869.921684429703,19.7
10926.73891321545,19.5
10983.85312643042,19.3
11041.265876416248,19.1
11098.978723628681,18.9
11156.993236680037,18.4
11215.310992381786,17.7
11273.933575787378,17.2
11332.862580235347,16.9
11392.099607392682,16.7
11451.646267298307,16.5
11511.504178406769,16.3
11571.674967632372,15.9
11632.16027039332,15.5
11692.961730656129,15.4
11754.08100098034,15.0
11815.519742563505,14.4
11877.27962528627,13.9
11939.362327757724,13.1
12001.76953736107,12.5
12064.50295029953,12.3
12127.56427164241,12.0
12190.95521537136,11.6
12254.677504427105,11.2
12318.732870756214,10.8
12383.123055358106,10.3
12447.849808332432,9.9
12512.914888926687,9.7
12578.320065583976,9.5
12644.067115991029,9.2
12710.157827126544,9.0
12776.593995309939,8.1
12843.377426249857,7.1
12910.50993509343,6.6
12977.99334647565,6.2
13045.829494568892,6.5
13114.020223132724,6.6
13182.567385564074,6.9
13251.472844947652,7.3
13320.738474106534,8.1
13390.366155652993,10.2
13460.35778203982,11.9
13530.715255611682,12.4
13601.440488656775,12.9
13672.535403458849,13.6
13744.001932349513,14.3
13815.842017760702,14.7
13888.057612277411,15.7
13960.650678690825,16.5
14033.62319005172,16.6
14106.977129724035,16.8
14180.714491438697,16.9
14254.837279347976,17.1
14329.347508079869,17.4
14404.247202792812,17.6
14479.538399230763,17.7
14555.223143778607,17.9
14631.303493517702,18.0
14707.78151628175,18.3
14784.65929071304,18.9
14861.938906319014,19.3
14939.622463529,19.4
15017.712073751207,19.5
15096.209859430292,19.6
15175.117954104964,19.5
15254.438502465904,19.4
15334.173660414117,19.2
15414.325595119602,19.1
15494.896485080177,18.9
15575.88852018064,18.1
15657.303901752315,17.0
15739.1448426331,15.7
15821.413567227246,14.3
15904.112311566014,13.6
15987.243323368504,12.9
16070.808862102673,11.3
16154.811199046684,9.7
16239.252617350698,8.9
16324.135412099,8.1
16409.461890372313,7.7
16495.23437131044,7.5
16581.455186175313,7.5
16668.12667841462,7.4
16755.251203725067,7.2
