10.0,20.9
10.052270136285475,20.9
10.104813489285682,20.9
10.157631487108103,20.9
10.210725565324982,20.9
10.264097167012295,20.9
10.317747742789004,21.0
10.371678750856479,21.0
10.425891657038118,21.0
10.480387934819216,21.0
10.535169065386981,21.0
10.590236537670812,21.0
10.64559184838276,21.0
10.701236502058206,21.0
10.757172011096776,21.1
10.813399895803409,21.2
10.869921684429707,21.2
10.926738913215466,21.2
10.98385312643042,21.2
11.041265876416237,21.2
11.098978723628681,21.2
11.156993236680048,21.2
11.215310992381788,21.2
11.27393357578736,21.2
11.332862580235341,21.2
11.392099607392687,21.2
11.451646267298301,21.2
11.511504178406776,21.3
11.571674967632385,21.4
11.632160270393321,21.4
11.692961730656117,21.4
11.75408100098034,21.4
11.815519742563518,21.4
11.87727962528627,21.4
11.939362327757706,21.6
12.001769537361062,21.7
12.064502950299536,21.7
12.127564271642404,21.7
12.190955215371359,21.7
12.254677504427118,21.7
12.318732870756214,21.7
12.383123055358094,21.7
12.447849808332432,21.8
12.5129148889267,21.9
12.578320065583968,21.9
12.644067115991009,21.9
12.710157827126565,21.9
12.776593995309947,21.9
12.843377426249843,21.9
12.910509935093431,21.9
12.977993346475664,21.9
13.045829494568892,21.9
13.11402022313271,21.9
13.182567385564074,21.9
13.251472844947658,21.9
13.320738474106527,22.0
13.390366155653,22.1
13.460357782039841,22.1
13.530715255611682,22.1
13.601440488656761,22.1
13.672535403458848,22.1
13.744001932349526,22.1
13.815842017760701,22.1
13.888057612277397,22.1
13.960650678690818,22.1
14.033623190051728,22.2
14.10697712972403,22.2
14.180714491438705,22.2
14.25483727934799,22.2
14.32934750807987,22.2
14.404247202792797,22.2
14.479538399230764,22.2
14.55522314377862,22.2
14.631303493517702,22.2
14.707781516281727,22.2
14.784659290713032,22.3
14.861938906319022,22.4
14.939622463528993,22.4
15.017712073751214,22.4
15.096209859430308,22.4
15.175117954104964,22.4
15.254438502465888,22.4
15.334173660414118,22.4
15.414325595119617,22.4
15.494896485080169,22.5
15.575888520180618,22.6
15.65730390175234,22.6
15.73914484263311,22.6
15.821413567227237,22.6
15.904112311566013,22.6
15.98724332336852,22.6
16.070808862102673,22.6
16.154811199046666,22.6
16.239252617350697,22.6
16.324135412099007,22.8
16.409461890372306,22.9
16.495234371310413,22.9
16.58145518617534,22.9
16.668126678414627,22.9
16.755251203725052,22.9
16.84283113011666,22.9
16.930868837977105,22.9
17.01936672013636,22.9
17.108327181931763,22.9
17.197752641273365,22.9
17.28764552870969,22.9
17.378008287493753,23.0
17.4688433736495,23.1
17.560153256038525,23.1
17.651940416427212,23.1
17.744207349554188,23.1
17.836956563198083,23.1
17.93019057824573,23.1
18.023911928760675,23.1
18.118123162052047,23.1
18.21282683874379,23.1
18.30802553284428,23.1
18.403721831816252,23.1
18.499918336647156,23.1
18.59661766191982,23.2
18.69382243588356,23.3
18.791535300525574,23.3
18.889758911642755,23.3
18.98849593891389,23.3
19.08774906597221,23.3
19.187520990478333,23.3
19.287814424193606,23.3
19.388632093053765,23.3
19.48997673724305,23.3
19.591851111268685,23.3
19.69425798403576,23.3
19.79720013892245,23.3
19.90068037385568,23.3
20.004701501387192,23.4
20.109266348769967,23.4
20.214377758035074,23.4
20.320038586068932,23.4
20.426251704690927,23.4
20.533020000731486,23.4
20.64034637611054,23.4
20.748233747916412,23.4
20.856685048485062,23.4
20.965703225479817,23.5
21.075291241971485,23.6
21.185452076518878,23.6
21.296188723249774,23.6
21.407504191942323,23.6
21.519401508106792,23.6
21.631883713067854,23.6
21.744953864047204,23.6
21.858615034246718,23.6
21.972870312931903,23.6
22.087722805515906,23.6
22.203175633643916,23.6
22.319231935278008,23.6
22.435894864782412,23.6
22.553167593009288,23.7
22.671053307384867,23.8
22.789555211996095,23.8
22.908676527677724,23.8
23.028420492099883,23.8
23.148790359856015,23.8
23.26978940255137,23.8
23.391420908891938,23.8
23.51368818477381,23.8
23.63659455337303,23.8
23.760143355235964,23.8
23.884337948370025,23.8
24.009181708334992,23.8
24.134678028334722,23.8
24.260830319309434,23.9
24.387642010028344,24.0
24.515116547182902,24.0
24.64325739548046,24.0
24.772068037738443,24.0
24.901551974979007,24.0
25.031712726524198,24.0
25.162553830091625,24.0
25.294078841890578,24.0
25.426291336718684,24.0
25.559194908059133,24.0
25.692793168178262,24.0
25.827089748223784,24.0
25.96208829832347,24.2
26.097792487684362,24.3
26.234206004692496,24.3
26.371332557013133,24.3
26.5091758716916,24.3
26.647739695254497,24.3
26.787027793811582,24.3
26.9270439531581,24.3
27.06779197887776,24.3
27.209275696446046,24.3
27.351498951334275,24.3
27.494465609114105,24.3
27.638179555562576,24.3
27.782644696767733,24.3
27.92786495923483,24.3
28.07384428999299,24.4
28.220586656702505,24.5
28.368096047762684,24.5
28.516376472420284,24.5
28.66543196087842,24.5
28.815266564406134,24.5
28.965884355448516,24.5
29.11728942773738,24.5
29.26948589640251,24.5
29.42247789808359,24.5
29.57626959104251,24.5
29.730865155276486,24.5
29.88626879263161,24.5
30.04248472691713,24.5
30.19951720402016,24.6
30.357370492021133,24.7
30.516048881309793,24.7
30.675556684701824,24.7
30.835898237556027,24.7
30.99707789789224,24.7
31.15910004650967,24.7
31.321969087106055,24.7
31.485689446397288,24.7
31.650265574237824,24.7
31.815701943741516,24.7
31.98200305140326,24.7
32.14917341722119,24.7
32.31721758481955,24.8
32.486140121572134,24.8
32.655945618726484,24.8
32.82663869152868,24.8
32.99822397934869,24.8
33.170706145806605,24.8
33.34408987889928,24.8
33.51837989112781,24.8
33.69358091962557,24.8
33.86969772628702,24.8
34.04673509789711,24.8
34.224697846261364,24.8
34.40359080833668,24.8
34.58341884636283,24.9
34.764186847994516,24.9
34.94589972643436,25.0
35.12856242056629,25.0
35.312179895089876,25.0
35.496757140655234,25.0
35.68229917399868,25.0
35.86881103807908,25.0
36.05629780221492,25.0
36.24476456222205,25.0
36.434216440552284,25.0
36.6246585864325,25.0
36.81609617600466,25.0
37.00853441246656,25.0
37.2019785262131,25.0
37.39643377497855,25.1
37.591905443979435,25.2
37.788398846058186,25.2
37.985919321827524,25.2
38.184472239815605,25.2
38.384062996612016,25.2
38.584697017014335,25.2
38.786379754175634,25.2
38.98911668975273,25.2
39.1929133340551,25.2
39.39777522619469,25.2
39.60370793423646,25.2
39.810717055349734,25.2
40.0188082159603,25.2
40.227987071903335,25.4
40.43825930857721,25.5
40.64963064109788,25.5
40.8621068144543,25.5
41.075693603664625,25.5
41.29039681393302,25.5
41.506222280807584,25.5
41.72317587033889,25.5
41.94126347923944,25.5
42.16049103504393,25.5
42.38086449627034,25.5
42.60238985258197,25.6
42.825073124950116,25.7
43.04892036581776,25.7
43.27393765926414,25.7
43.500131121170035,25.7
43.727506899384,25.7
43.956071173889484,25.7
44.18583015697281,25.7
44.416790093392,25.7
44.648957260546474,25.7
44.88233796864779,25.7
45.116938560890986,25.7
45.35276541362708,25.7
45.58982493653644,25.7
45.82812357280281,25.7
46.067667799288614,25.7
46.308464126710895,25.8
46.55051909981832,25.9
46.793839297569036,25.9
47.03843133330949,25.9
47.28430185495417,25.9
47.531457545166376,25.9
47.77990512153967,25.9
48.02965133678067,25.9
48.28070297889241,25.9
48.53306687135893,25.9
48.78674987333074,25.9
49.041758879811184,25.9
49.298100821843896,25.9
49.55578266670119,25.9
49.81481141807335,26.0
50.07519411625915,26.0
50.336937838356974,26.0
50.60004969845742,26.0
50.86453684783644,26.0
51.13040647514984,26.0
51.39766580662862,26.0
51.66632210627541,26.0
51.93638267606184,26.0
52.20785485612707,26.0
52.48074602497726,26.0
52.75506359968615,26.0
53.030815036096584,26.0
53.308007829023246,26.0
53.58664951245627,26.1
53.866747659766084,26.2
54.148309883909214,26.2
54.431343837635225,26.2
54.7158572136947,26.2
55.00185774504835,26.2
55.28935320507712,26.2
55.57835140779364,26.2
55.86886020805435,26.2
56.160887501773274,26.2
56.45444122613637,26.2
56.74952935981742,26.2
57.04615992319485,26.2
57.34434097856969,26.2
57.64408063038476,26.2
57.94538702544487,26.2
58.24826835313831,26.2
58.552732845659456,26.2
58.85878877823242,26.2
59.166444469336014,26.3
59.475708280929936,26.4
59.786588618681876,26.4
60.0990939321961,26.4
60.41323271524305,26.4
60.72901350599024,26.4
61.046444887234294,26.4
61.365535486634215,26.4
61.686293976945976,26.4
62.008729076258064,26.4
62.332849548228545,26.4
62.658664202323344,26.5
62.98618189405547,26.6
63.315411525225876,26.7
63.64636204416533,26.7
63.979042445977655,26.7
64.31346177278421,26.7
64.64962911396958,26.7
64.98755360642885,26.7
65.32724443481563,26.7
65.66871083179183,26.8
66.01196207827876,26.9
66.35700750370908,26.9
66.7038564862806,26.9
67.05251845321108,26.9
67.40300288099445,26.9
67.75531929565844,26.9
68.1094772730234,26.9
68.46548643896274,27.0
68.82335646966433,27.1
69.18309709189363,27.1
69.54471808325809,27.1
69.90822927247277,27.1
70.27364053962762,27.1
70.6409618164559,27.1
71.01020308660422,27.1
71.38137438590384,27.1
71.75448580264342,27.1
72.12954747784322,27.1
72.50656960553087,27.1
72.88556243301818,27.1
73.26653626117992,27.2
73.64950144473359,27.2
74.03446839252094,27.2
74.42144756779092,27.2
74.810449488484,27.2
75.20148472751808,27.2
75.59456391307583,27.2
75.98969772889355,27.2
76.38689691455168,27.3
76.78617226576647,27.3
77.18753463468363,27.4
77.59099493017311,27.4
77.99656411812569,27.4
78.404253221751,27.4
78.8140733218772,27.4
79.226035557252,27.4
79.64015112484554,27.4
80.05643128015467,27.4
80.47488733750892,27.4
80.89553067037787,27.4
81.31837271168051,27.5
81.74342495409579,27.5
82.170698950375,27.6
82.60020631365589,27.6
83.03195871777821,27.6
83.46596789760103,27.6
83.90224564932171,27.6
84.34080383079642,27.6
84.78165436186265,27.6
85.22480922466286,27.6
85.67028046397054,27.6
86.11808018751721,27.8
86.56822056632171,27.9
87.020713835021,27.9
87.47557229220259,27.9
87.93280830073893,27.9
88.39243428812335,27.9
88.85446274680783,27.9
89.31890623454267,27.9
89.78577737471758,27.9
90.25508885670492,27.9
90.72685343620469,27.9
91.20108393559097,27.9
91.67779324426061,28.0
92.15699431898352,28.1
92.63870018425483,28.1
93.12292393264887,28.1
93.60967872517497,28.1
94.09897779163542,28.1
94.5908344309847,28.1
95.0852620116911,28.1
95.58227397210023,28.1
96.08188382079996,28.1
96.5841051369878,28.1
97.08895157083991,28.1
97.59643684388209,28.1
98.10657474936274,28.2
98.61937915262773,28.3
99.13486399149741,28.3
99.65304327664518,28.3
100.17393109197839,28.3
100.69754159502135,28.3
101.22388901729977,28.3
101.75298766472777,28.3
102.28485191799675,28.3
102.81949623296607,28.3
103.35693514105618,28.3
103.89718324964329,28.4
104.44025524245698,28.4
104.98616587997819,28.4
105.53492999984189,28.4
106.08656251723878,28.4
106.64107842532215,28.4
107.19849279561431,28.4
107.75882077841675,28.4
108.32207760322176,28.4
108.88827857912626,28.4
109.45743909524856,28.4
110.02957462114523,28.4
110.60470070723336,28.4
111.18283298521138,28.4
111.76398716848561,28.4
112.3481790525961,28.4
112.93542451564652,28.4
113.5257395187356,28.5
114.11914010639099,28.6
114.71564240700522,28.6
115.3152626332741,28.6
115.91801708263789,28.6
116.52392213772293,28.6
117.13299426678874,28.6
117.74525002417371,28.6
118.36070605074681,28.6
118.97937907435858,28.6
119.60128591029638,28.7
120.22644346174131,28.8
120.85486872022751,28.8
121.4865787661046,28.8
122.12159076900052,28.8
122.75992198829012,28.8
123.40158977356222,28.8
124.04661156509306,28.8
124.69500489431896,28.8
125.34678738431336,28.8
126.00197675026583,28.8
126.6605907999634,28.9
127.3226474342747,29.0
127.98816464763628,29.0
128.6571605285424,29.0
129.32965326003517,29.0
130.00566112020084,29.0
130.68520248266435,29.0
131.36829581709074,29.0
132.05495968968575,29.0
132.74521276370103,29.0
133.43907379994133,29.0
134.1365616572744,29.0
134.83769529314347,29.0
135.54249376408254,29.2
136.25097622623485,29.3
136.96316193587217,29.3
137.67907024992007,29.3
138.39872062648203,29.3
139.1221326253702,29.3
139.84932590863562,29.3
140.58032024110324,29.3
141.31513549090906,29.3
142.05379163003997,29.3
142.7963087348772,29.3
143.5427069867405,29.3
144.29300667243896,29.3
145.04722818481977,29.3
145.80539202332486,29.3
146.56751879454652,29.2
147.333629212788,29.1
148.1037441006266,29.0
148.87788438947953,29.0
149.65607112017267,29.0
150.43832544351253,29.0
151.2246686208618,29.2
152.01512202471548,29.3
152.80970713928414,29.3
153.6084455610754,29.3
154.41135899948313,29.3
155.218469277376,29.3
156.02979833169113,29.3
156.8453682140304,29.3
157.66520109125955,29.3
158.48931924611142,29.3
159.3177450777899,29.3
160.15050110258113,29.3
160.9876099544629,29.3
161.82909438572216,29.3
162.67497726757185,29.3
163.52528159077312,29.3
164.38003046626017,29.3
165.23924712576837,29.3
166.1029549224657,29.3
166.97117733158728,29.3
167.8439379510743,29.3
168.72126050221348,29.3
169.60316883028446,29.2
170.48968690520502,29.1
171.38083882218535,29.0
172.27664880238083,29.0
173.17714119355136,29.0
174.08234047072295,29.0
174.99227123685273,29.0
175.9069582234984,29.0
176.82642629148881,29.0
177.75070043160196,29.0
178.67980576524164,29.0
179.61376754512278,29.0
180.55261115595593,29.0
181.49636211513797,29.1
182.44504607344558,29.2
183.39868881573247,29.3
184.35731626163007,29.3
185.3209544662519,29.3
186.28962962090262,29.3
187.26336805378796,29.3
188.24219623073301,29.3
189.2261407558986,29.3
190.21522837250714,29.3
191.20948596356752,29.3
192.20894055260666,29.3
193.21361930440384,29.3
194.22354952572874,29.3
195.2387586660848,29.3
196.25927431845295,29.3
197.28512422004457,29.3
198.31633625305224,29.3
199.35293844541056,29.3
200.39495897155572,29.3
201.4424261531923,29.3
202.4953684600627,29.3
203.55381451072122,29.3
204.6177930733116,29.3
205.6873330663489,29.3
206.76246355950653,29.3
207.84321377440395,29.3
208.92961308540407,29.3
210.02169102040844,29.3
211.11947726166272,29.3
212.22300164656127,29.3
213.33229416845913,29.3
214.447384977487,29.3
215.5683043813707,29.3
216.69508284625502,29.3
217.8277509975314,29.3
218.9663396206716,29.3
220.1108796620618,29.2
221.26140222984722,29.1
222.41793859477394,29.0
223.5805201910423,29.0
224.74917861715863,29.0
225.9239456367954,29.0
227.10485317965416,29.0
228.29193334233327,29.0
229.48521838920135,29.0
230.68474075327168,29.0
231.89053303708724,29.0
233.102628013603,29.0
234.32105862708036,29.0
235.5458579939798,28.9
236.77705940386227,28.9
238.0146963202937,28.8
239.25880238175446,28.8
240.50941140255387,28.8
241.76655737374873,28.8
243.03027446406858,28.7
244.30059702084168,28.7
245.57755957093218,28.6
246.86119682167464,28.6
248.1515436618211,28.6
249.44863516248657,28.6
250.75250657810346,28.6
252.0631933473797,28.6
253.3807310942614,28.6
254.7051556289027,28.5
256.03650294863604,28.5
257.3748092389545,28.4
258.72011087449107,28.4
260.0724444200114,28.3
261.4318466314045,28.3
262.79835445668317,28.3
264.17200503698814,28.3
265.5528357075972,28.3
266.94088399894025,28.2
268.336187637619,28.2
269.7387845474336,28.1
271.1487128504106,28.1
272.56601086784315,28.1
273.9907171213279,28.1
275.4228703338166,28.1
276.86250943066517,28.0
278.30967354069315,27.9
279.764401997247,27.8
281.2267343392687,27.8
282.6967103123723,27.7
284.1743698699204,27.6
285.65975317411466,27.5
287.152900597083,27.4
288.6538527219809,27.3
290.16265034409145,27.2
291.67933447193553,27.2
293.203946328386,27.1
294.7365273517884,27.1
296.27711919708696,27.1
297.8257637369567,27.0
299.38250306294265,26.9
300.947379486601,26.8
302.52043554065347,26.7
304.1017139801383,26.7
305.69125778357716,26.6
307.2891101541398,26.5
308.8953145208197,26.4
310.5099145396145,26.3
312.1329540947119,26.2
313.76447729968413,26.2
315.40452849868336,26.1
317.0531522676519,26.1
318.71039341552853,26.0
320.3762969854716,26.0
322.05090825607795,25.9
323.7342727426186,25.9
325.4264361982722,25.8
327.1274446153702,25.8
328.83734422664674,25.7
330.55618150649445,25.6
332.28400317222986,25.6
334.02085618535915,25.5
335.76678775285944,25.5
337.52184532845695,25.5
339.28607661392135,25.5
341.0595295603587,25.4
342.84225236951676,25.3
344.63429349509414,25.1
346.4357016440579,25.1
348.24652577796684,25.0
350.06681511430224,25.0
351.8966191278073,24.9
353.7359875518278,24.8
355.5849703796693,24.8
357.44361786595016,24.7
359.3119805279728,24.7
361.1901091470929,24.7
363.0780547701014,24.7
364.9758687106112,24.7
366.8836025504522,24.6
368.80130814107446,24.6
370.72903760495365,24.5
372.66684333701346,24.5
374.6147780060434,24.4
376.57289455613636,24.3
378.54124620812286,24.3
380.5198864610201,24.3
382.50886909348526,24.3
384.5082481652772,24.3
386.51807801872604,24.2
388.53841328020957,24.1
390.56930886163985,24.0
392.6108199619517,24.0
394.6630020686084,24.0
396.7259109591041,24.0
398.7996027024853,24.0
400.8841336608706,24.0
402.9795604909844,24.0
405.0859401456969,24.0
407.20332987557106,23.9
409.331787230421,23.8
411.4713700608718,23.8
413.6221365199375,23.8
415.78414506459575,23.8
417.95745445738237,23.8
420.1421237679842,23.8
422.33821237484636,23.8
424.5457799667861,23.8
426.76488654461485,23.8
428.9955924227691,23.7
431.23795823094935,23.6
433.49204491576995,23.6
435.7579137424112,23.6
438.0356262962907,23.6
440.3252444847303,23.6
442.62683053864555,23.6
444.9404470142319,23.6
447.2661567946673,23.6
449.60402309182115,23.6
451.9541094479714,23.6
454.3164797375345,23.6
456.6911981687959,23.6
459.0783292856624,23.6
461.4779379694089,23.6
463.89008944044906,23.6
466.31484926010245,23.6
468.7522833323791,23.6
471.20245790577025,23.5
473.6654395750488,23.4
476.14129528307956,23.4
478.630092322638,23.4
481.1318983382419,23.4
483.6467813279844,23.5
486.1748096453894,23.6
488.7160520012619,23.6
491.27057746556244,23.6
493.8384554692794,23.6
496.4197558063182,23.6
499.01454863539806,23.6
501.6229044819588,23.6
504.24489424007766,23.6
506.88058917439554,23.6
509.53006092205686,23.6
512.1933814946506,23.6
514.8706232801756,23.6
517.5618590449992,23.6
520.2671619358439,23.6
522.9866054817683,23.6
525.7202635961694,23.6
528.4682105787901,23.6
531.230521117739,23.6
534.0072702915224,23.7
536.7985335710792,23.8
539.6043868218401,23.8
542.4249063057814,23.8
545.2601686835053,23.8
548.1102510163182,23.8
550.9752307683272,23.8
553.8551858085453,23.8
556.7501944130083,23.8
559.6603352669016,23.8
562.5856874666987,23.8
565.5263305223134,23.8
568.4823443592555,23.8
571.4538093208106,23.9
574.4408061702153,24.0
577.4434160928608,24.0
580.4617206984933,24.0
583.4958020234345,24.0
586.5457425328113,24.0
589.6116251227962,24.0
592.6935331228639,24.0
595.7915502980484,24.0
598.9057608512304,24.0
602.0362494254149,24.0
605.1831011060411,24.0
608.3464014232891,24.0
611.5262363544065,24.0
614.7226923260454,24.0
617.9358562166111,24.0
621.1658153586235,24.0
624.4126575410903,24.0
627.6764710118958,24.2
630.957344480193,24.3
634.2553671188238,24.3
637.5706285667327,24.3
640.9032189314127,24.3
644.2532287913472,24.3
647.6207491984753,24.3
651.0058716806659,24.3
654.4086882442045,24.3
657.8292913762976,24.3
661.2677740475787,24.3
664.7242297146454,24.3
668.1987523225889,24.3
671.6914363075575,24.3
675.2023765993158,24.3
678.7316686238282,24.4
682.2794083058518,24.5
685.8456920715438,24.5
689.4306168510824,24.5
693.0342800813003,24.5
696.6567797083366,24.5
700.2982141902914,24.5
703.9586824999124,24.5
707.6382841272731,24.5
711.3371190824884,24.5
715.0552878984242,24.5
718.7928916334344,24.5
722.5500318741055,24.5
726.3268107380181,24.5
730.123330876526,24.5
733.9396954775374,24.6
737.7760082683312,24.6
741.6323735183645,24.7
745.508896042117,24.7
749.4056812019327,24.7
753.3228349108862,24.7
757.2604636356614,24.7
761.2186743994453,24.7
765.1975747848361,24.7
769.1972729367671,24.7
773.2178775654501,24.7
777.2594979493206,24.7
781.3222439380205,24.7
785.406225955371,24.8
789.5115550023859,24.8
793.6383426602791,24.8
797.7867010935024,24.8
801.9567430527921,24.8
806.1485818782347,24.8
810.3623315023465,24.8
814.59810645317,24.8
818.8560218573906,24.8
823.1361934434566,24.8
827.4387375447371,24.9
831.7637711026708,25.0
836.1114116699566,25.0
840.4817774137397,25.0
844.8749871188272,25.0
849.2911601909162,25.0
853.7304166598383,25.0
858.1928771828257,25.0
862.6786630477819,25.0
867.1878961765907,25.0
871.7206991284164,25.0
876.2771951030477,25.0
880.8575079442367,25.1
885.4617621430697,25.2
890.0900828413493,25.2
894.742595834996,25.2
899.4194275774676,25.2
904.1207051831946,25.2
908.8465564310401,25.2
913.5971097677627,25.2
918.3724943115215,25.2
923.1728398553701,25.2
927.998276870799,25.2
932.8489365112713,25.2
937.7249506157918,25.2
942.6264517124897,25.2
947.5535730222193,25.2
952.5064484621864,25.2
957.4852126495767,25.2
962.4900009052299,25.2
967.5209492573013,25.2
972.5781944449744,25.2
977.6618739221665,25.2
982.772125861269,25.2
987.9090891569025,25.2
993.0729034296917,25.2
998.26370903006,25.2
1003.4816470420445,25.2
1008.7268592871307,25.2
1013.9994883281055,25.2
1019.2996774729368,25.2
1024.627570778662,25.2
1029.9833130553077,25.2
1035.3670498698243,25.2
1040.778927550043,25.2
1046.219093188652,25.2
1051.687694647196,25.2
1057.1848805600926,25.2
1062.7108003386745,25.2
1068.2656041752484,25.2
1073.849443047181,25.2
1079.4624687209969,25.2
1085.104833756507,25.2
1090.7766915109553,25.2
1096.4781961431852,25.2
1102.2095026178308,25.2
1107.9707667095288,25.2
1113.7621450071517,25.2
1119.5837949180645,25.1
1125.4358746724013,25.0
1131.3185433273702,25.0
1137.231960771571,25.0
1143.1762877293438,25.0
1149.1516857651375,25.0
1155.1583172879002,25.0
1161.1963455554942,24.9
1167.2659346791324,24.8
1173.3672496278396,24.8
1179.5004562329357,24.8
1185.6657211925422,24.8
1191.8632120761172,24.7
1198.0930973290035,24.7
1204.355546277011,24.7
1210.650729131018,24.7
1216.9788169915967,24.6
1223.3399818536654,24.6
1229.7343966111616,24.5
1236.162235061742,24.4
1242.6236719115057,24.4
1249.1188827797416,24.3
1255.6480442037073,24.3
1262.2113336434193,24.3
1268.8089294864806,24.3
1275.4410110529293,24.2
1282.1077586001115,24.1
1288.8093533275808,24.0
1295.5459773820237,23.9
1302.3178138622095,23.9
1309.1250468239675,23.8
1315.967861285188,23.7
1322.8464432308563,23.7
1329.7609796180998,23.6
1336.7116583812742,23.5
1343.6986684370715,23.5
1350.7221996896535,23.4
1357.782443035813,23.4
1364.879590370164,23.4
1372.0138345903551,23.4
1379.1853696023147,23.4
1386.3943903255179,23.3
1393.6410926982915,23.3
1400.9256736831292,23.3
1408.248331272053,23.2
1415.6092644919916,23.1
1423.0086734101894,23.1
1430.4467591396458,23.1
1437.9237238445805,23.1
1445.439770745928,23.1
1452.9951041268616,23.0
1460.589929338344,22.9
1468.224452804715,22.9
1475.898882029292,22.9
1483.6134256000173,22.9
1491.3682931951248,22.9
1499.1636955888393,22.9
1506.999844657106,22.9
1514.8769533833477,22.9
1522.7952358642551,22.9
1530.754907315605,22.9
1538.7561840781082,22.9
1546.799283623296,22.9
1554.8844245594228,22.9
1563.0118266374113,22.9
1571.181710756826,22.9
1579.3942989718767,22.9
1587.649814497453,22.9
1595.9484817151922,22.9
1604.2905261795772,22.9
1612.6761746240677,22.9
1621.1056549672617,22.9
1629.5791963190893,22.9
1638.097028987047,22.9
1646.6593844824454,22.9
1655.266495526711,22.9
1663.9185960577072,22.9
1672.6159212360947,22.9
1681.3587074517213,22.8
1690.1471923300487,22.7
1698.9816147386093,22.6
1707.8622147934998,22.6
1716.789233865905,22.6
1725.7629145886658,22.6
1734.7835008628629,22.6
1743.8512378644525,22.7
1752.9663720509295,22.8
1762.1291511680254,22.9
1771.3398242564415,22.9
1780.598641658619,22.9
1789.9058550255418,22.9
1799.2617173235774,22.9
1808.6664828413498,22.9
1818.1204071966588,22.9
1827.6237473434162,22.9
1837.1767615786375,22.9
1846.7797095494598,22.9
1856.4328522602,22.9
1866.1364520794475,22.9
1875.8907727471963,22.9
1885.6960793820124,22.9
1895.552638488241,22.9
1905.4607179632462,22.9
1915.4205871047022,22.9
1925.4325166178992,22.9
1935.4967786231095,22.9
1945.6136466629825,22.8
1955.783395709978,22.8
1966.006302173841,22.9
1976.282643909114,22.9
1986.6127002226892,22.9
1996.996751881399,22.9
2007.4350811196462,22.9
2017.927971647083,22.9
2028.4757086563097,22.9
2039.078578830634,22.9
2049.736870351861,22.9
2060.4508729081267,22.9
2071.22087770177,23.0
2082.0471774572497,23.0
2092.9300664290977,23.1
2103.8698404099196,23.2
2114.8667967384304,23.3
2125.9212343075446,23.3
2137.0334535724887,23.3
2148.2037565589744,23.4
2159.4324468714053,23.5
2170.71982970113,23.7
2182.0662118347364,23.8
2193.4719016623894,23.8
2204.937209186215,23.9
2216.4624460287228,23.9
2228.0479254412767,24.0
2239.6939623126154,24.2
2251.4008731773993,24.3
2263.168976224821,24.3
2274.9985913072546,24.3
2286.890039948944,24.3
2298.843645354747,24.3
2310.8597324189163,24.3
2322.9386277339318,24.2
2335.0806595993763,24.1
2347.2861580308577,23.9
2359.5554547689862,23.9
2371.8888832883777,23.8
2384.2867788067265,23.8
2396.7494782939148,23.7
2409.2773204811715,23.5
2421.8706458702773,23.3
2434.5297967428205,23.3
2447.2551171695004,23.2
2460.0469530194778,23.1
2472.905651969775,23.0
2485.8315635147337,22.9
2498.825038975499,22.7
2511.88643150958,22.6
2525.0160961204438,22.5
2538.2143896671673,22.5
2551.481670874133,22.4
2564.8183003407817,22.3
2578.224640551411,22.3
2591.7010558850307,22.2
2605.247912625263,22.2
2618.8655789702975,22.2
2632.5544250429093,22.2
2646.314822900502,22.2
2660.14714654523,22.2
2674.051771934164,22.2
2688.029076989506,22.2
2702.079441608862,22.2
2716.20324767557,22.2
2730.400879069075,22.2
2744.6727216753675,22.1
2759.0191633974646,22.1
2773.440594165967,22.1
2787.9374059496395,22.1
2802.509992766076,22.1
2817.1587506924047,22.1
2831.8840778760564,22.0
2846.686374545581,21.9
2861.5660430215316,21.8
2876.5234877273942,21.7
2891.5591152005823,21.7
2906.6733341034837,21.7
2921.8665552345788,21.7
2937.139191539587,21.7
2952.4916581227058,21.7
2967.9243722578863,21.7
2983.4377534001765,21.7
2999.0322231971227,21.7
3014.7082055002275,21.7
3030.466126376471,21.8
3046.306414119893,21.8
3062.229499263226,21.9
3078.2358145896155,22.0
3094.325795144359,22.0
3110.4998782467446,22.1
3126.7585035019356,22.1
3143.1021128129173,22.1
3159.5311503925072,22.1
3176.0460627754296,22.2
3192.6472988304513,22.2
3209.335309772584,22.2
3226.1105491753406,22.2
3242.973472983081,22.2
3259.924539523382,22.2
3276.9642095195077,22.2
3294.0929461029286,22.2
3311.311214825911,22.2
3328.6194836741684,22.2
3346.018223079582,22.2
3363.507905932988,22.2
3381.089007597027,22.2
3398.762005919066,22.2
3416.527381244194,22.2
3434.385616428264,22.1
3452.337196851022,22.1
3470.382610429304,22.1
3488.5223476302926,22.0
3506.7569014848486,21.9
3525.0867676009134,21.7
3543.512444176976,21.6
3562.034432015617,21.5
3580.6532345371147,21.4
3599.369357793143,21.2
3618.1833104805046,21.0
3637.095603954969,20.8
3656.1067522451726,20.6
3675.2172720665826,20.4
3694.4276828355482,20.2
3713.738506683413,19.8
3733.1502684707093,19.5
3752.6634958014215,19.3
3772.2787190373247,19.2
3791.9964713124127,19.0
3811.817288547367,18.8
3831.7417094641373,18.6
3851.7702756005806,18.4
3871.9035313251793,18.3
3892.1420238518376,18.3
3912.4863032547537,18.2
3932.936922483372,18.1
3953.4944373774106,18.1
3974.1594066819653,18.1
3994.9323920627126,18.0
4015.8139581211503,17.9
4036.8046724099613,17.8
4057.9051054484326,17.8
4079.115830737964,17.7
4100.437424777656,17.6
4121.870467079975,17.5
4143.41554018651,17.4
4165.0732296838005,17.3
4186.844124219257,17.2
4208.728815517151,17.2
4230.72789839472,17.1
4252.841970778305,17.0
4275.071633719623,16.9
4297.417491412092,16.8
4319.880151207261,16.8
4342.460223631314,16.7
4365.158322401661,16.7
4387.975064443623,16.6
4410.911069907196,16.5
4433.9669621839075,16.3
4457.1433679237725,16.3
4480.4409170523,16.2
4503.860242787635,16.2
4527.40198165776,16.1
4551.0667735177985,16.0
4574.855261567406,15.9
4598.768092368251,15.9
4622.80591586159,15.9
4646.969385385929,15.8
4671.25915769478,15.7
4695.675892974527,15.6
4720.220254862348,15.6
4744.892910464259,15.5
4769.694530373255,15.5
4794.625788687525,15.4
4819.68736302878,15.3
4844.87993456067,15.2
4870.204188007296,15.1
4895.660811671819,15.0
4921.250497455168,15.0
4946.973940874864,15.0
4972.8318410838865,15.0
4998.824900889706,14.9
5024.953826773381,14.9
5051.219328908747,14.8
5077.622121181736,14.8
5104.162921209768,14.8
5130.842450361258,14.8
5157.661433775227,14.8
5184.620600380999,14.8
5211.720682918039,14.8
5238.962417955835,14.9
5266.346545913939,14.9
5293.873811082085,15.0
5321.544961640422,15.1
5349.360749679845,15.2
5377.321931222439,15.2
5405.429266242027,15.2
5433.683518684824,15.2
5462.085456490198,15.2
5490.635851611563,15.2
5519.335480037329,15.2
5548.185121812011,15.1
5577.185561057427,15.1
5606.337585994012,15.0
5635.641988962242,14.9
5665.0995664441625,14.8
5694.7111190850455,14.7
5724.477451715144,14.7
5754.399373371566,14.7
5784.477697320285,14.7
5814.713241078208,14.7
5845.10682643542,14.7
5875.659279477514,14.7
5906.371430608045,14.7
5937.244114571097,14.7
5968.278170473975,14.7
5999.4744418100045,14.6
6030.833776481469,14.6
6062.357026822636,14.5
6094.045049622959,14.4
6125.898706150321,14.4
6157.918862174471,14.3
6190.106387990547,14.3
6222.462158442733,14.3
6254.987052948034,14.3
6287.681955520183,14.3
6320.547754793659,14.3
6353.585344047851,14.3
6386.795621231329,14.3
6420.179488986247,14.3
6453.7378546729,14.3
6487.471630394349,14.3
6521.381733021235,14.3
6555.469084216698,14.3
6589.734610461422,14.3
6624.179243078815,14.2
6658.80391826033,14.1
6693.609577090902,14.0
6728.597165574533,14.0
6763.767634659991,14.0
6799.1219402666875,13.9
6834.661043310619,13.8
6870.385909730507,13.6
6906.297510514049,13.5
6942.39682172431,13.4
6978.684824526248,13.3
7015.162505213385,13.2
7051.830855234612,13.1
7088.690871221135,12.9
7125.7435550135615,12.8
7162.989913689153,12.7
7200.430959589155,12.6
7238.067710346342,12.4
7275.901188912673,12.2
7313.932423587085,12.0
7352.162448043451,11.8
7390.59230135867,11.6
7429.22302804091,11.4
7468.055678057999,11.2
7507.091306865953,11.0
7546.330975437692,10.9
7585.775750291836,10.9
7625.426703521717,10.9
7665.284912824515,10.9
7705.351461530549,10.9
7745.627438632719,10.9
7786.113938816104,10.9
7826.81206248772,10.9
7867.722915806424,10.9
7908.847610712972,11.0
7950.187264960275,11.4
7991.743002143727,11.6
8033.515951731782,11.7
8075.507249096639,11.8
8117.718035545101,11.9
8160.149458349601,12.0
8202.80267077938,12.1
8245.67883213183,12.3
8288.77910776401,12.4
8332.104669124305,12.4
8375.656693784302,12.5
8419.436365470749,12.5
8463.444874097753,12.8
8507.683415799123,13.1
8552.153192960874,13.2
8596.855414253905,13.3
8641.791294666864,13.5
8686.962055539152,14.0
8732.36892459413,14.5
8778.01313597248,14.7
8823.895930265779,14.9
8870.018554550163,15.0
8916.382262420266,15.1
8962.988314023276,15.2
9009.83797609319,15.2
9056.932521985234,15.1
9104.273231710486,14.8
9151.861391970657,14.4
9199.698296193066,14.1
9247.785244565785,13.8
9296.12354407301,13.4
9344.714508530542,12.9
9393.559458621517,11.4
9442.659721932305,10.1
9492.016632988581,9.5
9541.631533291613,9.0
9591.505771354708,8.6
9641.64070273987,8.2
9692.037690094652,7.7
9742.698103189163,7.1
9793.623318953358,6.6
9844.814721514387,6.3
9896.27370223427,6.1
9948.001659747684,6.1
10000.0,6.4
10052.270136285486,6.6
10104.813489285681,6.7
10157.6314871081,6.8
10210.725565324987,6.9
10264.09716701231,7.1
10317.747742788988,7.6
10371.678750856474,7.9
10425.891657038128,8.2
10480.387934819217,8.4
10535.16906538697,8.6
10590.236537670813,9.1
10645.591848382772,9.8
10701.236502058211,10.3
10757.172011096769,10.6
10813.399895803414,10.8
10869.921684429703,10.9
10926.73891321545,11.1
10983.85312643042,11.4
11041.265876416248,11.6
11098.978723628681,11.7
11156.993236680037,11.6
11215.310992381786,11.5
11273.933575787378,11.4
11332.862580235347,11.2
11392.099607392682,11.1
11451.646267298307,10.9
11511.504178406769,10.5
11571.674967632372,9.0
11632.16027039332,7.5
11692.961730656129,7.1
11754.08100098034,6.5
11815.519742563505,5.7
11877.27962528627,5.3
11939.362327757724,4.8
12001.76953736107,4.3
12064.50295029953,4.2
12127.56427164241,4.2
12190.95521537136,4.1
12254.677504427105,4.1
12318.732870756214,4.3
12383.123055358106,4.5
12447.849808332432,4.7
12512.914888926687,5.1
12578.320065583976,5.5
12644.067115991029,5.8
12710.157827126544,6.2
12776.593995309939,6.6
12843.377426249857,7.0
12910.50993509343,7.9
12977.99334647565,8.7
13045.829494568892,9.1
13114.020223132724,9.5
13182.567385564074,9.8
13251.472844947652,10.3
13320.738474106534,11.3
13390.366155652993,12.6
13460.35778203982,13.5
13530.715255611682,14.0
13601.440488656775,14.6
13672.535403458849,15.2
13744.001932349513,15.7
13815.842017760702,16.1
13888.057612277411,16.6
13960.650678690825,17.0
14033.62319005172,17.1
14106.977129724035,17.2
14180.714491438697,17.2
14254.837279347976,17.3
14329.347508079869,17.4
14404.247202792812,17.6
14479.538399230763,17.7
14555.223143778607,17.9
14631.303493517702,18.1
14707.78151628175,18.2
14784.65929071304,18.3
14861.938906319014,18.4
14939.622463529,18.4
15017.712073751207,18.3
15096.209859430292,18.2
15175.117954104964,18.0
15254.438502465904,17.6
15334.173660414117,16.9
15414.325595119602,16.4
15494.896485080177,16.0
15575.88852018064,14.7
15657.303901752315,13.5
15739.1448426331,12.7
15821.413567227246,11.9
15904.112311566014,11.9
15987.243323368504,12.1
16070.808862102673,12.4
16154.811199046684,12.6
16239.252617350698,12.8
16324.135412099,13.0
16409.461890372313,13.1
16495.23437131044,13.2
16581.455186175313,13.3
16668.12667841462,13.2
16755.251203725067,13.1
