10.0,29.3
10.052270136285475,29.3
10.104813489285682,29.3
10.157631487108103,29.4
10.210725565324982,29.4
10.264097167012295,29.5
10.317747742789004,29.6
10.371678750856479,29.7
10.425891657038118,29.7
10.480387934819216,29.7
10.535169065386981,29.7
10.590236537670812,29.7
10.64559184838276,29.7
10.701236502058206,29.8
10.757172011096776,29.8
10.813399895803409,29.9
10.869921684429707,29.9
10.926738913215466,30.0
10.98385312643042,30.0
11.041265876416237,30.1
11.098978723628681,30.2
11.156993236680048,30.2
11.215310992381788,30.4
11.27393357578736,30.5
11.332862580235341,30.5
11.392099607392687,30.5
11.451646267298301,30.5
11.511504178406776,30.5
11.571674967632385,30.5
11.632160270393321,30.5
11.692961730656117,30.6
11.75408100098034,30.6
11.815519742563518,30.7
11.87727962528627,30.8
11.939362327757706,30.9
12.001769537361062,30.9
12.064502950299536,30.9
12.127564271642404,30.9
12.190955215371359,30.9
12.254677504427118,31.0
12.318732870756214,31.0
12.383123055358094,31.1
12.447849808332432,31.1
12.5129148889267,31.2
12.578320065583968,31.2
12.644067115991009,31.2
12.710157827126565,31.3
12.776593995309947,31.3
12.843377426249843,31.4
12.910509935093431,31.4
12.977993346475664,31.4
13.045829494568892,31.4
13.11402022313271,31.5
13.182567385564074,31.6
13.251472844947658,31.7
13.320738474106527,31.7
13.390366155653,31.7
13.460357782039841,31.7
13.530715255611682,31.7
13.601440488656761,31.8
13.672535403458848,31.8
13.744001932349526,31.9
13.815842017760701,31.9
13.888057612277397,32.0
13.960650678690818,32.1
14.033623190051728,32.1
14.10697712972403,32.1
14.180714491438705,32.1
14.25483727934799,32.1
14.32934750807987,32.2
14.404247202792797,32.2
14.479538399230764,32.2
14.55522314377862,32.3
14.631303493517702,32.4
14.707781516281727,32.4
14.784659290713032,32.4
14.861938906319022,32.4
14.939622463528993,32.4
15.017712073751214,32.5
15.096209859430308,32.6
15.175117954104964,32.6
15.254438502465888,32.6
15.334173660414118,32.6
15.414325595119617,32.6
15.494896485080169,32.7
15.575888520180618,32.8
15.65730390175234,32.8
15.73914484263311,32.8
15.821413567227237,32.8
15.904112311566013,32.8
15.98724332336852,32.9
16.070808862102673,33.0
16.154811199046666,33.1
16.239252617350697,33.1
16.324135412099007,33.2
16.409461890372306,33.3
16.495234371310413,33.3
16.58145518617534,33.3
16.668126678414627,33.3
16.755251203725052,33.3
16.84283113011666,33.4
16.930868837977105,33.5
17.01936672013636,33.5
17.108327181931763,33.5
17.197752641273365,33.5
17.28764552870969,33.5
17.378008287493753,33.5
17.4688433736495,33.6
17.560153256038525,33.6
17.651940416427212,33.6
17.744207349554188,33.6
17.836956563198083,33.6
17.93019057824573,33.6
18.023911928760675,33.6
18.118123162052047,33.6
18.21282683874379,33.6
18.30802553284428,33.7
18.403721831816252,33.7
18.499918336647156,33.8
18.59661766191982,33.8
18.69382243588356,33.8
18.791535300525574,33.8
18.889758911642755,33.9
18.98849593891389,34.0
19.08774906597221,34.0
19.187520990478333,34.0
19.287814424193606,34.0
19.388632093053765,34.0
19.48997673724305,34.0
19.591851111268685,34.0
19.69425798403576,34.0
19.79720013892245,34.0
19.90068037385568,34.1
20.004701501387192,34.2
20.109266348769967,34.3
20.214377758035074,34.3
20.320038586068932,34.3
20.426251704690927,34.3
20.533020000731486,34.3
20.64034637611054,34.4
20.748233747916412,34.5
20.856685048485062,34.5
20.965703225479817,34.5
21.075291241971485,34.5
21.185452076518878,34.5
21.296188723249774,34.5
21.407504191942323,34.5
21.519401508106792,34.5
21.631883713067854,34.6
21.744953864047204,34.7
21.858615034246718,34.7
21.972870312931903,34.7
22.087722805515906,34.7
22.203175633643916,34.7
22.319231935278008,34.7
22.435894864782412,34.7
22.553167593009288,34.7
22.671053307384867,34.8
22.789555211996095,34.8
22.908676527677724,34.8
23.028420492099883,34.8
23.148790359856015,34.8
23.26978940255137,34.8
23.391420908891938,34.8
23.51368818477381,34.8
23.63659455337303,34.8
23.760143355235964,34.8
23.884337948370025,34.8
24.009181708334992,34.8
24.134678028334722,34.8
24.260830319309434,34.9
24.387642010028344,35.0
24.515116547182902,35.0
24.64325739548046,35.0
24.772068037738443,35.0
24.901551974979007,35.0
25.031712726524198,35.0
25.162553830091625,35.0
25.294078841890578,35.0
25.426291336718684,35.0
25.559194908059133,35.1
25.692793168178262,35.1
25.827089748223784,35.2
25.96208829832347,35.2
26.097792487684362,35.2
26.234206004692496,35.2
26.371332557013133,35.2
26.5091758716916,35.2
26.647739695254497,35.2
26.787027793811582,35.2
26.9270439531581,35.2
27.06779197887776,35.2
27.209275696446046,35.2
27.351498951334275,35.2
27.494465609114105,35.2
27.638179555562576,35.2
27.782644696767733,35.2
27.92786495923483,35.2
28.07384428999299,35.4
28.220586656702505,35.5
28.368096047762684,35.5
28.516376472420284,35.5
28.66543196087842,35.5
28.815266564406134,35.5
28.965884355448516,35.5
29.11728942773738,35.5
29.26948589640251,35.5
29.42247789808359,35.5
29.57626959104251,35.5
29.730865155276486,35.5
29.88626879263161,35.5
30.04248472691713,35.5
30.19951720402016,35.5
30.357370492021133,35.5
30.516048881309793,35.5
30.675556684701824,35.5
30.835898237556027,35.5
30.99707789789224,35.5
31.15910004650967,35.5
31.321969087106055,35.6
31.485689446397288,35.7
31.650265574237824,35.7
31.815701943741516,35.7
31.98200305140326,35.7
32.14917341722119,35.7
32.31721758481955,35.7
32.486140121572134,35.7
32.655945618726484,35.7
32.82663869152868,35.7
32.99822397934869,35.7
33.170706145806605,35.7
33.34408987889928,35.7
33.51837989112781,35.7
33.69358091962557,35.7
33.86969772628702,35.7
34.04673509789711,35.7
34.224697846261364,35.7
34.40359080833668,35.7
34.58341884636283,35.7
34.764186847994516,35.7
34.94589972643436,35.7
35.12856242056629,35.7
35.312179895089876,35.7
35.496757140655234,35.7
35.68229917399868,35.7
35.86881103807908,35.7
36.05629780221492,35.7
36.24476456222205,35.7
36.434216440552284,35.7
36.6246585864325,35.7
36.81609617600466,35.7
37.00853441246656,35.7
37.2019785262131,35.7
37.39643377497855,35.8
37.591905443979435,35.9
37.788398846058186,35.9
37.985919321827524,35.9
38.184472239815605,35.9
38.384062996612016,35.9
38.584697017014335,35.9
38.786379754175634,35.9
38.98911668975273,35.9
39.1929133340551,35.9
39.39777522619469,35.9
39.60370793423646,35.9
39.810717055349734,35.9
40.0188082159603,35.9
40.227987071903335,35.9
40.43825930857721,35.9
40.64963064109788,35.9
40.8621068144543,35.9
41.075693603664625,35.9
41.29039681393302,35.9
41.506222280807584,35.9
41.72317587033889,35.9
41.94126347923944,35.9
42.16049103504393,35.9
42.38086449627034,35.9
42.60238985258197,35.9
42.825073124950116,35.9
43.04892036581776,35.9
43.27393765926414,35.9
43.500131121170035,35.9
43.727506899384,35.9
43.956071173889484,35.9
44.18583015697281,35.9
44.416790093392,35.9
44.648957260546474,35.9
44.88233796864779,35.9
45.116938560890986,35.9
45.35276541362708,35.9
45.58982493653644,35.9
45.82812357280281,35.9
46.067667799288614,35.9
46.308464126710895,35.9
46.55051909981832,35.9
46.793839297569036,35.9
47.03843133330949,35.9
47.28430185495417,35.9
47.531457545166376,35.9
47.77990512153967,35.9
48.02965133678067,35.9
48.28070297889241,35.9
48.53306687135893,35.9
48.78674987333074,35.9
49.041758879811184,35.9
49.298100821843896,35.9
49.55578266670119,35.9
49.81481141807335,35.9
50.07519411625915,35.9
50.336937838356974,35.9
50.60004969845742,35.9
50.86453684783644,35.9
51.13040647514984,35.9
51.39766580662862,35.9
51.66632210627541,35.9
51.93638267606184,35.8
52.20785485612707,35.8
52.48074602497726,35.7
52.75506359968615,35.7
53.030815036096584,35.7
53.308007829023246,35.7
53.58664951245627,35.7
53.866747659766084,35.7
54.148309883909214,35.7
54.431343837635225,35.7
54.7158572136947,35.7
55.00185774504835,35.7
55.28935320507712,35.7
55.57835140779364,35.7
55.86886020805435,35.7
56.160887501773274,35.7
56.45444122613637,35.7
56.74952935981742,35.7
57.04615992319485,35.7
57.34434097856969,35.7
57.64408063038476,35.7
57.94538702544487,35.7
58.24826835313831,35.7
58.552732845659456,35.7
58.85878877823242,35.7
59.166444469336014,35.7
59.475708280929936,35.7
59.786588618681876,35.7
60.0990939321961,35.7
60.41323271524305,35.7
60.72901350599024,35.7
61.046444887234294,35.7
61.365535486634215,35.7
61.686293976945976,35.7
62.008729076258064,35.7
62.332849548228545,35.7
62.658664202323344,35.7
62.98618189405547,35.7
63.315411525225876,35.7
63.64636204416533,35.7
63.979042445977655,35.7
64.31346177278421,35.6
64.64962911396958,35.5
64.98755360642885,35.5
65.32724443481563,35.5
65.66871083179183,35.5
66.01196207827876,35.5
66.35700750370908,35.5
66.7038564862806,35.5
67.05251845321108,35.5
67.40300288099445,35.5
67.75531929565844,35.5
68.1094772730234,35.5
68.46548643896274,35.5
68.82335646966433,35.5
69.18309709189363,35.5
69.54471808325809,35.5
69.90822927247277,35.5
70.27364053962762,35.4
70.6409618164559,35.3
71.01020308660422,35.2
71.38137438590384,35.2
71.75448580264342,35.2
72.12954747784322,35.2
72.50656960553087,35.2
72.88556243301818,35.2
73.26653626117992,35.2
73.64950144473359,35.1
74.03446839252094,35.0
74.42144756779092,35.0
74.810449488484,35.0
75.20148472751808,35.0
75.59456391307583,35.0
75.98969772889355,35.0
76.38689691455168,35.0
76.78617226576647,35.0
77.18753463468363,35.0
77.59099493017311,35.0
77.99656411812569,35.0
78.404253221751,34.9
78.8140733218772,34.8
79.226035557252,34.8
79.64015112484554,34.8
80.05643128015467,34.8
80.47488733750892,34.8
80.89553067037787,34.8
81.31837271168051,34.8
81.74342495409579,34.8
82.170698950375,34.8
82.60020631365589,34.8
83.03195871777821,34.8
83.46596789760103,34.8
83.90224564932171,34.8
84.34080383079642,34.7
84.78165436186265,34.7
85.22480922466286,34.7
85.67028046397054,34.7
86.11808018751721,34.7
86.56822056632171,34.7
87.020713835021,34.7
87.47557229220259,34.7
87.93280830073893,34.7
88.39243428812335,34.7
88.85446274680783,34.7
89.31890623454267,34.7
89.78577737471758,34.7
90.25508885670492,34.7
90.72685343620469,34.7
91.20108393559097,34.7
91.67779324426061,34.7
92.15699431898352,34.7
92.63870018425483,34.7
93.12292393264887,34.7
93.60967872517497,34.7
94.09897779163542,34.7
94.5908344309847,34.7
95.0852620116911,34.7
95.58227397210023,34.7
96.08188382079996,34.7
96.5841051369878,34.7
97.08895157083991,34.7
97.59643684388209,34.7
98.10657474936274,34.7
98.61937915262773,34.8
99.13486399149741,34.8
99.65304327664518,34.8
100.17393109197839,34.8
100.69754159502135,34.8
101.22388901729977,34.8
101.75298766472777,34.8
102.28485191799675,34.8
102.81949623296607,34.8
103.35693514105618,34.8
103.89718324964329,34.8
104.44025524245698,34.8
104.98616587997819,34.8
105.53492999984189,34.8
106.08656251723878,34.8
106.64107842532215,34.8
107.19849279561431,34.8
107.75882077841675,34.8
108.32207760322176,34.8
108.88827857912626,34.8
109.45743909524856,34.8
110.02957462114523,34.8
110.60470070723336,34.8
111.18283298521138,34.8
111.76398716848561,34.8
112.3481790525961,34.8
112.93542451564652,34.8
113.5257395187356,34.8
114.11914010639099,34.8
114.71564240700522,34.8
115.3152626332741,34.8
115.91801708263789,34.8
116.52392213772293,34.8
117.13299426678874,34.8
117.74525002417371,34.8
118.36070605074681,34.8
118.97937907435858,34.8
119.60128591029638,34.8
120.22644346174131,34.8
120.85486872022751,34.8
121.4865787661046,34.8
122.12159076900052,34.8
122.75992198829012,34.8
123.40158977356222,34.8
124.04661156509306,34.8
124.69500489431896,34.8
125.34678738431336,34.8
126.00197675026583,34.8
126.6605907999634,34.8
127.3226474342747,34.8
127.98816464763628,34.8
128.6571605285424,34.8
129.32965326003517,34.8
130.00566112020084,34.8
130.68520248266435,34.8
131.36829581709074,34.8
132.05495968968575,34.8
132.74521276370103,34.8
133.43907379994133,34.8
134.1365616572744,34.8
134.83769529314347,34.8
135.54249376408254,34.8
136.25097622623485,34.8
136.96316193587217,34.8
137.67907024992007,34.8
138.39872062648203,34.8
139.1221326253702,34.8
139.84932590863562,34.8
140.58032024110324,34.7
141.31513549090906,34.7
142.05379163003997,34.7
142.7963087348772,34.7
143.5427069867405,34.7
144.29300667243896,34.7
145.04722818481977,34.7
145.80539202332486,34.7
146.56751879454652,34.7
147.333629212788,34.7
148.1037441006266,34.7
148.87788438947953,34.7
149.65607112017267,34.7
150.43832544351253,34.7
151.2246686208618,34.7
152.01512202471548,34.7
152.80970713928414,34.7
153.6084455610754,34.7
154.41135899948313,34.7
155.218469277376,34.7
156.02979833169113,34.7
156.8453682140304,34.6
157.66520109125955,34.5
158.48931924611142,34.5
159.3177450777899,34.5
160.15050110258113,34.5
160.9876099544629,34.5
161.82909438572216,34.4
162.67497726757185,34.2
163.52528159077312,34.0
164.38003046626017,34.0
165.23924712576837,34.0
166.1029549224657,34.0
166.97117733158728,34.0
167.8439379510743,34.0
168.72126050221348,34.0
169.60316883028446,34.0
170.48968690520502,34.2
171.38083882218535,34.3
172.27664880238083,34.3
173.17714119355136,34.3
174.08234047072295,34.3
174.99227123685273,34.3
175.9069582234984,34.3
176.82642629148881,34.3
177.75070043160196,34.3
178.67980576524164,34.3
179.61376754512278,34.3
180.55261115595593,34.3
181.49636211513797,34.3
182.44504607344558,34.3
183.39868881573247,34.3
184.35731626163007,34.3
185.3209544662519,34.3
186.28962962090262,34.3
187.26336805378796,34.3
188.24219623073301,34.3
189.2261407558986,34.3
190.21522837250714,34.3
191.20948596356752,34.3
192.20894055260666,34.3
193.21361930440384,34.3
194.22354952572874,34.3
195.2387586660848,34.3
196.25927431845295,34.3
197.28512422004457,34.3
198.31633625305224,34.3
199.35293844541056,34.2
200.39495897155572,34.1
201.4424261531923,34.0
202.4953684600627,34.0
203.55381451072122,34.0
204.6177930733116,34.0
205.6873330663489,34.0
206.76246355950653,34.0
207.84321377440395,34.0
208.92961308540407,34.0
210.02169102040844,34.0
211.11947726166272,34.0
212.22300164656127,34.0
213.33229416845913,34.0
214.447384977487,34.0
215.5683043813707,34.0
216.69508284625502,34.0
217.8277509975314,34.0
218.9663396206716,34.0
220.1108796620618,33.9
221.26140222984722,33.8
222.41793859477394,33.8
223.5805201910423,33.8
224.74917861715863,33.8
225.9239456367954,33.8
227.10485317965416,33.8
228.29193334233327,33.8
229.48521838920135,33.8
230.68474075327168,33.8
231.89053303708724,33.8
233.102628013603,33.8
234.32105862708036,33.8
235.5458579939798,33.7
236.77705940386227,33.6
238.0146963202937,33.6
239.25880238175446,33.6
240.50941140255387,33.6
241.76655737374873,33.6
243.03027446406858,33.6
244.30059702084168,33.6
245.57755957093218,33.6
246.86119682167464,33.6
248.1515436618211,33.6
249.44863516248657,33.5
250.75250657810346,33.5
252.0631933473797,33.5
253.3807310942614,33.5
254.7051556289027,33.5
256.03650294863604,33.5
257.3748092389545,33.5
258.72011087449107,33.5
260.0724444200114,33.5
261.4318466314045,33.5
262.79835445668317,33.5
264.17200503698814,33.4
265.5528357075972,33.3
266.94088399894025,33.3
268.336187637619,33.3
269.7387845474336,33.3
271.1487128504106,33.3
272.56601086784315,33.2
273.9907171213279,33.2
275.4228703338166,33.1
276.86250943066517,33.1
278.30967354069315,33.1
279.764401997247,33.1
281.2267343392687,33.1
282.6967103123723,33.1
284.1743698699204,33.1
285.65975317411466,33.1
287.152900597083,33.1
288.6538527219809,33.0
290.16265034409145,32.9
291.67933447193553,32.8
293.203946328386,32.8
294.7365273517884,32.7
296.27711919708696,32.6
297.8257637369567,32.6
299.38250306294265,32.6
300.947379486601,32.6
302.52043554065347,32.6
304.1017139801383,32.6
305.69125778357716,32.5
307.2891101541398,32.4
308.8953145208197,32.4
310.5099145396145,32.4
312.1329540947119,32.4
313.76447729968413,32.4
315.40452849868336,32.3
317.0531522676519,32.3
318.71039341552853,32.2
320.3762969854716,32.2
322.05090825607795,32.1
323.7342727426186,32.1
325.4264361982722,32.1
327.1274446153702,32.1
328.83734422664674,32.1
330.55618150649445,32.0
332.28400317222986,32.0
334.02085618535915,31.9
335.76678775285944,31.8
337.52184532845695,31.8
339.28607661392135,31.7
341.0595295603587,31.6
342.84225236951676,31.5
344.63429349509414,31.4
346.4357016440579,31.4
348.24652577796684,31.4
350.06681511430224,31.4
351.8966191278073,31.3
353.7359875518278,31.2
355.5849703796693,31.1
357.44361786595016,31.1
359.3119805279728,31.0
361.1901091470929,31.0
363.0780547701014,30.9
364.9758687106112,30.9
366.8836025504522,30.9
368.80130814107446,30.9
370.72903760495365,30.9
372.66684333701346,30.9
374.6147780060434,30.8
376.57289455613636,30.7
378.54124620812286,30.6
380.5198864610201,30.6
382.50886909348526,30.5
384.5082481652772,30.5
386.51807801872604,30.4
388.53841328020957,30.3
390.56930886163985,30.1
392.6108199619517,30.0
394.6630020686084,30.0
396.7259109591041,30.0
398.7996027024853,30.0
400.8841336608706,30.0
402.9795604909844,30.0
405.0859401456969,30.0
407.20332987557106,29.9
409.331787230421,29.8
411.4713700608718,29.8
413.6221365199375,29.8
415.78414506459575,29.7
417.95745445738237,29.7
420.1421237679842,29.7
422.33821237484636,29.7
424.5457799667861,29.7
426.76488654461485,29.7
428.9955924227691,29.7
431.23795823094935,29.7
433.49204491576995,29.7
435.7579137424112,29.6
438.0356262962907,29.6
440.3252444847303,29.5
442.62683053864555,29.5
444.9404470142319,29.5
447.2661567946673,29.5
449.60402309182115,29.5
451.9541094479714,29.5
454.3164797375345,29.5
456.6911981687959,29.5
459.0783292856624,29.5
461.4779379694089,29.5
463.89008944044906,29.5
466.31484926010245,29.4
468.7522833323791,29.3
471.20245790577025,29.3
473.6654395750488,29.3
476.14129528307956,29.3
478.630092322638,29.3
481.1318983382419,29.3
483.6467813279844,29.3
486.1748096453894,29.3
488.7160520012619,29.2
491.27057746556244,29.1
493.8384554692794,29.0
496.4197558063182,29.0
499.01454863539806,29.0
501.6229044819588,29.0
504.24489424007766,29.0
506.88058917439554,29.0
509.53006092205686,29.0
512.1933814946506,29.0
514.8706232801756,29.0
517.5618590449992,29.0
520.2671619358439,29.0
522.9866054817683,29.0
525.7202635961694,29.0
528.4682105787901,29.0
531.230521117739,29.0
534.0072702915224,29.0
536.7985335710792,29.0
539.6043868218401,29.0
542.4249063057814,29.0
545.2601686835053,29.0
548.1102510163182,29.0
550.9752307683272,29.0
553.8551858085453,29.0
556.7501944130083,29.0
559.6603352669016,29.0
562.5856874666987,29.0
565.5263305223134,29.0
568.4823443592555,29.0
571.4538093208106,29.0
574.4408061702153,29.0
577.4434160928608,29.0
580.4617206984933,29.0
583.4958020234345,29.0
586.5457425328113,29.0
589.6116251227962,29.0
592.6935331228639,29.0
595.7915502980484,29.0
598.9057608512304,29.0
602.0362494254149,29.1
605.1831011060411,29.2
608.3464014232891,29.3
611.5262363544065,29.3
614.7226923260454,29.3
617.9358562166111,29.3
621.1658153586235,29.3
624.4126575410903,29.3
627.6764710118958,29.3
630.957344480193,29.3
634.2553671188238,29.3
637.5706285667327,29.3
640.9032189314127,29.3
644.2532287913472,29.3
647.6207491984753,29.3
651.0058716806659,29.3
654.4086882442045,29.3
657.8292913762976,29.3
661.2677740475787,29.3
664.7242297146454,29.3
668.1987523225889,29.3
671.6914363075575,29.3
675.2023765993158,29.3
678.7316686238282,29.3
682.2794083058518,29.3
685.8456920715438,29.3
689.4306168510824,29.3
693.0342800813003,29.3
696.6567797083366,29.3
700.2982141902914,29.3
703.9586824999124,29.3
707.6382841272731,29.3
711.3371190824884,29.3
715.0552878984242,29.3
718.7928916334344,29.3
722.5500318741055,29.3
726.3268107380181,29.3
730.123330876526,29.3
733.9396954775374,29.3
737.7760082683312,29.3
741.6323735183645,29.3
745.508896042117,29.3
749.4056812019327,29.3
753.3228349108862,29.3
757.2604636356614,29.3
761.2186743994453,29.3
765.1975747848361,29.3
769.1972729367671,29.3
773.2178775654501,29.3
777.2594979493206,29.3
781.3222439380205,29.3
785.406225955371,29.3
789.5115550023859,29.3
793.6383426602791,29.3
797.7867010935024,29.3
801.9567430527921,29.3
806.1485818782347,29.3
810.3623315023465,29.3
814.59810645317,29.3
818.8560218573906,29.3
823.1361934434566,29.3
827.4387375447371,29.3
831.7637711026708,29.3
836.1114116699566,29.3
840.4817774137397,29.3
844.8749871188272,29.3
849.2911601909162,29.3
853.7304166598383,29.3
858.1928771828257,29.3
862.6786630477819,29.3
867.1878961765907,29.3
871.7206991284164,29.3
876.2771951030477,29.3
880.8575079442367,29.3
885.4617621430697,29.3
890.0900828413493,29.3
894.742595834996,29.3
899.4194275774676,29.3
904.1207051831946,29.3
908.8465564310401,29.2
913.5971097677627,29.1
918.3724943115215,29.0
923.1728398553701,29.0
927.998276870799,29.0
932.8489365112713,29.0
937.7249506157918,29.0
942.6264517124897,29.0
947.5535730222193,29.0
952.5064484621864,29.0
957.4852126495767,29.0
962.4900009052299,29.0
967.5209492573013,28.9
972.5781944449744,28.8
977.6618739221665,28.8
982.772125861269,28.7
987.9090891569025,28.7
993.0729034296917,28.6
998.26370903006,28.6
1003.4816470420445,28.6
1008.7268592871307,28.6
1013.9994883281055,28.6
1019.2996774729368,28.5
1024.627570778662,28.5
1029.9833130553077,28.4
1035.3670498698243,28.4
1040.778927550043,28.3
1046.219093188652,28.3
1051.687694647196,28.2
1057.1848805600926,28.1
1062.7108003386745,28.0
1068.2656041752484,28.0
1073.849443047181,27.9
1079.4624687209969,27.8
1085.104833756507,27.8
1090.7766915109553,27.8
1096.4781961431852,27.7
1102.2095026178308,27.7
1107.9707667095288,27.6
1113.7621450071517,27.6
1119.5837949180645,27.5
1125.4358746724013,27.4
1131.3185433273702,27.3
1137.231960771571,27.3
1143.1762877293438,27.2
1149.1516857651375,27.2
1155.1583172879002,27.1
1161.1963455554942,27.1
1167.2659346791324,27.0
1173.3672496278396,26.9
1179.5004562329357,26.8
1185.6657211925422,26.8
1191.8632120761172,26.7
1198.0930973290035,26.6
1204.355546277011,26.5
1210.650729131018,26.4
1216.9788169915967,26.2
1223.3399818536654,26.1
1229.7343966111616,26.0
1236.162235061742,25.9
1242.6236719115057,25.8
1249.1188827797416,25.7
1255.6480442037073,25.6
1262.2113336434193,25.5
1268.8089294864806,25.4
1275.4410110529293,25.2
1282.1077586001115,25.1
1288.8093533275808,25.0
1295.5459773820237,24.9
1302.3178138622095,24.8
1309.1250468239675,24.7
1315.967861285188,24.6
1322.8464432308563,24.5
1329.7609796180998,24.4
1336.7116583812742,24.3
1343.6986684370715,24.2
1350.7221996896535,24.1
1357.782443035813,24.0
1364.879590370164,23.9
1372.0138345903551,23.8
1379.1853696023147,23.6
1386.3943903255179,23.5
1393.6410926982915,23.4
1400.9256736831292,23.3
1408.248331272053,23.2
1415.6092644919916,23.1
1423.0086734101894,23.0
1430.4467591396458,22.8
1437.9237238445805,22.6
1445.439770745928,22.4
1452.9951041268616,22.4
1460.589929338344,22.3
1468.224452804715,22.2
1475.898882029292,22.1
1483.6134256000173,22.0
1491.3682931951248,21.9
1499.1636955888393,21.9
1506.999844657106,21.8
1514.8769533833477,21.7
1522.7952358642551,21.7
1530.754907315605,21.7
1538.7561840781082,21.7
1546.799283623296,21.7
1554.8844245594228,21.6
1563.0118266374113,21.5
1571.181710756826,21.4
1579.3942989718767,21.3
1587.649814497453,21.3
1595.9484817151922,21.2
1604.2905261795772,21.2
1612.6761746240677,21.2
1621.1056549672617,21.2
1629.5791963190893,21.2
1638.097028987047,21.1
1646.6593844824454,21.0
1655.266495526711,21.0
1663.9185960577072,21.0
1672.6159212360947,21.0
1681.3587074517213,20.9
1690.1471923300487,20.9
1698.9816147386093,20.9
1707.8622147934998,20.9
1716.789233865905,20.9
1725.7629145886658,20.9
1734.7835008628629,20.8
1743.8512378644525,20.7
1752.9663720509295,20.7
1762.1291511680254,20.7
1771.3398242564415,20.7
1780.598641658619,20.7
1789.9058550255418,20.6
1799.2617173235774,20.5
1808.6664828413498,20.4
1818.1204071966588,20.3
1827.6237473434162,20.3
1837.1767615786375,20.2
1846.7797095494598,20.1
1856.4328522602,20.0
1866.1364520794475,19.9
1875.8907727471963,19.8
1885.6960793820124,19.8
1895.552638488241,19.8
1905.4607179632462,19.8
1915.4205871047022,19.8
1925.4325166178992,19.7
1935.4967786231095,19.7
1945.6136466629825,19.7
1955.783395709978,19.6
1966.006302173841,19.5
1976.282643909114,19.5
1986.6127002226892,19.5
1996.996751881399,19.5
2007.4350811196462,19.5
2017.927971647083,19.4
2028.4757086563097,19.4
2039.078578830634,19.3
2049.736870351861,19.3
2060.4508729081267,19.3
2071.22087770177,19.3
2082.0471774572497,19.3
2092.9300664290977,19.3
2103.8698404099196,19.3
2114.8667967384304,19.3
2125.9212343075446,19.3
2137.0334535724887,19.3
2148.2037565589744,19.3
2159.4324468714053,19.3
2170.71982970113,19.3
2182.0662118347364,19.2
2193.4719016623894,19.1
2204.937209186215,19.0
2216.4624460287228,19.0
2228.0479254412767,19.0
2239.6939623126154,19.0
2251.4008731773993,18.9
2263.168976224821,18.8
2274.9985913072546,18.7
2286.890039948944,18.7
2298.843645354747,18.6
2310.8597324189163,18.6
2322.9386277339318,18.5
2335.0806595993763,18.5
2347.2861580308577,18.4
2359.5554547689862,18.4
2371.8888832883777,18.3
2384.2867788067265,18.3
2396.7494782939148,18.2
2409.2773204811715,18.1
2421.8706458702773,18.0
2434.5297967428205,17.9
2447.2551171695004,17.8
2460.0469530194778,17.7
2472.905651969775,17.6
2485.8315635147337,17.5
2498.825038975499,17.5
2511.88643150958,17.4
2525.0160961204438,17.4
2538.2143896671673,17.4
2551.481670874133,17.4
2564.8183003407817,17.4
2578.224640551411,17.4
2591.7010558850307,17.5
2605.247912625263,17.6
2618.8655789702975,17.6
2632.5544250429093,17.6
2646.314822900502,17.6
2660.14714654523,17.6
2674.051771934164,17.7
2688.029076989506,17.8
2702.079441608862,17.8
2716.20324767557,17.8
2730.400879069075,17.8
2744.6727216753675,17.8
2759.0191633974646,17.8
2773.440594165967,17.8
2787.9374059496395,17.8
2802.509992766076,17.8
2817.1587506924047,17.8
2831.8840778760564,17.8
2846.686374545581,17.7
2861.5660430215316,17.6
2876.5234877273942,17.5
2891.5591152005823,17.4
2906.6733341034837,17.3
2921.8665552345788,17.2
2937.139191539587,17.1
2952.4916581227058,17.1
2967.9243722578863,17.0
2983.4377534001765,16.9
2999.0322231971227,16.8
3014.7082055002275,16.7
3030.466126376471,16.6
3046.306414119893,16.5
3062.229499263226,16.3
3078.2358145896155,16.1
3094.325795144359,15.8
3110.4998782467446,15.5
3126.7585035019356,15.3
3143.1021128129173,14.8
3159.5311503925072,14.3
3176.0460627754296,14.1
3192.6472988304513,13.8
3209.335309772584,13.3
3226.1105491753406,12.8
3242.973472983081,12.2
3259.924539523382,11.7
3276.9642095195077,11.5
3294.0929461029286,11.2
3311.311214825911,11.1
3328.6194836741684,11.4
3346.018223079582,11.8
3363.507905932988,12.0
3381.089007597027,12.1
3398.762005919066,12.2
3416.527381244194,12.3
3434.385616428264,12.6
3452.337196851022,13.0
3470.382610429304,13.2
3488.5223476302926,13.4
3506.7569014848486,13.5
3525.0867676009134,13.6
3543.512444176976,13.9
3562.034432015617,14.2
3580.6532345371147,14.4
3599.369357793143,14.5
3618.1833104805046,14.6
3637.095603954969,14.7
3656.1067522451726,14.7
3675.2172720665826,14.8
3694.4276828355482,14.9
3713.738506683413,15.0
3733.1502684707093,15.0
3752.6634958014215,15.0
3772.2787190373247,15.2
3791.9964713124127,15.3
3811.817288547367,15.4
3831.7417094641373,15.5
3851.7702756005806,15.6
3871.9035313251793,15.7
3892.1420238518376,15.8
3912.4863032547537,15.9
3932.936922483372,16.0
3953.4944373774106,16.1
3974.1594066819653,16.2
3994.9323920627126,16.3
4015.8139581211503,16.5
4036.8046724099613,16.6
4057.9051054484326,16.7
4079.115830737964,16.8
4100.437424777656,16.9
4121.870467079975,16.9
4143.41554018651,17.0
4165.0732296838005,17.1
4186.844124219257,17.1
4208.728815517151,17.1
4230.72789839472,17.1
4252.841970778305,17.1
4275.071633719623,17.1
4297.417491412092,17.1
4319.880151207261,17.0
4342.460223631314,17.0
4365.158322401661,16.9
4387.975064443623,16.9
4410.911069907196,16.9
4433.9669621839075,16.9
4457.1433679237725,16.9
4480.4409170523,16.9
4503.860242787635,16.9
4527.40198165776,16.8
4551.0667735177985,16.7
4574.855261567406,16.7
4598.768092368251,16.7
4622.80591586159,16.7
4646.969385385929,16.6
4671.25915769478,16.5
4695.675892974527,16.4
4720.220254862348,16.2
4744.892910464259,16.1
4769.694530373255,16.0
4794.625788687525,15.9
4819.68736302878,15.9
4844.87993456067,15.8
4870.204188007296,15.7
4895.660811671819,15.6
4921.250497455168,15.5
4946.973940874864,15.3
4972.8318410838865,15.2
4998.824900889706,15.1
5024.953826773381,15.0
5051.219328908747,14.9
5077.622121181736,14.8
5104.162921209768,14.6
5130.842450361258,14.4
5157.661433775227,14.3
5184.620600380999,14.2
5211.720682918039,14.1
5238.962417955835,14.0
5266.346545913939,13.9
5293.873811082085,13.8
5321.544961640422,13.8
5349.360749679845,13.7
5377.321931222439,13.6
5405.429266242027,13.6
5433.683518684824,13.6
5462.085456490198,13.6
5490.635851611563,13.6
5519.335480037329,13.5
5548.185121812011,13.5
5577.185561057427,13.4
5606.337585994012,13.4
5635.641988962242,13.3
5665.0995664441625,13.3
5694.7111190850455,13.3
5724.477451715144,13.4
5754.399373371566,13.5
5784.477697320285,13.5
5814.713241078208,13.5
5845.10682643542,13.6
5875.659279477514,13.7
5906.371430608045,13.8
5937.244114571097,13.9
5968.278170473975,14.0
5999.4744418100045,14.1
6030.833776481469,14.2
6062.357026822636,14.4
6094.045049622959,14.5
6125.898706150321,14.6
6157.918862174471,14.7
6190.106387990547,14.8
6222.462158442733,14.9
6254.987052948034,15.0
6287.681955520183,15.1
6320.547754793659,15.3
6353.585344047851,15.5
6386.795621231329,15.7
6420.179488986247,15.9
6453.7378546729,16.0
6487.471630394349,16.2
6521.381733021235,16.3
6555.469084216698,16.5
6589.734610461422,16.6
6624.179243078815,16.7
6658.80391826033,16.9
6693.609577090902,17.2
6728.597165574533,17.5
6763.767634659991,17.7
6799.1219402666875,17.8
6834.661043310619,17.9
6870.385909730507,18.0
6906.297510514049,18.1
6942.39682172431,18.3
6978.684824526248,18.4
7015.162505213385,18.5
7051.830855234612,18.5
7088.690871221135,18.5
7125.7435550135615,18.6
7162.989913689153,18.6
7200.430959589155,18.7
7238.067710346342,18.8
7275.901188912673,18.8
7313.932423587085,18.8
7352.162448043451,18.8
7390.59230135867,18.8
7429.22302804091,18.8
7468.055678057999,18.9
7507.091306865953,19.0
7546.330975437692,19.3
7585.775750291836,19.6
7625.426703521717,19.7
7665.284912824515,19.8
7705.351461530549,20.0
7745.627438632719,20.2
7786.113938816104,20.3
7826.81206248772,20.5
7867.722915806424,20.6
7908.847610712972,21.4
7950.187264960275,22.3
7991.743002143727,22.6
8033.515951731782,22.8
8075.507249096639,23.0
8117.718035545101,23.2
8160.149458349601,23.7
8202.80267077938,24.2
8245.67883213183,24.4
8288.77910776401,24.5
8332.104669124305,24.6
8375.656693784302,24.7
8419.436365470749,24.7
8463.444874097753,24.7
8507.683415799123,24.7
8552.153192960874,24.7
8596.855414253905,24.7
8641.791294666864,24.7
8686.962055539152,24.7
8732.36892459413,24.7
8778.01313597248,24.7
8823.895930265779,24.7
8870.018554550163,24.7
8916.382262420266,24.7
8962.988314023276,24.7
9009.83797609319,24.6
9056.932521985234,24.5
9104.273231710486,24.5
9151.861391970657,24.5
9199.698296193066,24.5
9247.785244565785,24.5
9296.12354407301,24.5
9344.714508530542,24.6
9393.559458621517,24.7
9442.659721932305,24.8
9492.016632988581,24.9
9541.631533291613,25.0
9591.505771354708,25.3
9641.64070273987,25.6
9692.037690094652,25.7
9742.698103189163,25.8
9793.623318953358,25.9
9844.814721514387,26.0
9896.27370223427,26.1
9948.001659747684,26.1
10000.0,26.2
10052.270136285486,26.2
10104.813489285681,26.2
10157.6314871081,26.1
10210.725565324987,26.0
10264.09716701231,25.9
10317.747742788988,25.7
10371.678750856474,25.6
10425.891657038128,25.5
10480.387934819217,25.1
10535.16906538697,24.5
10590.236537670813,24.1
10645.591848382772,23.8
10701.236502058211,23.6
10757.172011096769,23.4
10813.399895803414,22.6
10869.921684429703,21.6
10926.73891321545,21.2
10983.85312643042,20.8
11041.265876416248,20.5
11098.978723628681,20.1
11156.993236680037,19.3
11215.310992381786,18.2
11273.933575787378,17.5
11332.862580235347,16.9
11392.099607392682,16.5
11451.646267298307,16.1
11511.504178406769,15.3
11571.674967632372,13.7
11632.16027039332,12.6
11692.961730656129,12.2
11754.08100098034,11.7
11815.519742563505,10.9
11877.27962528627,10.2
11939.362327757724,9.2
12001.76953736107,8.3
12064.50295029953,7.9
12127.56427164241,7.5
12190.95521537136,7.2
12254.677504427105,7.4
12318.732870756214,7.6
12383.123055358106,7.9
12447.849808332432,8.1
12512.914888926687,8.5
12578.320065583976,9.1
12644.067115991029,9.8
12710.157827126544,10.3
12776.593995309939,10.8
12843.377426249857,11.3
12910.50993509343,12.1
12977.99334647565,12.8
13045.829494568892,13.1
13114.020223132724,13.4
13182.567385564074,13.6
13251.472844947652,13.9
13320.738474106534,14.3
13390.366155652993,14.7
13460.35778203982,15.1
13530.715255611682,15.4
13601.440488656775,15.7
13672.535403458849,15.9
13744.001932349513,16.2
13815.842017760702,16.4
13888.057612277411,16.7
13960.650678690825,17.0
14033.62319005172,17.4
14106.977129724035,17.6
14180.714491438697,17.8
14254.837279347976,18.0
14329.347508079869,18.1
14404.247202792812,18.2
14479.538399230763,18.3
14555.223143778607,18.2
14631.303493517702,18.0
14707.78151628175,17.8
14784.65929071304,17.6
14861.938906319014,17.5
14939.622463529,17.3
15017.712073751207,17.2
15096.209859430292,16.9
15175.117954104964,16.6
15254.438502465904,16.2
15334.173660414117,15.8
15414.325595119602,15.6
15494.896485080177,15.5
15575.88852018064,15.1
15657.303901752315,14.7
15739.1448426331,14.6
15821.413567227246,14.4
15904.112311566014,14.2
15987.243323368504,14.0
16070.808862102673,13.6
16154.811199046684,13.2
16239.252617350698,12.9
16324.135412099,12.4
16409.461890372313,12.0
16495.23437131044,11.6
16581.455186175313,11.2
16668.12667841462,10.7
16755.251203725067,9.5
