10.0,38.0
10.052270136285475,38.1
10.104813489285682,38.1
10.157631487108103,38.1
10.210725565324982,38.1
10.264097167012295,38.2
10.317747742789004,38.3
10.371678750856479,38.3
10.425891657038118,38.3
10.480387934819216,38.3
10.535169065386981,38.3
10.590236537670812,38.3
10.64559184838276,38.4
10.701236502058206,38.4
10.757172011096776,38.5
10.813399895803409,38.6
10.869921684429707,38.7
10.926738913215466,38.8
10.98385312643042,38.8
11.041265876416237,38.8
11.098978723628681,38.8
11.156993236680048,38.9
11.215310992381788,39.0
11.27393357578736,39.0
11.332862580235341,39.0
11.392099607392687,39.0
11.451646267298301,39.1
11.511504178406776,39.1
11.571674967632385,39.2
11.632160270393321,39.2
11.692961730656117,39.2
11.75408100098034,39.3
11.815519742563518,39.3
11.87727962528627,39.3
11.939362327757706,39.3
12.001769537361062,39.3
12.064502950299536,39.4
12.127564271642404,39.5
12.190955215371359,39.5
12.254677504427118,39.5
12.318732870756214,39.5
12.383123055358094,39.5
12.447849808332432,39.5
12.5129148889267,39.6
12.578320065583968,39.7
12.644067115991009,39.7
12.710157827126565,39.7
12.776593995309947,39.7
12.843377426249843,39.7
12.910509935093431,39.9
12.977993346475664,40.0
13.045829494568892,40.0
13.11402022313271,40.0
13.182567385564074,40.0
13.251472844947658,40.0
13.320738474106527,40.0
13.390366155653,40.0
13.460357782039841,40.1
13.530715255611682,40.2
13.601440488656761,40.3
13.672535403458848,40.3
13.744001932349526,40.4
13.815842017760701,40.4
13.888057612277397,40.4
13.960650678690818,40.4
14.033623190051728,40.5
14.10697712972403,40.5
14.180714491438705,40.5
14.25483727934799,40.5
14.32934750807987,40.5
14.404247202792797,40.5
14.479538399230764,40.5
14.55522314377862,40.6
14.631303493517702,40.7
14.707781516281727,40.7
14.784659290713032,40.7
14.861938906319022,40.7
14.939622463528993,40.7
15.017712073751214,40.7
15.096209859430308,40.8
15.175117954104964,40.9
15.254438502465888,40.9
15.334173660414118,40.9
15.414325595119617,40.9
15.494896485080169,40.9
15.575888520180618,41.0
15.65730390175234,41.1
15.73914484263311,41.1
15.821413567227237,41.1
15.904112311566013,41.1
15.98724332336852,41.2
16.070808862102673,41.3
16.154811199046666,41.4
16.239252617350697,41.4
16.324135412099007,41.4
16.409461890372306,41.4
16.495234371310413,41.5
16.58145518617534,41.6
16.668126678414627,41.6
16.755251203725052,41.6
16.84283113011666,41.7
16.930868837977105,41.8
17.01936672013636,41.8
17.108327181931763,41.8
17.197752641273365,41.8
17.28764552870969,41.8
17.378008287493753,41.8
17.4688433736495,41.8
17.560153256038525,41.9
17.651940416427212,41.9
17.744207349554188,41.9
17.836956563198083,41.9
17.93019057824573,41.9
18.023911928760675,42.0
18.118123162052047,42.1
18.21282683874379,42.1
18.30802553284428,42.1
18.403721831816252,42.1
18.499918336647156,42.1
18.59661766191982,42.1
18.69382243588356,42.1
18.791535300525574,42.1
18.889758911642755,42.2
18.98849593891389,42.3
19.08774906597221,42.3
19.187520990478333,42.3
19.287814424193606,42.3
19.388632093053765,42.3
19.48997673724305,42.4
19.591851111268685,42.5
19.69425798403576,42.6
19.79720013892245,42.6
19.90068037385568,42.6
20.004701501387192,42.6
20.109266348769967,42.6
20.214377758035074,42.6
20.320038586068932,42.7
20.426251704690927,42.8
20.533020000731486,42.8
20.64034637611054,42.8
20.748233747916412,42.8
20.856685048485062,42.8
20.965703225479817,42.8
21.075291241971485,42.8
21.185452076518878,42.9
21.296188723249774,43.0
21.407504191942323,43.0
21.519401508106792,43.0
21.631883713067854,43.0
21.744953864047204,43.0
21.858615034246718,43.0
21.972870312931903,43.1
22.087722805515906,43.1
22.203175633643916,43.1
22.319231935278008,43.1
22.435894864782412,43.1
22.553167593009288,43.1
22.671053307384867,43.2
22.789555211996095,43.3
22.908676527677724,43.3
23.028420492099883,43.3
23.148790359856015,43.3
23.26978940255137,43.3
23.391420908891938,43.3
23.51368818477381,43.3
23.63659455337303,43.3
23.760143355235964,43.4
23.884337948370025,43.5
24.009181708334992,43.5
24.134678028334722,43.5
24.260830319309434,43.5
24.387642010028344,43.5
24.515116547182902,43.5
24.64325739548046,43.5
24.772068037738443,43.5
24.901551974979007,43.5
25.031712726524198,43.6
25.162553830091625,43.7
25.294078841890578,43.8
25.426291336718684,43.8
25.559194908059133,43.8
25.692793168178262,43.8
25.827089748223784,43.8
25.96208829832347,43.9
26.097792487684362,44.0
26.234206004692496,44.0
26.371332557013133,44.0
26.5091758716916,44.0
26.647739695254497,44.0
26.787027793811582,44.0
26.9270439531581,44.0
27.06779197887776,44.0
27.209275696446046,44.0
27.351498951334275,44.1
27.494465609114105,44.2
27.638179555562576,44.2
27.782644696767733,44.2
27.92786495923483,44.2
28.07384428999299,44.2
28.220586656702505,44.2
28.368096047762684,44.2
28.516376472420284,44.3
28.66543196087842,44.3
28.815266564406134,44.3
28.965884355448516,44.3
29.11728942773738,44.3
29.26948589640251,44.3
29.42247789808359,44.3
29.57626959104251,44.4
29.730865155276486,44.5
29.88626879263161,44.5
30.04248472691713,44.5
30.19951720402016,44.5
30.357370492021133,44.5
30.516048881309793,44.5
30.675556684701824,44.5
30.835898237556027,44.5
30.99707789789224,44.5
31.15910004650967,44.5
31.321969087106055,44.5
31.485689446397288,44.5
31.650265574237824,44.6
31.815701943741516,44.7
31.98200305140326,44.7
32.14917341722119,44.7
32.31721758481955,44.7
32.486140121572134,44.7
32.655945618726484,44.7
32.82663869152868,44.7
32.99822397934869,44.8
33.170706145806605,44.9
33.34408987889928,45.0
33.51837989112781,45.0
33.69358091962557,45.0
33.86969772628702,45.0
34.04673509789711,45.0
34.224697846261364,45.0
34.40359080833668,45.0
34.58341884636283,45.0
34.764186847994516,45.0
34.94589972643436,45.0
35.12856242056629,45.0
35.312179895089876,45.0
35.496757140655234,45.1
35.68229917399868,45.2
35.86881103807908,45.2
36.05629780221492,45.2
36.24476456222205,45.2
36.434216440552284,45.2
36.6246585864325,45.2
36.81609617600466,45.2
37.00853441246656,45.2
37.2019785262131,45.3
37.39643377497855,45.4
37.591905443979435,45.4
37.788398846058186,45.4
37.985919321827524,45.4
38.184472239815605,45.4
38.384062996612016,45.4
38.584697017014335,45.4
38.786379754175634,45.4
38.98911668975273,45.4
39.1929133340551,45.4
39.39777522619469,45.4
39.60370793423646,45.4
39.810717055349734,45.4
40.0188082159603,45.4
40.227987071903335,45.4
40.43825930857721,45.4
40.64963064109788,45.5
40.8621068144543,45.5
41.075693603664625,45.5
41.29039681393302,45.5
41.506222280807584,45.5
41.72317587033889,45.5
41.94126347923944,45.5
42.16049103504393,45.5
42.38086449627034,45.5
42.60238985258197,45.5
42.825073124950116,45.5
43.04892036581776,45.6
43.27393765926414,45.6
43.500131121170035,45.6
43.727506899384,45.6
43.956071173889484,45.7
44.18583015697281,45.7
44.416790093392,45.7
44.648957260546474,45.7
44.88233796864779,45.7
45.116938560890986,45.7
45.35276541362708,45.7
45.58982493653644,45.8
45.82812357280281,45.8
46.067667799288614,45.8
46.308464126710895,45.8
46.55051909981832,45.9
46.793839297569036,45.9
47.03843133330949,45.9
47.28430185495417,45.9
47.531457545166376,45.9
47.77990512153967,45.9
48.02965133678067,45.8
48.28070297889241,45.8
48.53306687135893,45.8
48.78674987333074,45.8
49.041758879811184,45.8
49.298100821843896,45.8
49.55578266670119,45.7
49.81481141807335,45.7
50.07519411625915,45.7
50.336937838356974,45.7
50.60004969845742,45.7
50.86453684783644,45.7
51.13040647514984,45.7
51.39766580662862,45.7
51.66632210627541,45.7
51.93638267606184,45.7
52.20785485612707,45.8
52.48074602497726,45.9
52.75506359968615,46.0
53.030815036096584,46.0
53.308007829023246,46.0
53.58664951245627,46.0
53.866747659766084,46.0
54.148309883909214,46.0
54.431343837635225,46.1
54.7158572136947,46.1
55.00185774504835,46.1
55.28935320507712,46.1
55.57835140779364,46.1
55.86886020805435,46.1
56.160887501773274,46.1
56.45444122613637,46.1
56.74952935981742,46.1
57.04615992319485,46.1
57.34434097856969,46.1
57.64408063038476,46.1
57.94538702544487,46.1
58.24826835313831,46.1
58.552732845659456,46.1
58.85878877823242,46.1
59.166444469336014,46.3
59.475708280929936,46.4
59.786588618681876,46.4
60.0990939321961,46.4
60.41323271524305,46.4
60.72901350599024,46.4
61.046444887234294,46.4
61.365535486634215,46.4
61.686293976945976,46.4
62.008729076258064,46.4
62.332849548228545,46.4
62.658664202323344,46.4
62.98618189405547,46.4
63.315411525225876,46.4
63.64636204416533,46.4
63.979042445977655,46.4
64.31346177278421,46.4
64.64962911396958,46.4
64.98755360642885,46.4
65.32724443481563,46.4
65.66871083179183,46.4
66.01196207827876,46.4
66.35700750370908,46.4
66.7038564862806,46.4
67.05251845321108,46.4
67.40300288099445,46.4
67.75531929565844,46.4
68.1094772730234,46.4
68.46548643896274,46.4
68.82335646966433,46.4
69.18309709189363,46.4
69.54471808325809,46.4
69.90822927247277,46.4
70.27364053962762,46.4
70.6409618164559,46.4
71.01020308660422,46.4
71.38137438590384,46.4
71.75448580264342,46.4
72.12954747784322,46.4
72.50656960553087,46.4
72.88556243301818,46.4
73.26653626117992,46.4
73.64950144473359,46.4
74.03446839252094,46.4
74.42144756779092,46.4
74.810449488484,46.4
75.20148472751808,46.4
75.59456391307583,46.4
75.98969772889355,46.4
76.38689691455168,46.4
76.78617226576647,46.4
77.18753463468363,46.4
77.59099493017311,46.4
77.99656411812569,46.4
78.404253221751,46.4
78.8140733218772,46.4
79.226035557252,46.4
79.64015112484554,46.4
80.05643128015467,46.4
80.47488733750892,46.4
80.89553067037787,46.4
81.31837271168051,46.4
81.74342495409579,46.4
82.170698950375,46.4
82.60020631365589,46.4
83.03195871777821,46.4
83.46596789760103,46.4
83.90224564932171,46.4
84.34080383079642,46.4
84.78165436186265,46.4
85.22480922466286,46.4
85.67028046397054,46.4
86.11808018751721,46.4
86.56822056632171,46.4
87.020713835021,46.4
87.47557229220259,46.4
87.93280830073893,46.4
88.39243428812335,46.4
88.85446274680783,46.4
89.31890623454267,46.3
89.78577737471758,46.2
90.25508885670492,46.1
90.72685343620469,46.1
91.20108393559097,46.1
91.67779324426061,46.1
92.15699431898352,46.1
92.63870018425483,46.1
93.12292393264887,46.1
93.60967872517497,46.1
94.09897779163542,46.0
94.5908344309847,46.0
95.0852620116911,45.9
95.58227397210023,45.9
96.08188382079996,45.9
96.5841051369878,45.9
97.08895157083991,45.9
97.59643684388209,45.9
98.10657474936274,45.9
98.61937915262773,45.8
99.13486399149741,45.7
99.65304327664518,45.7
100.17393109197839,45.7
100.69754159502135,45.7
101.22388901729977,45.7
101.75298766472777,45.6
102.28485191799675,45.5
102.81949623296607,45.5
103.35693514105618,45.5
103.89718324964329,45.5
104.44025524245698,45.5
104.98616587997819,45.4
105.53492999984189,45.4
106.08656251723878,45.4
106.64107842532215,45.4
107.19849279561431,45.4
107.75882077841675,45.4
108.32207760322176,45.4
108.88827857912626,45.3
109.45743909524856,45.2
110.02957462114523,45.2
110.60470070723336,45.2
111.18283298521138,45.2
111.76398716848561,45.1
112.3481790525961,45.0
112.93542451564652,45.0
113.5257395187356,45.0
114.11914010639099,45.0
114.71564240700522,45.0
115.3152626332741,45.0
115.91801708263789,44.9
116.52392213772293,44.8
117.13299426678874,44.7
117.74525002417371,44.7
118.36070605074681,44.9
118.97937907435858,45.0
119.60128591029638,45.0
120.22644346174131,45.0
120.85486872022751,45.0
121.4865787661046,45.0
122.12159076900052,45.0
122.75992198829012,45.1
123.40158977356222,45.2
124.04661156509306,45.2
124.69500489431896,45.2
125.34678738431336,45.2
126.00197675026583,45.2
126.6605907999634,45.3
127.3226474342747,45.3
127.98816464763628,45.3
128.6571605285424,45.3
129.32965326003517,45.3
130.00566112020084,45.3
130.68520248266435,45.3
131.36829581709074,45.3
132.05495968968575,45.3
132.74521276370103,45.3
133.43907379994133,45.3
134.1365616572744,45.3
134.83769529314347,45.3
135.54249376408254,45.3
136.25097622623485,45.3
136.96316193587217,45.3
137.67907024992007,45.3
138.39872062648203,45.3
139.1221326253702,45.3
139.84932590863562,45.3
140.58032024110324,45.3
141.31513549090906,45.3
142.05379163003997,45.3
142.7963087348772,45.2
143.5427069867405,45.2
144.29300667243896,45.2
145.04722818481977,45.2
145.80539202332486,45.2
146.56751879454652,45.2
147.333629212788,45.2
148.1037441006266,45.2
148.87788438947953,45.3
149.65607112017267,45.4
150.43832544351253,45.4
151.2246686208618,45.4
152.01512202471548,45.4
152.80970713928414,45.4
153.6084455610754,45.4
154.41135899948313,45.4
155.218469277376,45.4
156.02979833169113,45.5
156.8453682140304,45.5
157.66520109125955,45.5
158.48931924611142,45.5
159.3177450777899,45.5
160.15050110258113,45.4
160.9876099544629,45.3
161.82909438572216,45.1
162.67497726757185,45.0
163.52528159077312,44.9
164.38003046626017,44.6
165.23924712576837,44.4
166.1029549224657,44.2
166.97117733158728,43.9
167.8439379510743,43.8
168.72126050221348,43.6
169.60316883028446,43.4
170.48968690520502,43.4
171.38083882218535,43.4
172.27664880238083,43.4
173.17714119355136,43.4
174.08234047072295,43.4
174.99227123685273,43.4
175.9069582234984,43.4
176.82642629148881,43.4
177.75070043160196,43.5
178.67980576524164,43.6
179.61376754512278,43.7
180.55261115595593,43.7
181.49636211513797,43.8
182.44504607344558,43.9
183.39868881573247,43.9
184.35731626163007,44.0
185.3209544662519,44.0
186.28962962090262,44.1
187.26336805378796,44.2
188.24219623073301,44.2
189.2261407558986,44.3
190.21522837250714,44.4
191.20948596356752,44.5
192.20894055260666,44.5
193.21361930440384,44.5
194.22354952572874,44.5
195.2387586660848,44.5
196.25927431845295,44.5
197.28512422004457,44.5
198.31633625305224,44.4
199.35293844541056,44.3
200.39495897155572,44.3
201.4424261531923,44.3
202.4953684600627,44.3
203.55381451072122,44.3
204.6177930733116,44.3
205.6873330663489,44.3
206.76246355950653,44.3
207.84321377440395,44.3
208.92961308540407,44.3
210.02169102040844,44.3
211.11947726166272,44.3
212.22300164656127,44.3
213.33229416845913,44.3
214.447384977487,44.3
215.5683043813707,44.3
216.69508284625502,44.3
217.8277509975314,44.2
218.9663396206716,44.2
220.1108796620618,44.2
221.26140222984722,44.2
222.41793859477394,44.2
223.5805201910423,44.2
224.74917861715863,44.1
225.9239456367954,44.0
227.10485317965416,43.9
228.29193334233327,43.8
229.48521838920135,43.7
230.68474075327168,43.6
231.89053303708724,43.5
233.102628013603,43.4
234.32105862708036,43.4
235.5458579939798,43.3
236.77705940386227,43.2
238.0146963202937,43.2
239.25880238175446,43.1
240.50941140255387,43.1
241.76655737374873,43.0
243.03027446406858,43.0
244.30059702084168,42.9
245.57755957093218,42.9
246.86119682167464,42.8
248.1515436618211,42.8
249.44863516248657,42.7
250.75250657810346,42.6
252.0631933473797,42.5
253.3807310942614,42.5
254.7051556289027,42.4
256.03650294863604,42.3
257.3748092389545,42.2
258.72011087449107,42.1
260.0724444200114,42.0
261.4318466314045,42.0
262.79835445668317,41.9
264.17200503698814,41.8
265.5528357075972,41.7
266.94088399894025,41.6
268.336187637619,41.4
269.7387845474336,41.3
271.1487128504106,41.2
272.56601086784315,41.1
273.9907171213279,41.0
275.4228703338166,40.9
276.86250943066517,40.8
278.30967354069315,40.7
279.764401997247,40.6
281.2267343392687,40.5
282.6967103123723,40.4
284.1743698699204,40.3
285.65975317411466,40.2
287.152900597083,40.1
288.6538527219809,40.0
290.16265034409145,39.8
291.67933447193553,39.7
293.203946328386,39.6
294.7365273517884,39.5
296.27711919708696,39.4
297.8257637369567,39.3
299.38250306294265,39.1
300.947379486601,39.0
302.52043554065347,38.9
304.1017139801383,38.9
305.69125778357716,38.8
307.2891101541398,38.7
308.8953145208197,38.6
310.5099145396145,38.5
312.1329540947119,38.3
313.76447729968413,38.1
315.40452849868336,38.0
317.0531522676519,37.9
318.71039341552853,37.8
320.3762969854716,37.7
322.05090825607795,37.6
323.7342727426186,37.5
325.4264361982722,37.4
327.1274446153702,37.3
328.83734422664674,37.0
330.55618150649445,36.8
332.28400317222986,36.7
334.02085618535915,36.7
335.76678775285944,36.6
337.52184532845695,36.5
339.28607661392135,36.3
341.0595295603587,36.0
342.84225236951676,35.8
344.63429349509414,35.7
346.4357016440579,35.6
348.24652577796684,35.5
350.06681511430224,35.4
351.8966191278073,35.3
353.7359875518278,35.2
355.5849703796693,35.2
357.44361786595016,35.1
359.3119805279728,35.0
361.1901091470929,34.9
363.0780547701014,34.7
364.9758687106112,34.5
366.8836025504522,34.4
368.80130814107446,34.3
370.72903760495365,34.1
372.66684333701346,34.0
374.6147780060434,33.9
376.57289455613636,33.8
378.54124620812286,33.7
380.5198864610201,33.5
382.50886909348526,33.3
384.5082481652772,33.2
386.51807801872604,33.1
388.53841328020957,32.9
390.56930886163985,32.8
392.6108199619517,32.7
394.6630020686084,32.6
396.7259109591041,32.5
398.7996027024853,32.3
400.8841336608706,32.1
402.9795604909844,32.0
405.0859401456969,31.9
407.20332987557106,31.9
409.331787230421,31.8
411.4713700608718,31.7
413.6221365199375,31.6
415.78414506459575,31.5
417.95745445738237,31.5
420.1421237679842,31.4
422.33821237484636,31.4
424.5457799667861,31.3
426.76488654461485,31.1
428.9955924227691,30.9
431.23795823094935,30.8
433.49204491576995,30.7
435.7579137424112,30.7
438.0356262962907,30.7
440.3252444847303,30.7
442.62683053864555,30.7
444.9404470142319,30.7
447.2661567946673,30.6
449.60402309182115,30.5
451.9541094479714,30.5
454.3164797375345,30.5
456.6911981687959,30.5
459.0783292856624,30.5
461.4779379694089,30.4
463.89008944044906,30.4
466.31484926010245,30.4
468.7522833323791,30.4
471.20245790577025,30.4
473.6654395750488,30.4
476.14129528307956,30.5
478.630092322638,30.5
481.1318983382419,30.5
483.6467813279844,30.5
486.1748096453894,30.5
488.7160520012619,30.5
491.27057746556244,30.5
493.8384554692794,30.6
496.4197558063182,30.7
499.01454863539806,30.7
501.6229044819588,30.7
504.24489424007766,30.7
506.88058917439554,30.7
509.53006092205686,30.8
512.1933814946506,30.9
514.8706232801756,31.0
517.5618590449992,31.0
520.2671619358439,31.0
522.9866054817683,31.0
525.7202635961694,31.1
528.4682105787901,31.1
531.230521117739,31.2
534.0072702915224,31.3
536.7985335710792,31.3
539.6043868218401,31.4
542.4249063057814,31.4
545.2601686835053,31.5
548.1102510163182,31.6
550.9752307683272,31.6
553.8551858085453,31.7
556.7501944130083,31.7
559.6603352669016,31.8
562.5856874666987,31.9
565.5263305223134,31.9
568.4823443592555,32.0
571.4538093208106,32.1
574.4408061702153,32.2
577.4434160928608,32.3
580.4617206984933,32.4
583.4958020234345,32.5
586.5457425328113,32.6
589.6116251227962,32.6
592.6935331228639,32.7
595.7915502980484,32.7
598.9057608512304,32.8
602.0362494254149,32.8
605.1831011060411,32.9
608.3464014232891,32.9
611.5262363544065,33.0
614.7226923260454,33.0
617.9358562166111,33.1
621.1658153586235,33.1
624.4126575410903,33.1
627.6764710118958,33.1
630.957344480193,33.2
634.2553671188238,33.2
637.5706285667327,33.3
640.9032189314127,33.5
644.2532287913472,33.5
647.6207491984753,33.6
651.0058716806659,33.6
654.4086882442045,33.7
657.8292913762976,33.8
661.2677740475787,33.8
664.7242297146454,33.9
668.1987523225889,33.9
671.6914363075575,33.9
675.2023765993158,34.0
678.7316686238282,34.0
682.2794083058518,34.1
685.8456920715438,34.1
689.4306168510824,34.1
693.0342800813003,34.1
696.6567797083366,34.1
700.2982141902914,34.2
703.9586824999124,34.3
707.6382841272731,34.3
711.3371190824884,34.3
715.0552878984242,34.3
718.7928916334344,34.3
722.5500318741055,34.4
726.3268107380181,34.5
730.123330876526,34.5
733.9396954775374,34.5
737.7760082683312,34.5
741.6323735183645,34.5
745.508896042117,34.5
749.4056812019327,34.6
753.3228349108862,34.7
757.2604636356614,34.7
761.2186743994453,34.7
765.1975747848361,34.7
769.1972729367671,34.7
773.2178775654501,34.7
777.2594979493206,34.7
781.3222439380205,34.7
785.406225955371,34.7
789.5115550023859,34.7
793.6383426602791,34.7
797.7867010935024,34.7
801.9567430527921,34.7
806.1485818782347,34.7
810.3623315023465,34.7
814.59810645317,34.7
818.8560218573906,34.7
823.1361934434566,34.7
827.4387375447371,34.7
831.7637711026708,34.7
836.1114116699566,34.7
840.4817774137397,34.7
844.8749871188272,34.7
849.2911601909162,34.7
853.7304166598383,34.7
858.1928771828257,34.7
862.6786630477819,34.7
867.1878961765907,34.7
871.7206991284164,34.7
876.2771951030477,34.6
880.8575079442367,34.5
885.4617621430697,34.5
890.0900828413493,34.5
894.742595834996,34.5
899.4194275774676,34.5
904.1207051831946,34.5
908.8465564310401,34.5
913.5971097677627,34.5
918.3724943115215,34.5
923.1728398553701,34.5
927.998276870799,34.4
932.8489365112713,34.3
937.7249506157918,34.3
942.6264517124897,34.3
947.5535730222193,34.3
952.5064484621864,34.3
957.4852126495767,34.3
962.4900009052299,34.3
967.5209492573013,34.3
972.5781944449744,34.3
977.6618739221665,34.2
982.772125861269,34.2
987.9090891569025,34.2
993.0729034296917,34.1
998.26370903006,34.1
1003.4816470420445,34.0
1008.7268592871307,34.0
1013.9994883281055,34.0
1019.2996774729368,34.0
1024.627570778662,33.9
1029.9833130553077,33.9
1035.3670498698243,33.8
1040.778927550043,33.8
1046.219093188652,33.8
1051.687694647196,33.8
1057.1848805600926,33.8
1062.7108003386745,33.7
1068.2656041752484,33.6
1073.849443047181,33.5
1079.4624687209969,33.5
1085.104833756507,33.5
1090.7766915109553,33.4
1096.4781961431852,33.3
1102.2095026178308,33.1
1107.9707667095288,33.1
1113.7621450071517,33.1
1119.5837949180645,33.1
1125.4358746724013,33.1
1131.3185433273702,33.0
1137.231960771571,32.9
1143.1762877293438,32.9
1149.1516857651375,32.8
1155.1583172879002,32.8
1161.1963455554942,32.7
1167.2659346791324,32.7
1173.3672496278396,32.6
1179.5004562329357,32.5
1185.6657211925422,32.5
1191.8632120761172,32.4
1198.0930973290035,32.4
1204.355546277011,32.4
1210.650729131018,32.3
1216.9788169915967,32.3
1223.3399818536654,32.3
1229.7343966111616,32.3
1236.162235061742,32.2
1242.6236719115057,32.2
1249.1188827797416,32.2
1255.6480442037073,32.1
1262.2113336434193,32.1
1268.8089294864806,32.0
1275.4410110529293,32.0
1282.1077586001115,31.9
1288.8093533275808,31.9
1295.5459773820237,31.8
1302.3178138622095,31.8
1309.1250468239675,31.7
1315.967861285188,31.7
1322.8464432308563,31.6
1329.7609796180998,31.6
1336.7116583812742,31.6
1343.6986684370715,31.6
1350.7221996896535,31.5
1357.782443035813,31.4
1364.879590370164,31.3
1372.0138345903551,31.2
1379.1853696023147,31.2
1386.3943903255179,31.1
1393.6410926982915,31.1
1400.9256736831292,31.1
1408.248331272053,31.1
1415.6092644919916,31.1
1423.0086734101894,31.0
1430.4467591396458,30.9
1437.9237238445805,30.9
1445.439770745928,30.9
1452.9951041268616,30.9
1460.589929338344,30.9
1468.224452804715,30.9
1475.898882029292,30.9
1483.6134256000173,30.9
1491.3682931951248,30.9
1499.1636955888393,30.9
1506.999844657106,30.9
1514.8769533833477,30.9
1522.7952358642551,30.9
1530.754907315605,30.9
1538.7561840781082,30.9
1546.799283623296,30.9
1554.8844245594228,30.9
1563.0118266374113,30.9
1571.181710756826,30.9
1579.3942989718767,30.9
1587.649814497453,30.9
1595.9484817151922,30.9
1604.2905261795772,31.0
1612.6761746240677,31.1
1621.1056549672617,31.1
1629.5791963190893,31.1
1638.097028987047,31.1
1646.6593844824454,31.1
1655.266495526711,31.1
1663.9185960577072,31.1
1672.6159212360947,31.1
1681.3587074517213,31.1
1690.1471923300487,31.3
1698.9816147386093,31.4
1707.8622147934998,31.4
1716.789233865905,31.4
1725.7629145886658,31.5
1734.7835008628629,31.5
1743.8512378644525,31.6
1752.9663720509295,31.6
1762.1291511680254,31.6
1771.3398242564415,31.6
1780.598641658619,31.6
1789.9058550255418,31.7
1799.2617173235774,31.8
1808.6664828413498,31.8
1818.1204071966588,31.8
1827.6237473434162,31.8
1837.1767615786375,31.8
1846.7797095494598,31.9
1856.4328522602,31.9
1866.1364520794475,31.9
1875.8907727471963,31.9
1885.6960793820124,31.9
1895.552638488241,31.9
1905.4607179632462,31.9
1915.4205871047022,31.9
1925.4325166178992,31.9
1935.4967786231095,31.9
1945.6136466629825,31.9
1955.783395709978,31.9
1966.006302173841,31.9
1976.282643909114,32.0
1986.6127002226892,32.1
1996.996751881399,32.1
2007.4350811196462,32.1
2017.927971647083,32.1
2028.4757086563097,32.1
2039.078578830634,32.0
2049.736870351861,32.0
2060.4508729081267,31.9
2071.22087770177,31.9
2082.0471774572497,31.9
2092.9300664290977,31.8
2103.8698404099196,31.8
2114.8667967384304,31.7
2125.9212343075446,31.7
2137.0334535724887,31.9
2148.2037565589744,31.8
2159.4324468714053,31.8
2170.71982970113,31.7
2182.0662118347364,31.7
2193.4719016623894,31.6
2204.937209186215,31.6
2216.4624460287228,31.5
2228.0479254412767,31.4
2239.6939623126154,31.2
2251.4008731773993,31.0
2263.168976224821,30.8
2274.9985913072546,30.7
2286.890039948944,30.6
2298.843645354747,30.6
2310.8597324189163,30.5
2322.9386277339318,30.4
2335.0806595993763,30.3
2347.2861580308577,30.2
2359.5554547689862,30.1
2371.8888832883777,29.9
2384.2867788067265,29.7
2396.7494782939148,29.5
2409.2773204811715,29.3
2421.8706458702773,29.2
2434.5297967428205,29.1
2447.2551171695004,29.1
2460.0469530194778,29.0
2472.905651969775,28.9
2485.8315635147337,28.8
2498.825038975499,28.7
2511.88643150958,28.5
2525.0160961204438,28.4
2538.2143896671673,28.3
2551.481670874133,28.2
2564.8183003407817,28.1
2578.224640551411,28.0
2591.7010558850307,27.9
2605.247912625263,27.9
2618.8655789702975,27.8
2632.5544250429093,27.7
2646.314822900502,27.5
2660.14714654523,27.3
2674.051771934164,27.1
2688.029076989506,27.0
2702.079441608862,26.9
2716.20324767557,26.8
2730.400879069075,26.7
2744.6727216753675,26.5
2759.0191633974646,26.3
2773.440594165967,26.2
2787.9374059496395,26.1
2802.509992766076,25.9
2817.1587506924047,25.7
2831.8840778760564,25.6
2846.686374545581,25.5
2861.5660430215316,25.4
2876.5234877273942,25.3
2891.5591152005823,25.2
2906.6733341034837,25.0
2921.8665552345788,24.8
2937.139191539587,24.7
2952.4916581227058,24.5
2967.9243722578863,24.4
2983.4377534001765,24.3
2999.0322231971227,24.4
3014.7082055002275,24.5
3030.466126376471,24.7
3046.306414119893,24.8
3062.229499263226,25.0
3078.2358145896155,25.3
3094.325795144359,25.7
3110.4998782467446,25.9
3126.7585035019356,26.1
3143.1021128129173,26.4
3159.5311503925072,26.8
3176.0460627754296,27.3
3192.6472988304513,27.6
3209.335309772584,27.7
3226.1105491753406,27.8
3242.973472983081,28.0
3259.924539523382,28.2
3276.9642095195077,28.5
3294.0929461029286,28.6
3311.311214825911,28.7
3328.6194836741684,28.9
3346.018223079582,29.1
3363.507905932988,29.1
3381.089007597027,29.2
3398.762005919066,29.2
3416.527381244194,29.2
3434.385616428264,29.1
3452.337196851022,29.1
3470.382610429304,29.0
3488.5223476302926,28.9
3506.7569014848486,28.8
3525.0867676009134,28.7
3543.512444176976,28.5
3562.034432015617,28.0
3580.6532345371147,27.6
3599.369357793143,27.1
3618.1833104805046,26.8
3637.095603954969,26.4
3656.1067522451726,25.9
3675.2172720665826,25.3
3694.4276828355482,24.8
3713.738506683413,24.6
3733.1502684707093,24.3
3752.6634958014215,24.1
3772.2787190373247,23.9
3791.9964713124127,23.8
3811.817288547367,23.5
3831.7417094641373,23.1
3851.7702756005806,22.7
3871.9035313251793,22.2
3892.1420238518376,21.8
3912.4863032547537,21.1
3932.936922483372,20.6
3953.4944373774106,20.4
3974.1594066819653,20.2
3994.9323920627126,20.0
4015.8139581211503,19.8
4036.8046724099613,19.6
4057.9051054484326,19.3
4079.115830737964,19.1
4100.437424777656,18.9
4121.870467079975,18.8
4143.41554018651,19.0
4165.0732296838005,19.3
4186.844124219257,19.6
4208.728815517151,20.0
4230.72789839472,20.5
4252.841970778305,22.2
4275.071633719623,23.7
4297.417491412092,24.1
4319.880151207261,24.4
4342.460223631314,24.7
4365.158322401661,25.0
4387.975064443623,25.4
4410.911069907196,25.8
4433.9669621839075,25.9
4457.1433679237725,26.0
4480.4409170523,26.1
4503.860242787635,26.1
4527.40198165776,26.2
4551.0667735177985,26.3
4574.855261567406,26.4
4598.768092368251,26.4
4622.80591586159,26.4
4646.969385385929,26.4
4671.25915769478,26.3
4695.675892974527,26.2
4720.220254862348,26.0
4744.892910464259,25.8
4769.694530373255,25.7
4794.625788687525,25.6
4819.68736302878,25.5
4844.87993456067,25.3
4870.204188007296,25.2
4895.660811671819,25.1
4921.250497455168,25.1
4946.973940874864,25.0
4972.8318410838865,24.9
4998.824900889706,24.8
5024.953826773381,24.7
5051.219328908747,24.5
5077.622121181736,24.5
5104.162921209768,24.5
5130.842450361258,24.4
5157.661433775227,24.3
5184.620600380999,24.2
5211.720682918039,24.2
5238.962417955835,24.2
5266.346545913939,24.2
5293.873811082085,24.3
5321.544961640422,24.4
5349.360749679845,24.7
5377.321931222439,25.1
5405.429266242027,25.2
5433.683518684824,25.3
5462.085456490198,25.3
5490.635851611563,25.4
5519.335480037329,25.5
5548.185121812011,25.6
5577.185561057427,25.7
5606.337585994012,25.6
5635.641988962242,25.5
5665.0995664441625,25.4
5694.7111190850455,25.3
5724.477451715144,25.2
5754.399373371566,25.1
5784.477697320285,24.9
5814.713241078208,24.3
5845.10682643542,23.7
5875.659279477514,23.4
5906.371430608045,23.2
5937.244114571097,23.1
5968.278170473975,22.9
5999.4744418100045,22.7
6030.833776481469,22.7
6062.357026822636,22.8
6094.045049622959,22.9
6125.898706150321,23.0
6157.918862174471,23.6
6190.106387990547,24.2
6222.462158442733,24.4
6254.987052948034,24.5
6287.681955520183,24.6
6320.547754793659,24.7
6353.585344047851,25.0
6386.795621231329,25.3
6420.179488986247,25.4
6453.7378546729,25.5
6487.471630394349,25.5
6521.381733021235,25.6
6555.469084216698,25.6
6589.734610461422,25.7
6624.179243078815,25.7
6658.80391826033,25.7
6693.609577090902,25.6
6728.597165574533,25.6
6763.767634659991,25.5
6799.1219402666875,25.4
6834.661043310619,25.3
6870.385909730507,25.2
6906.297510514049,24.8
6942.39682172431,24.8
6978.684824526248,25.1
7015.162505213385,25.5
7051.830855234612,25.8
7088.690871221135,26.1
7125.7435550135615,26.3
7162.989913689153,26.5
7200.430959589155,26.7
7238.067710346342,26.7
7275.901188912673,26.8
7313.932423587085,27.1
7352.162448043451,27.3
7390.59230135867,27.6
7429.22302804091,27.8
7468.055678057999,27.9
7507.091306865953,28.0
7546.330975437692,28.1
7585.775750291836,28.3
7625.426703521717,28.5
7665.284912824515,28.5
7705.351461530549,28.6
7745.627438632719,29.1
7786.113938816104,29.9
7826.81206248772,30.2
7867.722915806424,30.3
7908.847610712972,30.4
7950.187264960275,30.5
7991.743002143727,30.6
8033.515951731782,30.7
8075.507249096639,30.8
8117.718035545101,30.9
8160.149458349601,30.9
8202.80267077938,30.9
8245.67883213183,30.9
8288.77910776401,30.9
8332.104669124305,30.9
8375.656693784302,30.8
8419.436365470749,30.7
8463.444874097753,30.7
8507.683415799123,30.9
8552.153192960874,31.3
8596.855414253905,31.6
8641.791294666864,31.7
8686.962055539152,31.9
8732.36892459413,32.1
8778.01313597248,32.4
8823.895930265779,32.8
8870.018554550163,33.0
8916.382262420266,33.1
8962.988314023276,33.1
9009.83797609319,33.1
9056.932521985234,33.1
9104.273231710486,33.0
9151.861391970657,32.8
9199.698296193066,32.6
9247.785244565785,32.3
9296.12354407301,32.1
9344.714508530542,31.9
9393.559458621517,31.8
9442.659721932305,31.5
9492.016632988581,31.1
9541.631533291613,30.5
9591.505771354708,29.8
9641.64070273987,29.2
9692.037690094652,29.1
9742.698103189163,29.0
9793.623318953358,28.7
9844.814721514387,28.4
9896.27370223427,28.2
9948.001659747684,28.3
10000.0,28.6
10052.270136285486,29.3
10104.813489285681,30.1
10157.6314871081,30.4
10210.725565324987,30.5
10264.09716701231,30.5
10317.747742788988,30.6
10371.678750856474,30.7
10425.891657038128,30.8
10480.387934819217,30.9
10535.16906538697,31.1
10590.236537670813,31.3
10645.591848382772,31.1
10701.236502058211,30.8
10757.172011096769,30.7
10813.399895803414,30.6
10869.921684429703,30.5
10926.73891321545,30.3
10983.85312643042,30.0
11041.265876416248,29.8
11098.978723628681,29.6
11156.993236680037,29.5
11215.310992381786,29.5
11273.933575787378,29.4
11332.862580235347,29.3
11392.099607392682,29.4
11451.646267298307,29.3
11511.504178406769,29.2
11571.674967632372,29.1
11632.16027039332,28.9
11692.961730656129,28.8
11754.08100098034,28.7
11815.519742563505,28.6
11877.27962528627,28.1
11939.362327757724,27.4
12001.76953736107,26.8
12064.50295029953,25.7
12127.56427164241,24.8
12190.95521537136,24.5
12254.677504427105,23.9
12318.732870756214,23.2
12383.123055358106,22.6
12447.849808332432,21.3
12512.914888926687,19.9
12578.320065583976,19.1
12644.067115991029,17.7
12710.157827126544,16.5
12776.593995309939,16.0
12843.377426249857,14.7
12910.50993509343,13.6
12977.99334647565,14.4
13045.829494568892,15.2
13114.020223132724,16.8
13182.567385564074,18.3
13251.472844947652,18.6
13320.738474106534,19.2
13390.366155652993,19.7
13460.35778203982,20.0
13530.715255611682,20.2
13601.440488656775,20.3
13672.535403458849,20.4
13744.001932349513,20.3
13815.842017760702,20.1
13888.057612277411,19.8
13960.650678690825,19.6
14033.62319005172,19.3
14106.977129724035,19.1
14180.714491438697,18.8
14254.837279347976,18.3
14329.347508079869,17.5
14404.247202792812,16.9
14479.538399230763,15.9
14555.223143778607,14.8
14631.303493517702,14.3
14707.78151628175,13.8
14784.65929071304,13.0
14861.938906319014,12.3
14939.622463529,13.0
15017.712073751207,13.9
15096.209859430292,15.7
15175.117954104964,17.2
15254.438502465904,17.1
15334.173660414117,17.3
15414.325595119602,18.3
15494.896485080177,18.9
15575.88852018064,19.0
15657.303901752315,19.0
15739.1448426331,19.0
15821.413567227246,18.9
15904.112311566014,18.8
15987.243323368504,18.6
16070.808862102673,18.5
16154.811199046684,18.3
16239.252617350698,18.1
16324.135412099,17.9
16409.461890372313,17.5
16495.23437131044,17.0
16581.455186175313,16.6
16668.12667841462,16.1
16755.251203725067,15.9
