10.0,22.9
10.052270136285475,23.0
10.104813489285682,23.0
10.157631487108103,23.0
10.210725565324982,23.0
10.264097167012295,23.2
10.317747742789004,23.3
10.371678750856479,23.3
10.425891657038118,23.3
10.480387934819216,23.3
10.535169065386981,23.3
10.590236537670812,23.3
10.64559184838276,23.3
10.701236502058206,23.4
10.757172011096776,23.5
10.813399895803409,23.6
10.869921684429707,23.6
10.926738913215466,23.7
10.98385312643042,23.7
11.041265876416237,23.7
11.098978723628681,23.7
11.156993236680048,23.7
11.215310992381788,23.8
11.27393357578736,23.8
11.332862580235341,23.9
11.392099607392687,23.9
11.451646267298301,24.0
11.511504178406776,24.0
11.571674967632385,24.0
11.632160270393321,24.0
11.692961730656117,24.1
11.75408100098034,24.1
11.815519742563518,24.2
11.87727962528627,24.3
11.939362327757706,24.4
12.001769537361062,24.4
12.064502950299536,24.4
12.127564271642404,24.4
12.190955215371359,24.5
12.254677504427118,24.6
12.318732870756214,24.7
12.383123055358094,24.8
12.447849808332432,24.8
12.5129148889267,24.9
12.578320065583968,24.9
12.644067115991009,24.9
12.710157827126565,25.0
12.776593995309947,25.0
12.843377426249843,25.1
12.910509935093431,25.1
12.977993346475664,25.1
13.045829494568892,25.1
13.11402022313271,25.1
13.182567385564074,25.1
13.251472844947658,25.2
13.320738474106527,25.2
13.390366155653,25.3
13.460357782039841,25.4
13.530715255611682,25.4
13.601440488656761,25.4
13.672535403458848,25.4
13.744001932349526,25.5
13.815842017760701,25.6
13.888057612277397,25.6
13.960650678690818,25.6
14.033623190051728,25.6
14.10697712972403,25.6
14.180714491438705,25.6
14.25483727934799,25.7
14.32934750807987,25.8
14.404247202792797,25.9
14.479538399230764,25.9
14.55522314377862,26.0
14.631303493517702,26.1
14.707781516281727,26.1
14.784659290713032,26.1
14.861938906319022,26.1
14.939622463528993,26.1
15.017712073751214,26.2
15.096209859430308,26.3
15.175117954104964,26.3
15.254438502465888,26.3
15.334173660414118,26.3
15.414325595119617,26.3
15.494896485080169,26.3
15.575888520180618,26.4
15.65730390175234,26.4
15.73914484263311,26.4
15.821413567227237,26.4
15.904112311566013,26.4
15.98724332336852,26.4
16.070808862102673,26.5
16.154811199046666,26.6
16.239252617350697,26.6
16.324135412099007,26.7
16.409461890372306,26.8
16.495234371310413,26.8
16.58145518617534,26.8
16.668126678414627,26.8
16.755251203725052,26.8
16.84283113011666,27.0
16.930868837977105,27.1
17.01936672013636,27.1
17.108327181931763,27.1
17.197752641273365,27.1
17.28764552870969,27.1
17.378008287493753,27.2
17.4688433736495,27.3
17.560153256038525,27.3
17.651940416427212,27.3
17.744207349554188,27.3
17.836956563198083,27.3
17.93019057824573,27.3
18.023911928760675,27.4
18.118123162052047,27.5
18.21282683874379,27.5
18.30802553284428,27.5
18.403721831816252,27.5
18.499918336647156,27.5
18.59661766191982,27.5
18.69382243588356,27.5
18.791535300525574,27.5
18.889758911642755,27.6
18.98849593891389,27.6
19.08774906597221,27.6
19.187520990478333,27.6
19.287814424193606,27.6
19.388632093053765,27.6
19.48997673724305,27.7
19.591851111268685,27.8
19.69425798403576,27.8
19.79720013892245,27.8
19.90068037385568,27.8
20.004701501387192,27.8
20.109266348769967,27.8
20.214377758035074,27.8
20.320038586068932,27.9
20.426251704690927,28.0
20.533020000731486,28.0
20.64034637611054,28.0
20.748233747916412,28.0
20.856685048485062,28.0
20.965703225479817,28.0
21.075291241971485,28.0
21.185452076518878,28.2
21.296188723249774,28.3
21.407504191942323,28.3
21.519401508106792,28.3
21.631883713067854,28.3
21.744953864047204,28.3
21.858615034246718,28.4
21.972870312931903,28.5
22.087722805515906,28.5
22.203175633643916,28.5
22.319231935278008,28.5
22.435894864782412,28.5
22.553167593009288,28.5
22.671053307384867,28.5
22.789555211996095,28.5
22.908676527677724,28.5
23.028420492099883,28.5
23.148790359856015,28.5
23.26978940255137,28.6
23.391420908891938,28.7
23.51368818477381,28.7
23.63659455337303,28.7
23.760143355235964,28.7
23.884337948370025,28.7
24.009181708334992,28.7
24.134678028334722,28.7
24.260830319309434,28.7
24.387642010028344,28.8
24.515116547182902,28.8
24.64325739548046,28.8
24.772068037738443,28.8
24.901551974979007,28.8
25.031712726524198,28.8
25.162553830091625,28.8
25.294078841890578,28.8
25.426291336718684,28.8
25.559194908059133,28.8
25.692793168178262,28.8
25.827089748223784,28.8
25.96208829832347,28.9
26.097792487684362,29.0
26.234206004692496,29.0
26.371332557013133,29.0
26.5091758716916,29.0
26.647739695254497,29.0
26.787027793811582,29.0
26.9270439531581,29.0
27.06779197887776,29.0
27.209275696446046,29.1
27.351498951334275,29.2
27.494465609114105,29.2
27.638179555562576,29.2
27.782644696767733,29.2
27.92786495923483,29.2
28.07384428999299,29.2
28.220586656702505,29.2
28.368096047762684,29.2
28.516376472420284,29.2
28.66543196087842,29.2
28.815266564406134,29.3
28.965884355448516,29.4
29.11728942773738,29.4
29.26948589640251,29.4
29.42247789808359,29.4
29.57626959104251,29.4
29.730865155276486,29.4
29.88626879263161,29.4
30.04248472691713,29.4
30.19951720402016,29.4
30.357370492021133,29.4
30.516048881309793,29.4
30.675556684701824,29.4
30.835898237556027,29.4
30.99707789789224,29.4
31.15910004650967,29.5
31.321969087106055,29.6
31.485689446397288,29.7
31.650265574237824,29.7
31.815701943741516,29.7
31.98200305140326,29.7
32.14917341722119,29.7
32.31721758481955,29.7
32.486140121572134,29.7
32.655945618726484,29.7
32.82663869152868,29.7
32.99822397934869,29.7
33.170706145806605,29.7
33.34408987889928,29.7
33.51837989112781,29.7
33.69358091962557,29.7
33.86969772628702,29.8
34.04673509789711,29.9
34.224697846261364,29.9
34.40359080833668,29.9
34.58341884636283,29.9
34.764186847994516,29.9
34.94589972643436,29.9
35.12856242056629,29.9
35.312179895089876,29.9
35.496757140655234,29.9
35.68229917399868,29.9
35.86881103807908,29.9
36.05629780221492,29.9
36.24476456222205,29.9
36.434216440552284,29.9
36.6246585864325,29.9
36.81609617600466,29.9
37.00853441246656,29.9
37.2019785262131,29.9
37.39643377497855,29.9
37.591905443979435,29.9
37.788398846058186,29.9
37.985919321827524,29.9
38.184472239815605,29.9
38.384062996612016,29.9
38.584697017014335,29.9
38.786379754175634,29.9
38.98911668975273,29.9
39.1929133340551,29.9
39.39777522619469,29.9
39.60370793423646,29.9
39.810717055349734,29.9
40.0188082159603,29.9
40.227987071903335,30.0
40.43825930857721,30.1
40.64963064109788,30.1
40.8621068144543,30.1
41.075693603664625,30.1
41.29039681393302,30.1
41.506222280807584,30.1
41.72317587033889,30.1
41.94126347923944,30.1
42.16049103504393,30.1
42.38086449627034,30.1
42.60238985258197,30.1
42.825073124950116,30.1
43.04892036581776,30.1
43.27393765926414,30.1
43.500131121170035,30.1
43.727506899384,30.1
43.956071173889484,30.1
44.18583015697281,30.1
44.416790093392,30.1
44.648957260546474,30.1
44.88233796864779,30.1
45.116938560890986,30.1
45.35276541362708,30.1
45.58982493653644,30.0
45.82812357280281,29.9
46.067667799288614,29.9
46.308464126710895,29.9
46.55051909981832,29.9
46.793839297569036,29.9
47.03843133330949,30.0
47.28430185495417,30.1
47.531457545166376,30.1
47.77990512153967,30.1
48.02965133678067,30.1
48.28070297889241,30.1
48.53306687135893,30.1
48.78674987333074,30.1
49.041758879811184,30.1
49.298100821843896,30.1
49.55578266670119,30.1
49.81481141807335,30.1
50.07519411625915,30.1
50.336937838356974,30.1
50.60004969845742,30.1
50.86453684783644,30.1
51.13040647514984,30.1
51.39766580662862,30.1
51.66632210627541,30.1
51.93638267606184,30.1
52.20785485612707,30.1
52.48074602497726,30.1
52.75506359968615,30.1
53.030815036096584,30.1
53.308007829023246,30.1
53.58664951245627,30.1
53.866747659766084,30.1
54.148309883909214,30.1
54.431343837635225,30.1
54.7158572136947,30.1
55.00185774504835,30.2
55.28935320507712,30.2
55.57835140779364,30.2
55.86886020805435,30.2
56.160887501773274,30.2
56.45444122613637,30.2
56.74952935981742,30.3
57.04615992319485,30.3
57.34434097856969,30.4
57.64408063038476,30.5
57.94538702544487,30.6
58.24826835313831,30.7
58.552732845659456,30.8
58.85878877823242,30.9
59.166444469336014,30.9
59.475708280929936,30.9
59.786588618681876,31.0
60.0990939321961,31.1
60.41323271524305,31.1
60.72901350599024,31.1
61.046444887234294,31.1
61.365535486634215,31.1
61.686293976945976,31.1
62.008729076258064,31.1
62.332849548228545,31.0
62.658664202323344,30.9
62.98618189405547,30.9
63.315411525225876,30.9
63.64636204416533,30.9
63.979042445977655,30.9
64.31346177278421,30.9
64.64962911396958,30.9
64.98755360642885,30.9
65.32724443481563,30.9
65.66871083179183,30.9
66.01196207827876,30.9
66.35700750370908,30.9
66.7038564862806,30.9
67.05251845321108,30.9
67.40300288099445,30.9
67.75531929565844,30.9
68.1094772730234,30.9
68.46548643896274,30.9
68.82335646966433,30.9
69.18309709189363,30.8
69.54471808325809,30.7
69.90822927247277,30.6
70.27364053962762,30.6
70.6409618164559,30.6
71.01020308660422,30.6
71.38137438590384,30.6
71.75448580264342,30.6
72.12954747784322,30.6
72.50656960553087,30.6
72.88556243301818,30.6
73.26653626117992,30.6
73.64950144473359,30.5
74.03446839252094,30.4
74.42144756779092,30.4
74.810449488484,30.4
75.20148472751808,30.4
75.59456391307583,30.4
75.98969772889355,30.4
76.38689691455168,30.4
76.78617226576647,30.4
77.18753463468363,30.4
77.59099493017311,30.4
77.99656411812569,30.4
78.404253221751,30.4
78.8140733218772,30.4
79.226035557252,30.4
79.64015112484554,30.4
80.05643128015467,30.3
80.47488733750892,30.2
80.89553067037787,30.2
81.31837271168051,30.2
81.74342495409579,30.2
82.170698950375,30.2
82.60020631365589,30.2
83.03195871777821,30.2
83.46596789760103,30.2
83.90224564932171,30.2
84.34080383079642,30.2
84.78165436186265,30.3
85.22480922466286,30.4
85.67028046397054,30.4
86.11808018751721,30.4
86.56822056632171,30.4
87.020713835021,30.4
87.47557229220259,30.4
87.93280830073893,30.4
88.39243428812335,30.4
88.85446274680783,30.4
89.31890623454267,30.4
89.78577737471758,30.4
90.25508885670492,30.4
90.72685343620469,30.5
91.20108393559097,30.5
91.67779324426061,30.6
92.15699431898352,30.8
92.63870018425483,30.9
93.12292393264887,30.9
93.60967872517497,30.9
94.09897779163542,30.9
94.5908344309847,30.9
95.0852620116911,31.0
95.58227397210023,31.1
96.08188382079996,31.1
96.5841051369878,31.2
97.08895157083991,31.2
97.59643684388209,31.3
98.10657474936274,31.3
98.61937915262773,31.4
99.13486399149741,31.5
99.65304327664518,31.5
100.17393109197839,31.6
100.69754159502135,31.7
101.22388901729977,31.7
101.75298766472777,31.8
102.28485191799675,31.9
102.81949623296607,32.0
103.35693514105618,32.2
103.89718324964329,32.3
104.44025524245698,32.4
104.98616587997819,32.5
105.53492999984189,32.5
106.08656251723878,32.6
106.64107842532215,32.6
107.19849279561431,32.6
107.75882077841675,32.6
108.32207760322176,32.7
108.88827857912626,32.8
109.45743909524856,32.8
110.02957462114523,32.8
110.60470070723336,32.8
111.18283298521138,32.8
111.76398716848561,32.9
112.3481790525961,33.0
112.93542451564652,33.0
113.5257395187356,33.0
114.11914010639099,33.0
114.71564240700522,33.0
115.3152626332741,33.0
115.91801708263789,33.1
116.52392213772293,33.2
117.13299426678874,33.3
117.74525002417371,33.3
118.36070605074681,33.3
118.97937907435858,33.3
119.60128591029638,33.4
120.22644346174131,33.5
120.85486872022751,33.5
121.4865787661046,33.5
122.12159076900052,33.5
122.75992198829012,33.5
123.40158977356222,33.5
124.04661156509306,33.5
124.69500489431896,33.5
125.34678738431336,33.5
126.00197675026583,33.5
126.6605907999634,33.5
127.3226474342747,33.5
127.98816464763628,33.5
128.6571605285424,33.5
129.32965326003517,33.5
130.00566112020084,33.5
130.68520248266435,33.5
131.36829581709074,33.5
132.05495968968575,33.5
132.74521276370103,33.5
133.43907379994133,33.5
134.1365616572744,33.5
134.83769529314347,33.5
135.54249376408254,33.5
136.25097622623485,33.5
136.96316193587217,33.5
137.67907024992007,33.5
138.39872062648203,33.5
139.1221326253702,33.5
139.84932590863562,33.5
140.58032024110324,33.5
141.31513549090906,33.5
142.05379163003997,33.5
142.7963087348772,33.5
143.5427069867405,33.5
144.29300667243896,33.5
145.04722818481977,33.5
145.80539202332486,33.5
146.56751879454652,33.5
147.333629212788,33.5
148.1037441006266,33.5
148.87788438947953,33.5
149.65607112017267,33.5
150.43832544351253,33.5
151.2246686208618,33.4
152.01512202471548,33.3
152.80970713928414,33.3
153.6084455610754,33.2
154.41135899948313,33.2
155.218469277376,33.1
156.02979833169113,33.0
156.8453682140304,32.9
157.66520109125955,32.8
158.48931924611142,32.7
159.3177450777899,32.7
160.15050110258113,32.6
160.9876099544629,32.6
161.82909438572216,32.6
162.67497726757185,32.5
163.52528159077312,32.5
164.38003046626017,32.5
165.23924712576837,32.5
166.1029549224657,32.5
166.97117733158728,32.6
167.8439379510743,32.8
168.72126050221348,33.0
169.60316883028446,33.2
170.48968690520502,33.3
171.38083882218535,33.4
172.27664880238083,33.4
173.17714119355136,33.5
174.08234047072295,33.5
174.99227123685273,33.6
175.9069582234984,33.7
176.82642629148881,33.7
177.75070043160196,33.7
178.67980576524164,33.7
179.61376754512278,33.7
180.55261115595593,33.7
181.49636211513797,33.7
182.44504607344558,33.7
183.39868881573247,33.7
184.35731626163007,33.7
185.3209544662519,33.7
186.28962962090262,33.7
187.26336805378796,33.7
188.24219623073301,33.7
189.2261407558986,33.7
190.21522837250714,33.7
191.20948596356752,33.7
192.20894055260666,33.7
193.21361930440384,33.7
194.22354952572874,33.7
195.2387586660848,33.7
196.25927431845295,33.7
197.28512422004457,33.7
198.31633625305224,33.7
199.35293844541056,33.6
200.39495897155572,33.6
201.4424261531923,33.5
202.4953684600627,33.5
203.55381451072122,33.5
204.6177930733116,33.5
205.6873330663489,33.5
206.76246355950653,33.5
207.84321377440395,33.5
208.92961308540407,33.5
210.02169102040844,33.5
211.11947726166272,33.5
212.22300164656127,33.5
213.33229416845913,33.5
214.447384977487,33.5
215.5683043813707,33.5
216.69508284625502,33.5
217.8277509975314,33.5
218.9663396206716,33.5
220.1108796620618,33.5
221.26140222984722,33.5
222.41793859477394,33.5
223.5805201910423,33.5
224.74917861715863,33.5
225.9239456367954,33.5
227.10485317965416,33.5
228.29193334233327,33.5
229.48521838920135,33.5
230.68474075327168,33.5
231.89053303708724,33.5
233.102628013603,33.5
234.32105862708036,33.5
235.5458579939798,33.4
236.77705940386227,33.3
238.0146963202937,33.3
239.25880238175446,33.3
240.50941140255387,33.3
241.76655737374873,33.3
243.03027446406858,33.3
244.30059702084168,33.3
245.57755957093218,33.3
246.86119682167464,33.3
248.1515436618211,33.3
249.44863516248657,33.3
250.75250657810346,33.3
252.0631933473797,33.3
253.3807310942614,33.3
254.7051556289027,33.3
256.03650294863604,33.3
257.3748092389545,33.3
258.72011087449107,33.3
260.0724444200114,33.3
261.4318466314045,33.3
262.79835445668317,33.3
264.17200503698814,33.2
265.5528357075972,33.1
266.94088399894025,33.0
268.336187637619,33.0
269.7387845474336,33.0
271.1487128504106,33.0
272.56601086784315,33.0
273.9907171213279,33.0
275.4228703338166,33.0
276.86250943066517,33.0
278.30967354069315,33.0
279.764401997247,33.0
281.2267343392687,32.9
282.6967103123723,32.9
284.1743698699204,32.8
285.65975317411466,32.8
287.152900597083,32.8
288.6538527219809,32.8
290.16265034409145,32.8
291.67933447193553,32.8
293.203946328386,32.8
294.7365273517884,32.7
296.27711919708696,32.6
297.8257637369567,32.6
299.38250306294265,32.6
300.947379486601,32.6
302.52043554065347,32.6
304.1017139801383,32.6
305.69125778357716,32.5
307.2891101541398,32.5
308.8953145208197,32.5
310.5099145396145,32.5
312.1329540947119,32.5
313.76447729968413,32.5
315.40452849868336,32.5
317.0531522676519,32.5
318.71039341552853,32.5
320.3762969854716,32.4
322.05090825607795,32.4
323.7342727426186,32.3
325.4264361982722,32.2
327.1274446153702,32.2
328.83734422664674,32.1
330.55618150649445,32.0
332.28400317222986,31.9
334.02085618535915,31.8
335.76678775285944,31.7
337.52184532845695,31.6
339.28607661392135,31.5
341.0595295603587,31.4
342.84225236951676,31.2
344.63429349509414,31.2
346.4357016440579,31.1
348.24652577796684,31.0
350.06681511430224,30.9
351.8966191278073,30.8
353.7359875518278,30.6
355.5849703796693,30.4
357.44361786595016,30.3
359.3119805279728,30.2
361.1901091470929,30.2
363.0780547701014,30.1
364.9758687106112,30.1
366.8836025504522,30.0
368.80130814107446,30.0
370.72903760495365,29.9
372.66684333701346,29.9
374.6147780060434,29.9
376.57289455613636,29.9
378.54124620812286,29.9
380.5198864610201,29.9
382.50886909348526,29.9
384.5082481652772,29.9
386.51807801872604,29.8
388.53841328020957,29.7
390.56930886163985,29.7
392.6108199619517,29.7
394.6630020686084,29.7
396.7259109591041,29.7
398.7996027024853,29.7
400.8841336608706,29.7
402.9795604909844,29.7
405.0859401456969,29.7
407.20332987557106,29.6
409.331787230421,29.5
411.4713700608718,29.4
413.6221365199375,29.4
415.78414506459575,29.4
417.95745445738237,29.4
420.1421237679842,29.4
422.33821237484636,29.4
424.5457799667861,29.4
426.76488654461485,29.4
428.9955924227691,29.3
431.23795823094935,29.2
433.49204491576995,29.2
435.7579137424112,29.2
438.0356262962907,29.2
440.3252444847303,29.2
442.62683053864555,29.2
444.9404470142319,29.2
447.2661567946673,29.2
449.60402309182115,29.2
451.9541094479714,29.3
454.3164797375345,29.4
456.6911981687959,29.4
459.0783292856624,29.4
461.4779379694089,29.4
463.89008944044906,29.4
466.31484926010245,29.4
468.7522833323791,29.4
471.20245790577025,29.4
473.6654395750488,29.4
476.14129528307956,29.4
478.630092322638,29.4
481.1318983382419,29.4
483.6467813279844,29.4
486.1748096453894,29.4
488.7160520012619,29.4
491.27057746556244,29.4
493.8384554692794,29.4
496.4197558063182,29.4
499.01454863539806,29.6
501.6229044819588,29.7
504.24489424007766,29.7
506.88058917439554,29.7
509.53006092205686,29.7
512.1933814946506,29.7
514.8706232801756,29.7
517.5618590449992,29.7
520.2671619358439,29.7
522.9866054817683,29.7
525.7202635961694,29.7
528.4682105787901,29.7
531.230521117739,29.7
534.0072702915224,29.8
536.7985335710792,29.9
539.6043868218401,29.9
542.4249063057814,29.9
545.2601686835053,29.9
548.1102510163182,29.9
550.9752307683272,29.9
553.8551858085453,29.9
556.7501944130083,29.9
559.6603352669016,29.9
562.5856874666987,29.9
565.5263305223134,29.9
568.4823443592555,29.9
571.4538093208106,29.9
574.4408061702153,29.8
577.4434160928608,29.7
580.4617206984933,29.5
583.4958020234345,29.4
586.5457425328113,29.3
589.6116251227962,29.2
592.6935331228639,29.2
595.7915502980484,29.1
598.9057608512304,29.0
602.0362494254149,28.8
605.1831011060411,28.7
608.3464014232891,28.6
611.5262363544065,28.5
614.7226923260454,28.4
617.9358562166111,28.4
621.1658153586235,28.3
624.4126575410903,28.2
627.6764710118958,28.1
630.957344480193,28.0
634.2553671188238,28.0
637.5706285667327,28.0
640.9032189314127,28.0
644.2532287913472,28.0
647.6207491984753,28.0
651.0058716806659,28.0
654.4086882442045,28.0
657.8292913762976,28.0
661.2677740475787,28.0
664.7242297146454,28.0
668.1987523225889,28.0
671.6914363075575,28.0
675.2023765993158,28.1
678.7316686238282,28.3
682.2794083058518,28.4
685.8456920715438,28.5
689.4306168510824,28.5
693.0342800813003,28.6
696.6567797083366,28.6
700.2982141902914,28.7
703.9586824999124,28.9
707.6382841272731,29.0
711.3371190824884,29.0
715.0552878984242,29.1
718.7928916334344,29.1
722.5500318741055,29.2
726.3268107380181,29.3
730.123330876526,29.4
733.9396954775374,29.5
737.7760082683312,29.6
741.6323735183645,29.6
745.508896042117,29.7
749.4056812019327,29.8
753.3228349108862,29.9
757.2604636356614,29.9
761.2186743994453,29.9
765.1975747848361,29.9
769.1972729367671,29.9
773.2178775654501,29.9
777.2594979493206,29.9
781.3222439380205,29.9
785.406225955371,29.9
789.5115550023859,29.9
793.6383426602791,29.9
797.7867010935024,29.8
801.9567430527921,29.8
806.1485818782347,29.7
810.3623315023465,29.6
814.59810645317,29.5
818.8560218573906,29.4
823.1361934434566,29.4
827.4387375447371,29.4
831.7637711026708,29.4
836.1114116699566,29.4
840.4817774137397,29.4
844.8749871188272,29.4
849.2911601909162,29.4
853.7304166598383,29.4
858.1928771828257,29.6
862.6786630477819,29.7
867.1878961765907,29.7
871.7206991284164,29.8
876.2771951030477,29.8
880.8575079442367,29.9
885.4617621430697,30.0
890.0900828413493,30.1
894.742595834996,30.2
899.4194275774676,30.2
904.1207051831946,30.3
908.8465564310401,30.4
913.5971097677627,30.5
918.3724943115215,30.6
923.1728398553701,30.7
927.998276870799,30.7
932.8489365112713,30.8
937.7249506157918,30.9
942.6264517124897,31.0
947.5535730222193,31.1
952.5064484621864,31.1
957.4852126495767,31.1
962.4900009052299,31.1
967.5209492573013,31.1
972.5781944449744,31.2
977.6618739221665,31.3
982.772125861269,31.3
987.9090891569025,31.3
993.0729034296917,31.3
998.26370903006,31.3
1003.4816470420445,31.3
1008.7268592871307,31.3
1013.9994883281055,31.3
1019.2996774729368,31.3
1024.627570778662,31.3
1029.9833130553077,31.3
1035.3670498698243,31.3
1040.778927550043,31.3
1046.219093188652,31.3
1051.687694647196,31.2
1057.1848805600926,31.1
1062.7108003386745,31.1
1068.2656041752484,31.1
1073.849443047181,31.1
1079.4624687209969,31.1
1085.104833756507,31.1
1090.7766915109553,31.1
1096.4781961431852,31.1
1102.2095026178308,31.1
1107.9707667095288,31.1
1113.7621450071517,31.1
1119.5837949180645,31.1
1125.4358746724013,31.1
1131.3185433273702,31.1
1137.231960771571,31.1
1143.1762877293438,31.1
1149.1516857651375,31.1
1155.1583172879002,31.1
1161.1963455554942,31.0
1167.2659346791324,31.0
1173.3672496278396,30.9
1179.5004562329357,30.8
1185.6657211925422,30.7
1191.8632120761172,30.6
1198.0930973290035,30.5
1204.355546277011,30.5
1210.650729131018,30.4
1216.9788169915967,30.3
1223.3399818536654,30.3
1229.7343966111616,30.2
1236.162235061742,30.2
1242.6236719115057,30.1
1249.1188827797416,30.1
1255.6480442037073,30.0
1262.2113336434193,29.9
1268.8089294864806,29.8
1275.4410110529293,29.7
1282.1077586001115,29.5
1288.8093533275808,29.4
1295.5459773820237,29.3
1302.3178138622095,29.3
1309.1250468239675,29.2
1315.967861285188,29.1
1322.8464432308563,29.1
1329.7609796180998,29.0
1336.7116583812742,28.9
1343.6986684370715,28.9
1350.7221996896535,28.8
1357.782443035813,28.8
1364.879590370164,28.7
1372.0138345903551,28.7
1379.1853696023147,28.6
1386.3943903255179,28.6
1393.6410926982915,28.5
1400.9256736831292,28.5
1408.248331272053,28.4
1415.6092644919916,28.3
1423.0086734101894,28.2
1430.4467591396458,28.1
1437.9237238445805,28.0
1445.439770745928,28.0
1452.9951041268616,28.0
1460.589929338344,27.9
1468.224452804715,27.8
1475.898882029292,27.7
1483.6134256000173,27.7
1491.3682931951248,27.6
1499.1636955888393,27.6
1506.999844657106,27.5
1514.8769533833477,27.5
1522.7952358642551,27.4
1530.754907315605,27.3
1538.7561840781082,27.2
1546.799283623296,27.1
1554.8844245594228,27.0
1563.0118266374113,26.9
1571.181710756826,26.8
1579.3942989718767,26.7
1587.649814497453,26.7
1595.9484817151922,26.6
1604.2905261795772,26.6
1612.6761746240677,26.6
1621.1056549672617,26.6
1629.5791963190893,26.6
1638.097028987047,26.6
1646.6593844824454,26.6
1655.266495526711,26.7
1663.9185960577072,26.7
1672.6159212360947,26.8
1681.3587074517213,26.8
1690.1471923300487,26.8
1698.9816147386093,26.8
1707.8622147934998,26.8
1716.789233865905,26.8
1725.7629145886658,26.8
1734.7835008628629,26.8
1743.8512378644525,26.8
1752.9663720509295,26.8
1762.1291511680254,26.8
1771.3398242564415,26.7
1780.598641658619,26.6
1789.9058550255418,26.6
1799.2617173235774,26.6
1808.6664828413498,26.5
1818.1204071966588,26.5
1827.6237473434162,26.4
1837.1767615786375,26.4
1846.7797095494598,26.3
1856.4328522602,26.2
1866.1364520794475,26.1
1875.8907727471963,26.0
1885.6960793820124,25.9
1895.552638488241,25.8
1905.4607179632462,25.7
1915.4205871047022,25.6
1925.4325166178992,25.5
1935.4967786231095,25.4
1945.6136466629825,25.4
1955.783395709978,25.3
1966.006302173841,25.2
1976.282643909114,25.1
1986.6127002226892,25.0
1996.996751881399,24.9
2007.4350811196462,24.8
2017.927971647083,24.7
2028.4757086563097,24.6
2039.078578830634,24.5
2049.736870351861,24.4
2060.4508729081267,24.2
2071.22087770177,24.1
2082.0471774572497,24.1
2092.9300664290977,24.0
2103.8698404099196,24.0
2114.8667967384304,23.9
2125.9212343075446,23.8
2137.0334535724887,23.8
2148.2037565589744,23.7
2159.4324468714053,23.7
2170.71982970113,23.7
2182.0662118347364,23.6
2193.4719016623894,23.5
2204.937209186215,23.4
2216.4624460287228,23.4
2228.0479254412767,23.3
2239.6939623126154,23.3
2251.4008731773993,23.2
2263.168976224821,23.0
2274.9985913072546,22.8
2286.890039948944,22.7
2298.843645354747,22.6
2310.8597324189163,22.6
2322.9386277339318,22.5
2335.0806595993763,22.4
2347.2861580308577,22.2
2359.5554547689862,22.0
2371.8888832883777,21.9
2384.2867788067265,21.8
2396.7494782939148,21.7
2409.2773204811715,21.6
2421.8706458702773,21.4
2434.5297967428205,21.3
2447.2551171695004,21.2
2460.0469530194778,21.1
2472.905651969775,21.0
2485.8315635147337,20.9
2498.825038975499,20.7
2511.88643150958,20.6
2525.0160961204438,20.5
2538.2143896671673,20.5
2551.481670874133,20.4
2564.8183003407817,20.3
2578.224640551411,20.3
2591.7010558850307,20.2
2605.247912625263,20.2
2618.8655789702975,20.1
2632.5544250429093,20.1
2646.314822900502,20.1
2660.14714654523,20.0
2674.051771934164,19.9
2688.029076989506,19.8
2702.079441608862,19.8
2716.20324767557,19.7
2730.400879069075,19.7
2744.6727216753675,19.7
2759.0191633974646,19.6
2773.440594165967,19.5
2787.9374059496395,19.4
2802.509992766076,19.3
2817.1587506924047,19.2
2831.8840778760564,19.2
2846.686374545581,19.2
2861.5660430215316,19.2
2876.5234877273942,19.3
2891.5591152005823,19.3
2906.6733341034837,19.4
2921.8665552345788,19.4
2937.139191539587,19.4
2952.4916581227058,19.4
2967.9243722578863,19.5
2983.4377534001765,19.6
2999.0322231971227,19.6
3014.7082055002275,19.7
3030.466126376471,19.8
3046.306414119893,19.8
3062.229499263226,19.9
3078.2358145896155,20.0
3094.325795144359,20.0
3110.4998782467446,20.1
3126.7585035019356,20.1
3143.1021128129173,20.2
3159.5311503925072,20.2
3176.0460627754296,20.2
3192.6472988304513,20.2
3209.335309772584,20.2
3226.1105491753406,20.2
3242.973472983081,20.2
3259.924539523382,20.3
3276.9642095195077,20.4
3294.0929461029286,20.4
3311.311214825911,20.4
3328.6194836741684,20.4
3346.018223079582,20.4
3363.507905932988,20.5
3381.089007597027,20.6
3398.762005919066,20.7
3416.527381244194,20.7
3434.385616428264,20.8
3452.337196851022,20.9
3470.382610429304,20.9
3488.5223476302926,20.9
3506.7569014848486,20.9
3525.0867676009134,20.9
3543.512444176976,20.9
3562.034432015617,20.9
3580.6532345371147,20.9
3599.369357793143,20.9
3618.1833104805046,20.8
3637.095603954969,20.7
3656.1067522451726,20.6
3675.2172720665826,20.5
3694.4276828355482,20.4
3713.738506683413,20.2
3733.1502684707093,20.1
3752.6634958014215,20.0
3772.2787190373247,19.9
3791.9964713124127,19.9
3811.817288547367,19.9
3831.7417094641373,19.9
3851.7702756005806,19.9
3871.9035313251793,19.9
3892.1420238518376,19.9
3912.4863032547537,19.9
3932.936922483372,19.9
3953.4944373774106,20.0
3974.1594066819653,20.1
3994.9323920627126,20.1
4015.8139581211503,20.1
4036.8046724099613,20.1
4057.9051054484326,20.1
4079.115830737964,20.1
4100.437424777656,20.1
4121.870467079975,20.0
4143.41554018651,19.9
4165.0732296838005,19.8
4186.844124219257,19.8
4208.728815517151,19.7
4230.72789839472,19.7
4252.841970778305,19.6
4275.071633719623,19.4
4297.417491412092,19.2
4319.880151207261,19.0
4342.460223631314,18.9
4365.158322401661,18.8
4387.975064443623,18.7
4410.911069907196,18.6
4433.9669621839075,18.4
4457.1433679237725,18.2
4480.4409170523,18.1
4503.860242787635,17.9
4527.40198165776,17.8
4551.0667735177985,17.5
4574.855261567406,17.2
4598.768092368251,16.9
4622.80591586159,16.7
4646.969385385929,16.5
4671.25915769478,16.2
4695.675892974527,15.8
4720.220254862348,15.5
4744.892910464259,15.3
4769.694530373255,15.1
4794.625788687525,14.9
4819.68736302878,14.7
4844.87993456067,14.4
4870.204188007296,14.1
4895.660811671819,13.7
4921.250497455168,13.4
4946.973940874864,13.1
4972.8318410838865,12.8
4998.824900889706,12.6
5024.953826773381,12.3
5051.219328908747,12.0
5077.622121181736,11.7
5104.162921209768,11.5
5130.842450361258,11.3
5157.661433775227,11.1
5184.620600380999,10.9
5211.720682918039,10.6
5238.962417955835,10.3
5266.346545913939,9.9
5293.873811082085,9.7
5321.544961640422,9.5
5349.360749679845,9.3
5377.321931222439,9.0
5405.429266242027,8.6
5433.683518684824,8.4
5462.085456490198,8.2
5490.635851611563,8.0
5519.335480037329,7.8
5548.185121812011,7.5
5577.185561057427,7.0
5606.337585994012,6.7
5635.641988962242,6.5
5665.0995664441625,6.4
5694.7111190850455,6.6
5724.477451715144,6.8
5754.399373371566,6.9
5784.477697320285,7.2
5814.713241078208,7.5
5845.10682643542,7.9
5875.659279477514,8.3
5906.371430608045,8.6
5937.244114571097,9.0
5968.278170473975,9.3
5999.4744418100045,9.7
6030.833776481469,10.1
6062.357026822636,10.5
6094.045049622959,10.9
6125.898706150321,11.3
6157.918862174471,11.7
6190.106387990547,12.1
6222.462158442733,12.4
6254.987052948034,12.8
6287.681955520183,13.1
6320.547754793659,13.3
6353.585344047851,13.6
6386.795621231329,14.0
6420.179488986247,14.4
6453.7378546729,14.5
6487.471630394349,14.7
6521.381733021235,14.9
6555.469084216698,15.0
6589.734610461422,15.1
6624.179243078815,15.1
6658.80391826033,15.2
6693.609577090902,15.6
6728.597165574533,16.0
6763.767634659991,16.2
6799.1219402666875,16.3
6834.661043310619,16.4
6870.385909730507,16.5
6906.297510514049,16.5
6942.39682172431,16.6
6978.684824526248,16.7
7015.162505213385,16.9
7051.830855234612,17.0
7088.690871221135,17.1
7125.7435550135615,17.2
7162.989913689153,17.3
7200.430959589155,17.4
7238.067710346342,17.5
7275.901188912673,17.5
7313.932423587085,17.5
7352.162448043451,17.5
7390.59230135867,17.5
7429.22302804091,17.5
7468.055678057999,17.5
7507.091306865953,17.6
7546.330975437692,17.7
7585.775750291836,17.9
7625.426703521717,18.2
7665.284912824515,18.5
7705.351461530549,18.8
7745.627438632719,19.2
7786.113938816104,19.4
7826.81206248772,19.6
7867.722915806424,19.8
7908.847610712972,20.7
7950.187264960275,21.8
7991.743002143727,22.1
8033.515951731782,22.4
8075.507249096639,22.6
8117.718035545101,22.9
8160.149458349601,23.3
8202.80267077938,23.6
8245.67883213183,23.7
8288.77910776401,23.8
8332.104669124305,23.9
8375.656693784302,24.0
8419.436365470749,24.1
8463.444874097753,24.1
8507.683415799123,24.2
8552.153192960874,24.1
8596.855414253905,24.0
8641.791294666864,23.9
8686.962055539152,23.9
8732.36892459413,23.8
8778.01313597248,23.8
8823.895930265779,23.7
8870.018554550163,23.6
8916.382262420266,23.6
8962.988314023276,23.5
9009.83797609319,23.5
9056.932521985234,23.5
9104.273231710486,23.5
9151.861391970657,23.5
9199.698296193066,23.5
9247.785244565785,23.5
9296.12354407301,23.5
9344.714508530542,23.4
9393.559458621517,23.3
9442.659721932305,23.2
9492.016632988581,23.2
9541.631533291613,23.1
9591.505771354708,23.0
9641.64070273987,22.9
9692.037690094652,22.8
9742.698103189163,22.7
9793.623318953358,22.5
9844.814721514387,22.2
9896.27370223427,22.1
9948.001659747684,21.9
10000.0,21.7
10052.270136285486,21.5
10104.813489285681,21.3
10157.6314871081,20.9
10210.725565324987,20.4
10264.09716701231,20.0
10317.747742788988,19.8
10371.678750856474,19.6
10425.891657038128,19.4
10480.387934819217,19.0
10535.16906538697,18.5
10590.236537670813,18.2
10645.591848382772,18.0
10701.236502058211,17.8
10757.172011096769,17.6
10813.399895803414,17.2
10869.921684429703,16.6
10926.73891321545,16.3
10983.85312643042,16.1
11041.265876416248,15.9
11098.978723628681,15.7
11156.993236680037,15.0
11215.310992381786,14.1
11273.933575787378,13.5
11332.862580235347,13.1
11392.099607392682,12.7
11451.646267298307,12.3
11511.504178406769,11.5
11571.674967632372,10.4
11632.16027039332,9.5
11692.961730656129,9.0
11754.08100098034,8.5
11815.519742563505,8.0
11877.27962528627,7.4
11939.362327757724,6.7
12001.76953736107,6.1
12064.50295029953,5.9
12127.56427164241,5.5
12190.95521537136,5.0
12254.677504427105,4.7
12318.732870756214,4.5
12383.123055358106,4.2
12447.849808332432,3.7
12512.914888926687,3.3
12578.320065583976,3.1
12644.067115991029,2.9
12710.157827126544,2.7
12776.593995309939,2.5
12843.377426249857,2.4
12910.50993509343,2.7
12977.99334647565,3.2
13045.829494568892,3.5
13114.020223132724,3.8
13182.567385564074,4.1
13251.472844947652,4.5
13320.738474106534,4.9
13390.366155652993,6.2
13460.35778203982,7.4
13530.715255611682,7.8
13601.440488656775,8.1
13672.535403458849,8.4
13744.001932349513,8.8
13815.842017760702,9.3
13888.057612277411,9.7
13960.650678690825,9.9
14033.62319005172,10.1
14106.977129724035,10.3
14180.714491438697,10.4
14254.837279347976,10.5
14329.347508079869,10.6
14404.247202792812,10.8
14479.538399230763,10.9
14555.223143778607,10.9
14631.303493517702,10.9
14707.78151628175,10.8
14784.65929071304,10.7
14861.938906319014,10.6
14939.622463529,10.4
15017.712073751207,10.2
15096.209859430292,8.8
15175.117954104964,7.3
15254.438502465904,6.8
15334.173660414117,6.7
15414.325595119602,6.8
15494.896485080177,6.7
15575.88852018064,6.5
15657.303901752315,6.2
15739.1448426331,6.1
15821.413567227246,6.3
15904.112311566014,6.4
15987.243323368504,6.6
16070.808862102673,6.8
16154.811199046684,7.0
16239.252617350698,7.1
16324.135412099,7.2
16409.461890372313,7.3
16495.23437131044,7.5
16581.455186175313,7.6
16668.12667841462,7.7
16755.251203725067,7.8
