10.0,18.4
10.052270136285475,18.4
10.104813489285682,18.4
10.157631487108103,18.5
10.210725565324982,18.5
10.264097167012295,18.5
10.317747742789004,18.5
10.371678750856479,18.5
10.425891657038118,18.4
10.480387934819216,18.4
10.535169065386981,18.4
10.590236537670812,18.4
10.64559184838276,18.5
10.701236502058206,18.6
10.757172011096776,18.7
10.813399895803409,18.7
10.869921684429707,18.7
10.926738913215466,18.7
10.98385312643042,18.7
11.041265876416237,18.8
11.098978723628681,18.9
11.156993236680048,18.9
11.215310992381788,18.9
11.27393357578736,18.9
11.332862580235341,18.9
11.392099607392687,18.9
11.451646267298301,19.0
11.511504178406776,19.1
11.571674967632385,19.1
11.632160270393321,19.2
11.692961730656117,19.2
11.75408100098034,19.2
11.815519742563518,19.2
11.87727962528627,19.2
11.939362327757706,19.2
12.001769537361062,19.2
12.064502950299536,19.3
12.127564271642404,19.3
12.190955215371359,19.4
12.254677504427118,19.5
12.318732870756214,19.5
12.383123055358094,19.6
12.447849808332432,19.6
12.5129148889267,19.6
12.578320065583968,19.6
12.644067115991009,19.6
12.710157827126565,19.6
12.776593995309947,19.7
12.843377426249843,19.7
12.910509935093431,19.7
12.977993346475664,19.7
13.045829494568892,19.7
13.11402022313271,19.7
13.182567385564074,19.7
13.251472844947658,19.7
13.320738474106527,19.7
13.390366155653,19.7
13.460357782039841,19.8
13.530715255611682,19.9
13.601440488656761,19.9
13.672535403458848,19.9
13.744001932349526,19.9
13.815842017760701,19.9
13.888057612277397,20.0
13.960650678690818,20.1
14.033623190051728,20.1
14.10697712972403,20.1
14.180714491438705,20.1
14.25483727934799,20.1
14.32934750807987,20.1
14.404247202792797,20.1
14.479538399230764,20.2
14.55522314377862,20.3
14.631303493517702,20.3
14.707781516281727,20.3
14.784659290713032,20.3
14.861938906319022,20.3
14.939622463528993,20.3
15.017712073751214,20.3
15.096209859430308,20.3
15.175117954104964,20.4
15.254438502465888,20.5
15.334173660414118,20.5
15.414325595119617,20.5
15.494896485080169,20.5
15.575888520180618,20.5
15.65730390175234,20.5
15.73914484263311,20.5
15.821413567227237,20.5
15.904112311566013,20.5
15.98724332336852,20.5
16.070808862102673,20.6
16.154811199046666,20.7
16.239252617350697,20.7
16.324135412099007,20.7
16.409461890372306,20.7
16.495234371310413,20.7
16.58145518617534,20.7
16.668126678414627,20.7
16.755251203725052,20.7
16.84283113011666,20.8
16.930868837977105,20.8
17.01936672013636,20.8
17.108327181931763,20.8
17.197752641273365,20.8
17.28764552870969,20.8
17.378008287493753,20.8
17.4688433736495,20.8
17.560153256038525,20.8
17.651940416427212,20.9
17.744207349554188,21.0
17.836956563198083,21.0
17.93019057824573,21.0
18.023911928760675,21.0
18.118123162052047,21.0
18.21282683874379,21.0
18.30802553284428,21.0
18.403721831816252,21.0
18.499918336647156,21.0
18.59661766191982,21.1
18.69382243588356,21.1
18.791535300525574,21.2
18.889758911642755,21.2
18.98849593891389,21.2
19.08774906597221,21.2
19.187520990478333,21.2
19.287814424193606,21.2
19.388632093053765,21.2
19.48997673724305,21.2
19.591851111268685,21.3
19.69425798403576,21.4
19.79720013892245,21.4
19.90068037385568,21.4
20.004701501387192,21.4
20.109266348769967,21.4
20.214377758035074,21.4
20.320038586068932,21.4
20.426251704690927,21.4
20.533020000731486,21.6
20.64034637611054,21.7
20.748233747916412,21.7
20.856685048485062,21.7
20.965703225479817,21.7
21.075291241971485,21.7
21.185452076518878,21.7
21.296188723249774,21.7
21.407504191942323,21.7
21.519401508106792,21.7
21.631883713067854,21.7
21.744953864047204,21.7
21.858615034246718,21.7
21.972870312931903,21.7
22.087722805515906,21.7
22.203175633643916,21.8
22.319231935278008,21.9
22.435894864782412,21.9
22.553167593009288,21.9
22.671053307384867,21.9
22.789555211996095,21.9
22.908676527677724,21.9
23.028420492099883,21.9
23.148790359856015,21.9
23.26978940255137,21.9
23.391420908891938,22.0
23.51368818477381,22.0
23.63659455337303,22.1
23.760143355235964,22.1
23.884337948370025,22.1
24.009181708334992,22.1
24.134678028334722,22.1
24.260830319309434,22.1
24.387642010028344,22.1
24.515116547182902,22.1
24.64325739548046,22.1
24.772068037738443,22.1
24.901551974979007,22.1
25.031712726524198,22.1
25.162553830091625,22.2
25.294078841890578,22.2
25.426291336718684,22.2
25.559194908059133,22.2
25.692793168178262,22.2
25.827089748223784,22.2
25.96208829832347,22.2
26.097792487684362,22.2
26.234206004692496,22.2
26.371332557013133,22.2
26.5091758716916,22.2
26.647739695254497,22.2
26.787027793811582,22.2
26.9270439531581,22.2
27.06779197887776,22.2
27.209275696446046,22.3
27.351498951334275,22.3
27.494465609114105,22.3
27.638179555562576,22.4
27.782644696767733,22.4
27.92786495923483,22.4
28.07384428999299,22.4
28.220586656702505,22.4
28.368096047762684,22.4
28.516376472420284,22.4
28.66543196087842,22.4
28.815266564406134,22.4
28.965884355448516,22.4
29.11728942773738,22.4
29.26948589640251,22.4
29.42247789808359,22.4
29.57626959104251,22.4
29.730865155276486,22.4
29.88626879263161,22.4
30.04248472691713,22.5
30.19951720402016,22.5
30.357370492021133,22.5
30.516048881309793,22.5
30.675556684701824,22.5
30.835898237556027,22.5
30.99707789789224,22.5
31.15910004650967,22.5
31.321969087106055,22.5
31.485689446397288,22.5
31.650265574237824,22.5
31.815701943741516,22.5
31.98200305140326,22.5
32.14917341722119,22.5
32.31721758481955,22.5
32.486140121572134,22.7
32.655945618726484,22.8
32.82663869152868,22.8
32.99822397934869,22.8
33.170706145806605,22.8
33.34408987889928,22.8
33.51837989112781,22.8
33.69358091962557,22.8
33.86969772628702,22.8
34.04673509789711,22.8
34.224697846261364,22.8
34.40359080833668,22.8
34.58341884636283,22.8
34.764186847994516,22.8
34.94589972643436,22.9
35.12856242056629,22.9
35.312179895089876,23.0
35.496757140655234,23.0
35.68229917399868,23.0
35.86881103807908,23.0
36.05629780221492,23.0
36.24476456222205,23.0
36.434216440552284,23.0
36.6246585864325,23.0
36.81609617600466,23.0
37.00853441246656,23.0
37.2019785262131,23.0
37.39643377497855,23.0
37.591905443979435,23.0
37.788398846058186,23.0
37.985919321827524,23.0
38.184472239815605,23.0
38.384062996612016,23.0
38.584697017014335,23.0
38.786379754175634,23.0
38.98911668975273,23.0
39.1929133340551,23.0
39.39777522619469,23.0
39.60370793423646,23.0
39.810717055349734,23.0
40.0188082159603,23.0
40.227987071903335,23.0
40.43825930857721,23.1
40.64963064109788,23.1
40.8621068144543,23.2
41.075693603664625,23.2
41.29039681393302,23.2
41.506222280807584,23.2
41.72317587033889,23.2
41.94126347923944,23.2
42.16049103504393,23.2
42.38086449627034,23.2
42.60238985258197,23.2
42.825073124950116,23.2
43.04892036581776,23.2
43.27393765926414,23.2
43.500131121170035,23.2
43.727506899384,23.2
43.956071173889484,23.2
44.18583015697281,23.2
44.416790093392,23.2
44.648957260546474,23.2
44.88233796864779,23.2
45.116938560890986,23.2
45.35276541362708,23.2
45.58982493653644,23.2
45.82812357280281,23.2
46.067667799288614,23.2
46.308464126710895,23.2
46.55051909981832,23.2
46.793839297569036,23.2
47.03843133330949,23.2
47.28430185495417,23.3
47.531457545166376,23.3
47.77990512153967,23.3
48.02965133678067,23.3
48.28070297889241,23.3
48.53306687135893,23.3
48.78674987333074,23.3
49.041758879811184,23.3
49.298100821843896,23.3
49.55578266670119,23.3
49.81481141807335,23.3
50.07519411625915,23.3
50.336937838356974,23.3
50.60004969845742,23.3
50.86453684783644,23.3
51.13040647514984,23.3
51.39766580662862,23.3
51.66632210627541,23.3
51.93638267606184,23.3
52.20785485612707,23.3
52.48074602497726,23.3
52.75506359968615,23.3
53.030815036096584,23.3
53.308007829023246,23.3
53.58664951245627,23.3
53.866747659766084,23.4
54.148309883909214,23.5
54.431343837635225,23.5
54.7158572136947,23.5
55.00185774504835,23.5
55.28935320507712,23.5
55.57835140779364,23.5
55.86886020805435,23.5
56.160887501773274,23.5
56.45444122613637,23.5
56.74952935981742,23.5
57.04615992319485,23.5
57.34434097856969,23.5
57.64408063038476,23.5
57.94538702544487,23.5
58.24826835313831,23.5
58.552732845659456,23.5
58.85878877823242,23.5
59.166444469336014,23.5
59.475708280929936,23.5
59.786588618681876,23.5
60.0990939321961,23.5
60.41323271524305,23.6
60.72901350599024,23.7
61.046444887234294,23.7
61.365535486634215,23.7
61.686293976945976,23.7
62.008729076258064,23.7
62.332849548228545,23.7
62.658664202323344,23.7
62.98618189405547,23.7
63.315411525225876,23.7
63.64636204416533,23.7
63.979042445977655,23.7
64.31346177278421,23.7
64.64962911396958,23.7
64.98755360642885,23.7
65.32724443481563,23.7
65.66871083179183,23.7
66.01196207827876,23.7
66.35700750370908,23.7
66.7038564862806,23.7
67.05251845321108,23.7
67.40300288099445,23.7
67.75531929565844,23.7
68.1094772730234,23.7
68.46548643896274,23.7
68.82335646966433,23.7
69.18309709189363,23.7
69.54471808325809,23.7
69.90822927247277,23.7
70.27364053962762,23.7
70.6409618164559,23.7
71.01020308660422,23.7
71.38137438590384,23.7
71.75448580264342,23.7
72.12954747784322,23.7
72.50656960553087,23.7
72.88556243301818,23.7
73.26653626117992,23.7
73.64950144473359,23.7
74.03446839252094,23.7
74.42144756779092,23.7
74.810449488484,23.7
75.20148472751808,23.7
75.59456391307583,23.7
75.98969772889355,23.7
76.38689691455168,23.7
76.78617226576647,23.7
77.18753463468363,23.7
77.59099493017311,23.7
77.99656411812569,23.7
78.404253221751,23.7
78.8140733218772,23.7
79.226035557252,23.7
79.64015112484554,23.7
80.05643128015467,23.7
80.47488733750892,23.7
80.89553067037787,23.7
81.31837271168051,23.7
81.74342495409579,23.7
82.170698950375,23.7
82.60020631365589,23.7
83.03195871777821,23.7
83.46596789760103,23.7
83.90224564932171,23.7
84.34080383079642,23.7
84.78165436186265,23.7
85.22480922466286,23.7
85.67028046397054,23.7
86.11808018751721,23.7
86.56822056632171,23.8
87.020713835021,23.9
87.47557229220259,24.0
87.93280830073893,24.0
88.39243428812335,24.0
88.85446274680783,24.0
89.31890623454267,24.0
89.78577737471758,24.0
90.25508885670492,24.0
90.72685343620469,24.0
91.20108393559097,24.0
91.67779324426061,24.0
92.15699431898352,24.0
92.63870018425483,24.0
93.12292393264887,24.0
93.60967872517497,24.0
94.09897779163542,24.0
94.5908344309847,24.0
95.0852620116911,24.0
95.58227397210023,24.0
96.08188382079996,24.0
96.5841051369878,24.0
97.08895157083991,24.0
97.59643684388209,24.0
98.10657474936274,24.0
98.61937915262773,24.0
99.13486399149741,24.0
99.65304327664518,24.0
100.17393109197839,24.0
100.69754159502135,24.0
101.22388901729977,24.0
101.75298766472777,24.0
102.28485191799675,24.0
102.81949623296607,24.0
103.35693514105618,24.0
103.89718324964329,24.0
104.44025524245698,24.0
104.98616587997819,24.0
105.53492999984189,24.0
106.08656251723878,24.0
106.64107842532215,24.0
107.19849279561431,24.0
107.75882077841675,24.0
108.32207760322176,24.0
108.88827857912626,24.0
109.45743909524856,24.0
110.02957462114523,24.0
110.60470070723336,24.0
111.18283298521138,24.0
111.76398716848561,24.0
112.3481790525961,23.9
112.93542451564652,23.8
113.5257395187356,23.7
114.11914010639099,23.7
114.71564240700522,23.7
115.3152626332741,23.7
115.91801708263789,23.7
116.52392213772293,23.7
117.13299426678874,23.7
117.74525002417371,23.7
118.36070605074681,23.7
118.97937907435858,23.7
119.60128591029638,23.7
120.22644346174131,23.7
120.85486872022751,23.7
121.4865787661046,23.7
122.12159076900052,23.7
122.75992198829012,23.7
123.40158977356222,23.7
124.04661156509306,23.7
124.69500489431896,23.7
125.34678738431336,23.7
126.00197675026583,23.7
126.6605907999634,23.7
127.3226474342747,23.7
127.98816464763628,23.7
128.6571605285424,23.7
129.32965326003517,23.7
130.00566112020084,23.7
130.68520248266435,23.7
131.36829581709074,23.7
132.05495968968575,23.7
132.74521276370103,23.7
133.43907379994133,23.7
134.1365616572744,23.7
134.83769529314347,23.7
135.54249376408254,23.7
136.25097622623485,23.7
136.96316193587217,23.7
137.67907024992007,23.7
138.39872062648203,23.7
139.1221326253702,23.7
139.84932590863562,23.7
140.58032024110324,23.6
141.31513549090906,23.5
142.05379163003997,23.5
142.7963087348772,23.5
143.5427069867405,23.5
144.29300667243896,23.5
145.04722818481977,23.5
145.80539202332486,23.5
146.56751879454652,23.5
147.333629212788,23.5
148.1037441006266,23.5
148.87788438947953,23.5
149.65607112017267,23.5
150.43832544351253,23.5
151.2246686208618,23.5
152.01512202471548,23.5
152.80970713928414,23.5
153.6084455610754,23.5
154.41135899948313,23.5
155.218469277376,23.5
156.02979833169113,23.5
156.8453682140304,23.5
157.66520109125955,23.5
158.48931924611142,23.5
159.3177450777899,23.5
160.15050110258113,23.4
160.9876099544629,23.3
161.82909438572216,23.3
162.67497726757185,23.3
163.52528159077312,23.3
164.38003046626017,23.3
165.23924712576837,23.3
166.1029549224657,23.3
166.97117733158728,23.3
167.8439379510743,23.3
168.72126050221348,23.3
169.60316883028446,23.3
170.48968690520502,23.3
171.38083882218535,23.3
172.27664880238083,23.3
173.17714119355136,23.3
174.08234047072295,23.3
174.99227123685273,23.3
175.9069582234984,23.3
176.82642629148881,23.3
177.75070043160196,23.3
178.67980576524164,23.3
179.61376754512278,23.3
180.55261115595593,23.3
181.49636211513797,23.3
182.44504607344558,23.3
183.39868881573247,23.3
184.35731626163007,23.3
185.3209544662519,23.3
186.28962962090262,23.2
187.26336805378796,23.2
188.24219623073301,23.2
189.2261407558986,23.2
190.21522837250714,23.2
191.20948596356752,23.2
192.20894055260666,23.2
193.21361930440384,23.2
194.22354952572874,23.2
195.2387586660848,23.2
196.25927431845295,23.2
197.28512422004457,23.2
198.31633625305224,23.2
199.35293844541056,23.2
200.39495897155572,23.2
201.4424261531923,23.2
202.4953684600627,23.2
203.55381451072122,23.2
204.6177930733116,23.2
205.6873330663489,23.2
206.76246355950653,23.2
207.84321377440395,23.2
208.92961308540407,23.2
210.02169102040844,23.2
211.11947726166272,23.2
212.22300164656127,23.2
213.33229416845913,23.2
214.447384977487,23.2
215.5683043813707,23.2
216.69508284625502,23.1
217.8277509975314,23.0
218.9663396206716,23.0
220.1108796620618,23.0
221.26140222984722,23.0
222.41793859477394,23.0
223.5805201910423,23.0
224.74917861715863,23.0
225.9239456367954,23.0
227.10485317965416,23.0
228.29193334233327,23.0
229.48521838920135,23.0
230.68474075327168,23.0
231.89053303708724,23.0
233.102628013603,23.0
234.32105862708036,23.0
235.5458579939798,23.0
236.77705940386227,23.0
238.0146963202937,23.0
239.25880238175446,23.0
240.50941140255387,22.9
241.76655737374873,22.9
243.03027446406858,22.8
244.30059702084168,22.8
245.57755957093218,22.8
246.86119682167464,22.8
248.1515436618211,22.8
249.44863516248657,22.8
250.75250657810346,22.8
252.0631933473797,22.8
253.3807310942614,22.8
254.7051556289027,22.8
256.03650294863604,22.8
257.3748092389545,22.8
258.72011087449107,22.8
260.0724444200114,22.8
261.4318466314045,22.8
262.79835445668317,22.8
264.17200503698814,22.8
265.5528357075972,22.8
266.94088399894025,22.8
268.336187637619,22.8
269.7387845474336,22.8
271.1487128504106,22.7
272.56601086784315,22.6
273.9907171213279,22.5
275.4228703338166,22.5
276.86250943066517,22.5
278.30967354069315,22.5
279.764401997247,22.5
281.2267343392687,22.5
282.6967103123723,22.5
284.1743698699204,22.5
285.65975317411466,22.5
287.152900597083,22.5
288.6538527219809,22.5
290.16265034409145,22.5
291.67933447193553,22.5
293.203946328386,22.5
294.7365273517884,22.5
296.27711919708696,22.5
297.8257637369567,22.5
299.38250306294265,22.5
300.947379486601,22.5
302.52043554065347,22.5
304.1017139801383,22.5
305.69125778357716,22.5
307.2891101541398,22.5
308.8953145208197,22.4
310.5099145396145,22.4
312.1329540947119,22.4
313.76447729968413,22.4
315.40452849868336,22.4
317.0531522676519,22.4
318.71039341552853,22.4
320.3762969854716,22.4
322.05090825607795,22.4
323.7342727426186,22.4
325.4264361982722,22.4
327.1274446153702,22.4
328.83734422664674,22.4
330.55618150649445,22.4
332.28400317222986,22.4
334.02085618535915,22.4
335.76678775285944,22.4
337.52184532845695,22.4
339.28607661392135,22.4
341.0595295603587,22.4
342.84225236951676,22.4
344.63429349509414,22.4
346.4357016440579,22.4
348.24652577796684,22.3
350.06681511430224,22.2
351.8966191278073,22.2
353.7359875518278,22.2
355.5849703796693,22.2
357.44361786595016,22.2
359.3119805279728,22.2
361.1901091470929,22.2
363.0780547701014,22.2
364.9758687106112,22.2
366.8836025504522,22.2
368.80130814107446,22.2
370.72903760495365,22.2
372.66684333701346,22.2
374.6147780060434,22.1
376.57289455613636,22.1
378.54124620812286,22.0
380.5198864610201,22.0
382.50886909348526,22.0
384.5082481652772,22.0
386.51807801872604,22.0
388.53841328020957,22.0
390.56930886163985,22.0
392.6108199619517,22.0
394.6630020686084,22.0
396.7259109591041,22.0
398.7996027024853,22.0
400.8841336608706,22.0
402.9795604909844,22.0
405.0859401456969,22.0
407.20332987557106,22.0
409.331787230421,22.0
411.4713700608718,22.0
413.6221365199375,22.0
415.78414506459575,22.0
417.95745445738237,22.0
420.1421237679842,22.0
422.33821237484636,22.0
424.5457799667861,22.1
426.76488654461485,22.1
428.9955924227691,22.1
431.23795823094935,22.1
433.49204491576995,22.1
435.7579137424112,22.1
438.0356262962907,22.1
440.3252444847303,22.1
442.62683053864555,22.1
444.9404470142319,22.1
447.2661567946673,22.1
449.60402309182115,22.1
451.9541094479714,22.1
454.3164797375345,22.1
456.6911981687959,22.1
459.0783292856624,22.1
461.4779379694089,22.1
463.89008944044906,22.1
466.31484926010245,22.2
468.7522833323791,22.2
471.20245790577025,22.2
473.6654395750488,22.2
476.14129528307956,22.2
478.630092322638,22.2
481.1318983382419,22.2
483.6467813279844,22.2
486.1748096453894,22.2
488.7160520012619,22.2
491.27057746556244,22.2
493.8384554692794,22.2
496.4197558063182,22.2
499.01454863539806,22.2
501.6229044819588,22.1
504.24489424007766,22.1
506.88058917439554,22.1
509.53006092205686,22.1
512.1933814946506,22.1
514.8706232801756,22.1
517.5618590449992,22.1
520.2671619358439,22.1
522.9866054817683,22.1
525.7202635961694,22.1
528.4682105787901,22.1
531.230521117739,22.1
534.0072702915224,22.1
536.7985335710792,22.1
539.6043868218401,22.1
542.4249063057814,22.1
545.2601686835053,22.1
548.1102510163182,22.1
550.9752307683272,22.1
553.8551858085453,22.1
556.7501944130083,22.1
559.6603352669016,22.1
562.5856874666987,22.1
565.5263305223134,22.1
568.4823443592555,22.1
571.4538093208106,22.1
574.4408061702153,22.1
577.4434160928608,22.1
580.4617206984933,22.1
583.4958020234345,22.1
586.5457425328113,22.1
589.6116251227962,22.1
592.6935331228639,22.1
595.7915502980484,22.1
598.9057608512304,22.1
602.0362494254149,22.1
605.1831011060411,22.1
608.3464014232891,22.1
611.5262363544065,22.1
614.7226923260454,22.1
617.9358562166111,22.1
621.1658153586235,22.1
624.4126575410903,22.1
627.6764710118958,22.1
630.957344480193,22.1
634.2553671188238,22.1
637.5706285667327,22.1
640.9032189314127,22.1
644.2532287913472,22.1
647.6207491984753,22.1
651.0058716806659,22.1
654.4086882442045,22.1
657.8292913762976,22.1
661.2677740475787,22.1
664.7242297146454,22.1
668.1987523225889,22.1
671.6914363075575,22.1
675.2023765993158,22.1
678.7316686238282,22.1
682.2794083058518,22.1
685.8456920715438,22.1
689.4306168510824,22.1
693.0342800813003,22.1
696.6567797083366,22.1
700.2982141902914,22.1
703.9586824999124,22.1
707.6382841272731,22.1
711.3371190824884,22.1
715.0552878984242,22.1
718.7928916334344,22.1
722.5500318741055,22.1
726.3268107380181,22.1
730.123330876526,22.1
733.9396954775374,22.1
737.7760082683312,22.1
741.6323735183645,22.1
745.508896042117,22.1
749.4056812019327,22.1
753.3228349108862,22.1
757.2604636356614,22.1
761.2186743994453,22.2
765.1975747848361,22.2
769.1972729367671,22.2
773.2178775654501,22.2
777.2594979493206,22.2
781.3222439380205,22.2
785.406225955371,22.2
789.5115550023859,22.2
793.6383426602791,22.2
797.7867010935024,22.2
801.9567430527921,22.2
806.1485818782347,22.2
810.3623315023465,22.2
814.59810645317,22.2
818.8560218573906,22.2
823.1361934434566,22.2
827.4387375447371,22.2
831.7637711026708,22.2
836.1114116699566,22.2
840.4817774137397,22.3
844.8749871188272,22.3
849.2911601909162,22.3
853.7304166598383,22.4
858.1928771828257,22.4
862.6786630477819,22.5
867.1878961765907,22.5
871.7206991284164,22.5
876.2771951030477,22.5
880.8575079442367,22.5
885.4617621430697,22.6
890.0900828413493,22.6
894.742595834996,22.6
899.4194275774676,22.6
904.1207051831946,22.6
908.8465564310401,22.7
913.5971097677627,22.7
918.3724943115215,22.6
923.1728398553701,22.6
927.998276870799,22.6
932.8489365112713,22.6
937.7249506157918,22.6
942.6264517124897,22.6
947.5535730222193,22.7
952.5064484621864,22.7
957.4852126495767,22.8
962.4900009052299,22.8
967.5209492573013,22.9
972.5781944449744,22.9
977.6618739221665,22.9
982.772125861269,22.9
987.9090891569025,23.0
993.0729034296917,23.0
998.26370903006,23.0
1003.4816470420445,23.0
1008.7268592871307,23.1
1013.9994883281055,23.1
1019.2996774729368,23.1
1024.627570778662,23.1
1029.9833130553077,23.1
1035.3670498698243,23.1
1040.778927550043,23.1
1046.219093188652,23.1
1051.687694647196,23.1
1057.1848805600926,23.0
1062.7108003386745,23.0
1068.2656041752484,23.1
1073.849443047181,23.1
1079.4624687209969,23.1
1085.104833756507,23.1
1090.7766915109553,23.1
1096.4781961431852,23.2
1102.2095026178308,23.2
1107.9707667095288,23.3
1113.7621450071517,23.3
1119.5837949180645,23.4
1125.4358746724013,23.4
1131.3185433273702,23.5
1137.231960771571,23.5
1143.1762877293438,23.6
1149.1516857651375,23.6
1155.1583172879002,23.6
1161.1963455554942,23.6
1167.2659346791324,23.6
1173.3672496278396,23.6
1179.5004562329357,23.6
1185.6657211925422,23.6
1191.8632120761172,23.6
1198.0930973290035,23.6
1204.355546277011,23.5
1210.650729131018,23.5
1216.9788169915967,23.5
1223.3399818536654,23.4
1229.7343966111616,23.4
1236.162235061742,23.4
1242.6236719115057,23.4
1249.1188827797416,23.3
1255.6480442037073,23.3
1262.2113336434193,23.3
1268.8089294864806,23.2
1275.4410110529293,23.2
1282.1077586001115,23.2
1288.8093533275808,23.1
1295.5459773820237,23.1
1302.3178138622095,23.1
1309.1250468239675,23.1
1315.967861285188,23.0
1322.8464432308563,23.0
1329.7609796180998,23.0
1336.7116583812742,23.0
1343.6986684370715,23.0
1350.7221996896535,23.0
1357.782443035813,23.0
1364.879590370164,22.9
1372.0138345903551,22.7
1379.1853696023147,22.5
1386.3943903255179,22.4
1393.6410926982915,22.2
1400.9256736831292,22.1
1408.248331272053,22.0
1415.6092644919916,21.9
1423.0086734101894,21.7
1430.4467591396458,21.6
1437.9237238445805,21.6
1445.439770745928,21.6
1452.9951041268616,21.5
1460.589929338344,21.4
1468.224452804715,21.3
1475.898882029292,21.1
1483.6134256000173,20.9
1491.3682931951248,20.8
1499.1636955888393,20.6
1506.999844657106,20.5
1514.8769533833477,20.4
1522.7952358642551,20.4
1530.754907315605,20.3
1538.7561840781082,20.2
1546.799283623296,20.2
1554.8844245594228,20.1
1563.0118266374113,20.1
1571.181710756826,20.1
1579.3942989718767,20.1
1587.649814497453,20.0
1595.9484817151922,20.0
1604.2905261795772,20.0
1612.6761746240677,20.0
1621.1056549672617,20.1
1629.5791963190893,20.1
1638.097028987047,20.2
1646.6593844824454,20.3
1655.266495526711,20.2
1663.9185960577072,20.2
1672.6159212360947,20.1
1681.3587074517213,19.9
1690.1471923300487,19.7
1698.9816147386093,19.5
1707.8622147934998,19.5
1716.789233865905,19.5
1725.7629145886658,19.4
1734.7835008628629,19.4
1743.8512378644525,19.3
1752.9663720509295,19.3
1762.1291511680254,19.2
1771.3398242564415,19.2
1780.598641658619,19.1
1789.9058550255418,19.0
1799.2617173235774,18.8
1808.6664828413498,18.7
1818.1204071966588,18.6
1827.6237473434162,18.5
1837.1767615786375,18.5
1846.7797095494598,18.5
1856.4328522602,18.5
1866.1364520794475,18.4
1875.8907727471963,18.4
1885.6960793820124,18.4
1895.552638488241,18.3
1905.4607179632462,18.3
1915.4205871047022,18.3
1925.4325166178992,18.2
1935.4967786231095,18.2
1945.6136466629825,18.2
1955.783395709978,18.2
1966.006302173841,18.1
1976.282643909114,18.1
1986.6127002226892,18.1
1996.996751881399,18.0
2007.4350811196462,18.0
2017.927971647083,18.1
2028.4757086563097,18.0
2039.078578830634,17.9
2049.736870351861,17.7
2060.4508729081267,17.7
2071.22087770177,17.7
2082.0471774572497,17.7
2092.9300664290977,17.8
2103.8698404099196,17.8
2114.8667967384304,17.8
2125.9212343075446,17.8
2137.0334535724887,17.8
2148.2037565589744,17.8
2159.4324468714053,17.8
2170.71982970113,17.8
2182.0662118347364,17.8
2193.4719016623894,17.7
2204.937209186215,17.7
2216.4624460287228,17.7
2228.0479254412767,17.7
2239.6939623126154,17.7
2251.4008731773993,17.8
2263.168976224821,17.8
2274.9985913072546,17.7
2286.890039948944,17.8
2298.843645354747,17.8
2310.8597324189163,17.9
2322.9386277339318,17.9
2335.0806595993763,18.0
2347.2861580308577,18.1
2359.5554547689862,18.1
2371.8888832883777,18.2
2384.2867788067265,18.2
2396.7494782939148,18.3
2409.2773204811715,18.4
2421.8706458702773,18.4
2434.5297967428205,18.5
2447.2551171695004,18.5
2460.0469530194778,18.6
2472.905651969775,18.6
2485.8315635147337,18.8
2498.825038975499,19.1
2511.88643150958,19.2
2525.0160961204438,19.1
2538.2143896671673,19.0
2551.481670874133,18.9
2564.8183003407817,18.8
2578.224640551411,18.8
2591.7010558850307,18.9
2605.247912625263,18.9
2618.8655789702975,18.9
2632.5544250429093,18.9
2646.314822900502,18.9
2660.14714654523,18.9
2674.051771934164,18.9
2688.029076989506,18.8
2702.079441608862,18.8
2716.20324767557,18.8
2730.400879069075,18.9
2744.6727216753675,18.8
2759.0191633974646,18.7
2773.440594165967,18.6
2787.9374059496395,18.5
2802.509992766076,18.5
2817.1587506924047,18.4
2831.8840778760564,18.3
2846.686374545581,18.0
2861.5660430215316,17.7
2876.5234877273942,17.6
2891.5591152005823,17.6
2906.6733341034837,17.6
2921.8665552345788,17.5
2937.139191539587,17.4
2952.4916581227058,17.4
2967.9243722578863,17.4
2983.4377534001765,17.3
2999.0322231971227,17.3
3014.7082055002275,17.4
3030.466126376471,17.4
3046.306414119893,17.4
3062.229499263226,17.4
3078.2358145896155,17.4
3094.325795144359,17.4
3110.4998782467446,17.4
3126.7585035019356,17.3
3143.1021128129173,17.3
3159.5311503925072,17.3
3176.0460627754296,17.3
3192.6472988304513,17.2
3209.335309772584,17.1
3226.1105491753406,17.1
3242.973472983081,17.1
3259.924539523382,17.2
3276.9642095195077,17.2
3294.0929461029286,17.2
3311.311214825911,17.2
3328.6194836741684,17.2
3346.018223079582,17.3
3363.507905932988,17.3
3381.089007597027,17.3
3398.762005919066,17.3
3416.527381244194,17.3
3434.385616428264,17.3
3452.337196851022,17.4
3470.382610429304,17.4
3488.5223476302926,17.4
3506.7569014848486,17.4
3525.0867676009134,17.4
3543.512444176976,17.5
3562.034432015617,17.5
3580.6532345371147,17.5
3599.369357793143,17.5
3618.1833104805046,17.5
3637.095603954969,17.6
3656.1067522451726,17.6
3675.2172720665826,17.6
3694.4276828355482,17.6
3713.738506683413,17.6
3733.1502684707093,17.6
3752.6634958014215,17.7
3772.2787190373247,17.7
3791.9964713124127,17.7
3811.817288547367,17.9
3831.7417094641373,18.0
3851.7702756005806,18.0
3871.9035313251793,18.0
3892.1420238518376,18.0
3912.4863032547537,18.0
3932.936922483372,18.1
3953.4944373774106,18.3
3974.1594066819653,18.4
3994.9323920627126,18.4
4015.8139581211503,18.5
4036.8046724099613,18.5
4057.9051054484326,18.4
4079.115830737964,18.4
4100.437424777656,18.3
4121.870467079975,18.2
4143.41554018651,18.0
4165.0732296838005,17.9
4186.844124219257,17.7
4208.728815517151,17.6
4230.72789839472,17.5
4252.841970778305,17.4
4275.071633719623,17.2
4297.417491412092,17.1
4319.880151207261,17.0
4342.460223631314,16.8
4365.158322401661,16.5
4387.975064443623,16.3
4410.911069907196,16.2
4433.9669621839075,16.0
4457.1433679237725,15.9
4480.4409170523,15.8
4503.860242787635,15.7
4527.40198165776,15.4
4551.0667735177985,15.2
4574.855261567406,15.0
4598.768092368251,14.8
4622.80591586159,14.6
4646.969385385929,14.4
4671.25915769478,14.1
4695.675892974527,13.9
4720.220254862348,13.6
4744.892910464259,13.4
4769.694530373255,13.2
4794.625788687525,13.0
4819.68736302878,12.8
4844.87993456067,12.6
4870.204188007296,12.4
4895.660811671819,12.2
4921.250497455168,12.0
4946.973940874864,11.8
4972.8318410838865,11.8
4998.824900889706,11.7
5024.953826773381,11.5
5051.219328908747,11.2
5077.622121181736,10.6
5104.162921209768,10.3
5130.842450361258,10.4
5157.661433775227,10.4
5184.620600380999,10.5
5211.720682918039,10.6
5238.962417955835,10.6
5266.346545913939,10.7
5293.873811082085,10.8
5321.544961640422,10.9
5349.360749679845,10.9
5377.321931222439,11.0
5405.429266242027,11.1
5433.683518684824,11.1
5462.085456490198,11.2
5490.635851611563,11.4
5519.335480037329,11.5
5548.185121812011,11.6
5577.185561057427,11.7
5606.337585994012,12.1
5635.641988962242,12.9
5665.0995664441625,13.2
5694.7111190850455,13.5
5724.477451715144,13.8
5754.399373371566,14.1
5784.477697320285,14.7
5814.713241078208,15.5
5845.10682643542,16.0
5875.659279477514,16.3
5906.371430608045,16.5
5937.244114571097,16.8
5968.278170473975,17.1
5999.4744418100045,17.8
6030.833776481469,18.4
6062.357026822636,18.5
6094.045049622959,18.5
6125.898706150321,18.5
6157.918862174471,18.5
6190.106387990547,18.4
6222.462158442733,18.3
6254.987052948034,18.2
6287.681955520183,18.0
6320.547754793659,17.5
6353.585344047851,16.7
6386.795621231329,16.3
6420.179488986247,16.1
6453.7378546729,16.0
6487.471630394349,15.6
6521.381733021235,15.2
6555.469084216698,14.8
6589.734610461422,14.5
6624.179243078815,14.3
6658.80391826033,13.6
6693.609577090902,12.9
6728.597165574533,12.7
6763.767634659991,12.7
6799.1219402666875,12.6
6834.661043310619,12.5
6870.385909730507,12.4
6906.297510514049,12.2
6942.39682172431,12.0
6978.684824526248,11.7
7015.162505213385,11.4
7051.830855234612,11.3
7088.690871221135,11.3
7125.7435550135615,11.2
7162.989913689153,11.1
7200.430959589155,11.1
7238.067710346342,11.0
7275.901188912673,10.9
7313.932423587085,10.8
7352.162448043451,10.7
7390.59230135867,10.7
7429.22302804091,10.9
7468.055678057999,11.2
7507.091306865953,11.5
7546.330975437692,11.8
7585.775750291836,12.3
7625.426703521717,12.8
7665.284912824515,13.1
7705.351461530549,13.8
7745.627438632719,14.8
7786.113938816104,15.8
7826.81206248772,16.9
7867.722915806424,17.9
7908.847610712972,18.6
7950.187264960275,19.0
7991.743002143727,19.3
8033.515951731782,19.6
8075.507249096639,19.8
8117.718035545101,20.1
8160.149458349601,20.7
8202.80267077938,21.1
8245.67883213183,21.2
8288.77910776401,21.3
8332.104669124305,21.3
8375.656693784302,21.4
8419.436365470749,21.4
8463.444874097753,21.4
8507.683415799123,21.4
8552.153192960874,21.4
8596.855414253905,21.4
8641.791294666864,21.4
8686.962055539152,21.3
8732.36892459413,21.3
8778.01313597248,21.2
8823.895930265779,21.1
8870.018554550163,21.0
8916.382262420266,20.9
8962.988314023276,20.8
9009.83797609319,20.4
9056.932521985234,19.9
9104.273231710486,19.9
9151.861391970657,19.8
9199.698296193066,19.8
9247.785244565785,19.7
9296.12354407301,19.6
9344.714508530542,19.6
9393.559458621517,19.7
9442.659721932305,19.6
9492.016632988581,19.4
9541.631533291613,19.1
9591.505771354708,18.7
9641.64070273987,18.2
9692.037690094652,17.6
9742.698103189163,17.0
9793.623318953358,16.4
9844.814721514387,15.6
9896.27370223427,14.5
9948.001659747684,13.7
10000.0,12.1
10052.270136285486,10.5
10104.813489285681,10.1
10157.6314871081,6.9
10210.725565324987,1.0
10264.09716701231,2.5
10317.747742788988,4.8
10371.678750856474,6.4
10425.891657038128,7.3
10480.387934819217,7.6
10535.16906538697,8.0
10590.236537670813,8.3
10645.591848382772,8.5
10701.236502058211,9.1
10757.172011096769,9.7
10813.399895803414,10.1
10869.921684429703,10.2
10926.73891321545,10.2
10983.85312643042,10.3
11041.265876416248,10.3
11098.978723628681,10.3
11156.993236680037,10.3
11215.310992381786,10.2
11273.933575787378,10.0
11332.862580235347,9.8
11392.099607392682,9.7
11451.646267298307,9.6
11511.504178406769,9.6
11571.674967632372,9.7
11632.16027039332,9.9
11692.961730656129,10.0
11754.08100098034,10.1
11815.519742563505,10.1
11877.27962528627,10.2
11939.362327757724,10.3
12001.76953736107,10.7
12064.50295029953,11.1
12127.56427164241,11.3
12190.95521537136,11.4
12254.677504427105,11.3
12318.732870756214,11.2
12383.123055358106,11.1
12447.849808332432,11.0
12512.914888926687,10.8
12578.320065583976,10.4
12644.067115991029,10.1
12710.157827126544,9.1
12776.593995309939,8.2
12843.377426249857,8.1
12910.50993509343,7.9
12977.99334647565,7.8
13045.829494568892,7.7
13114.020223132724,7.2
13182.567385564074,6.7
13251.472844947652,6.6
13320.738474106534,6.5
13390.366155652993,6.2
13460.35778203982,6.0
13530.715255611682,6.5
13601.440488656775,7.2
13672.535403458849,7.5
13744.001932349513,7.6
13815.842017760702,8.0
13888.057612277411,8.3
13960.650678690825,8.5
14033.62319005172,8.6
14106.977129724035,8.6
14180.714491438697,8.5
14254.837279347976,8.5
14329.347508079869,8.4
14404.247202792812,8.4
14479.538399230763,8.3
14555.223143778607,8.2
14631.303493517702,8.0
14707.78151628175,7.8
14784.65929071304,7.0
14861.938906319014,6.3
14939.622463529,6.1
15017.712073751207,5.9
15096.209859430292,5.8
15175.117954104964,5.8
15254.438502465904,5.5
15334.173660414117,5.4
15414.325595119602,5.6
15494.896485080177,5.8
15575.88852018064,6.0
15657.303901752315,6.1
15739.1448426331,6.6
15821.413567227246,8.8
15904.112311566014,10.6
15987.243323368504,10.9
16070.808862102673,11.6
16154.811199046684,13.3
16239.252617350698,14.8
16324.135412099,15.3
16409.461890372313,15.6
16495.23437131044,15.9
16581.455186175313,16.3
16668.12667841462,16.9
16755.251203725067,17.2
