10.0,37.6
10.052270136285475,37.6
10.104813489285682,37.6
10.157631487108103,37.6
10.210725565324982,37.6
10.264097167012295,37.6
10.317747742789004,37.6
10.371678750856479,37.6
10.425891657038118,37.7
10.480387934819216,37.8
10.535169065386981,37.8
10.590236537670812,37.8
10.64559184838276,37.8
10.701236502058206,37.8
10.757172011096776,37.8
10.813399895803409,37.8
10.869921684429707,37.8
10.926738913215466,37.8
10.98385312643042,37.8
11.041265876416237,37.8
11.098978723628681,37.8
11.156993236680048,37.8
11.215310992381788,37.9
11.27393357578736,38.0
11.332862580235341,38.0
11.392099607392687,38.0
11.451646267298301,38.0
11.511504178406776,38.0
11.571674967632385,38.0
11.632160270393321,38.0
11.692961730656117,38.0
11.75408100098034,38.0
11.815519742563518,38.0
11.87727962528627,38.0
11.939362327757706,38.0
12.001769537361062,38.0
12.064502950299536,38.0
12.127564271642404,38.0
12.190955215371359,38.0
12.254677504427118,38.0
12.318732870756214,38.0
12.383123055358094,38.1
12.447849808332432,38.1
12.5129148889267,38.1
12.578320065583968,38.1
12.644067115991009,38.1
12.710157827126565,38.1
12.776593995309947,38.1
12.843377426249843,38.1
12.910509935093431,38.1
12.977993346475664,38.1
13.045829494568892,38.1
13.11402022313271,38.1
13.182567385564074,38.1
13.251472844947658,38.1
13.320738474106527,38.1
13.390366155653,38.1
13.460357782039841,38.1
13.530715255611682,38.2
13.601440488656761,38.3
13.672535403458848,38.3
13.744001932349526,38.3
13.815842017760701,38.3
13.888057612277397,38.3
13.960650678690818,38.3
14.033623190051728,38.3
14.10697712972403,38.3
14.180714491438705,38.3
14.25483727934799,38.3
14.32934750807987,38.3
14.404247202792797,38.3
14.479538399230764,38.3
14.55522314377862,38.3
14.631303493517702,38.3
14.707781516281727,38.3
14.784659290713032,38.3
14.861938906319022,38.3
14.939622463528993,38.3
15.017712073751214,38.3
15.096209859430308,38.3
15.175117954104964,38.4
15.254438502465888,38.5
15.334173660414118,38.5
15.414325595119617,38.5
15.494896485080169,38.5
15.575888520180618,38.5
15.65730390175234,38.5
15.73914484263311,38.5
15.821413567227237,38.5
15.904112311566013,38.5
15.98724332336852,38.5
16.070808862102673,38.5
16.154811199046666,38.5
16.239252617350697,38.5
16.324135412099007,38.5
16.409461890372306,38.5
16.495234371310413,38.5
16.58145518617534,38.5
16.668126678414627,38.5
16.755251203725052,38.5
16.84283113011666,38.5
16.930868837977105,38.5
17.01936672013636,38.5
17.108327181931763,38.5
17.197752641273365,38.5
17.28764552870969,38.5
17.378008287493753,38.5
17.4688433736495,38.5
17.560153256038525,38.5
17.651940416427212,38.5
17.744207349554188,38.6
17.836956563198083,38.7
17.93019057824573,38.7
18.023911928760675,38.7
18.118123162052047,38.7
18.21282683874379,38.7
18.30802553284428,38.7
18.403721831816252,38.7
18.499918336647156,38.7
18.59661766191982,38.7
18.69382243588356,38.7
18.791535300525574,38.7
18.889758911642755,38.7
18.98849593891389,38.7
19.08774906597221,38.7
19.187520990478333,38.7
19.287814424193606,38.7
19.388632093053765,38.7
19.48997673724305,38.7
19.591851111268685,38.7
19.69425798403576,38.7
19.79720013892245,38.7
19.90068037385568,38.7
20.004701501387192,38.7
20.109266348769967,38.7
20.214377758035074,38.7
20.320038586068932,38.7
20.426251704690927,38.7
20.533020000731486,38.7
20.64034637611054,38.7
20.748233747916412,38.7
20.856685048485062,38.7
20.965703225479817,38.7
21.075291241971485,38.7
21.185452076518878,38.7
21.296188723249774,38.7
21.407504191942323,38.7
21.519401508106792,38.7
21.631883713067854,38.7
21.744953864047204,38.7
21.858615034246718,38.7
21.972870312931903,38.7
22.087722805515906,38.7
22.203175633643916,38.7
22.319231935278008,38.7
22.435894864782412,38.7
22.553167593009288,38.7
22.671053307384867,38.9
22.789555211996095,39.0
22.908676527677724,39.0
23.028420492099883,39.0
23.148790359856015,39.0
23.26978940255137,39.0
23.391420908891938,39.0
23.51368818477381,39.0
23.63659455337303,39.0
23.760143355235964,39.0
23.884337948370025,39.0
24.009181708334992,39.0
24.134678028334722,39.0
24.260830319309434,39.0
24.387642010028344,39.0
24.515116547182902,39.0
24.64325739548046,39.0
24.772068037738443,39.0
24.901551974979007,39.0
25.031712726524198,39.0
25.162553830091625,39.0
25.294078841890578,39.0
25.426291336718684,39.0
25.559194908059133,39.0
25.692793168178262,39.0
25.827089748223784,39.0
25.96208829832347,39.0
26.097792487684362,39.0
26.234206004692496,39.0
26.371332557013133,39.0
26.5091758716916,39.0
26.647739695254497,39.0
26.787027793811582,39.0
26.9270439531581,39.0
27.06779197887776,39.0
27.209275696446046,39.0
27.351498951334275,39.0
27.494465609114105,39.0
27.638179555562576,39.0
27.782644696767733,39.0
27.92786495923483,39.0
28.07384428999299,39.0
28.220586656702505,39.0
28.368096047762684,39.0
28.516376472420284,39.0
28.66543196087842,39.0
28.815266564406134,39.0
28.965884355448516,39.0
29.11728942773738,39.0
29.26948589640251,39.0
29.42247789808359,39.0
29.57626959104251,39.0
29.730865155276486,39.0
29.88626879263161,39.0
30.04248472691713,39.0
30.19951720402016,39.0
30.357370492021133,39.0
30.516048881309793,39.0
30.675556684701824,39.0
30.835898237556027,39.0
30.99707789789224,39.0
31.15910004650967,39.0
31.321969087106055,39.0
31.485689446397288,39.0
31.650265574237824,39.0
31.815701943741516,39.0
31.98200305140326,39.0
32.14917341722119,39.0
32.31721758481955,39.0
32.486140121572134,39.0
32.655945618726484,39.0
32.82663869152868,39.0
32.99822397934869,39.0
33.170706145806605,39.0
33.34408987889928,39.0
33.51837989112781,39.0
33.69358091962557,39.0
33.86969772628702,39.0
34.04673509789711,39.0
34.224697846261364,39.0
34.40359080833668,39.0
34.58341884636283,39.0
34.764186847994516,39.0
34.94589972643436,39.0
35.12856242056629,39.0
35.312179895089876,39.0
35.496757140655234,39.0
35.68229917399868,39.0
35.86881103807908,39.0
36.05629780221492,39.0
36.24476456222205,39.0
36.434216440552284,39.0
36.6246585864325,39.0
36.81609617600466,39.0
37.00853441246656,39.0
37.2019785262131,39.0
37.39643377497855,39.0
37.591905443979435,39.0
37.788398846058186,39.0
37.985919321827524,39.0
38.184472239815605,39.0
38.384062996612016,39.0
38.584697017014335,39.0
38.786379754175634,39.0
38.98911668975273,39.0
39.1929133340551,39.0
39.39777522619469,39.0
39.60370793423646,39.0
39.810717055349734,39.0
40.0188082159603,39.0
40.227987071903335,39.0
40.43825930857721,39.0
40.64963064109788,39.0
40.8621068144543,39.0
41.075693603664625,39.0
41.29039681393302,39.0
41.506222280807584,38.9
41.72317587033889,38.8
41.94126347923944,38.7
42.16049103504393,38.7
42.38086449627034,38.7
42.60238985258197,38.7
42.825073124950116,38.7
43.04892036581776,38.7
43.27393765926414,38.7
43.500131121170035,38.7
43.727506899384,38.7
43.956071173889484,38.7
44.18583015697281,38.7
44.416790093392,38.7
44.648957260546474,38.7
44.88233796864779,38.7
45.116938560890986,38.7
45.35276541362708,38.7
45.58982493653644,38.7
45.82812357280281,38.7
46.067667799288614,38.7
46.308464126710895,38.7
46.55051909981832,38.7
46.793839297569036,38.7
47.03843133330949,38.7
47.28430185495417,38.7
47.531457545166376,38.7
47.77990512153967,38.7
48.02965133678067,38.7
48.28070297889241,38.7
48.53306687135893,38.7
48.78674987333074,38.7
49.041758879811184,38.7
49.298100821843896,38.7
49.55578266670119,38.7
49.81481141807335,38.7
50.07519411625915,38.7
50.336937838356974,38.7
50.60004969845742,38.7
50.86453684783644,38.7
51.13040647514984,38.7
51.39766580662862,38.7
51.66632210627541,38.7
51.93638267606184,38.7
52.20785485612707,38.7
52.48074602497726,38.6
52.75506359968615,38.5
53.030815036096584,38.5
53.308007829023246,38.5
53.58664951245627,38.5
53.866747659766084,38.5
54.148309883909214,38.5
54.431343837635225,38.5
54.7158572136947,38.5
55.00185774504835,38.5
55.28935320507712,38.5
55.57835140779364,38.5
55.86886020805435,38.5
56.160887501773274,38.5
56.45444122613637,38.5
56.74952935981742,38.5
57.04615992319485,38.5
57.34434097856969,38.5
57.64408063038476,38.5
57.94538702544487,38.5
58.24826835313831,38.5
58.552732845659456,38.5
58.85878877823242,38.5
59.166444469336014,38.5
59.475708280929936,38.5
59.786588618681876,38.4
60.0990939321961,38.3
60.41323271524305,38.3
60.72901350599024,38.3
61.046444887234294,38.3
61.365535486634215,38.3
61.686293976945976,38.3
62.008729076258064,38.3
62.332849548228545,38.3
62.658664202323344,38.3
62.98618189405547,38.3
63.315411525225876,38.3
63.64636204416533,38.3
63.979042445977655,38.3
64.31346177278421,38.3
64.64962911396958,38.3
64.98755360642885,38.3
65.32724443481563,38.3
65.66871083179183,38.3
66.01196207827876,38.2
66.35700750370908,38.2
66.7038564862806,38.1
67.05251845321108,38.1
67.40300288099445,38.1
67.75531929565844,38.1
68.1094772730234,38.1
68.46548643896274,38.1
68.82335646966433,38.1
69.18309709189363,38.1
69.54471808325809,38.1
69.90822927247277,38.1
70.27364053962762,38.1
70.6409618164559,38.1
71.01020308660422,38.1
71.38137438590384,38.1
71.75448580264342,38.1
72.12954747784322,38.0
72.50656960553087,38.0
72.88556243301818,38.0
73.26653626117992,38.0
73.64950144473359,38.0
74.03446839252094,38.0
74.42144756779092,38.0
74.810449488484,38.0
75.20148472751808,38.0
75.59456391307583,38.0
75.98969772889355,37.9
76.38689691455168,37.8
76.78617226576647,37.8
77.18753463468363,37.8
77.59099493017311,37.8
77.99656411812569,37.8
78.404253221751,37.8
78.8140733218772,37.8
79.226035557252,37.8
79.64015112484554,37.8
80.05643128015467,37.8
80.47488733750892,37.8
80.89553067037787,37.7
81.31837271168051,37.6
81.74342495409579,37.6
82.170698950375,37.6
82.60020631365589,37.6
83.03195871777821,37.6
83.46596789760103,37.6
83.90224564932171,37.6
84.34080383079642,37.6
84.78165436186265,37.6
85.22480922466286,37.6
85.67028046397054,37.6
86.11808018751721,37.5
86.56822056632171,37.4
87.020713835021,37.3
87.47557229220259,37.3
87.93280830073893,37.3
88.39243428812335,37.3
88.85446274680783,37.3
89.31890623454267,37.3
89.78577737471758,37.3
90.25508885670492,37.4
90.72685343620469,37.5
91.20108393559097,37.6
91.67779324426061,37.6
92.15699431898352,37.6
92.63870018425483,37.6
93.12292393264887,37.6
93.60967872517497,37.6
94.09897779163542,37.6
94.5908344309847,37.6
95.0852620116911,37.6
95.58227397210023,37.6
96.08188382079996,37.7
96.5841051369878,37.8
97.08895157083991,37.8
97.59643684388209,37.8
98.10657474936274,37.8
98.61937915262773,37.8
99.13486399149741,37.8
99.65304327664518,37.8
100.17393109197839,37.8
100.69754159502135,37.8
101.22388901729977,37.8
101.75298766472777,37.8
102.28485191799675,37.8
102.81949623296607,37.8
103.35693514105618,37.8
103.89718324964329,37.8
104.44025524245698,37.8
104.98616587997819,37.8
105.53492999984189,37.8
106.08656251723878,37.8
106.64107842532215,37.8
107.19849279561431,37.8
107.75882077841675,37.8
108.32207760322176,37.8
108.88827857912626,37.7
109.45743909524856,37.6
110.02957462114523,37.6
110.60470070723336,37.6
111.18283298521138,37.6
111.76398716848561,37.6
112.3481790525961,37.5
112.93542451564652,37.4
113.5257395187356,37.3
114.11914010639099,37.3
114.71564240700522,37.3
115.3152626332741,37.3
115.91801708263789,37.2
116.52392213772293,37.2
117.13299426678874,37.1
117.74525002417371,37.1
118.36070605074681,37.1
118.97937907435858,37.1
119.60128591029638,37.1
120.22644346174131,37.1
120.85486872022751,37.1
121.4865787661046,37.1
122.12159076900052,37.0
122.75992198829012,37.0
123.40158977356222,36.9
124.04661156509306,36.9
124.69500489431896,36.9
125.34678738431336,36.8
126.00197675026583,36.8
126.6605907999634,36.7
127.3226474342747,36.7
127.98816464763628,36.7
128.6571605285424,36.7
129.32965326003517,36.7
130.00566112020084,36.7
130.68520248266435,36.7
131.36829581709074,36.7
132.05495968968575,36.7
132.74521276370103,36.7
133.43907379994133,36.7
134.1365616572744,36.7
134.83769529314347,36.7
135.54249376408254,36.7
136.25097622623485,36.6
136.96316193587217,36.6
137.67907024992007,36.6
138.39872062648203,36.6
139.1221326253702,36.6
139.84932590863562,36.6
140.58032024110324,36.6
141.31513549090906,36.6
142.05379163003997,36.6
142.7963087348772,36.6
143.5427069867405,36.6
144.29300667243896,36.6
145.04722818481977,36.6
145.80539202332486,36.6
146.56751879454652,36.6
147.333629212788,36.6
148.1037441006266,36.6
148.87788438947953,36.6
149.65607112017267,36.6
150.43832544351253,36.6
151.2246686208618,36.5
152.01512202471548,36.5
152.80970713928414,36.5
153.6084455610754,36.5
154.41135899948313,36.5
155.218469277376,36.5
156.02979833169113,36.5
156.8453682140304,36.5
157.66520109125955,36.5
158.48931924611142,36.5
159.3177450777899,36.5
160.15050110258113,36.5
160.9876099544629,36.4
161.82909438572216,36.4
162.67497726757185,36.3
163.52528159077312,36.2
164.38003046626017,36.1
165.23924712576837,36.1
166.1029549224657,36.1
166.97117733158728,36.1
167.8439379510743,36.1
168.72126050221348,36.2
169.60316883028446,36.3
170.48968690520502,36.4
171.38083882218535,36.4
172.27664880238083,36.4
173.17714119355136,36.4
174.08234047072295,36.4
174.99227123685273,36.4
175.9069582234984,36.4
176.82642629148881,36.4
177.75070043160196,36.4
178.67980576524164,36.4
179.61376754512278,36.4
180.55261115595593,36.4
181.49636211513797,36.4
182.44504607344558,36.4
183.39868881573247,36.4
184.35731626163007,36.4
185.3209544662519,36.4
186.28962962090262,36.4
187.26336805378796,36.4
188.24219623073301,36.4
189.2261407558986,36.4
190.21522837250714,36.4
191.20948596356752,36.4
192.20894055260666,36.3
193.21361930440384,36.2
194.22354952572874,36.1
195.2387586660848,36.0
196.25927431845295,36.0
197.28512422004457,35.9
198.31633625305224,35.9
199.35293844541056,35.9
200.39495897155572,35.9
201.4424261531923,35.9
202.4953684600627,35.9
203.55381451072122,35.9
204.6177930733116,35.9
205.6873330663489,35.9
206.76246355950653,35.9
207.84321377440395,35.8
208.92961308540407,35.8
210.02169102040844,35.7
211.11947726166272,35.7
212.22300164656127,35.7
213.33229416845913,35.7
214.447384977487,35.7
215.5683043813707,35.7
216.69508284625502,35.7
217.8277509975314,35.6
218.9663396206716,35.6
220.1108796620618,35.6
221.26140222984722,35.6
222.41793859477394,35.6
223.5805201910423,35.6
224.74917861715863,35.6
225.9239456367954,35.5
227.10485317965416,35.5
228.29193334233327,35.4
229.48521838920135,35.4
230.68474075327168,35.4
231.89053303708724,35.4
233.102628013603,35.4
234.32105862708036,35.4
235.5458579939798,35.4
236.77705940386227,35.4
238.0146963202937,35.3
239.25880238175446,35.3
240.50941140255387,35.2
241.76655737374873,35.2
243.03027446406858,35.2
244.30059702084168,35.2
245.57755957093218,35.2
246.86119682167464,35.2
248.1515436618211,35.2
249.44863516248657,35.1
250.75250657810346,35.0
252.0631933473797,34.9
253.3807310942614,34.9
254.7051556289027,34.9
256.03650294863604,34.9
257.3748092389545,34.9
258.72011087449107,34.9
260.0724444200114,34.9
261.4318466314045,34.8
262.79835445668317,34.8
264.17200503698814,34.7
265.5528357075972,34.7
266.94088399894025,34.7
268.336187637619,34.7
269.7387845474336,34.7
271.1487128504106,34.7
272.56601086784315,34.7
273.9907171213279,34.6
275.4228703338166,34.5
276.86250943066517,34.5
278.30967354069315,34.5
279.764401997247,34.5
281.2267343392687,34.5
282.6967103123723,34.5
284.1743698699204,34.5
285.65975317411466,34.4
287.152900597083,34.4
288.6538527219809,34.4
290.16265034409145,34.4
291.67933447193553,34.4
293.203946328386,34.4
294.7365273517884,34.4
296.27711919708696,34.4
297.8257637369567,34.4
299.38250306294265,34.4
300.947379486601,34.3
302.52043554065347,34.2
304.1017139801383,34.2
305.69125778357716,34.2
307.2891101541398,34.2
308.8953145208197,34.2
310.5099145396145,34.2
312.1329540947119,34.1
313.76447729968413,34.0
315.40452849868336,34.0
317.0531522676519,34.0
318.71039341552853,34.1
320.3762969854716,34.1
322.05090825607795,34.2
323.7342727426186,34.2
325.4264361982722,34.2
327.1274446153702,34.2
328.83734422664674,34.2
330.55618150649445,34.2
332.28400317222986,34.2
334.02085618535915,34.2
335.76678775285944,34.2
337.52184532845695,34.2
339.28607661392135,34.2
341.0595295603587,34.2
342.84225236951676,34.2
344.63429349509414,34.2
346.4357016440579,34.2
348.24652577796684,34.2
350.06681511430224,34.2
351.8966191278073,34.2
353.7359875518278,34.2
355.5849703796693,34.2
357.44361786595016,34.2
359.3119805279728,34.2
361.1901091470929,34.2
363.0780547701014,34.2
364.9758687106112,34.2
366.8836025504522,34.1
368.80130814107446,34.0
370.72903760495365,34.0
372.66684333701346,34.0
374.6147780060434,34.0
376.57289455613636,34.0
378.54124620812286,34.0
380.5198864610201,34.0
382.50886909348526,34.0
384.5082481652772,34.0
386.51807801872604,34.0
388.53841328020957,34.0
390.56930886163985,34.0
392.6108199619517,34.0
394.6630020686084,34.0
396.7259109591041,34.0
398.7996027024853,34.0
400.8841336608706,34.0
402.9795604909844,34.0
405.0859401456969,34.0
407.20332987557106,34.0
409.331787230421,34.0
411.4713700608718,34.0
413.6221365199375,34.1
415.78414506459575,34.1
417.95745445738237,34.2
420.1421237679842,34.2
422.33821237484636,34.2
424.5457799667861,34.2
426.76488654461485,34.2
428.9955924227691,34.2
431.23795823094935,34.2
433.49204491576995,34.3
435.7579137424112,34.4
438.0356262962907,34.4
440.3252444847303,34.4
442.62683053864555,34.4
444.9404470142319,34.4
447.2661567946673,34.5
449.60402309182115,34.5
451.9541094479714,34.5
454.3164797375345,34.5
456.6911981687959,34.5
459.0783292856624,34.5
461.4779379694089,34.5
463.89008944044906,34.5
466.31484926010245,34.5
468.7522833323791,34.5
471.20245790577025,34.5
473.6654395750488,34.6
476.14129528307956,34.7
478.630092322638,34.7
481.1318983382419,34.7
483.6467813279844,34.7
486.1748096453894,34.7
488.7160520012619,34.7
491.27057746556244,34.7
493.8384554692794,34.7
496.4197558063182,34.7
499.01454863539806,34.7
501.6229044819588,34.7
504.24489424007766,34.7
506.88058917439554,34.7
509.53006092205686,34.7
512.1933814946506,34.7
514.8706232801756,34.7
517.5618590449992,34.7
520.2671619358439,34.7
522.9866054817683,34.7
525.7202635961694,34.7
528.4682105787901,34.7
531.230521117739,34.7
534.0072702915224,34.6
536.7985335710792,34.5
539.6043868218401,34.5
542.4249063057814,34.5
545.2601686835053,34.5
548.1102510163182,34.5
550.9752307683272,34.5
553.8551858085453,34.5
556.7501944130083,34.5
559.6603352669016,34.5
562.5856874666987,34.5
565.5263305223134,34.5
568.4823443592555,34.5
571.4538093208106,34.5
574.4408061702153,34.5
577.4434160928608,34.5
580.4617206984933,34.5
583.4958020234345,34.4
586.5457425328113,34.4
589.6116251227962,34.4
592.6935331228639,34.4
595.7915502980484,34.4
598.9057608512304,34.4
602.0362494254149,34.4
605.1831011060411,34.4
608.3464014232891,34.4
611.5262363544065,34.4
614.7226923260454,34.4
617.9358562166111,34.4
621.1658153586235,34.4
624.4126575410903,34.4
627.6764710118958,34.4
630.957344480193,34.4
634.2553671188238,34.4
637.5706285667327,34.4
640.9032189314127,34.4
644.2532287913472,34.4
647.6207491984753,34.4
651.0058716806659,34.4
654.4086882442045,34.4
657.8292913762976,34.4
661.2677740475787,34.4
664.7242297146454,34.4
668.1987523225889,34.4
671.6914363075575,34.4
675.2023765993158,34.4
678.7316686238282,34.4
682.2794083058518,34.4
685.8456920715438,34.4
689.4306168510824,34.4
693.0342800813003,34.4
696.6567797083366,34.3
700.2982141902914,34.3
703.9586824999124,34.2
707.6382841272731,34.2
711.3371190824884,34.2
715.0552878984242,34.2
718.7928916334344,34.2
722.5500318741055,34.2
726.3268107380181,34.2
730.123330876526,34.2
733.9396954775374,34.2
737.7760082683312,34.2
741.6323735183645,34.2
745.508896042117,34.2
749.4056812019327,34.2
753.3228349108862,34.2
757.2604636356614,34.1
761.2186743994453,34.0
765.1975747848361,34.0
769.1972729367671,34.0
773.2178775654501,34.0
777.2594979493206,34.0
781.3222439380205,34.0
785.406225955371,34.0
789.5115550023859,34.0
793.6383426602791,34.0
797.7867010935024,34.0
801.9567430527921,34.0
806.1485818782347,33.9
810.3623315023465,33.8
814.59810645317,33.7
818.8560218573906,33.7
823.1361934434566,33.7
827.4387375447371,33.7
831.7637711026708,33.8
836.1114116699566,33.9
840.4817774137397,34.0
844.8749871188272,34.0
849.2911601909162,34.0
853.7304166598383,34.0
858.1928771828257,34.0
862.6786630477819,34.0
867.1878961765907,34.0
871.7206991284164,34.0
876.2771951030477,34.0
880.8575079442367,34.0
885.4617621430697,34.0
890.0900828413493,34.0
894.742595834996,34.0
899.4194275774676,34.0
904.1207051831946,34.0
908.8465564310401,34.0
913.5971097677627,34.0
918.3724943115215,34.0
923.1728398553701,34.0
927.998276870799,33.9
932.8489365112713,33.8
937.7249506157918,33.7
942.6264517124897,33.7
947.5535730222193,33.7
952.5064484621864,33.7
957.4852126495767,33.7
962.4900009052299,33.7
967.5209492573013,33.7
972.5781944449744,33.7
977.6618739221665,33.6
982.772125861269,33.6
987.9090891569025,33.6
993.0729034296917,33.6
998.26370903006,33.6
1003.4816470420445,33.6
1008.7268592871307,33.5
1013.9994883281055,33.5
1019.2996774729368,33.5
1024.627570778662,33.5
1029.9833130553077,33.6
1035.3670498698243,33.5
1040.778927550043,33.5
1046.219093188652,33.5
1051.687694647196,33.5
1057.1848805600926,33.5
1062.7108003386745,33.4
1068.2656041752484,33.3
1073.849443047181,33.3
1079.4624687209969,33.3
1085.104833756507,33.3
1090.7766915109553,33.3
1096.4781961431852,33.3
1102.2095026178308,33.3
1107.9707667095288,33.3
1113.7621450071517,33.3
1119.5837949180645,33.2
1125.4358746724013,33.1
1131.3185433273702,33.1
1137.231960771571,33.1
1143.1762877293438,33.1
1149.1516857651375,33.0
1155.1583172879002,33.0
1161.1963455554942,32.9
1167.2659346791324,32.9
1173.3672496278396,32.9
1179.5004562329357,32.9
1185.6657211925422,32.9
1191.8632120761172,33.0
1198.0930973290035,33.0
1204.355546277011,33.0
1210.650729131018,33.0
1216.9788169915967,33.0
1223.3399818536654,33.0
1229.7343966111616,32.9
1236.162235061742,32.8
1242.6236719115057,32.8
1249.1188827797416,32.7
1255.6480442037073,32.6
1262.2113336434193,32.6
1268.8089294864806,32.6
1275.4410110529293,32.5
1282.1077586001115,32.5
1288.8093533275808,32.4
1295.5459773820237,32.4
1302.3178138622095,32.3
1309.1250468239675,32.2
1315.967861285188,32.1
1322.8464432308563,32.0
1329.7609796180998,32.0
1336.7116583812742,31.9
1343.6986684370715,31.9
1350.7221996896535,31.8
1357.782443035813,31.8
1364.879590370164,31.7
1372.0138345903551,31.7
1379.1853696023147,31.6
1386.3943903255179,31.6
1393.6410926982915,31.6
1400.9256736831292,31.6
1408.248331272053,31.5
1415.6092644919916,31.5
1423.0086734101894,31.4
1430.4467591396458,31.4
1437.9237238445805,31.3
1445.439770745928,31.2
1452.9951041268616,31.0
1460.589929338344,30.9
1468.224452804715,30.9
1475.898882029292,30.9
1483.6134256000173,30.9
1491.3682931951248,30.8
1499.1636955888393,30.8
1506.999844657106,30.7
1514.8769533833477,30.7
1522.7952358642551,30.7
1530.754907315605,30.7
1538.7561840781082,30.7
1546.799283623296,30.6
1554.8844245594228,30.6
1563.0118266374113,30.6
1571.181710756826,30.6
1579.3942989718767,30.6
1587.649814497453,30.6
1595.9484817151922,30.6
1604.2905261795772,30.6
1612.6761746240677,30.6
1621.1056549672617,30.6
1629.5791963190893,30.6
1638.097028987047,30.6
1646.6593844824454,30.5
1655.266495526711,30.4
1663.9185960577072,30.4
1672.6159212360947,30.4
1681.3587074517213,30.4
1690.1471923300487,30.4
1698.9816147386093,30.4
1707.8622147934998,30.3
1716.789233865905,30.2
1725.7629145886658,30.2
1734.7835008628629,30.1
1743.8512378644525,30.0
1752.9663720509295,29.9
1762.1291511680254,29.9
1771.3398242564415,29.9
1780.598641658619,29.9
1789.9058550255418,29.8
1799.2617173235774,29.8
1808.6664828413498,29.7
1818.1204071966588,29.6
1827.6237473434162,29.6
1837.1767615786375,29.5
1846.7797095494598,29.4
1856.4328522602,29.4
1866.1364520794475,29.3
1875.8907727471963,29.3
1885.6960793820124,29.2
1895.552638488241,29.1
1905.4607179632462,29.1
1915.4205871047022,29.0
1925.4325166178992,29.0
1935.4967786231095,29.0
1945.6136466629825,29.0
1955.783395709978,29.0
1966.006302173841,29.0
1976.282643909114,29.0
1986.6127002226892,28.9
1996.996751881399,28.9
2007.4350811196462,28.8
2017.927971647083,28.8
2028.4757086563097,28.8
2039.078578830634,28.8
2049.736870351861,28.8
2060.4508729081267,28.7
2071.22087770177,28.7
2082.0471774572497,28.7
2092.9300664290977,28.6
2103.8698404099196,28.5
2114.8667967384304,28.4
2125.9212343075446,28.3
2137.0334535724887,28.3
2148.2037565589744,28.3
2159.4324468714053,28.3
2170.71982970113,28.2
2182.0662118347364,28.2
2193.4719016623894,28.1
2204.937209186215,28.1
2216.4624460287228,28.0
2228.0479254412767,28.0
2239.6939623126154,27.9
2251.4008731773993,27.9
2263.168976224821,27.8
2274.9985913072546,27.8
2286.890039948944,27.7
2298.843645354747,27.6
2310.8597324189163,27.5
2322.9386277339318,27.3
2335.0806595993763,27.2
2347.2861580308577,27.1
2359.5554547689862,27.0
2371.8888832883777,27.0
2384.2867788067265,26.9
2396.7494782939148,26.9
2409.2773204811715,26.8
2421.8706458702773,26.8
2434.5297967428205,26.8
2447.2551171695004,26.8
2460.0469530194778,26.8
2472.905651969775,26.8
2485.8315635147337,26.7
2498.825038975499,26.6
2511.88643150958,26.6
2525.0160961204438,26.5
2538.2143896671673,26.5
2551.481670874133,26.5
2564.8183003407817,26.5
2578.224640551411,26.5
2591.7010558850307,26.5
2605.247912625263,26.5
2618.8655789702975,26.5
2632.5544250429093,26.5
2646.314822900502,26.6
2660.14714654523,26.6
2674.051771934164,26.6
2688.029076989506,26.6
2702.079441608862,26.6
2716.20324767557,26.6
2730.400879069075,26.6
2744.6727216753675,26.6
2759.0191633974646,26.6
2773.440594165967,26.6
2787.9374059496395,26.6
2802.509992766076,26.6
2817.1587506924047,26.6
2831.8840778760564,26.6
2846.686374545581,26.6
2861.5660430215316,26.5
2876.5234877273942,26.4
2891.5591152005823,26.4
2906.6733341034837,26.4
2921.8665552345788,26.4
2937.139191539587,26.4
2952.4916581227058,26.5
2967.9243722578863,26.5
2983.4377534001765,26.6
2999.0322231971227,26.7
3014.7082055002275,26.7
3030.466126376471,26.8
3046.306414119893,26.8
3062.229499263226,26.8
3078.2358145896155,27.0
3094.325795144359,27.1
3110.4998782467446,27.2
3126.7585035019356,27.3
3143.1021128129173,27.5
3159.5311503925072,27.7
3176.0460627754296,27.8
3192.6472988304513,27.9
3209.335309772584,28.0
3226.1105491753406,28.1
3242.973472983081,28.1
3259.924539523382,28.2
3276.9642095195077,28.3
3294.0929461029286,28.4
3311.311214825911,28.5
3328.6194836741684,28.5
3346.018223079582,28.6
3363.507905932988,28.6
3381.089007597027,28.7
3398.762005919066,28.9
3416.527381244194,29.0
3434.385616428264,29.1
3452.337196851022,29.2
3470.382610429304,29.3
3488.5223476302926,29.3
3506.7569014848486,29.3
3525.0867676009134,29.3
3543.512444176976,29.4
3562.034432015617,29.4
3580.6532345371147,29.4
3599.369357793143,29.4
3618.1833104805046,29.5
3637.095603954969,29.5
3656.1067522451726,29.4
3675.2172720665826,29.3
3694.4276828355482,29.2
3713.738506683413,29.1
3733.1502684707093,29.0
3752.6634958014215,28.9
3772.2787190373247,28.7
3791.9964713124127,28.5
3811.817288547367,28.4
3831.7417094641373,28.3
3851.7702756005806,28.2
3871.9035313251793,28.1
3892.1420238518376,28.1
3912.4863032547537,28.0
3932.936922483372,28.0
3953.4944373774106,27.8
3974.1594066819653,27.6
3994.9323920627126,27.3
4015.8139581211503,27.3
4036.8046724099613,27.2
4057.9051054484326,26.8
4079.115830737964,26.5
4100.437424777656,26.4
4121.870467079975,26.3
4143.41554018651,26.2
4165.0732296838005,26.1
4186.844124219257,26.0
4208.728815517151,26.0
4230.72789839472,25.9
4252.841970778305,25.8
4275.071633719623,25.7
4297.417491412092,25.6
4319.880151207261,25.4
4342.460223631314,25.2
4365.158322401661,25.0
4387.975064443623,24.8
4410.911069907196,24.6
4433.9669621839075,24.5
4457.1433679237725,24.4
4480.4409170523,24.3
4503.860242787635,24.2
4527.40198165776,24.1
4551.0667735177985,24.0
4574.855261567406,23.9
4598.768092368251,23.7
4622.80591586159,23.5
4646.969385385929,23.3
4671.25915769478,23.2
4695.675892974527,23.0
4720.220254862348,22.9
4744.892910464259,22.7
4769.694530373255,22.6
4794.625788687525,22.4
4819.68736302878,22.3
4844.87993456067,22.2
4870.204188007296,22.1
4895.660811671819,22.0
4921.250497455168,22.0
4946.973940874864,21.9
4972.8318410838865,21.9
4998.824900889706,21.8
5024.953826773381,21.8
5051.219328908747,21.7
5077.622121181736,21.7
5104.162921209768,21.6
5130.842450361258,21.5
5157.661433775227,20.9
5184.620600380999,20.3
5211.720682918039,20.1
5238.962417955835,19.8
5266.346545913939,19.5
5293.873811082085,19.3
5321.544961640422,19.2
5349.360749679845,18.9
5377.321931222439,18.5
5405.429266242027,18.3
5433.683518684824,18.1
5462.085456490198,17.7
5490.635851611563,17.3
5519.335480037329,16.9
5548.185121812011,16.7
5577.185561057427,16.4
5606.337585994012,16.2
5635.641988962242,15.9
5665.0995664441625,15.6
5694.7111190850455,15.3
5724.477451715144,15.1
5754.399373371566,15.0
5784.477697320285,14.9
5814.713241078208,14.9
5845.10682643542,15.0
5875.659279477514,15.1
5906.371430608045,15.1
5937.244114571097,15.2
5968.278170473975,15.3
5999.4744418100045,15.3
6030.833776481469,15.4
6062.357026822636,15.5
6094.045049622959,15.5
6125.898706150321,15.6
6157.918862174471,15.8
6190.106387990547,16.1
6222.462158442733,16.3
6254.987052948034,16.4
6287.681955520183,16.5
6320.547754793659,16.6
6353.585344047851,16.7
6386.795621231329,17.0
6420.179488986247,17.3
6453.7378546729,17.4
6487.471630394349,17.5
6521.381733021235,17.7
6555.469084216698,17.8
6589.734610461422,18.0
6624.179243078815,18.2
6658.80391826033,18.3
6693.609577090902,18.3
6728.597165574533,18.4
6763.767634659991,18.4
6799.1219402666875,18.5
6834.661043310619,18.6
6870.385909730507,18.7
6906.297510514049,18.8
6942.39682172431,18.9
6978.684824526248,18.9
7015.162505213385,19.0
7051.830855234612,19.1
7088.690871221135,19.2
7125.7435550135615,19.3
7162.989913689153,19.3
7200.430959589155,19.4
7238.067710346342,19.4
7275.901188912673,19.3
7313.932423587085,19.4
7352.162448043451,19.4
7390.59230135867,19.5
7429.22302804091,19.5
7468.055678057999,19.6
7507.091306865953,19.6
7546.330975437692,19.7
7585.775750291836,19.8
7625.426703521717,19.9
7665.284912824515,20.1
7705.351461530549,20.3
7745.627438632719,20.5
7786.113938816104,20.8
7826.81206248772,21.1
7867.722915806424,21.2
7908.847610712972,21.3
7950.187264960275,21.5
7991.743002143727,21.8
8033.515951731782,22.3
8075.507249096639,22.6
8117.718035545101,22.7
8160.149458349601,22.8
8202.80267077938,23.0
8245.67883213183,23.3
8288.77910776401,23.9
8332.104669124305,24.2
8375.656693784302,24.5
8419.436365470749,24.7
8463.444874097753,24.8
8507.683415799123,25.1
8552.153192960874,25.4
8596.855414253905,25.5
8641.791294666864,25.6
8686.962055539152,25.7
8732.36892459413,25.7
8778.01313597248,25.8
8823.895930265779,25.9
8870.018554550163,26.1
8916.382262420266,26.2
8962.988314023276,26.4
9009.83797609319,26.7
9056.932521985234,27.0
9104.273231710486,27.4
9151.861391970657,27.6
9199.698296193066,27.9
9247.785244565785,28.1
9296.12354407301,28.3
9344.714508530542,28.4
9393.559458621517,28.5
9442.659721932305,28.6
9492.016632988581,28.7
9541.631533291613,28.6
9591.505771354708,28.5
9641.64070273987,28.3
9692.037690094652,28.2
9742.698103189163,28.0
9793.623318953358,27.7
9844.814721514387,27.3
9896.27370223427,26.7
9948.001659747684,26.3
10000.0,26.1
10052.270136285486,26.2
10104.813489285681,26.4
10157.6314871081,26.5
10210.725565324987,26.7
10264.09716701231,26.9
10317.747742788988,27.1
10371.678750856474,27.3
10425.891657038128,28.6
10480.387934819217,30.0
10535.16906538697,30.4
10590.236537670813,30.6
10645.591848382772,30.7
10701.236502058211,30.9
10757.172011096769,31.1
10813.399895803414,31.3
10869.921684429703,31.4
10926.73891321545,31.3
10983.85312643042,31.0
11041.265876416248,30.7
11098.978723628681,30.5
11156.993236680037,30.2
11215.310992381786,30.0
11273.933575787378,29.6
11332.862580235347,28.3
11392.099607392682,26.9
11451.646267298307,26.2
11511.504178406769,25.6
11571.674967632372,25.1
11632.16027039332,24.3
11692.961730656129,22.7
11754.08100098034,21.5
11815.519742563505,21.1
11877.27962528627,20.5
11939.362327757724,19.8
12001.76953736107,19.2
12064.50295029953,18.6
12127.56427164241,18.2
12190.95521537136,18.1
12254.677504427105,17.9
12318.732870756214,17.7
12383.123055358106,17.6
12447.849808332432,17.6
12512.914888926687,17.6
12578.320065583976,17.6
12644.067115991029,17.6
12710.157827126544,17.6
12776.593995309939,17.7
12843.377426249857,18.0
12910.50993509343,18.1
12977.99334647565,18.2
13045.829494568892,18.3
13114.020223132724,18.2
13182.567385564074,18.0
13251.472844947652,17.8
13320.738474106534,17.4
13390.366155652993,16.5
13460.35778203982,15.7
13530.715255611682,15.5
13601.440488656775,15.1
13672.535403458849,14.6
13744.001932349513,14.0
13815.842017760702,13.0
13888.057612277411,12.2
13960.650678690825,12.0
14033.62319005172,11.8
14106.977129724035,11.6
14180.714491438697,11.4
14254.837279347976,11.2
14329.347508079869,10.4
14404.247202792812,9.6
14479.538399230763,7.7
14555.223143778607,5.4
14631.303493517702,5.5
14707.78151628175,7.0
14784.65929071304,7.6
14861.938906319014,8.3
14939.622463529,9.8
15017.712073751207,11.0
15096.209859430292,11.8
15175.117954104964,14.8
15254.438502465904,15.5
15334.173660414117,15.9
15414.325595119602,16.2
15494.896485080177,16.7
15575.88852018064,17.5
15657.303901752315,18.2
15739.1448426331,18.4
15821.413567227246,18.5
15904.112311566014,18.6
15987.243323368504,18.6
16070.808862102673,18.6
16154.811199046684,18.5
16239.252617350698,18.5
16324.135412099,18.5
16409.461890372313,18.4
16495.23437131044,18.4
16581.455186175313,18.3
16668.12667841462,18.2
16755.251203725067,18.1
