10.0,28.0
10.052270136285475,28.1
10.104813489285682,28.1
10.157631487108103,28.1
10.210725565324982,28.1
10.264097167012295,28.1
10.317747742789004,28.2
10.371678750856479,28.3
10.425891657038118,28.4
10.480387934819216,28.4
10.535169065386981,28.5
10.590236537670812,28.6
10.64559184838276,28.6
10.701236502058206,28.6
10.757172011096776,28.7
10.813399895803409,28.8
10.869921684429707,28.8
10.926738913215466,28.8
10.98385312643042,28.8
11.041265876416237,28.8
11.098978723628681,28.9
11.156993236680048,29.0
11.215310992381788,29.0
11.27393357578736,29.0
11.332862580235341,29.0
11.392099607392687,29.0
11.451646267298301,29.0
11.511504178406776,29.1
11.571674967632385,29.1
11.632160270393321,29.1
11.692961730656117,29.1
11.75408100098034,29.2
11.815519742563518,29.3
11.87727962528627,29.3
11.939362327757706,29.3
12.001769537361062,29.3
12.064502950299536,29.4
12.127564271642404,29.5
12.190955215371359,29.5
12.254677504427118,29.5
12.318732870756214,29.5
12.383123055358094,29.5
12.447849808332432,29.7
12.5129148889267,29.8
12.578320065583968,29.8
12.644067115991009,29.8
12.710157827126565,29.8
12.776593995309947,29.8
12.843377426249843,29.9
12.910509935093431,30.0
12.977993346475664,30.0
13.045829494568892,30.0
13.11402022313271,30.0
13.182567385564074,30.0
13.251472844947658,30.0
13.320738474106527,30.1
13.390366155653,30.2
13.460357782039841,30.2
13.530715255611682,30.2
13.601440488656761,30.2
13.672535403458848,30.2
13.744001932349526,30.2
13.815842017760701,30.3
13.888057612277397,30.3
13.960650678690818,30.3
14.033623190051728,30.3
14.10697712972403,30.3
14.180714491438705,30.3
14.25483727934799,30.3
14.32934750807987,30.4
14.404247202792797,30.5
14.479538399230764,30.5
14.55522314377862,30.6
14.631303493517702,30.7
14.707781516281727,30.7
14.784659290713032,30.7
14.861938906319022,30.7
14.939622463528993,30.7
15.017712073751214,30.7
15.096209859430308,30.7
15.175117954104964,30.7
15.254438502465888,30.8
15.334173660414118,30.9
15.414325595119617,30.9
15.494896485080169,30.9
15.575888520180618,30.9
15.65730390175234,31.1
15.73914484263311,31.2
15.821413567227237,31.2
15.904112311566013,31.2
15.98724332336852,31.2
16.070808862102673,31.2
16.154811199046666,31.2
16.239252617350697,31.2
16.324135412099007,31.3
16.409461890372306,31.4
16.495234371310413,31.4
16.58145518617534,31.4
16.668126678414627,31.4
16.755251203725052,31.4
16.84283113011666,31.5
16.930868837977105,31.6
17.01936672013636,31.6
17.108327181931763,31.6
17.197752641273365,31.6
17.28764552870969,31.6
17.378008287493753,31.6
17.4688433736495,31.6
17.560153256038525,31.6
17.651940416427212,31.6
17.744207349554188,31.6
17.836956563198083,31.7
17.93019057824573,31.7
18.023911928760675,31.7
18.118123162052047,31.7
18.21282683874379,31.7
18.30802553284428,31.7
18.403721831816252,31.7
18.499918336647156,31.7
18.59661766191982,31.8
18.69382243588356,31.9
18.791535300525574,31.9
18.889758911642755,31.9
18.98849593891389,31.9
19.08774906597221,31.9
19.187520990478333,31.9
19.287814424193606,31.9
19.388632093053765,31.9
19.48997673724305,32.0
19.591851111268685,32.1
19.69425798403576,32.1
19.79720013892245,32.1
19.90068037385568,32.1
20.004701501387192,32.1
20.109266348769967,32.1
20.214377758035074,32.1
20.320038586068932,32.1
20.426251704690927,32.1
20.533020000731486,32.1
20.64034637611054,32.3
20.748233747916412,32.4
20.856685048485062,32.4
20.965703225479817,32.4
21.075291241971485,32.4
21.185452076518878,32.4
21.296188723249774,32.4
21.407504191942323,32.4
21.519401508106792,32.4
21.631883713067854,32.5
21.744953864047204,32.6
21.858615034246718,32.6
21.972870312931903,32.6
22.087722805515906,32.6
22.203175633643916,32.6
22.319231935278008,32.6
22.435894864782412,32.6
22.553167593009288,32.6
22.671053307384867,32.6
22.789555211996095,32.6
22.908676527677724,32.6
23.028420492099883,32.7
23.148790359856015,32.7
23.26978940255137,32.8
23.391420908891938,32.8
23.51368818477381,32.8
23.63659455337303,32.8
23.760143355235964,32.8
23.884337948370025,32.8
24.009181708334992,32.8
24.134678028334722,32.8
24.260830319309434,32.8
24.387642010028344,32.8
24.515116547182902,32.8
24.64325739548046,32.8
24.772068037738443,32.8
24.901551974979007,32.9
25.031712726524198,32.9
25.162553830091625,32.9
25.294078841890578,32.9
25.426291336718684,32.9
25.559194908059133,32.9
25.692793168178262,32.9
25.827089748223784,32.9
25.96208829832347,32.9
26.097792487684362,32.9
26.234206004692496,32.9
26.371332557013133,32.9
26.5091758716916,32.9
26.647739695254497,32.9
26.787027793811582,33.0
26.9270439531581,33.1
27.06779197887776,33.1
27.209275696446046,33.1
27.351498951334275,33.1
27.494465609114105,33.1
27.638179555562576,33.1
27.782644696767733,33.1
27.92786495923483,33.1
28.07384428999299,33.1
28.220586656702505,33.1
28.368096047762684,33.1
28.516376472420284,33.1
28.66543196087842,33.1
28.815266564406134,33.1
28.965884355448516,33.1
29.11728942773738,33.1
29.26948589640251,33.1
29.42247789808359,33.1
29.57626959104251,33.1
29.730865155276486,33.1
29.88626879263161,33.1
30.04248472691713,33.1
30.19951720402016,33.2
30.357370492021133,33.3
30.516048881309793,33.3
30.675556684701824,33.3
30.835898237556027,33.3
30.99707789789224,33.3
31.15910004650967,33.3
31.321969087106055,33.3
31.485689446397288,33.3
31.650265574237824,33.3
31.815701943741516,33.3
31.98200305140326,33.3
32.14917341722119,33.3
32.31721758481955,33.3
32.486140121572134,33.3
32.655945618726484,33.3
32.82663869152868,33.3
32.99822397934869,33.3
33.170706145806605,33.3
33.34408987889928,33.3
33.51837989112781,33.3
33.69358091962557,33.3
33.86969772628702,33.3
34.04673509789711,33.3
34.224697846261364,33.3
34.40359080833668,33.3
34.58341884636283,33.3
34.764186847994516,33.3
34.94589972643436,33.3
35.12856242056629,33.3
35.312179895089876,33.3
35.496757140655234,33.3
35.68229917399868,33.3
35.86881103807908,33.3
36.05629780221492,33.3
36.24476456222205,33.3
36.434216440552284,33.3
36.6246585864325,33.3
36.81609617600466,33.3
37.00853441246656,33.3
37.2019785262131,33.3
37.39643377497855,33.3
37.591905443979435,33.3
37.788398846058186,33.3
37.985919321827524,33.3
38.184472239815605,33.3
38.384062996612016,33.3
38.584697017014335,33.3
38.786379754175634,33.3
38.98911668975273,33.3
39.1929133340551,33.3
39.39777522619469,33.3
39.60370793423646,33.3
39.810717055349734,33.3
40.0188082159603,33.3
40.227987071903335,33.3
40.43825930857721,33.3
40.64963064109788,33.3
40.8621068144543,33.3
41.075693603664625,33.3
41.29039681393302,33.3
41.506222280807584,33.3
41.72317587033889,33.3
41.94126347923944,33.3
42.16049103504393,33.3
42.38086449627034,33.3
42.60238985258197,33.3
42.825073124950116,33.3
43.04892036581776,33.3
43.27393765926414,33.3
43.500131121170035,33.3
43.727506899384,33.3
43.956071173889484,33.3
44.18583015697281,33.2
44.416790093392,33.1
44.648957260546474,33.1
44.88233796864779,33.1
45.116938560890986,33.1
45.35276541362708,33.1
45.58982493653644,33.1
45.82812357280281,33.0
46.067667799288614,32.9
46.308464126710895,32.9
46.55051909981832,32.9
46.793839297569036,32.9
47.03843133330949,32.9
47.28430185495417,32.9
47.531457545166376,32.8
47.77990512153967,32.8
48.02965133678067,32.8
48.28070297889241,32.8
48.53306687135893,32.8
48.78674987333074,32.8
49.041758879811184,32.8
49.298100821843896,32.8
49.55578266670119,32.8
49.81481141807335,32.8
50.07519411625915,32.8
50.336937838356974,32.8
50.60004969845742,32.8
50.86453684783644,32.8
51.13040647514984,32.8
51.39766580662862,32.8
51.66632210627541,32.8
51.93638267606184,32.8
52.20785485612707,32.8
52.48074602497726,32.8
52.75506359968615,32.8
53.030815036096584,32.8
53.308007829023246,32.8
53.58664951245627,32.8
53.866747659766084,32.8
54.148309883909214,32.8
54.431343837635225,32.8
54.7158572136947,32.8
55.00185774504835,32.8
55.28935320507712,32.8
55.57835140779364,32.9
55.86886020805435,32.9
56.160887501773274,32.9
56.45444122613637,32.9
56.74952935981742,32.9
57.04615992319485,32.9
57.34434097856969,32.9
57.64408063038476,32.9
57.94538702544487,32.9
58.24826835313831,32.9
58.552732845659456,32.9
58.85878877823242,32.9
59.166444469336014,32.8
59.475708280929936,32.8
59.786588618681876,32.8
60.0990939321961,32.8
60.41323271524305,32.9
60.72901350599024,32.9
61.046444887234294,32.9
61.365535486634215,32.9
61.686293976945976,32.9
62.008729076258064,32.9
62.332849548228545,32.9
62.658664202323344,32.9
62.98618189405547,32.9
63.315411525225876,32.9
63.64636204416533,32.9
63.979042445977655,32.9
64.31346177278421,32.9
64.64962911396958,32.9
64.98755360642885,32.9
65.32724443481563,32.9
65.66871083179183,32.9
66.01196207827876,32.9
66.35700750370908,32.9
66.7038564862806,32.9
67.05251845321108,32.9
67.40300288099445,32.9
67.75531929565844,32.9
68.1094772730234,32.9
68.46548643896274,32.9
68.82335646966433,32.9
69.18309709189363,32.8
69.54471808325809,32.8
69.90822927247277,32.8
70.27364053962762,32.8
70.6409618164559,32.8
71.01020308660422,32.8
71.38137438590384,32.8
71.75448580264342,32.8
72.12954747784322,32.8
72.50656960553087,32.8
72.88556243301818,32.8
73.26653626117992,32.8
73.64950144473359,32.8
74.03446839252094,32.8
74.42144756779092,32.8
74.810449488484,32.8
75.20148472751808,32.8
75.59456391307583,32.8
75.98969772889355,32.8
76.38689691455168,32.8
76.78617226576647,32.8
77.18753463468363,32.8
77.59099493017311,32.8
77.99656411812569,32.8
78.404253221751,32.8
78.8140733218772,32.8
79.226035557252,32.8
79.64015112484554,32.8
80.05643128015467,32.8
80.47488733750892,32.8
80.89553067037787,32.8
81.31837271168051,32.8
81.74342495409579,32.8
82.170698950375,32.8
82.60020631365589,32.8
83.03195871777821,32.8
83.46596789760103,32.8
83.90224564932171,32.8
84.34080383079642,32.8
84.78165436186265,32.8
85.22480922466286,32.8
85.67028046397054,32.8
86.11808018751721,32.8
86.56822056632171,32.8
87.020713835021,32.8
87.47557229220259,32.8
87.93280830073893,32.8
88.39243428812335,32.8
88.85446274680783,32.8
89.31890623454267,32.8
89.78577737471758,32.8
90.25508885670492,32.8
90.72685343620469,32.8
91.20108393559097,32.8
91.67779324426061,32.8
92.15699431898352,32.8
92.63870018425483,32.8
93.12292393264887,32.8
93.60967872517497,32.8
94.09897779163542,32.8
94.5908344309847,32.8
95.0852620116911,32.8
95.58227397210023,32.8
96.08188382079996,32.8
96.5841051369878,32.8
97.08895157083991,32.8
97.59643684388209,32.8
98.10657474936274,32.8
98.61937915262773,32.8
99.13486399149741,32.8
99.65304327664518,32.8
100.17393109197839,32.8
100.69754159502135,32.8
101.22388901729977,32.8
101.75298766472777,32.7
102.28485191799675,32.6
102.81949623296607,32.6
103.35693514105618,32.6
103.89718324964329,32.6
104.44025524245698,32.6
104.98616587997819,32.6
105.53492999984189,32.6
106.08656251723878,32.6
106.64107842532215,32.6
107.19849279561431,32.6
107.75882077841675,32.6
108.32207760322176,32.6
108.88827857912626,32.6
109.45743909524856,32.6
110.02957462114523,32.6
110.60470070723336,32.6
111.18283298521138,32.5
111.76398716848561,32.5
112.3481790525961,32.4
112.93542451564652,32.4
113.5257395187356,32.4
114.11914010639099,32.4
114.71564240700522,32.4
115.3152626332741,32.4
115.91801708263789,32.4
116.52392213772293,32.4
117.13299426678874,32.4
117.74525002417371,32.3
118.36070605074681,32.2
118.97937907435858,32.1
119.60128591029638,32.1
120.22644346174131,32.1
120.85486872022751,32.1
121.4865787661046,32.1
122.12159076900052,32.1
122.75992198829012,32.1
123.40158977356222,32.1
124.04661156509306,32.1
124.69500489431896,32.1
125.34678738431336,32.1
126.00197675026583,32.1
126.6605907999634,32.1
127.3226474342747,32.1
127.98816464763628,32.0
128.6571605285424,31.9
129.32965326003517,31.9
130.00566112020084,31.9
130.68520248266435,31.9
131.36829581709074,31.9
132.05495968968575,31.9
132.74521276370103,31.8
133.43907379994133,31.8
134.1365616572744,31.7
134.83769529314347,31.7
135.54249376408254,31.7
136.25097622623485,31.7
136.96316193587217,31.7
137.67907024992007,31.7
138.39872062648203,31.7
139.1221326253702,31.7
139.84932590863562,31.7
140.58032024110324,31.6
141.31513549090906,31.6
142.05379163003997,31.6
142.7963087348772,31.6
143.5427069867405,31.6
144.29300667243896,31.6
145.04722818481977,31.6
145.80539202332486,31.6
146.56751879454652,31.6
147.333629212788,31.6
148.1037441006266,31.5
148.87788438947953,31.4
149.65607112017267,31.4
150.43832544351253,31.4
151.2246686208618,31.4
152.01512202471548,31.4
152.80970713928414,31.4
153.6084455610754,31.4
154.41135899948313,31.4
155.218469277376,31.4
156.02979833169113,31.4
156.8453682140304,31.3
157.66520109125955,31.2
158.48931924611142,31.1
159.3177450777899,31.1
160.15050110258113,31.0
160.9876099544629,30.9
161.82909438572216,30.8
162.67497726757185,30.8
163.52528159077312,30.7
164.38003046626017,30.7
165.23924712576837,30.7
166.1029549224657,30.7
166.97117733158728,30.7
167.8439379510743,30.7
168.72126050221348,30.7
169.60316883028446,30.7
170.48968690520502,30.7
171.38083882218535,30.7
172.27664880238083,30.7
173.17714119355136,30.7
174.08234047072295,30.7
174.99227123685273,30.7
175.9069582234984,30.7
176.82642629148881,30.7
177.75070043160196,30.7
178.67980576524164,30.7
179.61376754512278,30.7
180.55261115595593,30.7
181.49636211513797,30.7
182.44504607344558,30.7
183.39868881573247,30.7
184.35731626163007,30.6
185.3209544662519,30.5
186.28962962090262,30.5
187.26336805378796,30.5
188.24219623073301,30.5
189.2261407558986,30.5
190.21522837250714,30.5
191.20948596356752,30.5
192.20894055260666,30.4
193.21361930440384,30.3
194.22354952572874,30.3
195.2387586660848,30.3
196.25927431845295,30.3
197.28512422004457,30.3
198.31633625305224,30.3
199.35293844541056,30.3
200.39495897155572,30.2
201.4424261531923,30.2
202.4953684600627,30.2
203.55381451072122,30.2
204.6177930733116,30.2
205.6873330663489,30.2
206.76246355950653,30.2
207.84321377440395,30.2
208.92961308540407,30.2
210.02169102040844,30.1
211.11947726166272,30.1
212.22300164656127,30.0
213.33229416845913,30.0
214.447384977487,30.0
215.5683043813707,30.0
216.69508284625502,30.0
217.8277509975314,30.0
218.9663396206716,30.0
220.1108796620618,29.9
221.26140222984722,29.8
222.41793859477394,29.8
223.5805201910423,29.8
224.74917861715863,29.8
225.9239456367954,29.8
227.10485317965416,29.7
228.29193334233327,29.6
229.48521838920135,29.5
230.68474075327168,29.5
231.89053303708724,29.5
233.102628013603,29.5
234.32105862708036,29.5
235.5458579939798,29.4
236.77705940386227,29.3
238.0146963202937,29.3
239.25880238175446,29.3
240.50941140255387,29.3
241.76655737374873,29.2
243.03027446406858,29.1
244.30059702084168,29.1
245.57755957093218,29.1
246.86119682167464,29.1
248.1515436618211,29.1
249.44863516248657,29.1
250.75250657810346,29.1
252.0631933473797,29.0
253.3807310942614,29.0
254.7051556289027,29.0
256.03650294863604,29.0
257.3748092389545,29.0
258.72011087449107,28.9
260.0724444200114,28.9
261.4318466314045,28.8
262.79835445668317,28.8
264.17200503698814,28.8
265.5528357075972,28.8
266.94088399894025,28.7
268.336187637619,28.7
269.7387845474336,28.6
271.1487128504106,28.6
272.56601086784315,28.6
273.9907171213279,28.6
275.4228703338166,28.6
276.86250943066517,28.5
278.30967354069315,28.4
279.764401997247,28.3
281.2267343392687,28.3
282.6967103123723,28.3
284.1743698699204,28.3
285.65975317411466,28.3
287.152900597083,28.3
288.6538527219809,28.2
290.16265034409145,28.1
291.67933447193553,28.1
293.203946328386,28.1
294.7365273517884,28.0
296.27711919708696,27.9
297.8257637369567,27.9
299.38250306294265,27.9
300.947379486601,27.9
302.52043554065347,27.9
304.1017139801383,27.8
305.69125778357716,27.8
307.2891101541398,27.8
308.8953145208197,27.7
310.5099145396145,27.7
312.1329540947119,27.6
313.76447729968413,27.6
315.40452849868336,27.5
317.0531522676519,27.5
318.71039341552853,27.4
320.3762969854716,27.4
322.05090825607795,27.4
323.7342727426186,27.4
325.4264361982722,27.3
327.1274446153702,27.2
328.83734422664674,27.1
330.55618150649445,27.0
332.28400317222986,27.0
334.02085618535915,26.9
335.76678775285944,26.9
337.52184532845695,26.9
339.28607661392135,26.9
341.0595295603587,26.8
342.84225236951676,26.7
344.63429349509414,26.7
346.4357016440579,26.6
348.24652577796684,26.6
350.06681511430224,26.6
351.8966191278073,26.5
353.7359875518278,26.4
355.5849703796693,26.3
357.44361786595016,26.3
359.3119805279728,26.2
361.1901091470929,26.2
363.0780547701014,26.2
364.9758687106112,26.1
366.8836025504522,26.1
368.80130814107446,26.0
370.72903760495365,26.0
372.66684333701346,25.9
374.6147780060434,25.8
376.57289455613636,25.7
378.54124620812286,25.6
380.5198864610201,25.6
382.50886909348526,25.5
384.5082481652772,25.5
386.51807801872604,25.4
388.53841328020957,25.3
390.56930886163985,25.2
392.6108199619517,25.2
394.6630020686084,25.2
396.7259109591041,25.1
398.7996027024853,25.0
400.8841336608706,24.9
402.9795604909844,24.9
405.0859401456969,24.8
407.20332987557106,24.8
409.331787230421,24.7
411.4713700608718,24.6
413.6221365199375,24.5
415.78414506459575,24.4
417.95745445738237,24.3
420.1421237679842,24.2
422.33821237484636,24.2
424.5457799667861,24.1
426.76488654461485,24.1
428.9955924227691,24.0
431.23795823094935,24.0
433.49204491576995,24.0
435.7579137424112,24.0
438.0356262962907,24.0
440.3252444847303,24.0
442.62683053864555,23.9
444.9404470142319,23.8
447.2661567946673,23.7
449.60402309182115,23.7
451.9541094479714,23.6
454.3164797375345,23.6
456.6911981687959,23.5
459.0783292856624,23.4
461.4779379694089,23.2
463.89008944044906,23.2
466.31484926010245,23.1
468.7522833323791,23.1
471.20245790577025,23.1
473.6654395750488,23.1
476.14129528307956,23.0
478.630092322638,23.0
481.1318983382419,22.9
483.6467813279844,22.9
486.1748096453894,22.8
488.7160520012619,22.8
491.27057746556244,22.7
493.8384554692794,22.6
496.4197558063182,22.6
499.01454863539806,22.6
501.6229044819588,22.6
504.24489424007766,22.5
506.88058917439554,22.5
509.53006092205686,22.4
512.1933814946506,22.3
514.8706232801756,22.2
517.5618590449992,22.1
520.2671619358439,22.1
522.9866054817683,22.1
525.7202635961694,22.1
528.4682105787901,22.1
531.230521117739,22.1
534.0072702915224,22.1
536.7985335710792,22.1
539.6043868218401,22.1
542.4249063057814,22.1
545.2601686835053,22.0
548.1102510163182,21.9
550.9752307683272,21.9
553.8551858085453,21.9
556.7501944130083,22.0
559.6603352669016,22.1
562.5856874666987,22.1
565.5263305223134,22.1
568.4823443592555,22.1
571.4538093208106,22.1
574.4408061702153,22.2
577.4434160928608,22.3
580.4617206984933,22.4
583.4958020234345,22.5
586.5457425328113,22.5
589.6116251227962,22.6
592.6935331228639,22.6
595.7915502980484,22.6
598.9057608512304,22.6
602.0362494254149,22.7
605.1831011060411,22.7
608.3464014232891,22.8
611.5262363544065,22.8
614.7226923260454,22.8
617.9358562166111,22.9
621.1658153586235,22.9
624.4126575410903,23.0
627.6764710118958,23.0
630.957344480193,23.1
634.2553671188238,23.2
637.5706285667327,23.2
640.9032189314127,23.3
644.2532287913472,23.4
647.6207491984753,23.5
651.0058716806659,23.6
654.4086882442045,23.7
657.8292913762976,23.7
661.2677740475787,23.8
664.7242297146454,23.9
668.1987523225889,23.9
671.6914363075575,24.0
675.2023765993158,24.0
678.7316686238282,24.1
682.2794083058518,24.2
685.8456920715438,24.3
689.4306168510824,24.3
693.0342800813003,24.3
696.6567797083366,24.3
700.2982141902914,24.3
703.9586824999124,24.3
707.6382841272731,24.3
711.3371190824884,24.4
715.0552878984242,24.4
718.7928916334344,24.5
722.5500318741055,24.5
726.3268107380181,24.5
730.123330876526,24.5
733.9396954775374,24.5
737.7760082683312,24.5
741.6323735183645,24.5
745.508896042117,24.5
749.4056812019327,24.5
753.3228349108862,24.5
757.2604636356614,24.5
761.2186743994453,24.5
765.1975747848361,24.5
769.1972729367671,24.6
773.2178775654501,24.7
777.2594979493206,24.8
781.3222439380205,24.9
785.406225955371,24.9
789.5115550023859,25.0
793.6383426602791,25.0
797.7867010935024,25.1
801.9567430527921,25.1
806.1485818782347,25.2
810.3623315023465,25.2
814.59810645317,25.3
818.8560218573906,25.3
823.1361934434566,25.4
827.4387375447371,25.4
831.7637711026708,25.5
836.1114116699566,25.6
840.4817774137397,25.7
844.8749871188272,25.8
849.2911601909162,25.8
853.7304166598383,25.9
858.1928771828257,26.1
862.6786630477819,26.2
867.1878961765907,26.2
871.7206991284164,26.2
876.2771951030477,26.2
880.8575079442367,26.3
885.4617621430697,26.4
890.0900828413493,26.4
894.742595834996,26.4
899.4194275774676,26.4
904.1207051831946,26.4
908.8465564310401,26.5
913.5971097677627,26.6
918.3724943115215,26.6
923.1728398553701,26.6
927.998276870799,26.6
932.8489365112713,26.6
937.7249506157918,26.6
942.6264517124897,26.6
947.5535730222193,26.6
952.5064484621864,26.6
957.4852126495767,26.6
962.4900009052299,26.6
967.5209492573013,26.6
972.5781944449744,26.6
977.6618739221665,26.6
982.772125861269,26.6
987.9090891569025,26.6
993.0729034296917,26.6
998.26370903006,26.6
1003.4816470420445,26.6
1008.7268592871307,26.6
1013.9994883281055,26.6
1019.2996774729368,26.6
1024.627570778662,26.6
1029.9833130553077,26.6
1035.3670498698243,26.5
1040.778927550043,26.5
1046.219093188652,26.4
1051.687694647196,26.4
1057.1848805600926,26.4
1062.7108003386745,26.4
1068.2656041752484,26.4
1073.849443047181,26.4
1079.4624687209969,26.4
1085.104833756507,26.3
1090.7766915109553,26.2
1096.4781961431852,26.2
1102.2095026178308,26.2
1107.9707667095288,26.2
1113.7621450071517,26.2
1119.5837949180645,26.1
1125.4358746724013,26.0
1131.3185433273702,25.8
1137.231960771571,25.8
1143.1762877293438,25.7
1149.1516857651375,25.7
1155.1583172879002,25.6
1161.1963455554942,25.5
1167.2659346791324,25.5
1173.3672496278396,25.5
1179.5004562329357,25.4
1185.6657211925422,25.4
1191.8632120761172,25.3
1198.0930973290035,25.3
1204.355546277011,25.2
1210.650729131018,25.2
1216.9788169915967,25.1
1223.3399818536654,25.1
1229.7343966111616,25.0
1236.162235061742,24.9
1242.6236719115057,24.8
1249.1188827797416,24.7
1255.6480442037073,24.5
1262.2113336434193,24.4
1268.8089294864806,24.3
1275.4410110529293,24.2
1282.1077586001115,24.2
1288.8093533275808,24.1
1295.5459773820237,24.1
1302.3178138622095,24.0
1309.1250468239675,24.0
1315.967861285188,23.9
1322.8464432308563,23.8
1329.7609796180998,23.7
1336.7116583812742,23.6
1343.6986684370715,23.5
1350.7221996896535,23.4
1357.782443035813,23.3
1364.879590370164,23.2
1372.0138345903551,23.1
1379.1853696023147,23.0
1386.3943903255179,23.0
1393.6410926982915,22.9
1400.9256736831292,22.9
1408.248331272053,22.8
1415.6092644919916,22.8
1423.0086734101894,22.7
1430.4467591396458,22.6
1437.9237238445805,22.5
1445.439770745928,22.4
1452.9951041268616,22.4
1460.589929338344,22.3
1468.224452804715,22.2
1475.898882029292,22.1
1483.6134256000173,22.1
1491.3682931951248,22.1
1499.1636955888393,22.1
1506.999844657106,22.0
1514.8769533833477,21.9
1522.7952358642551,21.9
1530.754907315605,21.9
1538.7561840781082,21.9
1546.799283623296,21.9
1554.8844245594228,21.9
1563.0118266374113,21.9
1571.181710756826,21.9
1579.3942989718767,21.9
1587.649814497453,21.9
1595.9484817151922,21.9
1604.2905261795772,21.8
1612.6761746240677,21.8
1621.1056549672617,21.7
1629.5791963190893,21.7
1638.097028987047,21.7
1646.6593844824454,21.7
1655.266495526711,21.7
1663.9185960577072,21.7
1672.6159212360947,21.7
1681.3587074517213,21.7
1690.1471923300487,21.7
1698.9816147386093,21.7
1707.8622147934998,21.7
1716.789233865905,21.7
1725.7629145886658,21.7
1734.7835008628629,21.6
1743.8512378644525,21.6
1752.9663720509295,21.6
1762.1291511680254,21.6
1771.3398242564415,21.6
1780.598641658619,21.6
1789.9058550255418,21.5
1799.2617173235774,21.4
1808.6664828413498,21.4
1818.1204071966588,21.4
1827.6237473434162,21.4
1837.1767615786375,21.4
1846.7797095494598,21.3
1856.4328522602,21.2
1866.1364520794475,21.2
1875.8907727471963,21.2
1885.6960793820124,21.2
1895.552638488241,21.1
1905.4607179632462,21.0
1915.4205871047022,20.9
1925.4325166178992,20.9
1935.4967786231095,20.9
1945.6136466629825,20.9
1955.783395709978,20.9
1966.006302173841,20.9
1976.282643909114,20.8
1986.6127002226892,20.7
1996.996751881399,20.7
2007.4350811196462,20.7
2017.927971647083,20.7
2028.4757086563097,20.7
2039.078578830634,20.7
2049.736870351861,20.6
2060.4508729081267,20.5
2071.22087770177,20.5
2082.0471774572497,20.5
2092.9300664290977,20.5
2103.8698404099196,20.5
2114.8667967384304,20.5
2125.9212343075446,20.5
2137.0334535724887,20.5
2148.2037565589744,20.4
2159.4324468714053,20.4
2170.71982970113,20.3
2182.0662118347364,20.3
2193.4719016623894,20.3
2204.937209186215,20.3
2216.4624460287228,20.2
2228.0479254412767,20.2
2239.6939623126154,20.2
2251.4008731773993,20.1
2263.168976224821,20.0
2274.9985913072546,19.9
2286.890039948944,19.9
2298.843645354747,19.8
2310.8597324189163,19.8
2322.9386277339318,19.7
2335.0806595993763,19.5
2347.2861580308577,19.3
2359.5554547689862,19.2
2371.8888832883777,19.1
2384.2867788067265,19.1
2396.7494782939148,19.0
2409.2773204811715,18.9
2421.8706458702773,18.7
2434.5297967428205,18.6
2447.2551171695004,18.5
2460.0469530194778,18.4
2472.905651969775,18.3
2485.8315635147337,18.1
2498.825038975499,18.0
2511.88643150958,17.9
2525.0160961204438,17.9
2538.2143896671673,17.8
2551.481670874133,17.8
2564.8183003407817,17.8
2578.224640551411,17.8
2591.7010558850307,17.8
2605.247912625263,17.9
2618.8655789702975,17.9
2632.5544250429093,17.9
2646.314822900502,17.9
2660.14714654523,17.9
2674.051771934164,17.9
2688.029076989506,18.0
2702.079441608862,18.0
2716.20324767557,18.3
2730.400879069075,18.5
2744.6727216753675,18.6
2759.0191633974646,18.6
2773.440594165967,18.7
2787.9374059496395,18.7
2802.509992766076,18.8
2817.1587506924047,18.8
2831.8840778760564,18.9
2846.686374545581,19.0
2861.5660430215316,19.1
2876.5234877273942,19.2
2891.5591152005823,19.2
2906.6733341034837,19.3
2921.8665552345788,19.3
2937.139191539587,19.4
2952.4916581227058,19.5
2967.9243722578863,19.6
2983.4377534001765,19.7
2999.0322231971227,19.7
3014.7082055002275,19.9
3030.466126376471,20.0
3046.306414119893,20.1
3062.229499263226,20.2
3078.2358145896155,20.2
3094.325795144359,20.3
3110.4998782467446,20.4
3126.7585035019356,20.5
3143.1021128129173,20.6
3159.5311503925072,20.7
3176.0460627754296,20.8
3192.6472988304513,20.8
3209.335309772584,20.9
3226.1105491753406,20.9
3242.973472983081,20.9
3259.924539523382,21.1
3276.9642095195077,21.2
3294.0929461029286,21.2
3311.311214825911,21.2
3328.6194836741684,21.2
3346.018223079582,21.2
3363.507905932988,21.2
3381.089007597027,21.2
3398.762005919066,21.1
3416.527381244194,21.1
3434.385616428264,21.0
3452.337196851022,21.0
3470.382610429304,20.9
3488.5223476302926,20.8
3506.7569014848486,20.7
3525.0867676009134,20.6
3543.512444176976,20.5
3562.034432015617,20.4
3580.6532345371147,20.3
3599.369357793143,20.0
3618.1833104805046,19.7
3637.095603954969,19.4
3656.1067522451726,19.2
3675.2172720665826,19.0
3694.4276828355482,18.8
3713.738506683413,18.5
3733.1502684707093,18.1
3752.6634958014215,17.8
3772.2787190373247,17.6
3791.9964713124127,17.5
3811.817288547367,17.4
3831.7417094641373,17.1
3851.7702756005806,16.9
3871.9035313251793,16.9
3892.1420238518376,16.9
3912.4863032547537,16.9
3932.936922483372,17.1
3953.4944373774106,17.3
3974.1594066819653,17.4
3994.9323920627126,17.5
4015.8139581211503,17.6
4036.8046724099613,17.6
4057.9051054484326,17.6
4079.115830737964,17.6
4100.437424777656,17.6
4121.870467079975,17.6
4143.41554018651,17.6
4165.0732296838005,17.6
4186.844124219257,17.6
4208.728815517151,17.7
4230.72789839472,17.8
4252.841970778305,17.8
4275.071633719623,17.8
4297.417491412092,17.8
4319.880151207261,17.8
4342.460223631314,17.8
4365.158322401661,17.8
4387.975064443623,17.8
4410.911069907196,17.8
4433.9669621839075,17.8
4457.1433679237725,17.8
4480.4409170523,17.8
4503.860242787635,17.8
4527.40198165776,17.8
4551.0667735177985,17.8
4574.855261567406,17.8
4598.768092368251,17.8
4622.80591586159,17.8
4646.969385385929,17.7
4671.25915769478,17.6
4695.675892974527,17.6
4720.220254862348,17.6
4744.892910464259,17.6
4769.694530373255,17.6
4794.625788687525,17.6
4819.68736302878,17.6
4844.87993456067,17.6
4870.204188007296,17.6
4895.660811671819,17.6
4921.250497455168,17.6
4946.973940874864,17.5
4972.8318410838865,17.4
4998.824900889706,17.4
5024.953826773381,17.4
5051.219328908747,17.4
5077.622121181736,17.3
5104.162921209768,17.2
5130.842450361258,17.1
5157.661433775227,17.2
5184.620600380999,17.3
5211.720682918039,17.4
5238.962417955835,17.5
5266.346545913939,17.5
5293.873811082085,17.6
5321.544961640422,17.7
5349.360749679845,17.8
5377.321931222439,17.9
5405.429266242027,17.9
5433.683518684824,18.0
5462.085456490198,18.1
5490.635851611563,18.2
5519.335480037329,18.3
5548.185121812011,18.4
5577.185561057427,18.5
5606.337585994012,18.6
5635.641988962242,18.8
5665.0995664441625,19.1
5694.7111190850455,19.3
5724.477451715144,19.4
5754.399373371566,19.6
5784.477697320285,19.7
5814.713241078208,19.8
5845.10682643542,19.9
5875.659279477514,20.0
5906.371430608045,20.1
5937.244114571097,20.2
5968.278170473975,20.3
5999.4744418100045,20.4
6030.833776481469,20.4
6062.357026822636,20.5
6094.045049622959,20.6
6125.898706150321,20.7
6157.918862174471,20.8
6190.106387990547,21.2
6222.462158442733,21.5
6254.987052948034,21.6
6287.681955520183,21.6
6320.547754793659,21.7
6353.585344047851,21.8
6386.795621231329,21.9
6420.179488986247,21.9
6453.7378546729,22.0
6487.471630394349,22.2
6521.381733021235,22.3
6555.469084216698,22.4
6589.734610461422,22.5
6624.179243078815,22.5
6658.80391826033,22.6
6693.609577090902,22.6
6728.597165574533,22.7
6763.767634659991,22.8
6799.1219402666875,22.8
6834.661043310619,22.7
6870.385909730507,22.7
6906.297510514049,22.6
6942.39682172431,22.5
6978.684824526248,22.4
7015.162505213385,22.2
7051.830855234612,22.1
7088.690871221135,21.9
7125.7435550135615,21.8
7162.989913689153,21.7
7200.430959589155,21.6
7238.067710346342,21.5
7275.901188912673,21.4
7313.932423587085,21.2
7352.162448043451,21.1
7390.59230135867,21.0
7429.22302804091,20.9
7468.055678057999,20.6
7507.091306865953,20.5
7546.330975437692,20.5
7585.775750291836,20.6
7625.426703521717,20.7
7665.284912824515,20.8
7705.351461530549,20.8
7745.627438632719,20.9
7786.113938816104,21.0
7826.81206248772,21.1
7867.722915806424,21.2
7908.847610712972,21.3
7950.187264960275,21.4
7991.743002143727,21.6
8033.515951731782,21.7
8075.507249096639,21.8
8117.718035545101,21.9
8160.149458349601,22.0
8202.80267077938,22.0
8245.67883213183,22.1
8288.77910776401,22.0
8332.104669124305,21.8
8375.656693784302,21.5
8419.436365470749,21.3
8463.444874097753,21.0
8507.683415799123,20.7
8552.153192960874,20.4
8596.855414253905,19.3
8641.791294666864,17.7
8686.962055539152,16.9
8732.36892459413,16.7
8778.01313597248,16.7
8823.895930265779,17.0
8870.018554550163,17.3
8916.382262420266,18.2
8962.988314023276,19.1
9009.83797609319,19.3
9056.932521985234,19.4
9104.273231710486,19.5
9151.861391970657,19.6
9199.698296193066,19.7
9247.785244565785,19.8
9296.12354407301,19.8
9344.714508530542,19.7
9393.559458621517,19.4
9442.659721932305,19.1
9492.016632988581,18.9
9541.631533291613,18.8
9591.505771354708,18.7
9641.64070273987,18.5
9692.037690094652,18.0
9742.698103189163,17.6
9793.623318953358,16.5
9844.814721514387,15.8
9896.27370223427,16.1
9948.001659747684,16.8
10000.0,17.6
10052.270136285486,17.9
10104.813489285681,18.1
10157.6314871081,18.3
10210.725565324987,18.6
10264.09716701231,19.0
10317.747742788988,19.3
10371.678750856474,19.5
10425.891657038128,19.7
10480.387934819217,19.9
10535.16906538697,20.0
10590.236537670813,20.1
10645.591848382772,20.1
10701.236502058211,20.2
10757.172011096769,20.1
10813.399895803414,20.0
10869.921684429703,19.8
10926.73891321545,19.7
10983.85312643042,19.6
11041.265876416248,19.5
11098.978723628681,19.4
11156.993236680037,19.2
11215.310992381786,18.9
11273.933575787378,18.8
11332.862580235347,18.6
11392.099607392682,18.4
11451.646267298307,18.2
11511.504178406769,17.9
11571.674967632372,17.5
11632.16027039332,17.1
11692.961730656129,16.9
11754.08100098034,16.6
11815.519742563505,16.1
11877.27962528627,15.5
11939.362327757724,14.3
12001.76953736107,13.2
12064.50295029953,13.5
12127.56427164241,14.2
12190.95521537136,14.9
12254.677504427105,15.0
12318.732870756214,15.1
12383.123055358106,15.2
12447.849808332432,15.2
12512.914888926687,15.2
12578.320065583976,15.2
12644.067115991029,15.2
12710.157827126544,15.1
12776.593995309939,15.1
12843.377426249857,15.1
12910.50993509343,15.2
12977.99334647565,15.2
13045.829494568892,15.2
13114.020223132724,15.1
13182.567385564074,15.1
13251.472844947652,15.1
13320.738474106534,15.2
13390.366155652993,15.2
13460.35778203982,15.2
13530.715255611682,15.2
13601.440488656775,15.1
13672.535403458849,15.1
13744.001932349513,15.2
13815.842017760702,15.2
13888.057612277411,15.2
13960.650678690825,15.2
14033.62319005172,15.2
14106.977129724035,15.1
14180.714491438697,14.6
14254.837279347976,14.1
14329.347508079869,13.8
14404.247202792812,13.6
14479.538399230763,13.4
14555.223143778607,13.2
14631.303493517702,12.9
14707.78151628175,12.6
14784.65929071304,12.1
14861.938906319014,11.7
14939.622463529,11.3
15017.712073751207,10.6
15096.209859430292,8.7
15175.117954104964,7.0
15254.438502465904,6.7
15334.173660414117,7.2
15414.325595119602,7.9
15494.896485080177,8.5
15575.88852018064,8.7
15657.303901752315,8.8
15739.1448426331,8.9
15821.413567227246,9.1
15904.112311566014,9.3
15987.243323368504,9.6
16070.808862102673,10.0
16154.811199046684,10.2
16239.252617350698,10.5
16324.135412099,10.8
16409.461890372313,11.2
16495.23437131044,11.5
16581.455186175313,11.6
16668.12667841462,11.5
16755.251203725067,11.0
