10.0,8.4
10.052270136285475,8.4
10.104813489285682,8.3
10.157631487108103,8.2
10.210725565324982,8.1
10.264097167012295,8.1
10.317747742789004,8.3
10.371678750856479,8.4
10.425891657038118,8.4
10.480387934819216,8.5
10.535169065386981,8.5
10.590236537670812,8.6
10.64559184838276,8.6
10.701236502058206,8.7
10.757172011096776,8.8
10.813399895803409,8.8
10.869921684429707,8.8
10.926738913215466,8.9
10.98385312643042,8.9
11.041265876416237,9.0
11.098978723628681,9.1
11.156993236680048,9.2
11.215310992381788,9.2
11.27393357578736,9.3
11.332862580235341,9.4
11.392099607392687,9.4
11.451646267298301,9.5
11.511504178406776,9.6
11.571674967632385,9.7
11.632160270393321,9.8
11.692961730656117,9.9
11.75408100098034,9.9
11.815519742563518,10.0
11.87727962528627,10.1
11.939362327757706,10.2
12.001769537361062,10.2
12.064502950299536,10.3
12.127564271642404,10.3
12.190955215371359,10.4
12.254677504427118,10.4
12.318732870756214,10.5
12.383123055358094,10.6
12.447849808332432,10.7
12.5129148889267,10.9
12.578320065583968,11.1
12.644067115991009,11.2
12.710157827126565,11.3
12.776593995309947,11.3
12.843377426249843,11.4
12.910509935093431,11.4
12.977993346475664,11.5
13.045829494568892,11.5
13.11402022313271,11.5
13.182567385564074,11.6
13.251472844947658,11.6
13.320738474106527,11.7
13.390366155653,11.8
13.460357782039841,11.9
13.530715255611682,12.0
13.601440488656761,12.0
13.672535403458848,12.1
13.744001932349526,12.2
13.815842017760701,12.2
13.888057612277397,12.3
13.960650678690818,12.4
14.033623190051728,12.5
14.10697712972403,12.6
14.180714491438705,12.6
14.25483727934799,12.7
14.32934750807987,12.9
14.404247202792797,13.0
14.479538399230764,13.1
14.55522314377862,13.2
14.631303493517702,13.2
14.707781516281727,13.3
14.784659290713032,13.4
14.861938906319022,13.4
14.939622463528993,13.5
15.017712073751214,13.6
15.096209859430308,13.7
15.175117954104964,13.7
15.254438502465888,13.8
15.334173660414118,13.8
15.414325595119617,13.9
15.494896485080169,13.9
15.575888520180618,14.0
15.65730390175234,14.0
15.73914484263311,14.1
15.821413567227237,14.2
15.904112311566013,14.2
15.98724332336852,14.3
16.070808862102673,14.4
16.154811199046666,14.5
16.239252617350697,14.6
16.324135412099007,14.7
16.409461890372306,14.8
16.495234371310413,14.9
16.58145518617534,14.9
16.668126678414627,15.0
16.755251203725052,15.1
16.84283113011666,15.1
16.930868837977105,15.2
17.01936672013636,15.2
17.108327181931763,15.3
17.197752641273365,15.4
17.28764552870969,15.5
17.378008287493753,15.7
17.4688433736495,15.8
17.560153256038525,15.9
17.651940416427212,16.0
17.744207349554188,16.0
17.836956563198083,16.1
17.93019057824573,16.1
18.023911928760675,16.2
18.118123162052047,16.3
18.21282683874379,16.4
18.30802553284428,16.4
18.403721831816252,16.4
18.499918336647156,16.5
18.59661766191982,16.5
18.69382243588356,16.6
18.791535300525574,16.7
18.889758911642755,16.7
18.98849593891389,16.8
19.08774906597221,16.8
19.187520990478333,16.9
19.287814424193606,17.0
19.388632093053765,17.1
19.48997673724305,17.2
19.591851111268685,17.3
19.69425798403576,17.3
19.79720013892245,17.4
19.90068037385568,17.4
20.004701501387192,17.5
20.109266348769967,17.6
20.214377758035074,17.7
20.320038586068932,17.7
20.426251704690927,17.8
20.533020000731486,17.8
20.64034637611054,17.9
20.748233747916412,17.9
20.856685048485062,18.0
20.965703225479817,18.1
21.075291241971485,18.2
21.185452076518878,18.3
21.296188723249774,18.4
21.407504191942323,18.5
21.519401508106792,18.5
21.631883713067854,18.6
21.744953864047204,18.7
21.858615034246718,18.8
21.972870312931903,18.9
22.087722805515906,19.0
22.203175633643916,19.0
22.319231935278008,19.1
22.435894864782412,19.2
22.553167593009288,19.2
22.671053307384867,19.3
22.789555211996095,19.4
22.908676527677724,19.5
23.028420492099883,19.6
23.148790359856015,19.7
23.26978940255137,19.7
23.391420908891938,19.8
23.51368818477381,19.9
23.63659455337303,20.0
23.760143355235964,20.0
23.884337948370025,20.1
24.009181708334992,20.1
24.134678028334722,20.2
24.260830319309434,20.2
24.387642010028344,20.3
24.515116547182902,20.4
24.64325739548046,20.5
24.772068037738443,20.5
24.901551974979007,20.6
25.031712726524198,20.6
25.162553830091625,20.7
25.294078841890578,20.7
25.426291336718684,20.7
25.559194908059133,20.8
25.692793168178262,20.8
25.827089748223784,20.9
25.96208829832347,21.0
26.097792487684362,21.1
26.234206004692496,21.2
26.371332557013133,21.2
26.5091758716916,21.3
26.647739695254497,21.3
26.787027793811582,21.4
26.9270439531581,21.4
27.06779197887776,21.5
27.209275696446046,21.5
27.351498951334275,21.6
27.494465609114105,21.6
27.638179555562576,21.7
27.782644696767733,21.8
27.92786495923483,21.8
28.07384428999299,21.9
28.220586656702505,22.0
28.368096047762684,22.1
28.516376472420284,22.2
28.66543196087842,22.3
28.815266564406134,22.3
28.965884355448516,22.4
29.11728942773738,22.5
29.26948589640251,22.6
29.42247789808359,22.6
29.57626959104251,22.7
29.730865155276486,22.7
29.88626879263161,22.8
30.04248472691713,22.8
30.19951720402016,22.9
30.357370492021133,22.9
30.516048881309793,22.9
30.675556684701824,22.9
30.835898237556027,23.0
30.99707789789224,23.0
31.15910004650967,23.1
31.321969087106055,23.2
31.485689446397288,23.3
31.650265574237824,23.4
31.815701943741516,23.5
31.98200305140326,23.6
32.14917341722119,23.7
32.31721758481955,23.7
32.486140121572134,23.8
32.655945618726484,23.8
32.82663869152868,23.9
32.99822397934869,23.9
33.170706145806605,23.9
33.34408987889928,23.9
33.51837989112781,23.9
33.69358091962557,23.9
33.86969772628702,24.0
34.04673509789711,24.1
34.224697846261364,24.2
34.40359080833668,24.3
34.58341884636283,24.3
34.764186847994516,24.4
34.94589972643436,24.4
35.12856242056629,24.5
35.312179895089876,24.7
35.496757140655234,24.8
35.68229917399868,24.8
35.86881103807908,24.8
36.05629780221492,24.8
36.24476456222205,24.8
36.434216440552284,24.9
36.6246585864325,25.0
36.81609617600466,25.0
37.00853441246656,25.1
37.2019785262131,25.1
37.39643377497855,25.2
37.591905443979435,25.2
37.788398846058186,25.2
37.985919321827524,25.2
38.184472239815605,25.2
38.384062996612016,25.3
38.584697017014335,25.3
38.786379754175634,25.4
38.98911668975273,25.4
39.1929133340551,25.5
39.39777522619469,25.6
39.60370793423646,25.6
39.810717055349734,25.7
40.0188082159603,25.7
40.227987071903335,25.9
40.43825930857721,26.0
40.64963064109788,26.0
40.8621068144543,26.0
41.075693603664625,26.0
41.29039681393302,26.0
41.506222280807584,26.0
41.72317587033889,26.1
41.94126347923944,26.1
42.16049103504393,26.2
42.38086449627034,26.3
42.60238985258197,26.3
42.825073124950116,26.4
43.04892036581776,26.4
43.27393765926414,26.4
43.500131121170035,26.4
43.727506899384,26.4
43.956071173889484,26.5
44.18583015697281,26.5
44.416790093392,26.6
44.648957260546474,26.7
44.88233796864779,26.7
45.116938560890986,26.7
45.35276541362708,26.8
45.58982493653644,26.9
45.82812357280281,26.9
46.067667799288614,26.9
46.308464126710895,26.9
46.55051909981832,26.9
46.793839297569036,26.9
47.03843133330949,27.1
47.28430185495417,27.2
47.531457545166376,27.2
47.77990512153967,27.2
48.02965133678067,27.2
48.28070297889241,27.2
48.53306687135893,27.2
48.78674987333074,27.2
49.041758879811184,27.3
49.298100821843896,27.4
49.55578266670119,27.4
49.81481141807335,27.5
50.07519411625915,27.6
50.336937838356974,27.6
50.60004969845742,27.6
50.86453684783644,27.6
51.13040647514984,27.6
51.39766580662862,27.7
51.66632210627541,27.7
51.93638267606184,27.7
52.20785485612707,27.7
52.48074602497726,27.7
52.75506359968615,27.7
53.030815036096584,27.7
53.308007829023246,27.7
53.58664951245627,27.8
53.866747659766084,27.9
54.148309883909214,27.9
54.431343837635225,27.9
54.7158572136947,27.9
55.00185774504835,27.9
55.28935320507712,27.9
55.57835140779364,27.9
55.86886020805435,27.9
56.160887501773274,27.9
56.45444122613637,27.9
56.74952935981742,28.0
57.04615992319485,28.1
57.34434097856969,28.1
57.64408063038476,28.1
57.94538702544487,28.1
58.24826835313831,28.1
58.552732845659456,28.1
58.85878877823242,28.1
59.166444469336014,28.1
59.475708280929936,28.1
59.786588618681876,28.3
60.0990939321961,28.4
60.41323271524305,28.4
60.72901350599024,28.4
61.046444887234294,28.4
61.365535486634215,28.4
61.686293976945976,28.4
62.008729076258064,28.4
62.332849548228545,28.4
62.658664202323344,28.4
62.98618189405547,28.4
63.315411525225876,28.4
63.64636204416533,28.5
63.979042445977655,28.6
64.31346177278421,28.6
64.64962911396958,28.6
64.98755360642885,28.6
65.32724443481563,28.6
65.66871083179183,28.6
66.01196207827876,28.6
66.35700750370908,28.6
66.7038564862806,28.6
67.05251845321108,28.6
67.40300288099445,28.6
67.75531929565844,28.6
68.1094772730234,28.6
68.46548643896274,28.6
68.82335646966433,28.6
69.18309709189363,28.6
69.54471808325809,28.6
69.90822927247277,28.6
70.27364053962762,28.6
70.6409618164559,28.7
71.01020308660422,28.8
71.38137438590384,28.8
71.75448580264342,28.8
72.12954747784322,28.8
72.50656960553087,28.8
72.88556243301818,28.8
73.26653626117992,28.8
73.64950144473359,28.8
74.03446839252094,28.8
74.42144756779092,28.8
74.810449488484,28.8
75.20148472751808,28.8
75.59456391307583,28.8
75.98969772889355,28.8
76.38689691455168,28.8
76.78617226576647,28.8
77.18753463468363,28.8
77.59099493017311,28.8
77.99656411812569,28.8
78.404253221751,28.8
78.8140733218772,28.8
79.226035557252,28.8
79.64015112484554,28.8
80.05643128015467,28.8
80.47488733750892,28.8
80.89553067037787,28.8
81.31837271168051,28.8
81.74342495409579,28.8
82.170698950375,28.8
82.60020631365589,28.8
83.03195871777821,28.8
83.46596789760103,28.8
83.90224564932171,28.8
84.34080383079642,28.8
84.78165436186265,28.8
85.22480922466286,28.8
85.67028046397054,28.8
86.11808018751721,28.8
86.56822056632171,28.8
87.020713835021,28.8
87.47557229220259,28.8
87.93280830073893,28.8
88.39243428812335,28.8
88.85446274680783,28.8
89.31890623454267,28.8
89.78577737471758,28.8
90.25508885670492,28.8
90.72685343620469,28.8
91.20108393559097,28.8
91.67779324426061,28.8
92.15699431898352,28.8
92.63870018425483,28.8
93.12292393264887,28.8
93.60967872517497,28.8
94.09897779163542,28.8
94.5908344309847,28.7
95.0852620116911,28.6
95.58227397210023,28.6
96.08188382079996,28.6
96.5841051369878,28.6
97.08895157083991,28.6
97.59643684388209,28.6
98.10657474936274,28.6
98.61937915262773,28.6
99.13486399149741,28.6
99.65304327664518,28.6
100.17393109197839,28.6
100.69754159502135,28.6
101.22388901729977,28.6
101.75298766472777,28.6
102.28485191799675,28.6
102.81949623296607,28.6
103.35693514105618,28.6
103.89718324964329,28.6
104.44025524245698,28.6
104.98616587997819,28.5
105.53492999984189,28.4
106.08656251723878,28.4
106.64107842532215,28.4
107.19849279561431,28.4
107.75882077841675,28.4
108.32207760322176,28.4
108.88827857912626,28.4
109.45743909524856,28.4
110.02957462114523,28.4
110.60470070723336,28.4
111.18283298521138,28.4
111.76398716848561,28.4
112.3481790525961,28.4
112.93542451564652,28.4
113.5257395187356,28.4
114.11914010639099,28.4
114.71564240700522,28.4
115.3152626332741,28.4
115.91801708263789,28.4
116.52392213772293,28.4
117.13299426678874,28.4
117.74525002417371,28.4
118.36070605074681,28.4
118.97937907435858,28.4
119.60128591029638,28.4
120.22644346174131,28.4
120.85486872022751,28.4
121.4865787661046,28.4
122.12159076900052,28.4
122.75992198829012,28.4
123.40158977356222,28.4
124.04661156509306,28.4
124.69500489431896,28.3
125.34678738431336,28.2
126.00197675026583,28.1
126.6605907999634,28.1
127.3226474342747,28.1
127.98816464763628,28.1
128.6571605285424,28.1
129.32965326003517,28.1
130.00566112020084,28.1
130.68520248266435,28.1
131.36829581709074,28.1
132.05495968968575,28.1
132.74521276370103,28.1
133.43907379994133,28.1
134.1365616572744,28.1
134.83769529314347,28.1
135.54249376408254,28.1
136.25097622623485,28.1
136.96316193587217,28.1
137.67907024992007,28.1
138.39872062648203,28.1
139.1221326253702,28.1
139.84932590863562,28.0
140.58032024110324,28.0
141.31513549090906,27.9
142.05379163003997,27.9
142.7963087348772,27.9
143.5427069867405,27.9
144.29300667243896,27.9
145.04722818481977,27.9
145.80539202332486,27.9
146.56751879454652,27.9
147.333629212788,27.9
148.1037441006266,27.9
148.87788438947953,27.9
149.65607112017267,27.9
150.43832544351253,27.9
151.2246686208618,27.9
152.01512202471548,27.9
152.80970713928414,27.8
153.6084455610754,27.7
154.41135899948313,27.7
155.218469277376,27.7
156.02979833169113,27.7
156.8453682140304,27.7
157.66520109125955,27.7
158.48931924611142,27.7
159.3177450777899,27.7
160.15050110258113,27.7
160.9876099544629,27.7
161.82909438572216,27.7
162.67497726757185,27.6
163.52528159077312,27.6
164.38003046626017,27.6
165.23924712576837,27.6
166.1029549224657,27.6
166.97117733158728,27.6
167.8439379510743,27.6
168.72126050221348,27.6
169.60316883028446,27.5
170.48968690520502,27.4
171.38083882218535,27.4
172.27664880238083,27.4
173.17714119355136,27.4
174.08234047072295,27.4
174.99227123685273,27.3
175.9069582234984,27.2
176.82642629148881,27.2
177.75070043160196,27.2
178.67980576524164,27.2
179.61376754512278,27.2
180.55261115595593,27.2
181.49636211513797,27.2
182.44504607344558,27.2
183.39868881573247,27.2
184.35731626163007,27.2
185.3209544662519,27.2
186.28962962090262,27.1
187.26336805378796,27.0
188.24219623073301,26.9
189.2261407558986,26.9
190.21522837250714,26.9
191.20948596356752,26.9
192.20894055260666,26.9
193.21361930440384,26.9
194.22354952572874,26.9
195.2387586660848,26.9
196.25927431845295,26.8
197.28512422004457,26.7
198.31633625305224,26.7
199.35293844541056,26.7
200.39495897155572,26.7
201.4424261531923,26.7
202.4953684600627,26.7
203.55381451072122,26.6
204.6177930733116,26.5
205.6873330663489,26.5
206.76246355950653,26.5
207.84321377440395,26.5
208.92961308540407,26.5
210.02169102040844,26.5
211.11947726166272,26.5
212.22300164656127,26.5
213.33229416845913,26.5
214.447384977487,26.6
215.5683043813707,26.7
216.69508284625502,26.7
217.8277509975314,26.7
218.9663396206716,26.7
220.1108796620618,26.7
221.26140222984722,26.8
222.41793859477394,26.9
223.5805201910423,26.9
224.74917861715863,26.9
225.9239456367954,26.9
227.10485317965416,26.9
228.29193334233327,26.9
229.48521838920135,26.9
230.68474075327168,26.9
231.89053303708724,26.9
233.102628013603,27.1
234.32105862708036,27.2
235.5458579939798,27.2
236.77705940386227,27.2
238.0146963202937,27.2
239.25880238175446,27.2
240.50941140255387,27.2
241.76655737374873,27.2
243.03027446406858,27.2
244.30059702084168,27.2
245.57755957093218,27.2
246.86119682167464,27.2
248.1515436618211,27.2
249.44863516248657,27.2
250.75250657810346,27.1
252.0631933473797,27.0
253.3807310942614,26.9
254.7051556289027,26.9
256.03650294863604,26.9
257.3748092389545,26.9
258.72011087449107,26.9
260.0724444200114,26.9
261.4318466314045,26.9
262.79835445668317,26.9
264.17200503698814,26.9
265.5528357075972,26.9
266.94088399894025,26.9
268.336187637619,26.9
269.7387845474336,26.9
271.1487128504106,26.9
272.56601086784315,26.9
273.9907171213279,26.9
275.4228703338166,26.9
276.86250943066517,26.9
278.30967354069315,26.9
279.764401997247,26.9
281.2267343392687,26.8
282.6967103123723,26.8
284.1743698699204,26.7
285.65975317411466,26.7
287.152900597083,26.7
288.6538527219809,26.7
290.16265034409145,26.8
291.67933447193553,26.8
293.203946328386,26.9
294.7365273517884,26.9
296.27711919708696,26.9
297.8257637369567,26.9
299.38250306294265,26.9
300.947379486601,26.9
302.52043554065347,26.9
304.1017139801383,27.0
305.69125778357716,27.1
307.2891101541398,27.2
308.8953145208197,27.3
310.5099145396145,27.3
312.1329540947119,27.4
313.76447729968413,27.4
315.40452849868336,27.4
317.0531522676519,27.4
318.71039341552853,27.4
320.3762969854716,27.4
322.05090825607795,27.4
323.7342727426186,27.4
325.4264361982722,27.4
327.1274446153702,27.4
328.83734422664674,27.4
330.55618150649445,27.4
332.28400317222986,27.4
334.02085618535915,27.4
335.76678775285944,27.4
337.52184532845695,27.4
339.28607661392135,27.4
341.0595295603587,27.4
342.84225236951676,27.4
344.63429349509414,27.3
346.4357016440579,27.3
348.24652577796684,27.2
350.06681511430224,27.2
351.8966191278073,27.1
353.7359875518278,27.0
355.5849703796693,26.8
357.44361786595016,26.7
359.3119805279728,26.6
361.1901091470929,26.5
363.0780547701014,26.4
364.9758687106112,26.3
366.8836025504522,26.1
368.80130814107446,26.1
370.72903760495365,26.0
372.66684333701346,26.0
374.6147780060434,25.9
376.57289455613636,25.8
378.54124620812286,25.7
380.5198864610201,25.6
382.50886909348526,25.5
384.5082481652772,25.6
386.51807801872604,25.7
388.53841328020957,25.7
390.56930886163985,25.7
392.6108199619517,25.7
394.6630020686084,25.8
396.7259109591041,25.9
398.7996027024853,26.0
400.8841336608706,26.1
402.9795604909844,26.1
405.0859401456969,26.2
407.20332987557106,26.2
409.331787230421,26.3
411.4713700608718,26.3
413.6221365199375,26.4
415.78414506459575,26.5
417.95745445738237,26.5
420.1421237679842,26.6
422.33821237484636,26.6
424.5457799667861,26.7
426.76488654461485,26.7
428.9955924227691,26.8
431.23795823094935,26.9
433.49204491576995,27.0
435.7579137424112,27.1
438.0356262962907,27.2
440.3252444847303,27.3
442.62683053864555,27.4
444.9404470142319,27.4
447.2661567946673,27.5
449.60402309182115,27.5
451.9541094479714,27.6
454.3164797375345,27.6
456.6911981687959,27.7
459.0783292856624,27.7
461.4779379694089,27.8
463.89008944044906,27.8
466.31484926010245,27.9
468.7522833323791,27.9
471.20245790577025,27.9
473.6654395750488,28.0
476.14129528307956,28.0
478.630092322638,28.1
481.1318983382419,28.1
483.6467813279844,28.1
486.1748096453894,28.1
488.7160520012619,28.1
491.27057746556244,28.1
493.8384554692794,28.1
496.4197558063182,28.1
499.01454863539806,28.1
501.6229044819588,28.1
504.24489424007766,28.0
506.88058917439554,28.0
509.53006092205686,27.9
512.1933814946506,27.9
514.8706232801756,27.9
517.5618590449992,27.9
520.2671619358439,27.9
522.9866054817683,27.9
525.7202635961694,27.9
528.4682105787901,27.9
531.230521117739,27.8
534.0072702915224,27.8
536.7985335710792,27.7
539.6043868218401,27.7
542.4249063057814,27.7
545.2601686835053,27.7
548.1102510163182,27.7
550.9752307683272,27.7
553.8551858085453,27.7
556.7501944130083,27.7
559.6603352669016,27.8
562.5856874666987,27.9
565.5263305223134,27.9
568.4823443592555,27.9
571.4538093208106,28.0
574.4408061702153,28.1
577.4434160928608,28.1
580.4617206984933,28.1
583.4958020234345,28.1
586.5457425328113,28.1
589.6116251227962,28.1
592.6935331228639,28.1
595.7915502980484,28.1
598.9057608512304,28.1
602.0362494254149,28.1
605.1831011060411,28.1
608.3464014232891,28.1
611.5262363544065,28.1
614.7226923260454,28.1
617.9358562166111,28.1
621.1658153586235,28.2
624.4126575410903,28.3
627.6764710118958,28.4
630.957344480193,28.4
634.2553671188238,28.4
637.5706285667327,28.4
640.9032189314127,28.4
644.2532287913472,28.4
647.6207491984753,28.4
651.0058716806659,28.4
654.4086882442045,28.4
657.8292913762976,28.4
661.2677740475787,28.4
664.7242297146454,28.4
668.1987523225889,28.4
671.6914363075575,28.4
675.2023765993158,28.4
678.7316686238282,28.4
682.2794083058518,28.4
685.8456920715438,28.4
689.4306168510824,28.4
693.0342800813003,28.4
696.6567797083366,28.4
700.2982141902914,28.4
703.9586824999124,28.5
707.6382841272731,28.6
711.3371190824884,28.6
715.0552878984242,28.7
718.7928916334344,28.7
722.5500318741055,28.8
726.3268107380181,28.8
730.123330876526,28.9
733.9396954775374,28.9
737.7760082683312,28.9
741.6323735183645,28.9
745.508896042117,28.9
749.4056812019327,28.9
753.3228349108862,28.9
757.2604636356614,29.0
761.2186743994453,29.0
765.1975747848361,29.1
769.1972729367671,29.1
773.2178775654501,29.1
777.2594979493206,29.1
781.3222439380205,29.1
785.406225955371,29.1
789.5115550023859,29.2
793.6383426602791,29.3
797.7867010935024,29.3
801.9567430527921,29.3
806.1485818782347,29.3
810.3623315023465,29.3
814.59810645317,29.3
818.8560218573906,29.3
823.1361934434566,29.3
827.4387375447371,29.4
831.7637711026708,29.5
836.1114116699566,29.5
840.4817774137397,29.5
844.8749871188272,29.5
849.2911601909162,29.5
853.7304166598383,29.5
858.1928771828257,29.5
862.6786630477819,29.4
867.1878961765907,29.3
871.7206991284164,29.3
876.2771951030477,29.3
880.8575079442367,29.3
885.4617621430697,29.3
890.0900828413493,29.3
894.742595834996,29.3
899.4194275774676,29.3
904.1207051831946,29.3
908.8465564310401,29.3
913.5971097677627,29.3
918.3724943115215,29.3
923.1728398553701,29.3
927.998276870799,29.3
932.8489365112713,29.3
937.7249506157918,29.3
942.6264517124897,29.3
947.5535730222193,29.2
952.5064484621864,29.1
957.4852126495767,29.1
962.4900009052299,29.1
967.5209492573013,29.1
972.5781944449744,29.0
977.6618739221665,28.9
982.772125861269,28.8
987.9090891569025,28.7
993.0729034296917,28.6
998.26370903006,28.5
1003.4816470420445,28.5
1008.7268592871307,28.4
1013.9994883281055,28.4
1019.2996774729368,28.4
1024.627570778662,28.4
1029.9833130553077,28.5
1035.3670498698243,28.5
1040.778927550043,28.6
1046.219093188652,28.6
1051.687694647196,28.7
1057.1848805600926,28.8
1062.7108003386745,28.8
1068.2656041752484,28.8
1073.849443047181,28.8
1079.4624687209969,28.8
1085.104833756507,28.8
1090.7766915109553,28.8
1096.4781961431852,28.8
1102.2095026178308,28.8
1107.9707667095288,28.8
1113.7621450071517,28.8
1119.5837949180645,28.8
1125.4358746724013,28.8
1131.3185433273702,28.8
1137.231960771571,28.8
1143.1762877293438,28.8
1149.1516857651375,28.8
1155.1583172879002,28.7
1161.1963455554942,28.6
1167.2659346791324,28.5
1173.3672496278396,28.4
1179.5004562329357,28.3
1185.6657211925422,28.2
1191.8632120761172,28.1
1198.0930973290035,28.0
1204.355546277011,28.0
1210.650729131018,27.9
1216.9788169915967,27.8
1223.3399818536654,27.8
1229.7343966111616,27.7
1236.162235061742,27.7
1242.6236719115057,27.6
1249.1188827797416,27.6
1255.6480442037073,27.5
1262.2113336434193,27.4
1268.8089294864806,27.3
1275.4410110529293,27.2
1282.1077586001115,27.0
1288.8093533275808,26.9
1295.5459773820237,26.8
1302.3178138622095,26.7
1309.1250468239675,26.6
1315.967861285188,26.5
1322.8464432308563,26.4
1329.7609796180998,26.4
1336.7116583812742,26.3
1343.6986684370715,26.2
1350.7221996896535,26.1
1357.782443035813,26.0
1364.879590370164,25.9
1372.0138345903551,25.8
1379.1853696023147,25.6
1386.3943903255179,25.4
1393.6410926982915,25.3
1400.9256736831292,25.2
1408.248331272053,25.1
1415.6092644919916,25.0
1423.0086734101894,24.8
1430.4467591396458,24.6
1437.9237238445805,24.4
1445.439770745928,24.3
1452.9951041268616,24.3
1460.589929338344,24.2
1468.224452804715,24.1
1475.898882029292,24.1
1483.6134256000173,24.1
1491.3682931951248,24.2
1499.1636955888393,24.3
1506.999844657106,24.3
1514.8769533833477,24.3
1522.7952358642551,24.3
1530.754907315605,24.3
1538.7561840781082,24.3
1546.799283623296,24.3
1554.8844245594228,24.3
1563.0118266374113,24.3
1571.181710756826,24.3
1579.3942989718767,24.2
1587.649814497453,24.1
1595.9484817151922,24.0
1604.2905261795772,23.9
1612.6761746240677,23.7
1621.1056549672617,23.6
1629.5791963190893,23.5
1638.097028987047,23.4
1646.6593844824454,23.3
1655.266495526711,23.1
1663.9185960577072,23.0
1672.6159212360947,22.9
1681.3587074517213,22.8
1690.1471923300487,22.7
1698.9816147386093,22.7
1707.8622147934998,22.7
1716.789233865905,22.8
1725.7629145886658,22.9
1734.7835008628629,22.9
1743.8512378644525,22.9
1752.9663720509295,22.9
1762.1291511680254,22.9
1771.3398242564415,23.0
1780.598641658619,23.1
1789.9058550255418,23.1
1799.2617173235774,23.1
1808.6664828413498,23.1
1818.1204071966588,23.1
1827.6237473434162,23.3
1837.1767615786375,23.4
1846.7797095494598,23.4
1856.4328522602,23.4
1866.1364520794475,23.4
1875.8907727471963,23.4
1885.6960793820124,23.4
1895.552638488241,23.3
1905.4607179632462,23.2
1915.4205871047022,23.1
1925.4325166178992,23.1
1935.4967786231095,23.1
1945.6136466629825,23.1
1955.783395709978,23.1
1966.006302173841,23.1
1976.282643909114,23.1
1986.6127002226892,23.1
1996.996751881399,23.1
2007.4350811196462,23.1
2017.927971647083,23.1
2028.4757086563097,23.1
2039.078578830634,23.1
2049.736870351861,23.1
2060.4508729081267,23.1
2071.22087770177,23.1
2082.0471774572497,23.1
2092.9300664290977,23.1
2103.8698404099196,23.1
2114.8667967384304,23.0
2125.9212343075446,22.9
2137.0334535724887,22.9
2148.2037565589744,23.0
2159.4324468714053,23.0
2170.71982970113,23.1
2182.0662118347364,23.1
2193.4719016623894,23.1
2204.937209186215,23.1
2216.4624460287228,23.1
2228.0479254412767,23.1
2239.6939623126154,23.1
2251.4008731773993,23.0
2263.168976224821,22.9
2274.9985913072546,22.8
2286.890039948944,22.8
2298.843645354747,22.7
2310.8597324189163,22.7
2322.9386277339318,22.7
2335.0806595993763,22.7
2347.2861580308577,22.7
2359.5554547689862,22.7
2371.8888832883777,22.7
2384.2867788067265,22.8
2396.7494782939148,22.9
2409.2773204811715,22.9
2421.8706458702773,22.9
2434.5297967428205,22.9
2447.2551171695004,22.9
2460.0469530194778,22.8
2472.905651969775,22.7
2485.8315635147337,22.7
2498.825038975499,22.6
2511.88643150958,22.6
2525.0160961204438,22.5
2538.2143896671673,22.4
2551.481670874133,22.3
2564.8183003407817,22.2
2578.224640551411,22.0
2591.7010558850307,21.9
2605.247912625263,21.7
2618.8655789702975,21.6
2632.5544250429093,21.5
2646.314822900502,21.5
2660.14714654523,21.4
2674.051771934164,21.4
2688.029076989506,21.3
2702.079441608862,21.2
2716.20324767557,21.1
2730.400879069075,21.0
2744.6727216753675,21.0
2759.0191633974646,21.0
2773.440594165967,21.0
2787.9374059496395,21.0
2802.509992766076,21.0
2817.1587506924047,21.0
2831.8840778760564,21.0
2846.686374545581,21.0
2861.5660430215316,21.0
2876.5234877273942,21.0
2891.5591152005823,21.0
2906.6733341034837,21.0
2921.8665552345788,21.0
2937.139191539587,21.0
2952.4916581227058,21.0
2967.9243722578863,21.0
2983.4377534001765,21.0
2999.0322231971227,21.1
3014.7082055002275,21.2
3030.466126376471,21.3
3046.306414119893,21.3
3062.229499263226,21.4
3078.2358145896155,21.4
3094.325795144359,21.5
3110.4998782467446,21.5
3126.7585035019356,21.6
3143.1021128129173,21.7
3159.5311503925072,21.8
3176.0460627754296,22.2
3192.6472988304513,22.5
3209.335309772584,22.6
3226.1105491753406,22.7
3242.973472983081,22.9
3259.924539523382,23.2
3276.9642095195077,23.4
3294.0929461029286,23.6
3311.311214825911,23.7
3328.6194836741684,24.0
3346.018223079582,24.2
3363.507905932988,24.4
3381.089007597027,24.5
3398.762005919066,24.6
3416.527381244194,24.6
3434.385616428264,24.7
3452.337196851022,24.8
3470.382610429304,24.8
3488.5223476302926,24.8
3506.7569014848486,24.8
3525.0867676009134,24.8
3543.512444176976,24.8
3562.034432015617,24.8
3580.6532345371147,24.7
3599.369357793143,24.6
3618.1833104805046,24.5
3637.095603954969,24.4
3656.1067522451726,24.3
3675.2172720665826,24.3
3694.4276828355482,24.2
3713.738506683413,24.1
3733.1502684707093,23.9
3752.6634958014215,23.8
3772.2787190373247,23.8
3791.9964713124127,23.8
3811.817288547367,23.8
3831.7417094641373,23.8
3851.7702756005806,23.8
3871.9035313251793,23.8
3892.1420238518376,23.9
3912.4863032547537,23.9
3932.936922483372,24.0
3953.4944373774106,24.0
3974.1594066819653,24.1
3994.9323920627126,24.2
4015.8139581211503,24.3
4036.8046724099613,24.3
4057.9051054484326,24.3
4079.115830737964,24.3
4100.437424777656,24.3
4121.870467079975,24.3
4143.41554018651,24.2
4165.0732296838005,24.1
4186.844124219257,24.0
4208.728815517151,24.0
4230.72789839472,23.9
4252.841970778305,23.8
4275.071633719623,23.6
4297.417491412092,23.3
4319.880151207261,23.1
4342.460223631314,23.0
4365.158322401661,22.8
4387.975064443623,22.7
4410.911069907196,22.3
4433.9669621839075,21.9
4457.1433679237725,21.7
4480.4409170523,21.6
4503.860242787635,21.5
4527.40198165776,21.4
4551.0667735177985,21.2
4574.855261567406,20.9
4598.768092368251,20.7
4622.80591586159,20.6
4646.969385385929,20.5
4671.25915769478,20.3
4695.675892974527,20.1
4720.220254862348,20.0
4744.892910464259,19.9
4769.694530373255,19.8
4794.625788687525,19.5
4819.68736302878,19.2
4844.87993456067,18.8
4870.204188007296,18.4
4895.660811671819,18.1
4921.250497455168,17.8
4946.973940874864,17.6
4972.8318410838865,17.4
4998.824900889706,17.2
5024.953826773381,17.0
5051.219328908747,16.9
5077.622121181736,16.7
5104.162921209768,16.6
5130.842450361258,16.5
5157.661433775227,16.4
5184.620600380999,16.3
5211.720682918039,16.2
5238.962417955835,16.0
5266.346545913939,15.8
5293.873811082085,15.7
5321.544961640422,15.6
5349.360749679845,15.5
5377.321931222439,15.3
5405.429266242027,15.1
5433.683518684824,14.9
5462.085456490198,14.8
5490.635851611563,14.6
5519.335480037329,14.5
5548.185121812011,14.2
5577.185561057427,13.8
5606.337585994012,13.6
5635.641988962242,13.5
5665.0995664441625,13.4
5694.7111190850455,13.3
5724.477451715144,13.1
5754.399373371566,12.8
5784.477697320285,12.7
5814.713241078208,12.7
5845.10682643542,12.7
5875.659279477514,12.7
5906.371430608045,12.7
5937.244114571097,12.7
5968.278170473975,12.7
5999.4744418100045,12.7
6030.833776481469,12.8
6062.357026822636,12.9
6094.045049622959,13.0
6125.898706150321,13.1
6157.918862174471,13.2
6190.106387990547,13.4
6222.462158442733,13.5
6254.987052948034,13.6
6287.681955520183,13.7
6320.547754793659,13.8
6353.585344047851,14.0
6386.795621231329,14.1
6420.179488986247,14.3
6453.7378546729,14.4
6487.471630394349,14.6
6521.381733021235,14.7
6555.469084216698,14.8
6589.734610461422,14.9
6624.179243078815,15.0
6658.80391826033,15.2
6693.609577090902,15.4
6728.597165574533,15.7
6763.767634659991,15.9
6799.1219402666875,16.0
6834.661043310619,16.1
6870.385909730507,16.2
6906.297510514049,16.4
6942.39682172431,16.5
6978.684824526248,16.7
7015.162505213385,16.8
7051.830855234612,17.0
7088.690871221135,17.2
7125.7435550135615,17.4
7162.989913689153,17.5
7200.430959589155,17.6
7238.067710346342,17.7
7275.901188912673,17.8
7313.932423587085,17.9
7352.162448043451,18.1
7390.59230135867,18.2
7429.22302804091,18.3
7468.055678057999,18.4
7507.091306865953,18.5
7546.330975437692,18.6
7585.775750291836,18.7
7625.426703521717,18.8
7665.284912824515,18.8
7705.351461530549,18.9
7745.627438632719,18.9
7786.113938816104,18.9
7826.81206248772,18.9
7867.722915806424,18.9
7908.847610712972,19.2
7950.187264960275,19.7
7991.743002143727,20.0
8033.515951731782,20.1
8075.507249096639,20.2
8117.718035545101,20.4
8160.149458349601,20.6
8202.80267077938,20.9
8245.67883213183,21.1
8288.77910776401,21.2
8332.104669124305,21.2
8375.656693784302,21.2
8419.436365470749,21.2
8463.444874097753,21.2
8507.683415799123,21.2
8552.153192960874,21.1
8596.855414253905,21.0
8641.791294666864,21.0
8686.962055539152,21.0
8732.36892459413,21.1
8778.01313597248,21.2
8823.895930265779,21.3
8870.018554550163,21.4
8916.382262420266,21.8
8962.988314023276,22.2
9009.83797609319,22.5
9056.932521985234,22.8
9104.273231710486,23.1
9151.861391970657,23.3
9199.698296193066,23.6
9247.785244565785,23.9
9296.12354407301,24.3
9344.714508530542,24.5
9393.559458621517,24.8
9442.659721932305,25.0
9492.016632988581,25.3
9541.631533291613,25.5
9591.505771354708,25.8
9641.64070273987,26.1
9692.037690094652,26.2
9742.698103189163,26.2
9793.623318953358,26.2
9844.814721514387,26.2
9896.27370223427,26.1
9948.001659747684,26.1
10000.0,26.0
10052.270136285486,26.0
10104.813489285681,25.9
10157.6314871081,25.7
10210.725565324987,25.4
10264.09716701231,25.2
10317.747742788988,25.0
10371.678750856474,24.9
10425.891657038128,24.8
10480.387934819217,24.1
10535.16906538697,23.3
10590.236537670813,22.7
10645.591848382772,22.3
10701.236502058211,21.9
10757.172011096769,21.5
10813.399895803414,20.3
10869.921684429703,18.5
10926.73891321545,17.4
10983.85312643042,16.6
11041.265876416248,15.9
11098.978723628681,15.2
11156.993236680037,13.2
11215.310992381786,10.4
11273.933575787378,8.6
11332.862580235347,7.7
11392.099607392682,7.2
11451.646267298307,6.8
11511.504178406769,6.2
11571.674967632372,5.7
11632.16027039332,5.7
11692.961730656129,5.6
11754.08100098034,5.5
11815.519742563505,5.3
11877.27962528627,5.2
11939.362327757724,5.1
12001.76953736107,5.0
12064.50295029953,4.9
12127.56427164241,4.8
12190.95521537136,4.7
12254.677504427105,4.6
12318.732870756214,4.5
12383.123055358106,4.1
12447.849808332432,3.9
12512.914888926687,3.9
12578.320065583976,4.1
12644.067115991029,4.3
12710.157827126544,4.6
12776.593995309939,5.0
12843.377426249857,5.2
12910.50993509343,5.8
12977.99334647565,6.4
13045.829494568892,6.8
13114.020223132724,7.1
13182.567385564074,7.4
13251.472844947652,7.6
13320.738474106534,7.9
13390.366155652993,8.5
13460.35778203982,9.0
13530.715255611682,9.1
13601.440488656775,9.2
13672.535403458849,9.2
13744.001932349513,9.3
13815.842017760702,9.2
13888.057612277411,9.1
13960.650678690825,9.0
14033.62319005172,9.0
14106.977129724035,9.0
14180.714491438697,9.1
14254.837279347976,9.3
14329.347508079869,10.2
14404.247202792812,11.0
14479.538399230763,11.6
14555.223143778607,12.2
14631.303493517702,12.5
14707.78151628175,12.7
14784.65929071304,12.9
14861.938906319014,13.0
14939.622463529,13.1
15017.712073751207,13.0
15096.209859430292,12.8
15175.117954104964,12.5
15254.438502465904,12.1
15334.173660414117,11.5
15414.325595119602,11.0
15494.896485080177,10.6
15575.88852018064,10.1
15657.303901752315,9.3
15739.1448426331,8.3
15821.413567227246,7.4
15904.112311566014,6.9
15987.243323368504,6.5
16070.808862102673,5.8
16154.811199046684,5.0
16239.252617350698,4.6
16324.135412099,4.3
16409.461890372313,4.0
16495.23437131044,3.8
16581.455186175313,3.0
16668.12667841462,2.1
16755.251203725067,0.8
