10.0,7.6
10.052270136285475,7.5
10.104813489285682,6.6
10.157631487108103,5.4
10.210725565324982,4.9
10.264097167012295,4.6
10.317747742789004,4.3
10.371678750856479,4.1
10.425891657038118,3.9
10.480387934819216,3.8
10.535169065386981,3.8
10.590236537670812,3.8
10.64559184838276,3.9
10.701236502058206,4.2
10.757172011096776,4.4
10.813399895803409,4.6
10.869921684429707,4.7
10.926738913215466,4.9
10.98385312643042,5.0
11.041265876416237,4.9
11.098978723628681,4.8
11.156993236680048,4.6
11.215310992381788,4.5
11.27393357578736,4.5
11.332862580235341,4.6
11.392099607392687,4.6
11.451646267298301,4.7
11.511504178406776,4.8
11.571674967632385,4.8
11.632160270393321,4.9
11.692961730656117,4.9
11.75408100098034,5.0
11.815519742563518,5.0
11.87727962528627,5.1
11.939362327757706,5.2
12.001769537361062,5.3
12.064502950299536,5.3
12.127564271642404,5.4
12.190955215371359,5.5
12.254677504427118,5.6
12.318732870756214,5.7
12.383123055358094,5.8
12.447849808332432,5.8
12.5129148889267,5.9
12.578320065583968,6.0
12.644067115991009,6.1
12.710157827126565,6.1
12.776593995309947,6.1
12.843377426249843,6.2
12.910509935093431,6.2
12.977993346475664,6.3
13.045829494568892,6.4
13.11402022313271,6.4
13.182567385564074,6.5
13.251472844947658,6.5
13.320738474106527,6.6
13.390366155653,6.7
13.460357782039841,6.8
13.530715255611682,6.9
13.601440488656761,6.9
13.672535403458848,7.0
13.744001932349526,7.1
13.815842017760701,7.1
13.888057612277397,7.2
13.960650678690818,7.3
14.033623190051728,7.4
14.10697712972403,7.4
14.180714491438705,7.5
14.25483727934799,7.5
14.32934750807987,7.6
14.404247202792797,7.7
14.479538399230764,7.8
14.55522314377862,7.8
14.631303493517702,7.9
14.707781516281727,7.9
14.784659290713032,8.0
14.861938906319022,8.1
14.939622463528993,8.2
15.017712073751214,8.3
15.096209859430308,8.4
15.175117954104964,8.4
15.254438502465888,8.5
15.334173660414118,8.5
15.414325595119617,8.6
15.494896485080169,8.7
15.575888520180618,8.7
15.65730390175234,8.8
15.73914484263311,8.8
15.821413567227237,8.9
15.904112311566013,8.9
15.98724332336852,9.0
16.070808862102673,9.1
16.154811199046666,9.2
16.239252617350697,9.4
16.324135412099007,9.6
16.409461890372306,9.7
16.495234371310413,9.7
16.58145518617534,9.7
16.668126678414627,9.7
16.755251203725052,9.8
16.84283113011666,9.9
16.930868837977105,10.0
17.01936672013636,10.1
17.108327181931763,10.1
17.197752641273365,10.2
17.28764552870969,10.3
17.378008287493753,10.4
17.4688433736495,10.5
17.560153256038525,10.6
17.651940416427212,10.7
17.744207349554188,10.7
17.836956563198083,10.8
17.93019057824573,10.8
18.023911928760675,10.9
18.118123162052047,11.0
18.21282683874379,11.1
18.30802553284428,11.1
18.403721831816252,11.1
18.499918336647156,11.2
18.59661766191982,11.2
18.69382243588356,11.3
18.791535300525574,11.4
18.889758911642755,11.4
18.98849593891389,11.5
19.08774906597221,11.5
19.187520990478333,11.6
19.287814424193606,11.6
19.388632093053765,11.7
19.48997673724305,11.8
19.591851111268685,11.9
19.69425798403576,12.0
19.79720013892245,12.0
19.90068037385568,12.1
20.004701501387192,12.3
20.109266348769967,12.4
20.214377758035074,12.5
20.320038586068932,12.5
20.426251704690927,12.5
20.533020000731486,12.6
20.64034637611054,12.6
20.748233747916412,12.8
20.856685048485062,12.9
20.965703225479817,13.0
21.075291241971485,13.1
21.185452076518878,13.2
21.296188723249774,13.3
21.407504191942323,13.4
21.519401508106792,13.4
21.631883713067854,13.5
21.744953864047204,13.6
21.858615034246718,13.6
21.972870312931903,13.7
22.087722805515906,13.7
22.203175633643916,13.8
22.319231935278008,13.8
22.435894864782412,13.9
22.553167593009288,13.9
22.671053307384867,14.0
22.789555211996095,14.1
22.908676527677724,14.2
23.028420492099883,14.3
23.148790359856015,14.4
23.26978940255137,14.4
23.391420908891938,14.5
23.51368818477381,14.6
23.63659455337303,14.7
23.760143355235964,14.8
23.884337948370025,14.8
24.009181708334992,14.9
24.134678028334722,15.0
24.260830319309434,15.1
24.387642010028344,15.2
24.515116547182902,15.3
24.64325739548046,15.4
24.772068037738443,15.5
24.901551974979007,15.5
25.031712726524198,15.6
25.162553830091625,15.7
25.294078841890578,15.8
25.426291336718684,15.9
25.559194908059133,15.9
25.692793168178262,16.0
25.827089748223784,16.0
25.96208829832347,16.1
26.097792487684362,16.1
26.234206004692496,16.2
26.371332557013133,16.3
26.5091758716916,16.4
26.647739695254497,16.5
26.787027793811582,16.5
26.9270439531581,16.6
27.06779197887776,16.7
27.209275696446046,16.8
27.351498951334275,16.9
27.494465609114105,17.0
27.638179555562576,17.1
27.782644696767733,17.2
27.92786495923483,17.2
28.07384428999299,17.3
28.220586656702505,17.4
28.368096047762684,17.4
28.516376472420284,17.5
28.66543196087842,17.5
28.815266564406134,17.6
28.965884355448516,17.8
29.11728942773738,17.9
29.26948589640251,18.0
29.42247789808359,18.1
29.57626959104251,18.2
29.730865155276486,18.3
29.88626879263161,18.4
30.04248472691713,18.4
30.19951720402016,18.5
30.357370492021133,18.6
30.516048881309793,18.6
30.675556684701824,18.7
30.835898237556027,18.8
30.99707789789224,18.9
31.15910004650967,19.0
31.321969087106055,19.1
31.485689446397288,19.2
31.650265574237824,19.3
31.815701943741516,19.4
31.98200305140326,19.5
32.14917341722119,19.6
32.31721758481955,19.6
32.486140121572134,19.7
32.655945618726484,19.7
32.82663869152868,19.8
32.99822397934869,19.9
33.170706145806605,20.0
33.34408987889928,20.0
33.51837989112781,20.1
33.69358091962557,20.2
33.86969772628702,20.4
34.04673509789711,20.5
34.224697846261364,20.6
34.40359080833668,20.7
34.58341884636283,20.7
34.764186847994516,20.8
34.94589972643436,20.8
35.12856242056629,20.9
35.312179895089876,21.1
35.496757140655234,21.2
35.68229917399868,21.2
35.86881103807908,21.3
36.05629780221492,21.3
36.24476456222205,21.4
36.434216440552284,21.5
36.6246585864325,21.6
36.81609617600466,21.6
37.00853441246656,21.7
37.2019785262131,21.7
37.39643377497855,21.8
37.591905443979435,22.0
37.788398846058186,22.2
37.985919321827524,22.3
38.184472239815605,22.4
38.384062996612016,22.4
38.584697017014335,22.5
38.786379754175634,22.5
38.98911668975273,22.6
39.1929133340551,22.6
39.39777522619469,22.7
39.60370793423646,22.8
39.810717055349734,22.9
40.0188082159603,23.1
40.227987071903335,23.2
40.43825930857721,23.3
40.64963064109788,23.4
40.8621068144543,23.5
41.075693603664625,23.6
41.29039681393302,23.6
41.506222280807584,23.7
41.72317587033889,23.8
41.94126347923944,23.9
42.16049103504393,24.0
42.38086449627034,24.1
42.60238985258197,24.1
42.825073124950116,24.2
43.04892036581776,24.3
43.27393765926414,24.4
43.500131121170035,24.6
43.727506899384,24.7
43.956071173889484,24.8
44.18583015697281,24.9
44.416790093392,25.0
44.648957260546474,25.0
44.88233796864779,25.1
45.116938560890986,25.1
45.35276541362708,25.2
45.58982493653644,25.4
45.82812357280281,25.6
46.067667799288614,25.7
46.308464126710895,25.7
46.55051909981832,25.8
46.793839297569036,25.8
47.03843133330949,25.9
47.28430185495417,26.0
47.531457545166376,26.1
47.77990512153967,26.1
48.02965133678067,26.1
48.28070297889241,26.2
48.53306687135893,26.2
48.78674987333074,26.4
49.041758879811184,26.6
49.298100821843896,26.7
49.55578266670119,26.8
49.81481141807335,26.9
50.07519411625915,26.9
50.336937838356974,27.0
50.60004969845742,27.2
50.86453684783644,27.4
51.13040647514984,27.5
51.39766580662862,27.5
51.66632210627541,27.5
51.93638267606184,27.6
52.20785485612707,27.6
52.48074602497726,27.6
52.75506359968615,27.8
53.030815036096584,27.9
53.308007829023246,28.1
53.58664951245627,28.2
53.866747659766084,28.3
54.148309883909214,28.4
54.431343837635225,28.4
54.7158572136947,28.5
55.00185774504835,28.6
55.28935320507712,28.6
55.57835140779364,28.7
55.86886020805435,28.8
56.160887501773274,28.9
56.45444122613637,29.0
56.74952935981742,29.1
57.04615992319485,29.2
57.34434097856969,29.3
57.64408063038476,29.4
57.94538702544487,29.6
58.24826835313831,29.7
58.552732845659456,29.8
58.85878877823242,29.9
59.166444469336014,29.9
59.475708280929936,29.9
59.786588618681876,30.0
60.0990939321961,30.1
60.41323271524305,30.2
60.72901350599024,30.2
61.046444887234294,30.3
61.365535486634215,30.3
61.686293976945976,30.4
62.008729076258064,30.6
62.332849548228545,30.8
62.658664202323344,30.9
62.98618189405547,31.0
63.315411525225876,31.0
63.64636204416533,31.1
63.979042445977655,31.1
64.31346177278421,31.2
64.64962911396958,31.2
64.98755360642885,31.3
65.32724443481563,31.3
65.66871083179183,31.4
66.01196207827876,31.4
66.35700750370908,31.5
66.7038564862806,31.6
67.05251845321108,31.7
67.40300288099445,31.7
67.75531929565844,31.8
68.1094772730234,31.9
68.46548643896274,32.1
68.82335646966433,32.3
69.18309709189363,32.4
69.54471808325809,32.5
69.90822927247277,32.5
70.27364053962762,32.5
70.6409618164559,32.6
71.01020308660422,32.6
71.38137438590384,32.7
71.75448580264342,32.8
72.12954747784322,32.9
72.50656960553087,32.9
72.88556243301818,33.0
73.26653626117992,33.2
73.64950144473359,33.3
74.03446839252094,33.3
74.42144756779092,33.4
74.810449488484,33.4
75.20148472751808,33.5
75.59456391307583,33.5
75.98969772889355,33.5
76.38689691455168,33.5
76.78617226576647,33.6
77.18753463468363,33.6
77.59099493017311,33.7
77.99656411812569,33.7
78.404253221751,33.8
78.8140733218772,33.8
79.226035557252,33.9
79.64015112484554,33.9
80.05643128015467,34.0
80.47488733750892,34.1
80.89553067037787,34.2
81.31837271168051,34.2
81.74342495409579,34.2
82.170698950375,34.2
82.60020631365589,34.2
83.03195871777821,34.3
83.46596789760103,34.4
83.90224564932171,34.5
84.34080383079642,34.6
84.78165436186265,34.7
85.22480922466286,34.7
85.67028046397054,34.7
86.11808018751721,34.7
86.56822056632171,34.7
87.020713835021,34.7
87.47557229220259,34.8
87.93280830073893,34.9
88.39243428812335,34.9
88.85446274680783,34.9
89.31890623454267,34.9
89.78577737471758,34.9
90.25508885670492,34.9
90.72685343620469,34.9
91.20108393559097,34.9
91.67779324426061,34.9
92.15699431898352,35.0
92.63870018425483,35.0
93.12292393264887,35.0
93.60967872517497,35.0
94.09897779163542,35.0
94.5908344309847,35.0
95.0852620116911,35.0
95.58227397210023,35.0
96.08188382079996,35.0
96.5841051369878,35.0
97.08895157083991,35.0
97.59643684388209,35.0
98.10657474936274,35.0
98.61937915262773,35.0
99.13486399149741,35.0
99.65304327664518,35.0
100.17393109197839,35.0
100.69754159502135,35.0
101.22388901729977,35.0
101.75298766472777,35.0
102.28485191799675,35.0
102.81949623296607,35.0
103.35693514105618,35.0
103.89718324964329,35.0
104.44025524245698,35.0
104.98616587997819,35.0
105.53492999984189,35.0
106.08656251723878,35.0
106.64107842532215,35.0
107.19849279561431,35.0
107.75882077841675,35.0
108.32207760322176,35.0
108.88827857912626,35.0
109.45743909524856,35.0
110.02957462114523,35.0
110.60470070723336,35.0
111.18283298521138,35.0
111.76398716848561,35.0
112.3481790525961,35.0
112.93542451564652,34.9
113.5257395187356,34.9
114.11914010639099,34.9
114.71564240700522,34.9
115.3152626332741,34.9
115.91801708263789,34.9
116.52392213772293,34.9
117.13299426678874,34.9
117.74525002417371,34.9
118.36070605074681,34.9
118.97937907435858,34.9
119.60128591029638,34.9
120.22644346174131,34.9
120.85486872022751,34.8
121.4865787661046,34.8
122.12159076900052,34.7
122.75992198829012,34.7
123.40158977356222,34.7
124.04661156509306,34.7
124.69500489431896,34.7
125.34678738431336,34.7
126.00197675026583,34.7
126.6605907999634,34.7
127.3226474342747,34.7
127.98816464763628,34.6
128.6571605285424,34.5
129.32965326003517,34.5
130.00566112020084,34.5
130.68520248266435,34.5
131.36829581709074,34.5
132.05495968968575,34.5
132.74521276370103,34.4
133.43907379994133,34.3
134.1365616572744,34.2
134.83769529314347,34.2
135.54249376408254,34.2
136.25097622623485,34.2
136.96316193587217,34.2
137.67907024992007,34.2
138.39872062648203,34.2
139.1221326253702,34.2
139.84932590863562,34.1
140.58032024110324,34.1
141.31513549090906,34.0
142.05379163003997,34.0
142.7963087348772,34.0
143.5427069867405,34.0
144.29300667243896,34.0
145.04722818481977,34.0
145.80539202332486,34.0
146.56751879454652,33.9
147.333629212788,33.8
148.1037441006266,33.8
148.87788438947953,33.8
149.65607112017267,33.8
150.43832544351253,33.8
151.2246686208618,33.7
152.01512202471548,33.7
152.80970713928414,33.7
153.6084455610754,33.7
154.41135899948313,33.7
155.218469277376,33.7
156.02979833169113,33.7
156.8453682140304,33.7
157.66520109125955,33.7
158.48931924611142,33.7
159.3177450777899,33.7
160.15050110258113,33.7
160.9876099544629,33.6
161.82909438572216,33.5
162.67497726757185,33.5
163.52528159077312,33.5
164.38003046626017,33.5
165.23924712576837,33.5
166.1029549224657,33.5
166.97117733158728,33.5
167.8439379510743,33.5
168.72126050221348,33.5
169.60316883028446,33.4
170.48968690520502,33.3
171.38083882218535,33.3
172.27664880238083,33.3
173.17714119355136,33.3
174.08234047072295,33.3
174.99227123685273,33.2
175.9069582234984,33.1
176.82642629148881,33.0
177.75070043160196,33.0
178.67980576524164,33.0
179.61376754512278,33.0
180.55261115595593,32.9
181.49636211513797,32.8
182.44504607344558,32.8
183.39868881573247,32.8
184.35731626163007,32.8
185.3209544662519,32.8
186.28962962090262,32.8
187.26336805378796,32.8
188.24219623073301,32.8
189.2261407558986,32.8
190.21522837250714,32.7
191.20948596356752,32.6
192.20894055260666,32.6
193.21361930440384,32.6
194.22354952572874,32.6
195.2387586660848,32.6
196.25927431845295,32.6
197.28512422004457,32.6
198.31633625305224,32.6
199.35293844541056,32.5
200.39495897155572,32.5
201.4424261531923,32.5
202.4953684600627,32.5
203.55381451072122,32.5
204.6177930733116,32.5
205.6873330663489,32.4
206.76246355950653,32.4
207.84321377440395,32.3
208.92961308540407,32.3
210.02169102040844,32.3
211.11947726166272,32.3
212.22300164656127,32.3
213.33229416845913,32.2
214.447384977487,32.1
215.5683043813707,32.1
216.69508284625502,32.1
217.8277509975314,32.1
218.9663396206716,32.1
220.1108796620618,32.0
221.26140222984722,31.9
222.41793859477394,31.8
223.5805201910423,31.7
224.74917861715863,31.6
225.9239456367954,31.6
227.10485317965416,31.6
228.29193334233327,31.6
229.48521838920135,31.6
230.68474075327168,31.6
231.89053303708724,31.6
233.102628013603,31.6
234.32105862708036,31.6
235.5458579939798,31.6
236.77705940386227,31.6
238.0146963202937,31.6
239.25880238175446,31.6
240.50941140255387,31.6
241.76655737374873,31.6
243.03027446406858,31.6
244.30059702084168,31.6
245.57755957093218,31.6
246.86119682167464,31.6
248.1515436618211,31.6
249.44863516248657,31.6
250.75250657810346,31.5
252.0631933473797,31.5
253.3807310942614,31.4
254.7051556289027,31.4
256.03650294863604,31.4
257.3748092389545,31.4
258.72011087449107,31.3
260.0724444200114,31.3
261.4318466314045,31.2
262.79835445668317,31.2
264.17200503698814,31.2
265.5528357075972,31.2
266.94088399894025,31.2
268.336187637619,31.2
269.7387845474336,31.2
271.1487128504106,31.3
272.56601086784315,31.3
273.9907171213279,31.4
275.4228703338166,31.6
276.86250943066517,31.7
278.30967354069315,31.8
279.764401997247,31.9
281.2267343392687,32.0
282.6967103123723,32.0
284.1743698699204,32.1
285.65975317411466,32.1
287.152900597083,32.1
288.6538527219809,32.1
290.16265034409145,32.1
291.67933447193553,32.1
293.203946328386,32.1
294.7365273517884,32.1
296.27711919708696,32.1
297.8257637369567,32.1
299.38250306294265,32.1
300.947379486601,32.1
302.52043554065347,32.1
304.1017139801383,32.0
305.69125778357716,31.9
307.2891101541398,31.8
308.8953145208197,31.8
310.5099145396145,31.8
312.1329540947119,31.8
313.76447729968413,31.7
315.40452849868336,31.6
317.0531522676519,31.6
318.71039341552853,31.6
320.3762969854716,31.6
322.05090825607795,31.6
323.7342727426186,31.6
325.4264361982722,31.5
327.1274446153702,31.5
328.83734422664674,31.4
330.55618150649445,31.4
332.28400317222986,31.4
334.02085618535915,31.4
335.76678775285944,31.4
337.52184532845695,31.4
339.28607661392135,31.4
341.0595295603587,31.3
342.84225236951676,31.2
344.63429349509414,31.2
346.4357016440579,31.2
348.24652577796684,31.2
350.06681511430224,31.2
351.8966191278073,31.2
353.7359875518278,31.2
355.5849703796693,31.2
357.44361786595016,31.2
359.3119805279728,31.2
361.1901091470929,31.2
363.0780547701014,31.2
364.9758687106112,31.2
366.8836025504522,31.2
368.80130814107446,31.2
370.72903760495365,31.1
372.66684333701346,31.1
374.6147780060434,31.1
376.57289455613636,31.1
378.54124620812286,31.1
380.5198864610201,31.1
382.50886909348526,31.1
384.5082481652772,31.1
386.51807801872604,31.1
388.53841328020957,31.1
390.56930886163985,31.1
392.6108199619517,31.1
394.6630020686084,31.0
396.7259109591041,30.9
398.7996027024853,30.9
400.8841336608706,30.9
402.9795604909844,30.9
405.0859401456969,30.9
407.20332987557106,30.9
409.331787230421,30.9
411.4713700608718,30.9
413.6221365199375,30.9
415.78414506459575,30.8
417.95745445738237,30.7
420.1421237679842,30.7
422.33821237484636,30.7
424.5457799667861,30.7
426.76488654461485,30.7
428.9955924227691,30.7
431.23795823094935,30.7
433.49204491576995,30.7
435.7579137424112,30.7
438.0356262962907,30.7
440.3252444847303,30.7
442.62683053864555,30.6
444.9404470142319,30.5
447.2661567946673,30.4
449.60402309182115,30.4
451.9541094479714,30.4
454.3164797375345,30.4
456.6911981687959,30.4
459.0783292856624,30.4
461.4779379694089,30.4
463.89008944044906,30.4
466.31484926010245,30.4
468.7522833323791,30.4
471.20245790577025,30.4
473.6654395750488,30.4
476.14129528307956,30.4
478.630092322638,30.4
481.1318983382419,30.4
483.6467813279844,30.4
486.1748096453894,30.4
488.7160520012619,30.3
491.27057746556244,30.2
493.8384554692794,30.2
496.4197558063182,30.2
499.01454863539806,30.2
501.6229044819588,30.2
504.24489424007766,30.2
506.88058917439554,30.2
509.53006092205686,30.2
512.1933814946506,30.2
514.8706232801756,30.2
517.5618590449992,30.2
520.2671619358439,30.2
522.9866054817683,30.2
525.7202635961694,30.2
528.4682105787901,30.2
531.230521117739,30.2
534.0072702915224,30.2
536.7985335710792,30.2
539.6043868218401,30.2
542.4249063057814,30.2
545.2601686835053,30.2
548.1102510163182,30.1
550.9752307683272,30.1
553.8551858085453,30.0
556.7501944130083,30.0
559.6603352669016,30.0
562.5856874666987,30.0
565.5263305223134,30.0
568.4823443592555,30.0
571.4538093208106,30.0
574.4408061702153,30.0
577.4434160928608,30.0
580.4617206984933,30.0
583.4958020234345,30.0
586.5457425328113,30.0
589.6116251227962,30.0
592.6935331228639,30.0
595.7915502980484,30.0
598.9057608512304,30.0
602.0362494254149,30.0
605.1831011060411,30.0
608.3464014232891,30.0
611.5262363544065,30.0
614.7226923260454,30.0
617.9358562166111,30.0
621.1658153586235,30.0
624.4126575410903,30.0
627.6764710118958,30.0
630.957344480193,30.0
634.2553671188238,30.0
637.5706285667327,30.0
640.9032189314127,30.0
644.2532287913472,30.0
647.6207491984753,30.0
651.0058716806659,30.0
654.4086882442045,30.0
657.8292913762976,30.0
661.2677740475787,30.0
664.7242297146454,30.0
668.1987523225889,30.0
671.6914363075575,30.0
675.2023765993158,30.0
678.7316686238282,30.1
682.2794083058518,30.2
685.8456920715438,30.2
689.4306168510824,30.2
693.0342800813003,30.2
696.6567797083366,30.2
700.2982141902914,30.2
703.9586824999124,30.2
707.6382841272731,30.2
711.3371190824884,30.2
715.0552878984242,30.2
718.7928916334344,30.2
722.5500318741055,30.2
726.3268107380181,30.2
730.123330876526,30.2
733.9396954775374,30.3
737.7760082683312,30.3
741.6323735183645,30.4
745.508896042117,30.4
749.4056812019327,30.4
753.3228349108862,30.4
757.2604636356614,30.4
761.2186743994453,30.4
765.1975747848361,30.6
769.1972729367671,30.7
773.2178775654501,30.7
777.2594979493206,30.7
781.3222439380205,30.7
785.406225955371,30.7
789.5115550023859,30.7
793.6383426602791,30.7
797.7867010935024,30.7
801.9567430527921,30.7
806.1485818782347,30.7
810.3623315023465,30.8
814.59810645317,30.9
818.8560218573906,30.9
823.1361934434566,30.9
827.4387375447371,30.9
831.7637711026708,30.9
836.1114116699566,30.9
840.4817774137397,31.0
844.8749871188272,31.1
849.2911601909162,31.1
853.7304166598383,31.1
858.1928771828257,31.1
862.6786630477819,31.1
867.1878961765907,31.1
871.7206991284164,31.1
876.2771951030477,31.1
880.8575079442367,31.1
885.4617621430697,31.2
890.0900828413493,31.2
894.742595834996,31.2
899.4194275774676,31.2
904.1207051831946,31.2
908.8465564310401,31.2
913.5971097677627,31.2
918.3724943115215,31.2
923.1728398553701,31.3
927.998276870799,31.3
932.8489365112713,31.4
937.7249506157918,31.4
942.6264517124897,31.4
947.5535730222193,31.4
952.5064484621864,31.4
957.4852126495767,31.4
962.4900009052299,31.4
967.5209492573013,31.4
972.5781944449744,31.5
977.6618739221665,31.6
982.772125861269,31.6
987.9090891569025,31.6
993.0729034296917,31.6
998.26370903006,31.6
1003.4816470420445,31.6
1008.7268592871307,31.6
1013.9994883281055,31.6
1019.2996774729368,31.6
1024.627570778662,31.6
1029.9833130553077,31.6
1035.3670498698243,31.6
1040.778927550043,31.6
1046.219093188652,31.6
1051.687694647196,31.6
1057.1848805600926,31.6
1062.7108003386745,31.6
1068.2656041752484,31.6
1073.849443047181,31.6
1079.4624687209969,31.6
1085.104833756507,31.6
1090.7766915109553,31.6
1096.4781961431852,31.6
1102.2095026178308,31.6
1107.9707667095288,31.6
1113.7621450071517,31.6
1119.5837949180645,31.6
1125.4358746724013,31.6
1131.3185433273702,31.6
1137.231960771571,31.6
1143.1762877293438,31.6
1149.1516857651375,31.6
1155.1583172879002,31.6
1161.1963455554942,31.5
1167.2659346791324,31.4
1173.3672496278396,31.4
1179.5004562329357,31.4
1185.6657211925422,31.4
1191.8632120761172,31.3
1198.0930973290035,31.2
1204.355546277011,31.2
1210.650729131018,31.2
1216.9788169915967,31.2
1223.3399818536654,31.2
1229.7343966111616,31.1
1236.162235061742,31.1
1242.6236719115057,31.1
1249.1188827797416,31.1
1255.6480442037073,31.0
1262.2113336434193,31.0
1268.8089294864806,30.9
1275.4410110529293,30.8
1282.1077586001115,30.8
1288.8093533275808,30.7
1295.5459773820237,30.6
1302.3178138622095,30.5
1309.1250468239675,30.4
1315.967861285188,30.4
1322.8464432308563,30.4
1329.7609796180998,30.4
1336.7116583812742,30.3
1343.6986684370715,30.3
1350.7221996896535,30.2
1357.782443035813,30.2
1364.879590370164,30.1
1372.0138345903551,30.0
1379.1853696023147,29.9
1386.3943903255179,29.7
1393.6410926982915,29.6
1400.9256736831292,29.5
1408.248331272053,29.4
1415.6092644919916,29.3
1423.0086734101894,29.2
1430.4467591396458,29.0
1437.9237238445805,28.8
1445.439770745928,28.7
1452.9951041268616,28.6
1460.589929338344,28.5
1468.224452804715,28.5
1475.898882029292,28.5
1483.6134256000173,28.5
1491.3682931951248,28.5
1499.1636955888393,28.5
1506.999844657106,28.4
1514.8769533833477,28.2
1522.7952358642551,28.0
1530.754907315605,27.8
1538.7561840781082,27.7
1546.799283623296,27.6
1554.8844245594228,27.5
1563.0118266374113,27.1
1571.181710756826,26.8
1579.3942989718767,26.6
1587.649814497453,26.6
1595.9484817151922,26.7
1604.2905261795772,26.9
1612.6761746240677,27.1
1621.1056549672617,27.3
1629.5791963190893,27.4
1638.097028987047,27.6
1646.6593844824454,27.9
1655.266495526711,29.1
1663.9185960577072,30.4
1672.6159212360947,30.7
1681.3587074517213,30.9
1690.1471923300487,31.1
1698.9816147386093,31.3
1707.8622147934998,31.6
1716.789233865905,32.2
1725.7629145886658,32.6
1734.7835008628629,32.7
1743.8512378644525,32.9
1752.9663720509295,33.1
1762.1291511680254,33.5
1771.3398242564415,33.9
1780.598641658619,34.2
1789.9058550255418,34.3
1799.2617173235774,34.5
1808.6664828413498,34.6
1818.1204071966588,34.7
1827.6237473434162,34.8
1837.1767615786375,34.9
1846.7797095494598,35.0
1856.4328522602,35.1
1866.1364520794475,35.2
1875.8907727471963,35.3
1885.6960793820124,35.4
1895.552638488241,35.4
1905.4607179632462,35.4
1915.4205871047022,35.3
1925.4325166178992,35.3
1935.4967786231095,35.2
1945.6136466629825,35.2
1955.783395709978,35.1
1966.006302173841,35.0
1976.282643909114,34.9
1986.6127002226892,34.6
1996.996751881399,34.2
2007.4350811196462,34.1
2017.927971647083,33.9
2028.4757086563097,33.7
2039.078578830634,33.5
2049.736870351861,33.4
2060.4508729081267,33.3
2071.22087770177,33.0
2082.0471774572497,32.7
2092.9300664290977,32.5
2103.8698404099196,32.4
2114.8667967384304,32.3
2125.9212343075446,32.0
2137.0334535724887,31.6
2148.2037565589744,31.4
2159.4324468714053,31.3
2170.71982970113,31.2
2182.0662118347364,31.1
2193.4719016623894,30.9
2204.937209186215,30.7
2216.4624460287228,30.5
2228.0479254412767,30.3
2239.6939623126154,30.1
2251.4008731773993,30.0
2263.168976224821,29.7
2274.9985913072546,29.4
2286.890039948944,29.2
2298.843645354747,29.1
2310.8597324189163,28.9
2322.9386277339318,28.8
2335.0806595993763,28.4
2347.2861580308577,27.9
2359.5554547689862,27.7
2371.8888832883777,27.6
2384.2867788067265,27.5
2396.7494782939148,27.4
2409.2773204811715,27.1
2421.8706458702773,26.6
2434.5297967428205,26.2
2447.2551171695004,26.0
2460.0469530194778,25.7
2472.905651969775,25.5
2485.8315635147337,25.3
2498.825038975499,25.1
2511.88643150958,24.9
2525.0160961204438,24.7
2538.2143896671673,24.5
2551.481670874133,24.4
2564.8183003407817,24.2
2578.224640551411,24.0
2591.7010558850307,23.9
2605.247912625263,23.8
2618.8655789702975,23.6
2632.5544250429093,23.5
2646.314822900502,23.4
2660.14714654523,23.3
2674.051771934164,23.1
2688.029076989506,22.9
2702.079441608862,22.7
2716.20324767557,22.6
2730.400879069075,22.5
2744.6727216753675,22.4
2759.0191633974646,22.2
2773.440594165967,22.0
2787.9374059496395,21.8
2802.509992766076,21.7
2817.1587506924047,21.6
2831.8840778760564,21.5
2846.686374545581,21.3
2861.5660430215316,21.1
2876.5234877273942,20.9
2891.5591152005823,20.7
2906.6733341034837,20.6
2921.8665552345788,20.5
2937.139191539587,20.4
2952.4916581227058,20.1
2967.9243722578863,20.0
2983.4377534001765,20.0
2999.0322231971227,20.0
3014.7082055002275,20.0
3030.466126376471,20.0
3046.306414119893,19.9
3062.229499263226,19.9
3078.2358145896155,19.9
3094.325795144359,19.9
3110.4998782467446,19.9
3126.7585035019356,19.9
3143.1021128129173,19.9
3159.5311503925072,19.9
3176.0460627754296,19.9
3192.6472988304513,19.9
3209.335309772584,20.0
3226.1105491753406,20.0
3242.973472983081,20.0
3259.924539523382,20.0
3276.9642095195077,20.0
3294.0929461029286,19.9
3311.311214825911,19.9
3328.6194836741684,19.9
3346.018223079582,19.9
3363.507905932988,19.9
3381.089007597027,19.8
3398.762005919066,19.7
3416.527381244194,19.6
3434.385616428264,19.6
3452.337196851022,19.5
3470.382610429304,19.5
3488.5223476302926,19.4
3506.7569014848486,19.3
3525.0867676009134,19.1
3543.512444176976,19.0
3562.034432015617,18.9
3580.6532345371147,18.8
3599.369357793143,18.5
3618.1833104805046,18.2
3637.095603954969,17.9
3656.1067522451726,17.7
3675.2172720665826,17.6
3694.4276828355482,17.4
3713.738506683413,17.0
3733.1502684707093,16.7
3752.6634958014215,16.5
3772.2787190373247,16.3
3791.9964713124127,16.2
3811.817288547367,15.9
3831.7417094641373,15.6
3851.7702756005806,15.2
3871.9035313251793,14.9
3892.1420238518376,14.8
3912.4863032547537,14.7
3932.936922483372,14.6
3953.4944373774106,14.5
3974.1594066819653,14.4
3994.9323920627126,14.2
4015.8139581211503,14.0
4036.8046724099613,13.8
4057.9051054484326,13.7
4079.115830737964,13.6
4100.437424777656,13.5
4121.870467079975,13.4
4143.41554018651,13.0
4165.0732296838005,12.2
4186.844124219257,11.6
4208.728815517151,11.3
4230.72789839472,11.1
4252.841970778305,10.9
4275.071633719623,11.1
4297.417491412092,11.4
4319.880151207261,12.0
4342.460223631314,12.7
4365.158322401661,13.1
4387.975064443623,13.5
4410.911069907196,13.8
4433.9669621839075,14.3
4457.1433679237725,15.1
4480.4409170523,16.0
4503.860242787635,16.4
4527.40198165776,16.7
4551.0667735177985,17.0
4574.855261567406,17.5
4598.768092368251,18.0
4622.80591586159,18.1
4646.969385385929,18.2
4671.25915769478,18.3
4695.675892974527,18.3
4720.220254862348,18.3
4744.892910464259,18.3
4769.694530373255,18.3
4794.625788687525,18.2
4819.68736302878,18.1
4844.87993456067,18.0
4870.204188007296,17.8
4895.660811671819,17.7
4921.250497455168,17.6
4946.973940874864,17.4
4972.8318410838865,17.3
4998.824900889706,17.2
5024.953826773381,16.9
5051.219328908747,16.6
5077.622121181736,16.6
5104.162921209768,16.5
5130.842450361258,16.5
5157.661433775227,16.4
5184.620600380999,16.3
5211.720682918039,16.1
5238.962417955835,15.9
5266.346545913939,15.6
5293.873811082085,15.4
5321.544961640422,15.2
5349.360749679845,15.2
5377.321931222439,15.1
5405.429266242027,15.0
5433.683518684824,15.0
5462.085456490198,14.9
5490.635851611563,14.9
5519.335480037329,14.8
5548.185121812011,14.4
5577.185561057427,13.7
5606.337585994012,13.2
5635.641988962242,12.8
5665.0995664441625,12.6
5694.7111190850455,12.4
5724.477451715144,12.0
5754.399373371566,10.7
5784.477697320285,9.6
5814.713241078208,9.5
5845.10682643542,9.6
5875.659279477514,9.7
5906.371430608045,9.7
5937.244114571097,9.7
5968.278170473975,9.7
5999.4744418100045,9.7
6030.833776481469,9.7
6062.357026822636,9.7
6094.045049622959,9.8
6125.898706150321,9.8
6157.918862174471,10.0
6190.106387990547,10.2
6222.462158442733,10.4
6254.987052948034,10.5
6287.681955520183,10.7
6320.547754793659,10.8
6353.585344047851,10.9
6386.795621231329,11.0
6420.179488986247,11.1
6453.7378546729,11.2
6487.471630394349,11.2
6521.381733021235,11.1
6555.469084216698,11.1
6589.734610461422,11.1
6624.179243078815,11.1
6658.80391826033,11.2
6693.609577090902,11.8
6728.597165574533,12.5
6763.767634659991,12.9
6799.1219402666875,13.2
6834.661043310619,13.5
6870.385909730507,14.2
6906.297510514049,14.7
6942.39682172431,14.8
6978.684824526248,15.1
7015.162505213385,15.4
7051.830855234612,15.8
7088.690871221135,16.8
7125.7435550135615,17.7
7162.989913689153,18.0
7200.430959589155,18.2
7238.067710346342,18.4
7275.901188912673,18.5
7313.932423587085,18.7
7352.162448043451,18.9
7390.59230135867,19.2
7429.22302804091,19.6
7468.055678057999,19.7
7507.091306865953,20.0
7546.330975437692,20.8
7585.775750291836,21.4
7625.426703521717,21.7
7665.284912824515,22.0
7705.351461530549,22.2
7745.627438632719,22.4
7786.113938816104,22.5
7826.81206248772,22.6
7867.722915806424,22.6
7908.847610712972,22.6
7950.187264960275,22.5
7991.743002143727,22.5
8033.515951731782,22.4
8075.507249096639,22.1
8117.718035545101,21.7
8160.149458349601,21.5
8202.80267077938,21.5
8245.67883213183,21.4
8288.77910776401,21.3
8332.104669124305,20.8
8375.656693784302,20.0
8419.436365470749,19.5
8463.444874097753,19.3
8507.683415799123,19.0
8552.153192960874,18.8
8596.855414253905,18.2
8641.791294666864,17.4
8686.962055539152,16.8
8732.36892459413,16.5
8778.01313597248,16.2
8823.895930265779,16.0
8870.018554550163,15.5
8916.382262420266,14.9
8962.988314023276,14.6
9009.83797609319,14.5
9056.932521985234,14.5
9104.273231710486,14.6
9151.861391970657,14.9
9199.698296193066,15.4
9247.785244565785,15.8
9296.12354407301,15.9
9344.714508530542,15.9
9393.559458621517,15.9
9442.659721932305,15.8
9492.016632988581,15.3
9541.631533291613,14.8
9591.505771354708,15.5
9641.64070273987,16.5
9692.037690094652,16.6
9742.698103189163,16.5
9793.623318953358,16.4
9844.814721514387,16.2
9896.27370223427,16.1
9948.001659747684,15.8
10000.0,15.3
10052.270136285486,15.0
10104.813489285681,14.8
10157.6314871081,14.0
10210.725565324987,13.2
10264.09716701231,13.0
10317.747742788988,12.9
10371.678750856474,13.0
10425.891657038128,13.2
10480.387934819217,13.4
10535.16906538697,13.5
10590.236537670813,13.6
10645.591848382772,13.7
10701.236502058211,13.8
10757.172011096769,13.8
10813.399895803414,13.7
10869.921684429703,13.6
10926.73891321545,13.5
10983.85312643042,13.3
11041.265876416248,13.1
11098.978723628681,12.9
11156.993236680037,12.1
11215.310992381786,11.0
11273.933575787378,10.3
11332.862580235347,9.8
11392.099607392682,9.5
11451.646267298307,9.3
11511.504178406769,8.9
11571.674967632372,8.9
11632.16027039332,9.2
11692.961730656129,9.4
11754.08100098034,9.6
11815.519742563505,9.7
11877.27962528627,9.6
11939.362327757724,9.4
12001.76953736107,9.2
12064.50295029953,9.0
12127.56427164241,8.6
12190.95521537136,8.1
12254.677504427105,7.9
12318.732870756214,7.7
12383.123055358106,7.1
12447.849808332432,6.6
12512.914888926687,6.6
12578.320065583976,6.6
12644.067115991029,6.6
12710.157827126544,6.5
12776.593995309939,6.3
12843.377426249857,6.1
12910.50993509343,6.4
12977.99334647565,7.2
13045.829494568892,7.6
13114.020223132724,7.9
13182.567385564074,8.1
13251.472844947652,8.3
13320.738474106534,8.5
13390.366155652993,8.6
13460.35778203982,8.7
13530.715255611682,8.8
13601.440488656775,9.0
13672.535403458849,9.2
13744.001932349513,9.5
13815.842017760702,9.7
13888.057612277411,10.0
13960.650678690825,10.3
14033.62319005172,10.4
14106.977129724035,10.4
14180.714491438697,10.5
14254.837279347976,10.7
14329.347508079869,12.3
14404.247202792812,14.2
14479.538399230763,16.2
14555.223143778607,18.3
14631.303493517702,19.0
14707.78151628175,19.6
14784.65929071304,21.1
14861.938906319014,22.3
14939.622463529,22.4
15017.712073751207,22.5
15096.209859430292,22.6
15175.117954104964,22.5
15254.438502465904,22.3
15334.173660414117,21.9
15414.325595119602,21.7
15494.896485080177,21.5
15575.88852018064,20.6
15657.303901752315,19.5
15739.1448426331,19.0
15821.413567227246,18.4
15904.112311566014,18.0
15987.243323368504,17.7
16070.808862102673,17.3
16154.811199046684,16.9
16239.252617350698,16.7
16324.135412099,16.5
16409.461890372313,16.3
16495.23437131044,16.2
16581.455186175313,16.0
16668.12667841462,15.8
16755.251203725067,15.5
