10.0,10.4
10.052270136285475,10.4
10.104813489285682,10.4
10.157631487108103,10.5
10.210725565324982,10.5
10.264097167012295,10.6
10.317747742789004,10.7
10.371678750856479,10.8
10.425891657038118,10.8
10.480387934819216,10.8
10.535169065386981,10.8
10.590236537670812,10.8
10.64559184838276,10.9
10.701236502058206,11.0
10.757172011096776,11.1
10.813399895803409,11.2
10.869921684429707,11.2
10.926738913215466,11.3
10.98385312643042,11.3
11.041265876416237,11.3
11.098978723628681,11.3
11.156993236680048,11.4
11.215310992381788,11.4
11.27393357578736,11.5
11.332862580235341,11.5
11.392099607392687,11.6
11.451646267298301,11.6
11.511504178406776,11.6
11.571674967632385,11.6
11.632160270393321,11.6
11.692961730656117,11.7
11.75408100098034,11.7
11.815519742563518,11.8
11.87727962528627,11.9
11.939362327757706,12.0
12.001769537361062,12.1
12.064502950299536,12.2
12.127564271642404,12.3
12.190955215371359,12.3
12.254677504427118,12.3
12.318732870756214,12.3
12.383123055358094,12.4
12.447849808332432,12.4
12.5129148889267,12.5
12.578320065583968,12.6
12.644067115991009,12.7
12.710157827126565,12.7
12.776593995309947,12.7
12.843377426249843,12.7
12.910509935093431,12.7
12.977993346475664,12.8
13.045829494568892,12.8
13.11402022313271,12.8
13.182567385564074,12.9
13.251472844947658,12.9
13.320738474106527,13.0
13.390366155653,13.0
13.460357782039841,13.0
13.530715255611682,13.0
13.601440488656761,13.1
13.672535403458848,13.1
13.744001932349526,13.2
13.815842017760701,13.2
13.888057612277397,13.3
13.960650678690818,13.4
14.033623190051728,13.5
14.10697712972403,13.6
14.180714491438705,13.6
14.25483727934799,13.7
14.32934750807987,13.7
14.404247202792797,13.8
14.479538399230764,13.9
14.55522314377862,13.9
14.631303493517702,14.0
14.707781516281727,14.0
14.784659290713032,14.1
14.861938906319022,14.1
14.939622463528993,14.1
15.017712073751214,14.1
15.096209859430308,14.1
15.175117954104964,14.1
15.254438502465888,14.2
15.334173660414118,14.2
15.414325595119617,14.3
15.494896485080169,14.4
15.575888520180618,14.5
15.65730390175234,14.5
15.73914484263311,14.6
15.821413567227237,14.6
15.904112311566013,14.6
15.98724332336852,14.6
16.070808862102673,14.7
16.154811199046666,14.8
16.239252617350697,14.9
16.324135412099007,15.0
16.409461890372306,15.1
16.495234371310413,15.2
16.58145518617534,15.2
16.668126678414627,15.3
16.755251203725052,15.3
16.84283113011666,15.3
16.930868837977105,15.3
17.01936672013636,15.3
17.108327181931763,15.4
17.197752641273365,15.4
17.28764552870969,15.5
17.378008287493753,15.5
17.4688433736495,15.6
17.560153256038525,15.7
17.651940416427212,15.8
17.744207349554188,15.8
17.836956563198083,15.8
17.93019057824573,15.8
18.023911928760675,15.8
18.118123162052047,16.0
18.21282683874379,16.1
18.30802553284428,16.1
18.403721831816252,16.2
18.499918336647156,16.2
18.59661766191982,16.3
18.69382243588356,16.3
18.791535300525574,16.3
18.889758911642755,16.3
18.98849593891389,16.4
19.08774906597221,16.4
19.187520990478333,16.5
19.287814424193606,16.5
19.388632093053765,16.6
19.48997673724305,16.6
19.591851111268685,16.7
19.69425798403576,16.7
19.79720013892245,16.8
19.90068037385568,16.8
20.004701501387192,16.8
20.109266348769967,16.9
20.214377758035074,17.0
20.320038586068932,17.1
20.426251704690927,17.1
20.533020000731486,17.2
20.64034637611054,17.3
20.748233747916412,17.3
20.856685048485062,17.3
20.965703225479817,17.3
21.075291241971485,17.4
21.185452076518878,17.4
21.296188723249774,17.5
21.407504191942323,17.6
21.519401508106792,17.6
21.631883713067854,17.7
21.744953864047204,17.7
21.858615034246718,17.8
21.972870312931903,17.8
22.087722805515906,17.8
22.203175633643916,17.8
22.319231935278008,17.8
22.435894864782412,17.9
22.553167593009288,17.9
22.671053307384867,18.0
22.789555211996095,18.1
22.908676527677724,18.2
23.028420492099883,18.3
23.148790359856015,18.3
23.26978940255137,18.4
23.391420908891938,18.4
23.51368818477381,18.4
23.63659455337303,18.4
23.760143355235964,18.5
23.884337948370025,18.5
24.009181708334992,18.6
24.134678028334722,18.7
24.260830319309434,18.8
24.387642010028344,18.9
24.515116547182902,19.0
24.64325739548046,19.1
24.772068037738443,19.1
24.901551974979007,19.1
25.031712726524198,19.1
25.162553830091625,19.1
25.294078841890578,19.1
25.426291336718684,19.2
25.559194908059133,19.2
25.692793168178262,19.3
25.827089748223784,19.3
25.96208829832347,19.4
26.097792487684362,19.4
26.234206004692496,19.4
26.371332557013133,19.4
26.5091758716916,19.5
26.647739695254497,19.5
26.787027793811582,19.6
26.9270439531581,19.7
27.06779197887776,19.8
27.209275696446046,19.9
27.351498951334275,20.0
27.494465609114105,20.0
27.638179555562576,20.1
27.782644696767733,20.1
27.92786495923483,20.1
28.07384428999299,20.1
28.220586656702505,20.2
28.368096047762684,20.2
28.516376472420284,20.3
28.66543196087842,20.3
28.815266564406134,20.4
28.965884355448516,20.4
29.11728942773738,20.5
29.26948589640251,20.6
29.42247789808359,20.6
29.57626959104251,20.6
29.730865155276486,20.6
29.88626879263161,20.7
30.04248472691713,20.7
30.19951720402016,20.8
30.357370492021133,20.9
30.516048881309793,21.0
30.675556684701824,21.1
30.835898237556027,21.2
30.99707789789224,21.2
31.15910004650967,21.3
31.321969087106055,21.4
31.485689446397288,21.4
31.650265574237824,21.5
31.815701943741516,21.5
31.98200305140326,21.5
32.14917341722119,21.5
32.31721758481955,21.5
32.486140121572134,21.6
32.655945618726484,21.6
32.82663869152868,21.7
32.99822397934869,21.8
33.170706145806605,21.8
33.34408987889928,21.9
33.51837989112781,21.9
33.69358091962557,22.0
33.86969772628702,22.0
34.04673509789711,22.1
34.224697846261364,22.2
34.40359080833668,22.3
34.58341884636283,22.3
34.764186847994516,22.4
34.94589972643436,22.4
35.12856242056629,22.5
35.312179895089876,22.6
35.496757140655234,22.7
35.68229917399868,22.7
35.86881103807908,22.7
36.05629780221492,22.7
36.24476456222205,22.7
36.434216440552284,22.7
36.6246585864325,22.8
36.81609617600466,22.8
37.00853441246656,22.9
37.2019785262131,22.9
37.39643377497855,23.0
37.591905443979435,23.0
37.788398846058186,23.0
37.985919321827524,23.1
38.184472239815605,23.2
38.384062996612016,23.2
38.584697017014335,23.2
38.786379754175634,23.2
38.98911668975273,23.2
39.1929133340551,23.3
39.39777522619469,23.4
39.60370793423646,23.4
39.810717055349734,23.4
40.0188082159603,23.4
40.227987071903335,23.6
40.43825930857721,23.7
40.64963064109788,23.7
40.8621068144543,23.7
41.075693603664625,23.7
41.29039681393302,23.8
41.506222280807584,23.9
41.72317587033889,23.9
41.94126347923944,23.9
42.16049103504393,23.9
42.38086449627034,23.9
42.60238985258197,23.9
42.825073124950116,23.9
43.04892036581776,24.0
43.27393765926414,24.0
43.500131121170035,24.1
43.727506899384,24.1
43.956071173889484,24.2
44.18583015697281,24.2
44.416790093392,24.2
44.648957260546474,24.2
44.88233796864779,24.3
45.116938560890986,24.3
45.35276541362708,24.4
45.58982493653644,24.4
45.82812357280281,24.5
46.067667799288614,24.6
46.308464126710895,24.7
46.55051909981832,24.7
46.793839297569036,24.8
47.03843133330949,24.9
47.28430185495417,25.0
47.531457545166376,25.1
47.77990512153967,25.1
48.02965133678067,25.2
48.28070297889241,25.2
48.53306687135893,25.3
48.78674987333074,25.3
49.041758879811184,25.4
49.298100821843896,25.5
49.55578266670119,25.6
49.81481141807335,25.6
50.07519411625915,25.7
50.336937838356974,25.7
50.60004969845742,25.8
50.86453684783644,25.8
51.13040647514984,25.8
51.39766580662862,25.9
51.66632210627541,25.9
51.93638267606184,26.0
52.20785485612707,26.1
52.48074602497726,26.1
52.75506359968615,26.2
53.030815036096584,26.3
53.308007829023246,26.3
53.58664951245627,26.3
53.866747659766084,26.3
54.148309883909214,26.4
54.431343837635225,26.4
54.7158572136947,26.5
55.00185774504835,26.5
55.28935320507712,26.6
55.57835140779364,26.6
55.86886020805435,26.6
56.160887501773274,26.6
56.45444122613637,26.6
56.74952935981742,26.7
57.04615992319485,26.8
57.34434097856969,26.8
57.64408063038476,26.8
57.94538702544487,26.8
58.24826835313831,26.9
58.552732845659456,26.9
58.85878877823242,27.0
59.166444469336014,27.1
59.475708280929936,27.2
59.786588618681876,27.2
60.0990939321961,27.3
60.41323271524305,27.3
60.72901350599024,27.4
61.046444887234294,27.4
61.365535486634215,27.5
61.686293976945976,27.5
62.008729076258064,27.5
62.332849548228545,27.5
62.658664202323344,27.5
62.98618189405547,27.6
63.315411525225876,27.7
63.64636204416533,27.7
63.979042445977655,27.7
64.31346177278421,27.7
64.64962911396958,27.7
64.98755360642885,27.8
65.32724443481563,27.8
65.66871083179183,27.8
66.01196207827876,27.8
66.35700750370908,27.8
66.7038564862806,27.8
67.05251845321108,27.9
67.40300288099445,28.0
67.75531929565844,28.0
68.1094772730234,28.0
68.46548643896274,28.0
68.82335646966433,28.0
69.18309709189363,28.0
69.54471808325809,28.1
69.90822927247277,28.2
70.27364053962762,28.2
70.6409618164559,28.2
71.01020308660422,28.2
71.38137438590384,28.2
71.75448580264342,28.2
72.12954747784322,28.3
72.50656960553087,28.4
72.88556243301818,28.4
73.26653626117992,28.4
73.64950144473359,28.4
74.03446839252094,28.4
74.42144756779092,28.4
74.810449488484,28.4
75.20148472751808,28.6
75.59456391307583,28.7
75.98969772889355,28.7
76.38689691455168,28.7
76.78617226576647,28.7
77.18753463468363,28.7
77.59099493017311,28.7
77.99656411812569,28.7
78.404253221751,28.7
78.8140733218772,28.8
79.226035557252,28.8
79.64015112484554,28.9
80.05643128015467,28.9
80.47488733750892,28.9
80.89553067037787,28.9
81.31837271168051,28.9
81.74342495409579,28.9
82.170698950375,28.9
82.60020631365589,28.9
83.03195871777821,28.9
83.46596789760103,29.0
83.90224564932171,29.1
84.34080383079642,29.1
84.78165436186265,29.1
85.22480922466286,29.1
85.67028046397054,29.1
86.11808018751721,29.1
86.56822056632171,29.1
87.020713835021,29.1
87.47557229220259,29.1
87.93280830073893,29.1
88.39243428812335,29.1
88.85446274680783,29.1
89.31890623454267,29.1
89.78577737471758,29.1
90.25508885670492,29.1
90.72685343620469,29.2
91.20108393559097,29.2
91.67779324426061,29.2
92.15699431898352,29.2
92.63870018425483,29.2
93.12292393264887,29.2
93.60967872517497,29.2
94.09897779163542,29.2
94.5908344309847,29.2
95.0852620116911,29.2
95.58227397210023,29.2
96.08188382079996,29.2
96.5841051369878,29.2
97.08895157083991,29.2
97.59643684388209,29.2
98.10657474936274,29.2
98.61937915262773,29.2
99.13486399149741,29.2
99.65304327664518,29.2
100.17393109197839,29.2
100.69754159502135,29.2
101.22388901729977,29.2
101.75298766472777,29.2
102.28485191799675,29.2
102.81949623296607,29.2
103.35693514105618,29.2
103.89718324964329,29.2
104.44025524245698,29.2
104.98616587997819,29.2
105.53492999984189,29.2
106.08656251723878,29.2
106.64107842532215,29.2
107.19849279561431,29.2
107.75882077841675,29.2
108.32207760322176,29.2
108.88827857912626,29.2
109.45743909524856,29.1
110.02957462114523,29.1
110.60470070723336,29.1
111.18283298521138,29.1
111.76398716848561,29.1
112.3481790525961,29.1
112.93542451564652,29.1
113.5257395187356,29.1
114.11914010639099,29.1
114.71564240700522,29.1
115.3152626332741,29.1
115.91801708263789,29.1
116.52392213772293,29.1
117.13299426678874,29.1
117.74525002417371,29.1
118.36070605074681,29.1
118.97937907435858,29.1
119.60128591029638,29.1
120.22644346174131,29.1
120.85486872022751,29.0
121.4865787661046,29.0
122.12159076900052,28.9
122.75992198829012,28.9
123.40158977356222,28.9
124.04661156509306,28.9
124.69500489431896,28.9
125.34678738431336,28.9
126.00197675026583,28.9
126.6605907999634,28.9
127.3226474342747,28.9
127.98816464763628,28.9
128.6571605285424,28.8
129.32965326003517,28.8
130.00566112020084,28.7
130.68520248266435,28.7
131.36829581709074,28.7
132.05495968968575,28.7
132.74521276370103,28.6
133.43907379994133,28.5
134.1365616572744,28.4
134.83769529314347,28.4
135.54249376408254,28.4
136.25097622623485,28.4
136.96316193587217,28.4
137.67907024992007,28.4
138.39872062648203,28.4
139.1221326253702,28.4
139.84932590863562,28.3
140.58032024110324,28.3
141.31513549090906,28.2
142.05379163003997,28.2
142.7963087348772,28.2
143.5427069867405,28.2
144.29300667243896,28.2
145.04722818481977,28.2
145.80539202332486,28.2
146.56751879454652,28.1
147.333629212788,28.0
148.1037441006266,28.0
148.87788438947953,28.0
149.65607112017267,28.0
150.43832544351253,28.0
151.2246686208618,28.0
152.01512202471548,28.0
152.80970713928414,27.9
153.6084455610754,27.8
154.41135899948313,27.8
155.218469277376,27.8
156.02979833169113,27.8
156.8453682140304,27.8
157.66520109125955,27.8
158.48931924611142,27.8
159.3177450777899,27.8
160.15050110258113,27.8
160.9876099544629,27.7
161.82909438572216,27.7
162.67497726757185,27.7
163.52528159077312,27.7
164.38003046626017,27.7
165.23924712576837,27.7
166.1029549224657,27.7
166.97117733158728,27.7
167.8439379510743,27.7
168.72126050221348,27.7
169.60316883028446,27.6
170.48968690520502,27.5
171.38083882218535,27.5
172.27664880238083,27.4
173.17714119355136,27.4
174.08234047072295,27.3
174.99227123685273,27.3
175.9069582234984,27.3
176.82642629148881,27.3
177.75070043160196,27.3
178.67980576524164,27.3
179.61376754512278,27.3
180.55261115595593,27.2
181.49636211513797,27.1
182.44504607344558,27.0
183.39868881573247,27.0
184.35731626163007,27.0
185.3209544662519,27.0
186.28962962090262,27.0
187.26336805378796,27.0
188.24219623073301,27.0
189.2261407558986,27.0
190.21522837250714,26.9
191.20948596356752,26.8
192.20894055260666,26.8
193.21361930440384,26.8
194.22354952572874,26.8
195.2387586660848,26.8
196.25927431845295,26.8
197.28512422004457,26.8
198.31633625305224,26.8
199.35293844541056,26.7
200.39495897155572,26.6
201.4424261531923,26.6
202.4953684600627,26.6
203.55381451072122,26.6
204.6177930733116,26.6
205.6873330663489,26.6
206.76246355950653,26.5
207.84321377440395,26.5
208.92961308540407,26.5
210.02169102040844,26.5
211.11947726166272,26.5
212.22300164656127,26.5
213.33229416845913,26.5
214.447384977487,26.5
215.5683043813707,26.5
216.69508284625502,26.4
217.8277509975314,26.4
218.9663396206716,26.3
220.1108796620618,26.3
221.26140222984722,26.3
222.41793859477394,26.3
223.5805201910423,26.3
224.74917861715863,26.3
225.9239456367954,26.3
227.10485317965416,26.3
228.29193334233327,26.3
229.48521838920135,26.3
230.68474075327168,26.2
231.89053303708724,26.2
233.102628013603,26.1
234.32105862708036,26.1
235.5458579939798,26.1
236.77705940386227,26.1
238.0146963202937,26.1
239.25880238175446,26.1
240.50941140255387,26.1
241.76655737374873,26.0
243.03027446406858,25.9
244.30059702084168,25.8
245.57755957093218,25.8
246.86119682167464,25.8
248.1515436618211,25.8
249.44863516248657,25.8
250.75250657810346,25.8
252.0631933473797,25.8
253.3807310942614,25.8
254.7051556289027,25.8
256.03650294863604,25.8
257.3748092389545,25.7
258.72011087449107,25.6
260.0724444200114,25.6
261.4318466314045,25.6
262.79835445668317,25.6
264.17200503698814,25.6
265.5528357075972,25.6
266.94088399894025,25.6
268.336187637619,25.6
269.7387845474336,25.6
271.1487128504106,25.6
272.56601086784315,25.5
273.9907171213279,25.5
275.4228703338166,25.4
276.86250943066517,25.4
278.30967354069315,25.4
279.764401997247,25.4
281.2267343392687,25.4
282.6967103123723,25.4
284.1743698699204,25.4
285.65975317411466,25.4
287.152900597083,25.4
288.6538527219809,25.3
290.16265034409145,25.3
291.67933447193553,25.3
293.203946328386,25.3
294.7365273517884,25.3
296.27711919708696,25.3
297.8257637369567,25.2
299.38250306294265,25.1
300.947379486601,25.1
302.52043554065347,25.1
304.1017139801383,25.1
305.69125778357716,25.1
307.2891101541398,25.1
308.8953145208197,25.1
310.5099145396145,25.1
312.1329540947119,25.1
313.76447729968413,25.0
315.40452849868336,24.9
317.0531522676519,24.9
318.71039341552853,24.9
320.3762969854716,24.9
322.05090825607795,24.9
323.7342727426186,24.9
325.4264361982722,24.8
327.1274446153702,24.7
328.83734422664674,24.6
330.55618150649445,24.6
332.28400317222986,24.6
334.02085618535915,24.6
335.76678775285944,24.6
337.52184532845695,24.6
339.28607661392135,24.6
341.0595295603587,24.6
342.84225236951676,24.6
344.63429349509414,24.6
346.4357016440579,24.5
348.24652577796684,24.5
350.06681511430224,24.4
351.8966191278073,24.4
353.7359875518278,24.4
355.5849703796693,24.4
357.44361786595016,24.4
359.3119805279728,24.4
361.1901091470929,24.4
363.0780547701014,24.4
364.9758687106112,24.4
366.8836025504522,24.4
368.80130814107446,24.4
370.72903760495365,24.3
372.66684333701346,24.2
374.6147780060434,24.2
376.57289455613636,24.2
378.54124620812286,24.2
380.5198864610201,24.2
382.50886909348526,24.2
384.5082481652772,24.2
386.51807801872604,24.2
388.53841328020957,24.2
390.56930886163985,24.2
392.6108199619517,24.2
394.6630020686084,24.2
396.7259109591041,24.1
398.7996027024853,24.1
400.8841336608706,24.1
402.9795604909844,24.1
405.0859401456969,24.1
407.20332987557106,24.1
409.331787230421,24.1
411.4713700608718,24.1
413.6221365199375,24.1
415.78414506459575,24.1
417.95745445738237,24.1
420.1421237679842,24.1
422.33821237484636,24.1
424.5457799667861,24.1
426.76488654461485,24.1
428.9955924227691,24.0
431.23795823094935,23.9
433.49204491576995,23.9
435.7579137424112,23.9
438.0356262962907,23.9
440.3252444847303,23.9
442.62683053864555,23.9
444.9404470142319,23.9
447.2661567946673,23.9
449.60402309182115,23.9
451.9541094479714,23.9
454.3164797375345,23.9
456.6911981687959,23.8
459.0783292856624,23.7
461.4779379694089,23.7
463.89008944044906,23.7
466.31484926010245,23.7
468.7522833323791,23.7
471.20245790577025,23.7
473.6654395750488,23.7
476.14129528307956,23.7
478.630092322638,23.7
481.1318983382419,23.7
483.6467813279844,23.7
486.1748096453894,23.7
488.7160520012619,23.6
491.27057746556244,23.5
493.8384554692794,23.4
496.4197558063182,23.4
499.01454863539806,23.4
501.6229044819588,23.4
504.24489424007766,23.3
506.88058917439554,23.3
509.53006092205686,23.2
512.1933814946506,23.2
514.8706232801756,23.2
517.5618590449992,23.2
520.2671619358439,23.2
522.9866054817683,23.2
525.7202635961694,23.2
528.4682105787901,23.2
531.230521117739,23.2
534.0072702915224,23.2
536.7985335710792,23.2
539.6043868218401,23.1
542.4249063057814,23.0
545.2601686835053,23.0
548.1102510163182,23.0
550.9752307683272,23.0
553.8551858085453,23.0
556.7501944130083,23.0
559.6603352669016,23.0
562.5856874666987,23.0
565.5263305223134,22.9
568.4823443592555,22.9
571.4538093208106,22.9
574.4408061702153,23.0
577.4434160928608,23.0
580.4617206984933,23.0
583.4958020234345,23.0
586.5457425328113,23.0
589.6116251227962,23.1
592.6935331228639,23.2
595.7915502980484,23.3
598.9057608512304,23.5
602.0362494254149,23.6
605.1831011060411,23.7
608.3464014232891,23.8
611.5262363544065,23.9
614.7226923260454,24.0
617.9358562166111,24.1
621.1658153586235,24.2
624.4126575410903,24.3
627.6764710118958,24.3
630.957344480193,24.4
634.2553671188238,24.5
637.5706285667327,24.5
640.9032189314127,24.6
644.2532287913472,24.6
647.6207491984753,24.6
651.0058716806659,24.6
654.4086882442045,24.6
657.8292913762976,24.6
661.2677740475787,24.6
664.7242297146454,24.6
668.1987523225889,24.6
671.6914363075575,24.6
675.2023765993158,24.6
678.7316686238282,24.6
682.2794083058518,24.6
685.8456920715438,24.6
689.4306168510824,24.6
693.0342800813003,24.6
696.6567797083366,24.6
700.2982141902914,24.6
703.9586824999124,24.6
707.6382841272731,24.6
711.3371190824884,24.6
715.0552878984242,24.6
718.7928916334344,24.6
722.5500318741055,24.6
726.3268107380181,24.6
730.123330876526,24.6
733.9396954775374,24.6
737.7760082683312,24.6
741.6323735183645,24.6
745.508896042117,24.6
749.4056812019327,24.6
753.3228349108862,24.6
757.2604636356614,24.6
761.2186743994453,24.6
765.1975747848361,24.6
769.1972729367671,24.6
773.2178775654501,24.6
777.2594979493206,24.6
781.3222439380205,24.7
785.406225955371,24.8
789.5115550023859,24.9
793.6383426602791,24.9
797.7867010935024,24.9
801.9567430527921,24.9
806.1485818782347,24.9
810.3623315023465,24.9
814.59810645317,24.9
818.8560218573906,24.9
823.1361934434566,25.0
827.4387375447371,25.0
831.7637711026708,25.1
836.1114116699566,25.1
840.4817774137397,25.1
844.8749871188272,25.1
849.2911601909162,25.1
853.7304166598383,25.2
858.1928771828257,25.3
862.6786630477819,25.3
867.1878961765907,25.3
871.7206991284164,25.3
876.2771951030477,25.3
880.8575079442367,25.3
885.4617621430697,25.3
890.0900828413493,25.3
894.742595834996,25.3
899.4194275774676,25.3
904.1207051831946,25.3
908.8465564310401,25.3
913.5971097677627,25.4
918.3724943115215,25.4
923.1728398553701,25.4
927.998276870799,25.4
932.8489365112713,25.4
937.7249506157918,25.4
942.6264517124897,25.4
947.5535730222193,25.4
952.5064484621864,25.5
957.4852126495767,25.5
962.4900009052299,25.6
967.5209492573013,25.6
972.5781944449744,25.6
977.6618739221665,25.6
982.772125861269,25.6
987.9090891569025,25.6
993.0729034296917,25.6
998.26370903006,25.6
1003.4816470420445,25.6
1008.7268592871307,25.6
1013.9994883281055,25.6
1019.2996774729368,25.6
1024.627570778662,25.6
1029.9833130553077,25.6
1035.3670498698243,25.6
1040.778927550043,25.6
1046.219093188652,25.6
1051.687694647196,25.6
1057.1848805600926,25.6
1062.7108003386745,25.6
1068.2656041752484,25.6
1073.849443047181,25.7
1079.4624687209969,25.8
1085.104833756507,25.8
1090.7766915109553,25.8
1096.4781961431852,25.8
1102.2095026178308,25.8
1107.9707667095288,25.8
1113.7621450071517,25.8
1119.5837949180645,25.7
1125.4358746724013,25.6
1131.3185433273702,25.6
1137.231960771571,25.6
1143.1762877293438,25.6
1149.1516857651375,25.6
1155.1583172879002,25.6
1161.1963455554942,25.6
1167.2659346791324,25.6
1173.3672496278396,25.6
1179.5004562329357,25.6
1185.6657211925422,25.6
1191.8632120761172,25.6
1198.0930973290035,25.6
1204.355546277011,25.6
1210.650729131018,25.6
1216.9788169915967,25.6
1223.3399818536654,25.6
1229.7343966111616,25.5
1236.162235061742,25.4
1242.6236719115057,25.4
1249.1188827797416,25.4
1255.6480442037073,25.4
1262.2113336434193,25.3
1268.8089294864806,25.3
1275.4410110529293,25.3
1282.1077586001115,25.3
1288.8093533275808,25.3
1295.5459773820237,25.3
1302.3178138622095,25.3
1309.1250468239675,25.3
1315.967861285188,25.2
1322.8464432308563,25.2
1329.7609796180998,25.1
1336.7116583812742,25.1
1343.6986684370715,25.1
1350.7221996896535,25.1
1357.782443035813,25.1
1364.879590370164,25.0
1372.0138345903551,24.9
1379.1853696023147,24.9
1386.3943903255179,24.9
1393.6410926982915,24.9
1400.9256736831292,24.9
1408.248331272053,25.0
1415.6092644919916,25.1
1423.0086734101894,25.0
1430.4467591396458,24.9
1437.9237238445805,24.8
1445.439770745928,24.7
1452.9951041268616,24.7
1460.589929338344,24.8
1468.224452804715,24.9
1475.898882029292,25.0
1483.6134256000173,25.0
1491.3682931951248,25.1
1499.1636955888393,25.1
1506.999844657106,25.1
1514.8769533833477,25.1
1522.7952358642551,25.1
1530.754907315605,25.1
1538.7561840781082,25.1
1546.799283623296,25.1
1554.8844245594228,25.1
1563.0118266374113,25.1
1571.181710756826,25.1
1579.3942989718767,25.1
1587.649814497453,25.1
1595.9484817151922,25.1
1604.2905261795772,25.1
1612.6761746240677,25.1
1621.1056549672617,25.1
1629.5791963190893,25.1
1638.097028987047,25.1
1646.6593844824454,25.1
1655.266495526711,25.4
1663.9185960577072,25.8
1672.6159212360947,26.0
1681.3587074517213,26.1
1690.1471923300487,26.2
1698.9816147386093,26.3
1707.8622147934998,26.5
1716.789233865905,26.7
1725.7629145886658,26.9
1734.7835008628629,27.0
1743.8512378644525,27.1
1752.9663720509295,27.2
1762.1291511680254,27.3
1771.3398242564415,27.5
1780.598641658619,27.7
1789.9058550255418,27.8
1799.2617173235774,27.9
1808.6664828413498,28.0
1818.1204071966588,28.1
1827.6237473434162,28.4
1837.1767615786375,28.6
1846.7797095494598,28.8
1856.4328522602,28.9
1866.1364520794475,29.2
1875.8907727471963,29.6
1885.6960793820124,29.8
1895.552638488241,30.0
1905.4607179632462,30.1
1915.4205871047022,30.2
1925.4325166178992,30.4
1935.4967786231095,30.5
1945.6136466629825,30.6
1955.783395709978,30.7
1966.006302173841,30.8
1976.282643909114,30.8
1986.6127002226892,30.8
1996.996751881399,30.8
2007.4350811196462,30.7
2017.927971647083,30.6
2028.4757086563097,30.5
2039.078578830634,30.4
2049.736870351861,30.3
2060.4508729081267,30.3
2071.22087770177,30.2
2082.0471774572497,30.1
2092.9300664290977,30.0
2103.8698404099196,29.9
2114.8667967384304,29.8
2125.9212343075446,29.6
2137.0334535724887,29.4
2148.2037565589744,29.2
2159.4324468714053,29.2
2170.71982970113,29.1
2182.0662118347364,29.0
2193.4719016623894,28.8
2204.937209186215,28.6
2216.4624460287228,28.4
2228.0479254412767,28.3
2239.6939623126154,28.2
2251.4008731773993,28.1
2263.168976224821,27.9
2274.9985913072546,27.6
2286.890039948944,27.5
2298.843645354747,27.4
2310.8597324189163,27.3
2322.9386277339318,27.2
2335.0806595993763,26.9
2347.2861580308577,26.5
2359.5554547689862,26.4
2371.8888832883777,26.4
2384.2867788067265,26.3
2396.7494782939148,26.2
2409.2773204811715,26.1
2421.8706458702773,25.6
2434.5297967428205,25.1
2447.2551171695004,25.0
2460.0469530194778,24.9
2472.905651969775,24.7
2485.8315635147337,24.6
2498.825038975499,24.4
2511.88643150958,24.3
2525.0160961204438,24.2
2538.2143896671673,24.1
2551.481670874133,24.1
2564.8183003407817,24.0
2578.224640551411,23.9
2591.7010558850307,23.8
2605.247912625263,23.7
2618.8655789702975,23.5
2632.5544250429093,23.4
2646.314822900502,23.3
2660.14714654523,23.2
2674.051771934164,22.9
2688.029076989506,22.6
2702.079441608862,22.6
2716.20324767557,22.6
2730.400879069075,22.6
2744.6727216753675,22.7
2759.0191633974646,22.8
2773.440594165967,22.8
2787.9374059496395,22.9
2802.509992766076,23.0
2817.1587506924047,23.1
2831.8840778760564,23.2
2846.686374545581,23.2
2861.5660430215316,23.2
2876.5234877273942,23.2
2891.5591152005823,23.2
2906.6733341034837,23.3
2921.8665552345788,23.4
2937.139191539587,23.4
2952.4916581227058,23.4
2967.9243722578863,23.4
2983.4377534001765,23.4
2999.0322231971227,23.4
3014.7082055002275,23.3
3030.466126376471,23.3
3046.306414119893,23.3
3062.229499263226,23.4
3078.2358145896155,23.6
3094.325795144359,23.8
3110.4998782467446,23.9
3126.7585035019356,24.0
3143.1021128129173,24.0
3159.5311503925072,24.1
3176.0460627754296,24.1
3192.6472988304513,24.1
3209.335309772584,24.1
3226.1105491753406,24.1
3242.973472983081,24.1
3259.924539523382,24.1
3276.9642095195077,24.0
3294.0929461029286,23.9
3311.311214825911,23.7
3328.6194836741684,23.5
3346.018223079582,23.3
3363.507905932988,23.1
3381.089007597027,23.0
3398.762005919066,22.9
3416.527381244194,23.0
3434.385616428264,23.4
3452.337196851022,23.8
3470.382610429304,24.0
3488.5223476302926,24.1
3506.7569014848486,24.2
3525.0867676009134,24.3
3543.512444176976,24.4
3562.034432015617,24.6
3580.6532345371147,24.8
3599.369357793143,24.9
3618.1833104805046,25.0
3637.095603954969,25.0
3656.1067522451726,25.1
3675.2172720665826,25.1
3694.4276828355482,25.1
3713.738506683413,25.1
3733.1502684707093,25.2
3752.6634958014215,25.2
3772.2787190373247,25.3
3791.9964713124127,25.3
3811.817288547367,25.2
3831.7417094641373,25.1
3851.7702756005806,25.1
3871.9035313251793,25.1
3892.1420238518376,25.1
3912.4863032547537,25.1
3932.936922483372,25.3
3953.4944373774106,25.5
3974.1594066819653,25.6
3994.9323920627126,25.6
4015.8139581211503,25.6
4036.8046724099613,25.5
4057.9051054484326,25.5
4079.115830737964,25.4
4100.437424777656,25.3
4121.870467079975,25.2
4143.41554018651,24.8
4165.0732296838005,24.2
4186.844124219257,24.0
4208.728815517151,24.0
4230.72789839472,23.9
4252.841970778305,23.9
4275.071633719623,23.9
4297.417491412092,23.8
4319.880151207261,23.8
4342.460223631314,23.7
4365.158322401661,23.7
4387.975064443623,23.6
4410.911069907196,23.5
4433.9669621839075,23.3
4457.1433679237725,23.1
4480.4409170523,22.9
4503.860242787635,22.7
4527.40198165776,22.5
4551.0667735177985,21.9
4574.855261567406,21.3
4598.768092368251,21.1
4622.80591586159,21.0
4646.969385385929,20.9
4671.25915769478,20.4
4695.675892974527,20.0
4720.220254862348,19.7
4744.892910464259,19.5
4769.694530373255,19.3
4794.625788687525,19.0
4819.68736302878,18.5
4844.87993456067,18.0
4870.204188007296,17.4
4895.660811671819,17.2
4921.250497455168,17.6
4946.973940874864,17.9
4972.8318410838865,18.0
4998.824900889706,18.1
5024.953826773381,18.1
5051.219328908747,18.2
5077.622121181736,18.2
5104.162921209768,18.1
5130.842450361258,18.1
5157.661433775227,18.0
5184.620600380999,17.9
5211.720682918039,17.7
5238.962417955835,17.4
5266.346545913939,17.6
5293.873811082085,17.9
5321.544961640422,18.1
5349.360749679845,18.2
5377.321931222439,18.3
5405.429266242027,18.4
5433.683518684824,18.4
5462.085456490198,18.6
5490.635851611563,18.7
5519.335480037329,18.7
5548.185121812011,18.6
5577.185561057427,18.6
5606.337585994012,18.5
5635.641988962242,18.5
5665.0995664441625,18.4
5694.7111190850455,18.3
5724.477451715144,18.2
5754.399373371566,17.7
5784.477697320285,17.3
5814.713241078208,17.4
5845.10682643542,17.7
5875.659279477514,17.9
5906.371430608045,18.0
5937.244114571097,18.2
5968.278170473975,18.5
5999.4744418100045,18.8
6030.833776481469,19.0
6062.357026822636,19.1
6094.045049622959,19.3
6125.898706150321,19.6
6157.918862174471,19.9
6190.106387990547,20.2
6222.462158442733,20.6
6254.987052948034,20.9
6287.681955520183,21.3
6320.547754793659,21.7
6353.585344047851,22.0
6386.795621231329,22.4
6420.179488986247,22.7
6453.7378546729,22.8
6487.471630394349,22.9
6521.381733021235,23.2
6555.469084216698,23.4
6589.734610461422,23.7
6624.179243078815,24.0
6658.80391826033,24.3
6693.609577090902,24.8
6728.597165574533,25.2
6763.767634659991,25.3
6799.1219402666875,25.4
6834.661043310619,25.5
6870.385909730507,25.5
6906.297510514049,25.6
6942.39682172431,25.6
6978.684824526248,25.5
7015.162505213385,25.5
7051.830855234612,25.4
7088.690871221135,25.4
7125.7435550135615,25.3
7162.989913689153,25.2
7200.430959589155,25.0
7238.067710346342,24.7
7275.901188912673,24.4
7313.932423587085,24.1
7352.162448043451,23.9
7390.59230135867,23.8
7429.22302804091,23.7
7468.055678057999,23.2
7507.091306865953,22.8
7546.330975437692,22.6
7585.775750291836,22.5
7625.426703521717,22.4
7665.284912824515,22.3
7705.351461530549,22.1
7745.627438632719,21.9
7786.113938816104,21.7
7826.81206248772,21.4
7867.722915806424,21.2
7908.847610712972,21.5
7950.187264960275,22.0
7991.743002143727,22.2
8033.515951731782,22.3
8075.507249096639,22.4
8117.718035545101,22.5
8160.149458349601,22.6
8202.80267077938,22.6
8245.67883213183,22.7
8288.77910776401,22.8
8332.104669124305,22.8
8375.656693784302,22.8
8419.436365470749,22.8
8463.444874097753,22.7
8507.683415799123,22.7
8552.153192960874,22.6
8596.855414253905,22.5
8641.791294666864,22.5
8686.962055539152,22.5
8732.36892459413,22.6
8778.01313597248,22.7
8823.895930265779,22.8
8870.018554550163,22.9
8916.382262420266,23.0
8962.988314023276,23.1
9009.83797609319,23.2
9056.932521985234,23.3
9104.273231710486,23.4
9151.861391970657,23.4
9199.698296193066,23.4
9247.785244565785,23.4
9296.12354407301,23.4
9344.714508530542,23.3
9393.559458621517,23.2
9442.659721932305,22.9
9492.016632988581,22.7
9541.631533291613,22.5
9591.505771354708,22.3
9641.64070273987,22.0
9692.037690094652,21.5
9742.698103189163,20.9
9793.623318953358,19.8
9844.814721514387,18.6
9896.27370223427,17.9
9948.001659747684,17.2
10000.0,16.6
10052.270136285486,16.1
10104.813489285681,15.9
10157.6314871081,15.3
10210.725565324987,14.2
10264.09716701231,13.3
10317.747742788988,12.8
10371.678750856474,12.4
10425.891657038128,12.0
10480.387934819217,10.6
10535.16906538697,8.5
10590.236537670813,7.2
10645.591848382772,6.6
10701.236502058211,6.3
10757.172011096769,6.1
10813.399895803414,5.6
10869.921684429703,5.2
10926.73891321545,5.3
10983.85312643042,5.8
11041.265876416248,6.4
11098.978723628681,6.8
11156.993236680037,7.2
11215.310992381786,7.6
11273.933575787378,8.2
11332.862580235347,9.6
11392.099607392682,10.8
11451.646267298307,10.9
11511.504178406769,11.1
11571.674967632372,11.2
11632.16027039332,11.3
11692.961730656129,11.3
11754.08100098034,11.4
11815.519742563505,11.5
11877.27962528627,11.5
11939.362327757724,11.6
12001.76953736107,11.6
12064.50295029953,11.5
12127.56427164241,11.4
12190.95521537136,11.1
12254.677504427105,10.8
12318.732870756214,10.5
12383.123055358106,9.6
12447.849808332432,8.8
12512.914888926687,8.3
12578.320065583976,8.1
12644.067115991029,8.5
12710.157827126544,8.8
12776.593995309939,9.2
12843.377426249857,9.4
12910.50993509343,9.7
12977.99334647565,10.0
13045.829494568892,10.1
13114.020223132724,10.0
13182.567385564074,9.8
13251.472844947652,9.6
13320.738474106534,9.7
13390.366155652993,9.8
13460.35778203982,9.9
13530.715255611682,9.9
13601.440488656775,9.8
13672.535403458849,9.7
13744.001932349513,9.6
13815.842017760702,9.6
13888.057612277411,10.0
13960.650678690825,10.7
14033.62319005172,11.2
14106.977129724035,11.5
14180.714491438697,11.6
14254.837279347976,11.5
14329.347508079869,11.5
14404.247202792812,11.9
14479.538399230763,12.4
14555.223143778607,12.9
14631.303493517702,13.2
14707.78151628175,13.4
14784.65929071304,13.9
14861.938906319014,14.3
14939.622463529,14.4
15017.712073751207,14.4
15096.209859430292,14.4
15175.117954104964,14.3
15254.438502465904,14.1
15334.173660414117,13.7
15414.325595119602,13.4
15494.896485080177,13.1
15575.88852018064,12.3
15657.303901752315,11.6
15739.1448426331,11.3
15821.413567227246,11.2
15904.112311566014,11.3
15987.243323368504,11.5
16070.808862102673,11.6
16154.811199046684,11.5
16239.252617350698,11.5
16324.135412099,11.4
16409.461890372313,11.3
16495.23437131044,11.1
16581.455186175313,10.8
16668.12667841462,10.5
16755.251203725067,9.4
