10.0,9.8
10.052270136285475,9.8
10.104813489285682,9.8
10.157631487108103,9.9
10.210725565324982,9.9
10.264097167012295,10.0
10.317747742789004,10.1
10.371678750856479,10.2
10.425891657038118,10.2
10.480387934819216,10.2
10.535169065386981,10.2
10.590236537670812,10.2
10.64559184838276,10.2
10.701236502058206,10.3
10.757172011096776,10.3
10.813399895803409,10.4
10.869921684429707,10.4
10.926738913215466,10.5
10.98385312643042,10.5
11.041265876416237,10.5
11.098978723628681,10.5
11.156993236680048,10.6
11.215310992381788,10.6
11.27393357578736,10.7
11.332862580235341,10.8
11.392099607392687,10.9
11.451646267298301,11.0
11.511504178406776,11.1
11.571674967632385,11.1
11.632160270393321,11.2
11.692961730656117,11.2
11.75408100098034,11.2
11.815519742563518,11.2
11.87727962528627,11.3
11.939362327757706,11.4
12.001769537361062,11.4
12.064502950299536,11.5
12.127564271642404,11.5
12.190955215371359,11.6
12.254677504427118,11.6
12.318732870756214,11.7
12.383123055358094,11.8
12.447849808332432,11.8
12.5129148889267,11.9
12.578320065583968,11.9
12.644067115991009,11.9
12.710157827126565,12.0
12.776593995309947,12.1
12.843377426249843,12.1
12.910509935093431,12.2
12.977993346475664,12.3
13.045829494568892,12.4
13.11402022313271,12.4
13.182567385564074,12.4
13.251472844947658,12.4
13.320738474106527,12.4
13.390366155653,12.5
13.460357782039841,12.6
13.530715255611682,12.6
13.601440488656761,12.6
13.672535403458848,12.7
13.744001932349526,12.7
13.815842017760701,12.7
13.888057612277397,12.8
13.960650678690818,12.9
14.033623190051728,13.0
14.10697712972403,13.0
14.180714491438705,13.1
14.25483727934799,13.1
14.32934750807987,13.1
14.404247202792797,13.2
14.479538399230764,13.3
14.55522314377862,13.4
14.631303493517702,13.4
14.707781516281727,13.5
14.784659290713032,13.6
14.861938906319022,13.6
14.939622463528993,13.7
15.017712073751214,13.8
15.096209859430308,13.8
15.175117954104964,13.8
15.254438502465888,13.8
15.334173660414118,13.8
15.414325595119617,13.9
15.494896485080169,14.0
15.575888520180618,14.0
15.65730390175234,14.1
15.73914484263311,14.1
15.821413567227237,14.2
15.904112311566013,14.2
15.98724332336852,14.3
16.070808862102673,14.4
16.154811199046666,14.4
16.239252617350697,14.5
16.324135412099007,14.5
16.409461890372306,14.5
16.495234371310413,14.6
16.58145518617534,14.7
16.668126678414627,14.8
16.755251203725052,14.9
16.84283113011666,14.9
16.930868837977105,15.0
17.01936672013636,15.1
17.108327181931763,15.1
17.197752641273365,15.2
17.28764552870969,15.2
17.378008287493753,15.3
17.4688433736495,15.3
17.560153256038525,15.3
17.651940416427212,15.3
17.744207349554188,15.3
17.836956563198083,15.4
17.93019057824573,15.4
18.023911928760675,15.5
18.118123162052047,15.6
18.21282683874379,15.7
18.30802553284428,15.8
18.403721831816252,15.8
18.499918336647156,15.9
18.59661766191982,16.0
18.69382243588356,16.0
18.791535300525574,16.0
18.889758911642755,16.0
18.98849593891389,16.1
19.08774906597221,16.1
19.187520990478333,16.2
19.287814424193606,16.2
19.388632093053765,16.3
19.48997673724305,16.4
19.591851111268685,16.4
19.69425798403576,16.4
19.79720013892245,16.5
19.90068037385568,16.5
20.004701501387192,16.6
20.109266348769967,16.7
20.214377758035074,16.7
20.320038586068932,16.7
20.426251704690927,16.8
20.533020000731486,16.8
20.64034637611054,16.9
20.748233747916412,17.0
20.856685048485062,17.1
20.965703225479817,17.2
21.075291241971485,17.3
21.185452076518878,17.3
21.296188723249774,17.4
21.407504191942323,17.5
21.519401508106792,17.5
21.631883713067854,17.6
21.744953864047204,17.6
21.858615034246718,17.6
21.972870312931903,17.6
22.087722805515906,17.6
22.203175633643916,17.7
22.319231935278008,17.7
22.435894864782412,17.8
22.553167593009288,17.8
22.671053307384867,17.9
22.789555211996095,18.0
22.908676527677724,18.1
23.028420492099883,18.2
23.148790359856015,18.2
23.26978940255137,18.3
23.391420908891938,18.3
23.51368818477381,18.3
23.63659455337303,18.3
23.760143355235964,18.4
23.884337948370025,18.4
24.009181708334992,18.5
24.134678028334722,18.6
24.260830319309434,18.7
24.387642010028344,18.8
24.515116547182902,18.9
24.64325739548046,19.0
24.772068037738443,19.0
24.901551974979007,19.0
25.031712726524198,19.1
25.162553830091625,19.1
25.294078841890578,19.1
25.426291336718684,19.1
25.559194908059133,19.1
25.692793168178262,19.2
25.827089748223784,19.2
25.96208829832347,19.3
26.097792487684362,19.4
26.234206004692496,19.5
26.371332557013133,19.6
26.5091758716916,19.6
26.647739695254497,19.7
26.787027793811582,19.8
26.9270439531581,19.8
27.06779197887776,19.9
27.209275696446046,20.0
27.351498951334275,20.0
27.494465609114105,20.0
27.638179555562576,20.0
27.782644696767733,20.1
27.92786495923483,20.1
28.07384428999299,20.2
28.220586656702505,20.2
28.368096047762684,20.3
28.516376472420284,20.3
28.66543196087842,20.3
28.815266564406134,20.3
28.965884355448516,20.3
29.11728942773738,20.4
29.26948589640251,20.5
29.42247789808359,20.6
29.57626959104251,20.6
29.730865155276486,20.7
29.88626879263161,20.8
30.04248472691713,20.9
30.19951720402016,21.0
30.357370492021133,21.0
30.516048881309793,21.0
30.675556684701824,21.0
30.835898237556027,21.1
30.99707789789224,21.1
31.15910004650967,21.2
31.321969087106055,21.3
31.485689446397288,21.3
31.650265574237824,21.4
31.815701943741516,21.5
31.98200305140326,21.5
32.14917341722119,21.6
32.31721758481955,21.6
32.486140121572134,21.7
32.655945618726484,21.7
32.82663869152868,21.8
32.99822397934869,21.9
33.170706145806605,22.0
33.34408987889928,22.0
33.51837989112781,22.1
33.69358091962557,22.2
33.86969772628702,22.3
34.04673509789711,22.4
34.224697846261364,22.5
34.40359080833668,22.6
34.58341884636283,22.6
34.764186847994516,22.6
34.94589972643436,22.7
35.12856242056629,22.7
35.312179895089876,22.8
35.496757140655234,22.9
35.68229917399868,22.9
35.86881103807908,22.9
36.05629780221492,22.9
36.24476456222205,22.9
36.434216440552284,23.0
36.6246585864325,23.1
36.81609617600466,23.2
37.00853441246656,23.3
37.2019785262131,23.4
37.39643377497855,23.5
37.591905443979435,23.6
37.788398846058186,23.7
37.985919321827524,23.8
38.184472239815605,23.9
38.384062996612016,23.9
38.584697017014335,24.0
38.786379754175634,24.0
38.98911668975273,24.1
39.1929133340551,24.1
39.39777522619469,24.2
39.60370793423646,24.2
39.810717055349734,24.3
40.0188082159603,24.4
40.227987071903335,24.5
40.43825930857721,24.6
40.64963064109788,24.7
40.8621068144543,24.8
41.075693603664625,24.9
41.29039681393302,24.9
41.506222280807584,25.0
41.72317587033889,25.1
41.94126347923944,25.1
42.16049103504393,25.2
42.38086449627034,25.2
42.60238985258197,25.2
42.825073124950116,25.2
43.04892036581776,25.2
43.27393765926414,25.3
43.500131121170035,25.3
43.727506899384,25.4
43.956071173889484,25.4
44.18583015697281,25.5
44.416790093392,25.6
44.648957260546474,25.7
44.88233796864779,25.8
45.116938560890986,25.9
45.35276541362708,25.9
45.58982493653644,26.0
45.82812357280281,26.1
46.067667799288614,26.2
46.308464126710895,26.2
46.55051909981832,26.3
46.793839297569036,26.3
47.03843133330949,26.4
47.28430185495417,26.4
47.531457545166376,26.5
47.77990512153967,26.5
48.02965133678067,26.6
48.28070297889241,26.6
48.53306687135893,26.7
48.78674987333074,26.8
49.041758879811184,27.0
49.298100821843896,27.1
49.55578266670119,27.2
49.81481141807335,27.2
50.07519411625915,27.3
50.336937838356974,27.3
50.60004969845742,27.4
50.86453684783644,27.5
51.13040647514984,27.6
51.39766580662862,27.6
51.66632210627541,27.6
51.93638267606184,27.7
52.20785485612707,27.7
52.48074602497726,27.7
52.75506359968615,27.8
53.030815036096584,27.9
53.308007829023246,28.0
53.58664951245627,28.0
53.866747659766084,28.1
54.148309883909214,28.2
54.431343837635225,28.2
54.7158572136947,28.3
55.00185774504835,28.4
55.28935320507712,28.5
55.57835140779364,28.6
55.86886020805435,28.7
56.160887501773274,28.7
56.45444122613637,28.8
56.74952935981742,28.9
57.04615992319485,28.9
57.34434097856969,29.0
57.64408063038476,29.1
57.94538702544487,29.1
58.24826835313831,29.1
58.552732845659456,29.1
58.85878877823242,29.1
59.166444469336014,29.2
59.475708280929936,29.2
59.786588618681876,29.3
60.0990939321961,29.4
60.41323271524305,29.5
60.72901350599024,29.6
61.046444887234294,29.6
61.365535486634215,29.7
61.686293976945976,29.8
62.008729076258064,29.8
62.332849548228545,29.9
62.658664202323344,30.0
62.98618189405547,30.1
63.315411525225876,30.1
63.64636204416533,30.2
63.979042445977655,30.2
64.31346177278421,30.3
64.64962911396958,30.3
64.98755360642885,30.3
65.32724443481563,30.3
65.66871083179183,30.3
66.01196207827876,30.3
66.35700750370908,30.4
66.7038564862806,30.5
67.05251845321108,30.6
67.40300288099445,30.6
67.75531929565844,30.7
68.1094772730234,30.8
68.46548643896274,30.9
68.82335646966433,31.0
69.18309709189363,31.0
69.54471808325809,31.0
69.90822927247277,31.1
70.27364053962762,31.1
70.6409618164559,31.2
71.01020308660422,31.2
71.38137438590384,31.3
71.75448580264342,31.4
72.12954747784322,31.4
72.50656960553087,31.4
72.88556243301818,31.4
73.26653626117992,31.5
73.64950144473359,31.5
74.03446839252094,31.5
74.42144756779092,31.5
74.810449488484,31.5
75.20148472751808,31.6
75.59456391307583,31.7
75.98969772889355,31.7
76.38689691455168,31.7
76.78617226576647,31.7
77.18753463468363,31.7
77.59099493017311,31.8
77.99656411812569,31.9
78.404253221751,31.9
78.8140733218772,31.9
79.226035557252,31.9
79.64015112484554,31.9
80.05643128015467,32.1
80.47488733750892,32.2
80.89553067037787,32.2
81.31837271168051,32.2
81.74342495409579,32.2
82.170698950375,32.2
82.60020631365589,32.2
83.03195871777821,32.2
83.46596789760103,32.2
83.90224564932171,32.2
84.34080383079642,32.2
84.78165436186265,32.3
85.22480922466286,32.4
85.67028046397054,32.4
86.11808018751721,32.4
86.56822056632171,32.4
87.020713835021,32.4
87.47557229220259,32.4
87.93280830073893,32.4
88.39243428812335,32.4
88.85446274680783,32.4
89.31890623454267,32.4
89.78577737471758,32.4
90.25508885670492,32.4
90.72685343620469,32.4
91.20108393559097,32.4
91.67779324426061,32.4
92.15699431898352,32.4
92.63870018425483,32.4
93.12292393264887,32.4
93.60967872517497,32.4
94.09897779163542,32.4
94.5908344309847,32.4
95.0852620116911,32.4
95.58227397210023,32.4
96.08188382079996,32.4
96.5841051369878,32.4
97.08895157083991,32.4
97.59643684388209,32.4
98.10657474936274,32.4
98.61937915262773,32.4
99.13486399149741,32.3
99.65304327664518,32.3
100.17393109197839,32.2
100.69754159502135,32.2
101.22388901729977,32.2
101.75298766472777,32.2
102.28485191799675,32.2
102.81949623296607,32.2
103.35693514105618,32.2
103.89718324964329,32.2
104.44025524245698,32.2
104.98616587997819,32.2
105.53492999984189,32.2
106.08656251723878,32.2
106.64107842532215,32.2
107.19849279561431,32.2
107.75882077841675,32.1
108.32207760322176,32.0
108.88827857912626,31.9
109.45743909524856,31.9
110.02957462114523,31.9
110.60470070723336,31.9
111.18283298521138,31.8
111.76398716848561,31.8
112.3481790525961,31.7
112.93542451564652,31.7
113.5257395187356,31.7
114.11914010639099,31.7
114.71564240700522,31.7
115.3152626332741,31.7
115.91801708263789,31.7
116.52392213772293,31.7
117.13299426678874,31.7
117.74525002417371,31.6
118.36070605074681,31.5
118.97937907435858,31.4
119.60128591029638,31.4
120.22644346174131,31.4
120.85486872022751,31.3
121.4865787661046,31.3
122.12159076900052,31.2
122.75992198829012,31.2
123.40158977356222,31.2
124.04661156509306,31.2
124.69500489431896,31.1
125.34678738431336,31.1
126.00197675026583,31.0
126.6605907999634,30.9
127.3226474342747,30.8
127.98816464763628,30.7
128.6571605285424,30.7
129.32965326003517,30.7
130.00566112020084,30.7
130.68520248266435,30.7
131.36829581709074,30.7
132.05495968968575,30.6
132.74521276370103,30.5
133.43907379994133,30.5
134.1365616572744,30.5
134.83769529314347,30.5
135.54249376408254,30.5
136.25097622623485,30.4
136.96316193587217,30.3
137.67907024992007,30.3
138.39872062648203,30.3
139.1221326253702,30.3
139.84932590863562,30.3
140.58032024110324,30.2
141.31513549090906,30.2
142.05379163003997,30.2
142.7963087348772,30.2
143.5427069867405,30.1
144.29300667243896,30.0
145.04722818481977,30.0
145.80539202332486,30.0
146.56751879454652,30.0
147.333629212788,30.0
148.1037441006266,29.9
148.87788438947953,29.8
149.65607112017267,29.8
150.43832544351253,29.8
151.2246686208618,29.8
152.01512202471548,29.8
152.80970713928414,29.7
153.6084455610754,29.6
154.41135899948313,29.5
155.218469277376,29.5
156.02979833169113,29.5
156.8453682140304,29.4
157.66520109125955,29.3
158.48931924611142,29.3
159.3177450777899,29.3
160.15050110258113,29.3
160.9876099544629,29.3
161.82909438572216,29.2
162.67497726757185,29.2
163.52528159077312,29.1
164.38003046626017,29.1
165.23924712576837,29.1
166.1029549224657,29.1
166.97117733158728,29.1
167.8439379510743,29.1
168.72126050221348,29.1
169.60316883028446,29.0
170.48968690520502,29.0
171.38083882218535,29.0
172.27664880238083,28.9
173.17714119355136,28.9
174.08234047072295,28.8
174.99227123685273,28.8
175.9069582234984,28.8
176.82642629148881,28.8
177.75070043160196,28.7
178.67980576524164,28.7
179.61376754512278,28.6
180.55261115595593,28.6
181.49636211513797,28.6
182.44504607344558,28.6
183.39868881573247,28.6
184.35731626163007,28.5
185.3209544662519,28.4
186.28962962090262,28.3
187.26336805378796,28.3
188.24219623073301,28.3
189.2261407558986,28.3
190.21522837250714,28.3
191.20948596356752,28.3
192.20894055260666,28.2
193.21361930440384,28.1
194.22354952572874,28.1
195.2387586660848,28.1
196.25927431845295,28.1
197.28512422004457,28.1
198.31633625305224,28.1
199.35293844541056,28.0
200.39495897155572,27.9
201.4424261531923,27.9
202.4953684600627,27.9
203.55381451072122,27.9
204.6177930733116,27.9
205.6873330663489,27.8
206.76246355950653,27.8
207.84321377440395,27.7
208.92961308540407,27.7
210.02169102040844,27.7
211.11947726166272,27.7
212.22300164656127,27.7
213.33229416845913,27.6
214.447384977487,27.6
215.5683043813707,27.6
216.69508284625502,27.6
217.8277509975314,27.6
218.9663396206716,27.6
220.1108796620618,27.6
221.26140222984722,27.6
222.41793859477394,27.6
223.5805201910423,27.5
224.74917861715863,27.5
225.9239456367954,27.4
227.10485317965416,27.4
228.29193334233327,27.4
229.48521838920135,27.4
230.68474075327168,27.4
231.89053303708724,27.4
233.102628013603,27.4
234.32105862708036,27.4
235.5458579939798,27.3
236.77705940386227,27.2
238.0146963202937,27.2
239.25880238175446,27.2
240.50941140255387,27.2
241.76655737374873,27.2
243.03027446406858,27.1
244.30059702084168,27.0
245.57755957093218,26.9
246.86119682167464,26.9
248.1515436618211,26.9
249.44863516248657,26.9
250.75250657810346,26.9
252.0631933473797,26.9
253.3807310942614,26.9
254.7051556289027,26.9
256.03650294863604,26.8
257.3748092389545,26.8
258.72011087449107,26.8
260.0724444200114,26.8
261.4318466314045,26.7
262.79835445668317,26.6
264.17200503698814,26.5
265.5528357075972,26.5
266.94088399894025,26.5
268.336187637619,26.5
269.7387845474336,26.5
271.1487128504106,26.4
272.56601086784315,26.4
273.9907171213279,26.3
275.4228703338166,26.3
276.86250943066517,26.3
278.30967354069315,26.2
279.764401997247,26.2
281.2267343392687,26.2
282.6967103123723,26.2
284.1743698699204,26.1
285.65975317411466,26.1
287.152900597083,26.1
288.6538527219809,26.1
290.16265034409145,26.1
291.67933447193553,26.0
293.203946328386,26.0
294.7365273517884,26.0
296.27711919708696,26.0
297.8257637369567,26.0
299.38250306294265,26.1
300.947379486601,26.2
302.52043554065347,26.2
304.1017139801383,26.2
305.69125778357716,26.1
307.2891101541398,26.0
308.8953145208197,26.0
310.5099145396145,26.0
312.1329540947119,26.0
313.76447729968413,26.0
315.40452849868336,26.0
317.0531522676519,26.0
318.71039341552853,26.0
320.3762969854716,26.0
322.05090825607795,26.0
323.7342727426186,25.9
325.4264361982722,25.8
327.1274446153702,25.7
328.83734422664674,25.7
330.55618150649445,25.7
332.28400317222986,25.7
334.02085618535915,25.7
335.76678775285944,25.7
337.52184532845695,25.7
339.28607661392135,25.7
341.0595295603587,25.7
342.84225236951676,25.7
344.63429349509414,25.7
346.4357016440579,25.6
348.24652577796684,25.6
350.06681511430224,25.5
351.8966191278073,25.5
353.7359875518278,25.5
355.5849703796693,25.5
357.44361786595016,25.5
359.3119805279728,25.5
361.1901091470929,25.5
363.0780547701014,25.4
364.9758687106112,25.3
366.8836025504522,25.3
368.80130814107446,25.3
370.72903760495365,25.3
372.66684333701346,25.3
374.6147780060434,25.3
376.57289455613636,25.3
378.54124620812286,25.4
380.5198864610201,25.4
382.50886909348526,25.5
384.5082481652772,25.6
386.51807801872604,25.7
388.53841328020957,25.8
390.56930886163985,25.9
392.6108199619517,25.9
394.6630020686084,26.0
396.7259109591041,26.0
398.7996027024853,26.0
400.8841336608706,26.0
402.9795604909844,25.9
405.0859401456969,25.9
407.20332987557106,25.9
409.331787230421,26.0
411.4713700608718,26.0
413.6221365199375,26.0
415.78414506459575,26.0
417.95745445738237,26.0
420.1421237679842,26.0
422.33821237484636,26.1
424.5457799667861,26.1
426.76488654461485,26.1
428.9955924227691,26.1
431.23795823094935,26.1
433.49204491576995,26.1
435.7579137424112,26.2
438.0356262962907,26.2
440.3252444847303,26.2
442.62683053864555,26.2
444.9404470142319,26.2
447.2661567946673,26.2
449.60402309182115,26.2
451.9541094479714,26.2
454.3164797375345,26.2
456.6911981687959,26.2
459.0783292856624,26.2
461.4779379694089,26.2
463.89008944044906,26.2
466.31484926010245,26.2
468.7522833323791,26.2
471.20245790577025,26.1
473.6654395750488,26.1
476.14129528307956,26.1
478.630092322638,26.1
481.1318983382419,26.1
483.6467813279844,26.1
486.1748096453894,26.1
488.7160520012619,26.1
491.27057746556244,26.1
493.8384554692794,26.1
496.4197558063182,26.1
499.01454863539806,26.1
501.6229044819588,26.1
504.24489424007766,26.0
506.88058917439554,26.0
509.53006092205686,26.0
512.1933814946506,26.0
514.8706232801756,26.0
517.5618590449992,26.0
520.2671619358439,26.0
522.9866054817683,26.0
525.7202635961694,26.0
528.4682105787901,26.0
531.230521117739,26.0
534.0072702915224,26.0
536.7985335710792,26.0
539.6043868218401,26.0
542.4249063057814,26.0
545.2601686835053,26.0
548.1102510163182,26.0
550.9752307683272,26.0
553.8551858085453,26.0
556.7501944130083,26.0
559.6603352669016,26.0
562.5856874666987,26.0
565.5263305223134,26.0
568.4823443592555,26.0
571.4538093208106,26.1
574.4408061702153,26.2
577.4434160928608,26.2
580.4617206984933,26.2
583.4958020234345,26.2
586.5457425328113,26.2
589.6116251227962,26.2
592.6935331228639,26.2
595.7915502980484,26.2
598.9057608512304,26.2
602.0362494254149,26.2
605.1831011060411,26.2
608.3464014232891,26.2
611.5262363544065,26.2
614.7226923260454,26.1
617.9358562166111,26.1
621.1658153586235,26.0
624.4126575410903,26.0
627.6764710118958,26.0
630.957344480193,26.0
634.2553671188238,26.0
637.5706285667327,26.0
640.9032189314127,26.0
644.2532287913472,26.0
647.6207491984753,26.0
651.0058716806659,26.0
654.4086882442045,26.0
657.8292913762976,26.0
661.2677740475787,26.0
664.7242297146454,26.0
668.1987523225889,26.0
671.6914363075575,26.0
675.2023765993158,26.1
678.7316686238282,26.1
682.2794083058518,26.2
685.8456920715438,26.2
689.4306168510824,26.2
693.0342800813003,26.2
696.6567797083366,26.2
700.2982141902914,26.2
703.9586824999124,26.2
707.6382841272731,26.2
711.3371190824884,26.1
715.0552878984242,26.1
718.7928916334344,26.1
722.5500318741055,26.0
726.3268107380181,26.0
730.123330876526,26.0
733.9396954775374,25.9
737.7760082683312,25.9
741.6323735183645,25.9
745.508896042117,25.8
749.4056812019327,25.8
753.3228349108862,25.8
757.2604636356614,25.8
761.2186743994453,25.8
765.1975747848361,25.8
769.1972729367671,25.8
773.2178775654501,25.8
777.2594979493206,25.8
781.3222439380205,25.8
785.406225955371,25.8
789.5115550023859,25.8
793.6383426602791,25.8
797.7867010935024,25.9
801.9567430527921,25.9
806.1485818782347,26.0
810.3623315023465,26.0
814.59810645317,26.0
818.8560218573906,26.0
823.1361934434566,26.0
827.4387375447371,26.0
831.7637711026708,26.1
836.1114116699566,26.1
840.4817774137397,26.1
844.8749871188272,26.1
849.2911601909162,26.1
853.7304166598383,26.2
858.1928771828257,26.2
862.6786630477819,26.2
867.1878961765907,26.2
871.7206991284164,26.3
876.2771951030477,26.3
880.8575079442367,26.3
885.4617621430697,26.3
890.0900828413493,26.3
894.742595834996,26.4
899.4194275774676,26.4
904.1207051831946,26.4
908.8465564310401,26.4
913.5971097677627,26.4
918.3724943115215,26.4
923.1728398553701,26.4
927.998276870799,26.4
932.8489365112713,26.4
937.7249506157918,26.4
942.6264517124897,26.5
947.5535730222193,26.5
952.5064484621864,26.5
957.4852126495767,26.5
962.4900009052299,26.5
967.5209492573013,26.5
972.5781944449744,26.5
977.6618739221665,26.5
982.772125861269,26.5
987.9090891569025,26.5
993.0729034296917,26.5
998.26370903006,26.5
1003.4816470420445,26.5
1008.7268592871307,26.5
1013.9994883281055,26.5
1019.2996774729368,26.5
1024.627570778662,26.5
1029.9833130553077,26.5
1035.3670498698243,26.5
1040.778927550043,26.6
1046.219093188652,26.7
1051.687694647196,26.7
1057.1848805600926,26.7
1062.7108003386745,26.7
1068.2656041752484,26.7
1073.849443047181,26.7
1079.4624687209969,26.7
1085.104833756507,26.7
1090.7766915109553,26.8
1096.4781961431852,26.9
1102.2095026178308,26.9
1107.9707667095288,26.9
1113.7621450071517,26.9
1119.5837949180645,26.9
1125.4358746724013,26.9
1131.3185433273702,26.9
1137.231960771571,26.9
1143.1762877293438,26.9
1149.1516857651375,26.9
1155.1583172879002,26.9
1161.1963455554942,26.9
1167.2659346791324,26.9
1173.3672496278396,26.9
1179.5004562329357,26.9
1185.6657211925422,26.9
1191.8632120761172,26.9
1198.0930973290035,26.9
1204.355546277011,26.8
1210.650729131018,26.8
1216.9788169915967,26.8
1223.3399818536654,26.8
1229.7343966111616,26.7
1236.162235061742,26.6
1242.6236719115057,26.5
1249.1188827797416,26.5
1255.6480442037073,26.5
1262.2113336434193,26.5
1268.8089294864806,26.5
1275.4410110529293,26.5
1282.1077586001115,26.5
1288.8093533275808,26.5
1295.5459773820237,26.5
1302.3178138622095,26.5
1309.1250468239675,26.4
1315.967861285188,26.4
1322.8464432308563,26.3
1329.7609796180998,26.3
1336.7116583812742,26.2
1343.6986684370715,26.2
1350.7221996896535,26.1
1357.782443035813,26.1
1364.879590370164,26.1
1372.0138345903551,25.9
1379.1853696023147,25.7
1386.3943903255179,25.7
1393.6410926982915,25.7
1400.9256736831292,25.7
1408.248331272053,25.7
1415.6092644919916,25.8
1423.0086734101894,25.8
1430.4467591396458,25.9
1437.9237238445805,25.9
1445.439770745928,25.7
1452.9951041268616,25.5
1460.589929338344,25.2
1468.224452804715,25.2
1475.898882029292,25.3
1483.6134256000173,25.3
1491.3682931951248,25.3
1499.1636955888393,25.2
1506.999844657106,25.1
1514.8769533833477,25.0
1522.7952358642551,25.0
1530.754907315605,24.9
1538.7561840781082,24.8
1546.799283623296,24.8
1554.8844245594228,25.0
1563.0118266374113,25.4
1571.181710756826,25.5
1579.3942989718767,25.6
1587.649814497453,25.7
1595.9484817151922,25.7
1604.2905261795772,25.6
1612.6761746240677,25.6
1621.1056549672617,25.5
1629.5791963190893,25.4
1638.097028987047,25.4
1646.6593844824454,25.3
1655.266495526711,25.2
1663.9185960577072,24.9
1672.6159212360947,24.4
1681.3587074517213,23.8
1690.1471923300487,23.8
1698.9816147386093,24.0
1707.8622147934998,24.4
1716.789233865905,24.9
1725.7629145886658,24.9
1734.7835008628629,24.9
1743.8512378644525,25.1
1752.9663720509295,25.3
1762.1291511680254,25.2
1771.3398242564415,25.1
1780.598641658619,24.9
1789.9058550255418,24.8
1799.2617173235774,24.7
1808.6664828413498,24.5
1818.1204071966588,24.4
1827.6237473434162,24.4
1837.1767615786375,24.4
1846.7797095494598,24.4
1856.4328522602,24.2
1866.1364520794475,23.8
1875.8907727471963,23.6
1885.6960793820124,23.4
1895.552638488241,23.1
1905.4607179632462,22.7
1915.4205871047022,22.6
1925.4325166178992,22.7
1935.4967786231095,22.7
1945.6136466629825,22.7
1955.783395709978,22.6
1966.006302173841,22.5
1976.282643909114,22.6
1986.6127002226892,22.9
1996.996751881399,23.1
2007.4350811196462,23.2
2017.927971647083,23.4
2028.4757086563097,23.6
2039.078578830634,23.6
2049.736870351861,23.6
2060.4508729081267,23.7
2071.22087770177,23.7
2082.0471774572497,23.7
2092.9300664290977,23.6
2103.8698404099196,23.4
2114.8667967384304,23.3
2125.9212343075446,23.0
2137.0334535724887,22.7
2148.2037565589744,22.5
2159.4324468714053,22.7
2170.71982970113,22.9
2182.0662118347364,23.1
2193.4719016623894,23.2
2204.937209186215,23.3
2216.4624460287228,23.5
2228.0479254412767,23.7
2239.6939623126154,23.8
2251.4008731773993,23.7
2263.168976224821,23.5
2274.9985913072546,23.2
2286.890039948944,23.0
2298.843645354747,22.9
2310.8597324189163,22.7
2322.9386277339318,22.7
2335.0806595993763,22.7
2347.2861580308577,22.6
2359.5554547689862,22.6
2371.8888832883777,22.5
2384.2867788067265,22.5
2396.7494782939148,22.6
2409.2773204811715,22.6
2421.8706458702773,22.7
2434.5297967428205,22.7
2447.2551171695004,22.6
2460.0469530194778,22.5
2472.905651969775,22.4
2485.8315635147337,22.4
2498.825038975499,22.4
2511.88643150958,22.5
2525.0160961204438,22.7
2538.2143896671673,23.0
2551.481670874133,23.1
2564.8183003407817,23.2
2578.224640551411,23.3
2591.7010558850307,23.5
2605.247912625263,23.6
2618.8655789702975,23.6
2632.5544250429093,23.6
2646.314822900502,23.5
2660.14714654523,23.4
2674.051771934164,23.2
2688.029076989506,23.0
2702.079441608862,22.9
2716.20324767557,22.8
2730.400879069075,22.7
2744.6727216753675,22.6
2759.0191633974646,22.6
2773.440594165967,22.6
2787.9374059496395,22.6
2802.509992766076,22.9
2817.1587506924047,23.2
2831.8840778760564,23.3
2846.686374545581,23.2
2861.5660430215316,23.1
2876.5234877273942,23.0
2891.5591152005823,23.0
2906.6733341034837,22.9
2921.8665552345788,22.8
2937.139191539587,22.7
2952.4916581227058,22.2
2967.9243722578863,21.8
2983.4377534001765,21.8
2999.0322231971227,22.1
3014.7082055002275,22.2
3030.466126376471,22.3
3046.306414119893,22.3
3062.229499263226,22.4
3078.2358145896155,22.4
3094.325795144359,22.4
3110.4998782467446,22.3
3126.7585035019356,22.2
3143.1021128129173,21.9
3159.5311503925072,21.7
3176.0460627754296,21.7
3192.6472988304513,21.7
3209.335309772584,21.7
3226.1105491753406,21.7
3242.973472983081,21.7
3259.924539523382,21.7
3276.9642095195077,21.7
3294.0929461029286,21.6
3311.311214825911,21.5
3328.6194836741684,21.5
3346.018223079582,21.5
3363.507905932988,21.5
3381.089007597027,21.4
3398.762005919066,21.2
3416.527381244194,21.0
3434.385616428264,20.9
3452.337196851022,20.8
3470.382610429304,20.7
3488.5223476302926,20.6
3506.7569014848486,20.6
3525.0867676009134,20.7
3543.512444176976,20.9
3562.034432015617,21.0
3580.6532345371147,20.9
3599.369357793143,20.7
3618.1833104805046,20.6
3637.095603954969,21.2
3656.1067522451726,21.8
3675.2172720665826,22.1
3694.4276828355482,22.3
3713.738506683413,22.4
3733.1502684707093,22.5
3752.6634958014215,23.2
3772.2787190373247,24.4
3791.9964713124127,24.8
3811.817288547367,25.1
3831.7417094641373,25.5
3851.7702756005806,25.9
3871.9035313251793,26.5
3892.1420238518376,27.0
3912.4863032547537,27.4
3932.936922483372,28.2
3953.4944373774106,28.8
3974.1594066819653,29.1
3994.9323920627126,29.5
4015.8139581211503,29.7
4036.8046724099613,29.9
4057.9051054484326,30.0
4079.115830737964,30.1
4100.437424777656,30.2
4121.870467079975,30.2
4143.41554018651,30.2
4165.0732296838005,30.2
4186.844124219257,30.3
4208.728815517151,30.5
4230.72789839472,30.6
4252.841970778305,30.7
4275.071633719623,30.6
4297.417491412092,30.5
4319.880151207261,30.4
4342.460223631314,30.4
4365.158322401661,30.3
4387.975064443623,30.2
4410.911069907196,29.9
4433.9669621839075,29.5
4457.1433679237725,29.2
4480.4409170523,29.0
4503.860242787635,28.8
4527.40198165776,28.5
4551.0667735177985,28.0
4574.855261567406,27.4
4598.768092368251,27.0
4622.80591586159,26.7
4646.969385385929,26.5
4671.25915769478,26.0
4695.675892974527,25.6
4720.220254862348,25.4
4744.892910464259,25.3
4769.694530373255,25.4
4794.625788687525,25.6
4819.68736302878,25.7
4844.87993456067,25.8
4870.204188007296,25.9
4895.660811671819,26.0
4921.250497455168,26.0
4946.973940874864,25.9
4972.8318410838865,25.8
4998.824900889706,25.7
5024.953826773381,25.7
5051.219328908747,25.7
5077.622121181736,25.6
5104.162921209768,25.4
5130.842450361258,25.2
5157.661433775227,25.2
5184.620600380999,25.3
5211.720682918039,25.4
5238.962417955835,25.5
5266.346545913939,25.6
5293.873811082085,25.8
5321.544961640422,25.9
5349.360749679845,26.0
5377.321931222439,26.0
5405.429266242027,26.1
5433.683518684824,26.2
5462.085456490198,26.4
5490.635851611563,26.6
5519.335480037329,26.7
5548.185121812011,26.8
5577.185561057427,26.9
5606.337585994012,27.2
5635.641988962242,27.6
5665.0995664441625,27.9
5694.7111190850455,28.1
5724.477451715144,28.3
5754.399373371566,28.5
5784.477697320285,28.7
5814.713241078208,29.1
5845.10682643542,29.5
5875.659279477514,29.6
5906.371430608045,29.9
5937.244114571097,30.3
5968.278170473975,30.8
5999.4744418100045,31.4
6030.833776481469,31.9
6062.357026822636,32.2
6094.045049622959,32.4
6125.898706150321,32.5
6157.918862174471,32.6
6190.106387990547,32.7
6222.462158442733,32.8
6254.987052948034,32.9
6287.681955520183,32.8
6320.547754793659,32.8
6353.585344047851,32.7
6386.795621231329,32.6
6420.179488986247,32.4
6453.7378546729,32.2
6487.471630394349,32.3
6521.381733021235,32.3
6555.469084216698,32.2
6589.734610461422,32.1
6624.179243078815,32.0
6658.80391826033,31.8
6693.609577090902,31.6
6728.597165574533,31.5
6763.767634659991,31.3
6799.1219402666875,31.2
6834.661043310619,30.9
6870.385909730507,30.6
6906.297510514049,30.4
6942.39682172431,30.3
6978.684824526248,30.2
7015.162505213385,30.2
7051.830855234612,30.1
7088.690871221135,30.0
7125.7435550135615,29.8
7162.989913689153,29.6
7200.430959589155,29.4
7238.067710346342,29.3
7275.901188912673,29.2
7313.932423587085,29.1
7352.162448043451,29.0
7390.59230135867,28.9
7429.22302804091,28.8
7468.055678057999,28.7
7507.091306865953,28.6
7546.330975437692,28.5
7585.775750291836,28.4
7625.426703521717,28.3
7665.284912824515,28.2
7705.351461530549,28.2
7745.627438632719,28.1
7786.113938816104,28.0
7826.81206248772,27.9
7867.722915806424,27.8
7908.847610712972,27.7
7950.187264960275,27.4
7991.743002143727,27.0
8033.515951731782,26.8
8075.507249096639,26.9
8117.718035545101,26.7
8160.149458349601,26.4
8202.80267077938,25.9
8245.67883213183,25.4
8288.77910776401,25.1
8332.104669124305,25.2
8375.656693784302,25.8
8419.436365470749,27.3
8463.444874097753,29.2
8507.683415799123,30.3
8552.153192960874,30.7
8596.855414253905,31.2
8641.791294666864,31.8
8686.962055539152,32.6
8732.36892459413,33.3
8778.01313597248,33.5
8823.895930265779,33.6
8870.018554550163,33.7
8916.382262420266,33.8
8962.988314023276,33.9
9009.83797609319,34.0
9056.932521985234,34.0
9104.273231710486,34.0
9151.861391970657,33.9
9199.698296193066,33.9
9247.785244565785,33.8
9296.12354407301,33.8
9344.714508530542,33.7
9393.559458621517,33.5
9442.659721932305,33.2
9492.016632988581,33.1
9541.631533291613,33.1
9591.505771354708,33.0
9641.64070273987,32.9
9692.037690094652,32.7
9742.698103189163,32.6
9793.623318953358,31.4
9844.814721514387,30.2
9896.27370223427,29.9
9948.001659747684,29.4
10000.0,28.4
10052.270136285486,27.7
10104.813489285681,27.6
10157.6314871081,27.4
10210.725565324987,27.2
10264.09716701231,27.3
10317.747742788988,27.3
10371.678750856474,27.4
10425.891657038128,27.5
10480.387934819217,27.5
10535.16906538697,27.6
10590.236537670813,27.6
10645.591848382772,27.6
10701.236502058211,27.6
10757.172011096769,27.5
10813.399895803414,27.2
10869.921684429703,26.8
10926.73891321545,26.6
10983.85312643042,26.5
11041.265876416248,26.3
11098.978723628681,26.2
11156.993236680037,25.6
11215.310992381786,24.8
11273.933575787378,24.3
11332.862580235347,23.9
11392.099607392682,23.6
11451.646267298307,23.2
11511.504178406769,22.8
11571.674967632372,21.1
11632.16027039332,19.5
11692.961730656129,19.2
11754.08100098034,18.7
11815.519742563505,17.8
11877.27962528627,17.3
11939.362327757724,16.8
12001.76953736107,16.2
12064.50295029953,16.0
12127.56427164241,15.7
12190.95521537136,15.4
12254.677504427105,15.0
12318.732870756214,14.5
12383.123055358106,13.9
12447.849808332432,13.4
12512.914888926687,12.2
12578.320065583976,11.0
12644.067115991029,12.2
12710.157827126544,13.5
12776.593995309939,14.2
12843.377426249857,14.6
12910.50993509343,15.1
12977.99334647565,15.5
13045.829494568892,15.7
13114.020223132724,16.0
13182.567385564074,16.5
13251.472844947652,17.0
13320.738474106534,17.3
13390.366155652993,17.6
13460.35778203982,17.8
13530.715255611682,18.2
13601.440488656775,18.8
13672.535403458849,19.4
13744.001932349513,19.8
13815.842017760702,20.3
13888.057612277411,21.0
13960.650678690825,21.6
14033.62319005172,21.8
14106.977129724035,22.1
14180.714491438697,22.2
14254.837279347976,22.1
14329.347508079869,22.0
14404.247202792812,21.9
14479.538399230763,21.7
14555.223143778607,21.5
14631.303493517702,20.7
14707.78151628175,19.7
14784.65929071304,19.1
14861.938906319014,18.4
14939.622463529,17.4
15017.712073751207,16.1
15096.209859430292,14.9
15175.117954104964,13.6
15254.438502465904,12.1
15334.173660414117,10.5
15414.325595119602,9.5
15494.896485080177,9.1
15575.88852018064,8.5
15657.303901752315,7.5
15739.1448426331,8.0
15821.413567227246,8.7
15904.112311566014,8.8
15987.243323368504,8.9
16070.808862102673,9.0
16154.811199046684,8.9
16239.252617350698,8.9
16324.135412099,9.2
16409.461890372313,9.4
16495.23437131044,9.7
16581.455186175313,10.0
16668.12667841462,10.2
16755.251203725067,10.5
