10.0,39.8
10.052270136285475,39.8
10.104813489285682,39.9
10.157631487108103,39.9
10.210725565324982,40.0
10.264097167012295,40.0
10.317747742789004,40.0
10.371678750856479,40.0
10.425891657038118,40.0
10.480387934819216,40.0
10.535169065386981,40.0
10.590236537670812,40.0
10.64559184838276,40.0
10.701236502058206,40.0
10.757172011096776,40.0
10.813399895803409,40.1
10.869921684429707,40.1
10.926738913215466,40.1
10.98385312643042,40.1
11.041265876416237,40.1
11.098978723628681,40.1
11.156993236680048,40.1
11.215310992381788,40.1
11.27393357578736,40.1
11.332862580235341,40.1
11.392099607392687,40.1
11.451646267298301,40.1
11.511504178406776,40.1
11.571674967632385,40.1
11.632160270393321,40.1
11.692961730656117,40.2
11.75408100098034,40.2
11.815519742563518,40.3
11.87727962528627,40.3
11.939362327757706,40.3
12.001769537361062,40.3
12.064502950299536,40.3
12.127564271642404,40.3
12.190955215371359,40.3
12.254677504427118,40.3
12.318732870756214,40.3
12.383123055358094,40.3
12.447849808332432,40.4
12.5129148889267,40.5
12.578320065583968,40.5
12.644067115991009,40.5
12.710157827126565,40.5
12.776593995309947,40.5
12.843377426249843,40.5
12.910509935093431,40.5
12.977993346475664,40.5
13.045829494568892,40.5
13.11402022313271,40.5
13.182567385564074,40.5
13.251472844947658,40.5
13.320738474106527,40.5
13.390366155653,40.5
13.460357782039841,40.5
13.530715255611682,40.5
13.601440488656761,40.5
13.672535403458848,40.5
13.744001932349526,40.7
13.815842017760701,40.8
13.888057612277397,40.8
13.960650678690818,40.8
14.033623190051728,40.8
14.10697712972403,40.8
14.180714491438705,40.8
14.25483727934799,40.8
14.32934750807987,40.8
14.404247202792797,40.8
14.479538399230764,40.8
14.55522314377862,40.8
14.631303493517702,40.8
14.707781516281727,40.8
14.784659290713032,40.8
14.861938906319022,40.8
14.939622463528993,40.8
15.017712073751214,40.9
15.096209859430308,41.0
15.175117954104964,41.0
15.254438502465888,41.0
15.334173660414118,41.0
15.414325595119617,41.0
15.494896485080169,41.0
15.575888520180618,41.0
15.65730390175234,41.0
15.73914484263311,41.0
15.821413567227237,41.0
15.904112311566013,41.0
15.98724332336852,41.0
16.070808862102673,41.0
16.154811199046666,41.0
16.239252617350697,41.0
16.324135412099007,41.0
16.409461890372306,41.0
16.495234371310413,41.0
16.58145518617534,41.0
16.668126678414627,41.0
16.755251203725052,41.0
16.84283113011666,41.0
16.930868837977105,41.0
17.01936672013636,41.0
17.108327181931763,41.0
17.197752641273365,41.0
17.28764552870969,41.1
17.378008287493753,41.2
17.4688433736495,41.2
17.560153256038525,41.2
17.651940416427212,41.2
17.744207349554188,41.2
17.836956563198083,41.2
17.93019057824573,41.2
18.023911928760675,41.2
18.118123162052047,41.2
18.21282683874379,41.2
18.30802553284428,41.2
18.403721831816252,41.2
18.499918336647156,41.2
18.59661766191982,41.2
18.69382243588356,41.2
18.791535300525574,41.2
18.889758911642755,41.2
18.98849593891389,41.2
19.08774906597221,41.2
19.187520990478333,41.2
19.287814424193606,41.2
19.388632093053765,41.2
19.48997673724305,41.2
19.591851111268685,41.2
19.69425798403576,41.2
19.79720013892245,41.2
19.90068037385568,41.2
20.004701501387192,41.2
20.109266348769967,41.3
20.214377758035074,41.3
20.320038586068932,41.3
20.426251704690927,41.3
20.533020000731486,41.3
20.64034637611054,41.3
20.748233747916412,41.3
20.856685048485062,41.3
20.965703225479817,41.3
21.075291241971485,41.3
21.185452076518878,41.3
21.296188723249774,41.3
21.407504191942323,41.3
21.519401508106792,41.3
21.631883713067854,41.3
21.744953864047204,41.3
21.858615034246718,41.3
21.972870312931903,41.3
22.087722805515906,41.3
22.203175633643916,41.3
22.319231935278008,41.3
22.435894864782412,41.3
22.553167593009288,41.3
22.671053307384867,41.3
22.789555211996095,41.3
22.908676527677724,41.3
23.028420492099883,41.3
23.148790359856015,41.3
23.26978940255137,41.3
23.391420908891938,41.3
23.51368818477381,41.3
23.63659455337303,41.3
23.760143355235964,41.3
23.884337948370025,41.3
24.009181708334992,41.3
24.134678028334722,41.3
24.260830319309434,41.3
24.387642010028344,41.3
24.515116547182902,41.3
24.64325739548046,41.3
24.772068037738443,41.4
24.901551974979007,41.4
25.031712726524198,41.5
25.162553830091625,41.5
25.294078841890578,41.5
25.426291336718684,41.5
25.559194908059133,41.5
25.692793168178262,41.5
25.827089748223784,41.5
25.96208829832347,41.5
26.097792487684362,41.5
26.234206004692496,41.5
26.371332557013133,41.5
26.5091758716916,41.5
26.647739695254497,41.5
26.787027793811582,41.5
26.9270439531581,41.5
27.06779197887776,41.5
27.209275696446046,41.5
27.351498951334275,41.5
27.494465609114105,41.5
27.638179555562576,41.5
27.782644696767733,41.5
27.92786495923483,41.5
28.07384428999299,41.5
28.220586656702505,41.5
28.368096047762684,41.5
28.516376472420284,41.5
28.66543196087842,41.5
28.815266564406134,41.5
28.965884355448516,41.5
29.11728942773738,41.5
29.26948589640251,41.5
29.42247789808359,41.5
29.57626959104251,41.5
29.730865155276486,41.5
29.88626879263161,41.5
30.04248472691713,41.5
30.19951720402016,41.5
30.357370492021133,41.5
30.516048881309793,41.5
30.675556684701824,41.5
30.835898237556027,41.5
30.99707789789224,41.5
31.15910004650967,41.5
31.321969087106055,41.5
31.485689446397288,41.5
31.650265574237824,41.5
31.815701943741516,41.5
31.98200305140326,41.5
32.14917341722119,41.5
32.31721758481955,41.5
32.486140121572134,41.5
32.655945618726484,41.5
32.82663869152868,41.5
32.99822397934869,41.5
33.170706145806605,41.5
33.34408987889928,41.5
33.51837989112781,41.5
33.69358091962557,41.5
33.86969772628702,41.5
34.04673509789711,41.5
34.224697846261364,41.5
34.40359080833668,41.5
34.58341884636283,41.5
34.764186847994516,41.5
34.94589972643436,41.5
35.12856242056629,41.5
35.312179895089876,41.5
35.496757140655234,41.5
35.68229917399868,41.5
35.86881103807908,41.5
36.05629780221492,41.5
36.24476456222205,41.5
36.434216440552284,41.5
36.6246585864325,41.5
36.81609617600466,41.5
37.00853441246656,41.5
37.2019785262131,41.5
37.39643377497855,41.5
37.591905443979435,41.5
37.788398846058186,41.5
37.985919321827524,41.5
38.184472239815605,41.5
38.384062996612016,41.5
38.584697017014335,41.5
38.786379754175634,41.5
38.98911668975273,41.5
39.1929133340551,41.5
39.39777522619469,41.5
39.60370793423646,41.5
39.810717055349734,41.5
40.0188082159603,41.5
40.227987071903335,41.6
40.43825930857721,41.7
40.64963064109788,41.7
40.8621068144543,41.7
41.075693603664625,41.7
41.29039681393302,41.7
41.506222280807584,41.7
41.72317587033889,41.7
41.94126347923944,41.7
42.16049103504393,41.7
42.38086449627034,41.7
42.60238985258197,41.7
42.825073124950116,41.7
43.04892036581776,41.7
43.27393765926414,41.7
43.500131121170035,41.7
43.727506899384,41.7
43.956071173889484,41.7
44.18583015697281,41.7
44.416790093392,41.7
44.648957260546474,41.7
44.88233796864779,41.7
45.116938560890986,41.7
45.35276541362708,41.7
45.58982493653644,41.7
45.82812357280281,41.7
46.067667799288614,41.7
46.308464126710895,41.7
46.55051909981832,41.7
46.793839297569036,41.7
47.03843133330949,41.7
47.28430185495417,41.7
47.531457545166376,41.7
47.77990512153967,41.7
48.02965133678067,41.7
48.28070297889241,41.7
48.53306687135893,41.7
48.78674987333074,41.7
49.041758879811184,41.7
49.298100821843896,41.7
49.55578266670119,41.7
49.81481141807335,41.7
50.07519411625915,41.7
50.336937838356974,41.7
50.60004969845742,41.7
50.86453684783644,41.7
51.13040647514984,41.7
51.39766580662862,41.7
51.66632210627541,41.7
51.93638267606184,41.7
52.20785485612707,41.7
52.48074602497726,41.7
52.75506359968615,41.7
53.030815036096584,41.7
53.308007829023246,41.7
53.58664951245627,41.7
53.866747659766084,41.7
54.148309883909214,41.7
54.431343837635225,41.7
54.7158572136947,41.7
55.00185774504835,41.7
55.28935320507712,41.7
55.57835140779364,41.7
55.86886020805435,41.7
56.160887501773274,41.7
56.45444122613637,41.7
56.74952935981742,41.7
57.04615992319485,41.7
57.34434097856969,41.7
57.64408063038476,41.7
57.94538702544487,41.7
58.24826835313831,41.7
58.552732845659456,41.7
58.85878877823242,41.7
59.166444469336014,41.7
59.475708280929936,41.7
59.786588618681876,41.7
60.0990939321961,41.7
60.41323271524305,41.7
60.72901350599024,41.7
61.046444887234294,41.7
61.365535486634215,41.7
61.686293976945976,41.7
62.008729076258064,41.7
62.332849548228545,41.7
62.658664202323344,41.7
62.98618189405547,41.7
63.315411525225876,41.7
63.64636204416533,41.7
63.979042445977655,41.7
64.31346177278421,41.7
64.64962911396958,41.7
64.98755360642885,41.7
65.32724443481563,41.7
65.66871083179183,41.7
66.01196207827876,41.7
66.35700750370908,41.7
66.7038564862806,41.7
67.05251845321108,41.7
67.40300288099445,41.7
67.75531929565844,41.7
68.1094772730234,41.7
68.46548643896274,41.7
68.82335646966433,41.7
69.18309709189363,41.7
69.54471808325809,41.7
69.90822927247277,41.7
70.27364053962762,41.7
70.6409618164559,41.7
71.01020308660422,41.7
71.38137438590384,41.7
71.75448580264342,41.7
72.12954747784322,41.7
72.50656960553087,41.7
72.88556243301818,41.7
73.26653626117992,41.7
73.64950144473359,41.7
74.03446839252094,41.7
74.42144756779092,41.7
74.810449488484,41.7
75.20148472751808,41.7
75.59456391307583,41.7
75.98969772889355,41.7
76.38689691455168,41.7
76.78617226576647,41.7
77.18753463468363,41.7
77.59099493017311,41.7
77.99656411812569,41.7
78.404253221751,41.7
78.8140733218772,41.7
79.226035557252,41.7
79.64015112484554,41.7
80.05643128015467,41.7
80.47488733750892,41.7
80.89553067037787,41.6
81.31837271168051,41.5
81.74342495409579,41.5
82.170698950375,41.5
82.60020631365589,41.5
83.03195871777821,41.5
83.46596789760103,41.5
83.90224564932171,41.5
84.34080383079642,41.5
84.78165436186265,41.5
85.22480922466286,41.5
85.67028046397054,41.5
86.11808018751721,41.5
86.56822056632171,41.5
87.020713835021,41.5
87.47557229220259,41.5
87.93280830073893,41.5
88.39243428812335,41.5
88.85446274680783,41.5
89.31890623454267,41.5
89.78577737471758,41.5
90.25508885670492,41.5
90.72685343620469,41.5
91.20108393559097,41.5
91.67779324426061,41.5
92.15699431898352,41.5
92.63870018425483,41.5
93.12292393264887,41.5
93.60967872517497,41.5
94.09897779163542,41.5
94.5908344309847,41.5
95.0852620116911,41.5
95.58227397210023,41.5
96.08188382079996,41.5
96.5841051369878,41.5
97.08895157083991,41.5
97.59643684388209,41.5
98.10657474936274,41.5
98.61937915262773,41.5
99.13486399149741,41.5
99.65304327664518,41.5
100.17393109197839,41.5
100.69754159502135,41.5
101.22388901729977,41.5
101.75298766472777,41.5
102.28485191799675,41.5
102.81949623296607,41.5
103.35693514105618,41.5
103.89718324964329,41.5
104.44025524245698,41.5
104.98616587997819,41.5
105.53492999984189,41.5
106.08656251723878,41.5
106.64107842532215,41.5
107.19849279561431,41.5
107.75882077841675,41.5
108.32207760322176,41.5
108.88827857912626,41.5
109.45743909524856,41.5
110.02957462114523,41.5
110.60470070723336,41.5
111.18283298521138,41.5
111.76398716848561,41.5
112.3481790525961,41.5
112.93542451564652,41.5
113.5257395187356,41.5
114.11914010639099,41.5
114.71564240700522,41.4
115.3152626332741,41.4
115.91801708263789,41.3
116.52392213772293,41.3
117.13299426678874,41.3
117.74525002417371,41.3
118.36070605074681,41.3
118.97937907435858,41.3
119.60128591029638,41.3
120.22644346174131,41.3
120.85486872022751,41.3
121.4865787661046,41.3
122.12159076900052,41.3
122.75992198829012,41.3
123.40158977356222,41.3
124.04661156509306,41.3
124.69500489431896,41.3
125.34678738431336,41.3
126.00197675026583,41.3
126.6605907999634,41.3
127.3226474342747,41.3
127.98816464763628,41.3
128.6571605285424,41.3
129.32965326003517,41.3
130.00566112020084,41.3
130.68520248266435,41.3
131.36829581709074,41.3
132.05495968968575,41.3
132.74521276370103,41.3
133.43907379994133,41.3
134.1365616572744,41.3
134.83769529314347,41.3
135.54249376408254,41.3
136.25097622623485,41.3
136.96316193587217,41.3
137.67907024992007,41.3
138.39872062648203,41.3
139.1221326253702,41.3
139.84932590863562,41.3
140.58032024110324,41.3
141.31513549090906,41.3
142.05379163003997,41.3
142.7963087348772,41.3
143.5427069867405,41.3
144.29300667243896,41.3
145.04722818481977,41.3
145.80539202332486,41.3
146.56751879454652,41.3
147.333629212788,41.3
148.1037441006266,41.3
148.87788438947953,41.3
149.65607112017267,41.3
150.43832544351253,41.3
151.2246686208618,41.3
152.01512202471548,41.3
152.80970713928414,41.3
153.6084455610754,41.3
154.41135899948313,41.3
155.218469277376,41.3
156.02979833169113,41.3
156.8453682140304,41.3
157.66520109125955,41.3
158.48931924611142,41.3
159.3177450777899,41.3
160.15050110258113,41.3
160.9876099544629,41.3
161.82909438572216,41.3
162.67497726757185,41.3
163.52528159077312,41.3
164.38003046626017,41.3
165.23924712576837,41.3
166.1029549224657,41.3
166.97117733158728,41.3
167.8439379510743,41.3
168.72126050221348,41.3
169.60316883028446,41.2
170.48968690520502,41.2
171.38083882218535,41.2
172.27664880238083,41.2
173.17714119355136,41.2
174.08234047072295,41.2
174.99227123685273,41.2
175.9069582234984,41.2
176.82642629148881,41.1
177.75070043160196,41.0
178.67980576524164,41.0
179.61376754512278,41.1
180.55261115595593,41.2
181.49636211513797,41.2
182.44504607344558,41.2
183.39868881573247,41.2
184.35731626163007,41.2
185.3209544662519,41.2
186.28962962090262,41.2
187.26336805378796,41.2
188.24219623073301,41.2
189.2261407558986,41.2
190.21522837250714,41.2
191.20948596356752,41.3
192.20894055260666,41.3
193.21361930440384,41.3
194.22354952572874,41.3
195.2387586660848,41.3
196.25927431845295,41.3
197.28512422004457,41.4
198.31633625305224,41.5
199.35293844541056,41.5
200.39495897155572,41.5
201.4424261531923,41.5
202.4953684600627,41.5
203.55381451072122,41.5
204.6177930733116,41.5
205.6873330663489,41.5
206.76246355950653,41.5
207.84321377440395,41.5
208.92961308540407,41.5
210.02169102040844,41.5
211.11947726166272,41.5
212.22300164656127,41.5
213.33229416845913,41.5
214.447384977487,41.5
215.5683043813707,41.5
216.69508284625502,41.5
217.8277509975314,41.6
218.9663396206716,41.7
220.1108796620618,41.7
221.26140222984722,41.7
222.41793859477394,41.7
223.5805201910423,41.7
224.74917861715863,41.9
225.9239456367954,42.0
227.10485317965416,42.0
228.29193334233327,42.0
229.48521838920135,42.0
230.68474075327168,42.0
231.89053303708724,42.0
233.102628013603,42.1
234.32105862708036,42.2
235.5458579939798,42.2
236.77705940386227,42.2
238.0146963202937,42.2
239.25880238175446,42.2
240.50941140255387,42.2
241.76655737374873,42.2
243.03027446406858,42.1
244.30059702084168,42.1
245.57755957093218,42.0
246.86119682167464,42.0
248.1515436618211,42.0
249.44863516248657,42.0
250.75250657810346,42.0
252.0631933473797,42.0
253.3807310942614,42.0
254.7051556289027,42.0
256.03650294863604,42.0
257.3748092389545,42.0
258.72011087449107,42.0
260.0724444200114,42.0
261.4318466314045,42.0
262.79835445668317,42.0
264.17200503698814,42.0
265.5528357075972,42.0
266.94088399894025,41.9
268.336187637619,41.8
269.7387845474336,41.7
271.1487128504106,41.7
272.56601086784315,41.7
273.9907171213279,41.7
275.4228703338166,41.7
276.86250943066517,41.7
278.30967354069315,41.7
279.764401997247,41.7
281.2267343392687,41.7
282.6967103123723,41.7
284.1743698699204,41.7
285.65975317411466,41.7
287.152900597083,41.7
288.6538527219809,41.7
290.16265034409145,41.7
291.67933447193553,41.7
293.203946328386,41.7
294.7365273517884,41.6
296.27711919708696,41.5
297.8257637369567,41.5
299.38250306294265,41.5
300.947379486601,41.5
302.52043554065347,41.5
304.1017139801383,41.5
305.69125778357716,41.5
307.2891101541398,41.5
308.8953145208197,41.5
310.5099145396145,41.5
312.1329540947119,41.5
313.76447729968413,41.5
315.40452849868336,41.4
317.0531522676519,41.4
318.71039341552853,41.3
320.3762969854716,41.3
322.05090825607795,41.3
323.7342727426186,41.3
325.4264361982722,41.3
327.1274446153702,41.3
328.83734422664674,41.3
330.55618150649445,41.3
332.28400317222986,41.3
334.02085618535915,41.2
335.76678775285944,41.2
337.52184532845695,41.2
339.28607661392135,41.2
341.0595295603587,41.2
342.84225236951676,41.2
344.63429349509414,41.2
346.4357016440579,41.1
348.24652577796684,41.1
350.06681511430224,41.0
351.8966191278073,41.0
353.7359875518278,41.0
355.5849703796693,41.0
357.44361786595016,41.0
359.3119805279728,40.9
361.1901091470929,40.8
363.0780547701014,40.8
364.9758687106112,40.8
366.8836025504522,40.8
368.80130814107446,40.8
370.72903760495365,40.7
372.66684333701346,40.6
374.6147780060434,40.5
376.57289455613636,40.5
378.54124620812286,40.5
380.5198864610201,40.5
382.50886909348526,40.4
384.5082481652772,40.3
386.51807801872604,40.3
388.53841328020957,40.2
390.56930886163985,40.2
392.6108199619517,40.1
394.6630020686084,40.1
396.7259109591041,40.0
398.7996027024853,40.0
400.8841336608706,39.9
402.9795604909844,39.9
405.0859401456969,39.8
407.20332987557106,39.8
409.331787230421,39.7
411.4713700608718,39.7
413.6221365199375,39.6
415.78414506459575,39.6
417.95745445738237,39.6
420.1421237679842,39.5
422.33821237484636,39.5
424.5457799667861,39.4
426.76488654461485,39.3
428.9955924227691,39.2
431.23795823094935,39.1
433.49204491576995,38.9
435.7579137424112,38.8
438.0356262962907,38.8
440.3252444847303,38.8
442.62683053864555,38.7
444.9404470142319,38.6
447.2661567946673,38.5
449.60402309182115,38.5
451.9541094479714,38.4
454.3164797375345,38.4
456.6911981687959,38.3
459.0783292856624,38.2
461.4779379694089,38.0
463.89008944044906,37.9
466.31484926010245,37.8
468.7522833323791,37.7
471.20245790577025,37.6
473.6654395750488,37.5
476.14129528307956,37.5
478.630092322638,37.4
481.1318983382419,37.4
483.6467813279844,37.4
486.1748096453894,37.3
488.7160520012619,37.2
491.27057746556244,37.1
493.8384554692794,37.0
496.4197558063182,36.9
499.01454863539806,36.8
501.6229044819588,36.7
504.24489424007766,36.7
506.88058917439554,36.7
509.53006092205686,36.7
512.1933814946506,36.6
514.8706232801756,36.6
517.5618590449992,36.5
520.2671619358439,36.4
522.9866054817683,36.4
525.7202635961694,36.3
528.4682105787901,36.3
531.230521117739,36.3
534.0072702915224,36.3
536.7985335710792,36.3
539.6043868218401,36.2
542.4249063057814,36.2
545.2601686835053,36.2
548.1102510163182,36.2
550.9752307683272,36.2
553.8551858085453,36.2
556.7501944130083,36.2
559.6603352669016,36.2
562.5856874666987,36.2
565.5263305223134,36.1
568.4823443592555,36.1
571.4538093208106,36.0
574.4408061702153,36.0
577.4434160928608,36.0
580.4617206984933,36.0
583.4958020234345,36.0
586.5457425328113,36.0
589.6116251227962,36.0
592.6935331228639,35.9
595.7915502980484,35.8
598.9057608512304,35.8
602.0362494254149,35.8
605.1831011060411,35.8
608.3464014232891,35.8
611.5262363544065,35.7
614.7226923260454,35.6
617.9358562166111,35.5
621.1658153586235,35.5
624.4126575410903,35.5
627.6764710118958,35.5
630.957344480193,35.4
634.2553671188238,35.3
637.5706285667327,35.3
640.9032189314127,35.3
644.2532287913472,35.3
647.6207491984753,35.3
651.0058716806659,35.3
654.4086882442045,35.3
657.8292913762976,35.3
661.2677740475787,35.3
664.7242297146454,35.3
668.1987523225889,35.3
671.6914363075575,35.3
675.2023765993158,35.4
678.7316686238282,35.4
682.2794083058518,35.5
685.8456920715438,35.5
689.4306168510824,35.6
693.0342800813003,35.6
696.6567797083366,35.7
700.2982141902914,35.8
703.9586824999124,35.9
707.6382841272731,36.0
711.3371190824884,36.0
715.0552878984242,36.0
718.7928916334344,36.0
722.5500318741055,36.0
726.3268107380181,36.1
730.123330876526,36.2
733.9396954775374,36.2
737.7760082683312,36.2
741.6323735183645,36.3
745.508896042117,36.3
749.4056812019327,36.3
753.3228349108862,36.3
757.2604636356614,36.4
761.2186743994453,36.4
765.1975747848361,36.5
769.1972729367671,36.5
773.2178775654501,36.5
777.2594979493206,36.5
781.3222439380205,36.6
785.406225955371,36.6
789.5115550023859,36.7
793.6383426602791,36.7
797.7867010935024,36.7
801.9567430527921,36.7
806.1485818782347,36.7
810.3623315023465,36.8
814.59810645317,36.9
818.8560218573906,37.0
823.1361934434566,37.1
827.4387375447371,37.1
831.7637711026708,37.2
836.1114116699566,37.3
840.4817774137397,37.4
844.8749871188272,37.4
849.2911601909162,37.4
853.7304166598383,37.4
858.1928771828257,37.4
862.6786630477819,37.5
867.1878961765907,37.5
871.7206991284164,37.6
876.2771951030477,37.6
880.8575079442367,37.7
885.4617621430697,37.7
890.0900828413493,37.7
894.742595834996,37.8
899.4194275774676,37.8
904.1207051831946,37.9
908.8465564310401,37.9
913.5971097677627,37.9
918.3724943115215,37.9
923.1728398553701,37.9
927.998276870799,37.9
932.8489365112713,37.9
937.7249506157918,37.9
942.6264517124897,37.9
947.5535730222193,37.8
952.5064484621864,37.7
957.4852126495767,37.7
962.4900009052299,37.7
967.5209492573013,37.7
972.5781944449744,37.7
977.6618739221665,37.7
982.772125861269,37.8
987.9090891569025,37.8
993.0729034296917,37.9
998.26370903006,38.0
1003.4816470420445,38.0
1008.7268592871307,38.1
1013.9994883281055,38.2
1019.2996774729368,38.3
1024.627570778662,38.4
1029.9833130553077,38.5
1035.3670498698243,38.5
1040.778927550043,38.6
1046.219093188652,38.6
1051.687694647196,38.7
1057.1848805600926,38.8
1062.7108003386745,38.8
1068.2656041752484,38.8
1073.849443047181,38.9
1079.4624687209969,38.9
1085.104833756507,38.9
1090.7766915109553,38.9
1096.4781961431852,38.9
1102.2095026178308,38.9
1107.9707667095288,38.9
1113.7621450071517,38.9
1119.5837949180645,38.9
1125.4358746724013,38.9
1131.3185433273702,38.9
1137.231960771571,38.9
1143.1762877293438,38.8
1149.1516857651375,38.8
1155.1583172879002,38.8
1161.1963455554942,38.7
1167.2659346791324,38.7
1173.3672496278396,38.6
1179.5004562329357,38.6
1185.6657211925422,38.6
1191.8632120761172,38.6
1198.0930973290035,38.5
1204.355546277011,38.5
1210.650729131018,38.4
1216.9788169915967,38.3
1223.3399818536654,38.2
1229.7343966111616,38.1
1236.162235061742,38.0
1242.6236719115057,38.0
1249.1188827797416,37.9
1255.6480442037073,37.8
1262.2113336434193,37.8
1268.8089294864806,37.7
1275.4410110529293,37.7
1282.1077586001115,37.7
1288.8093533275808,37.7
1295.5459773820237,37.6
1302.3178138622095,37.6
1309.1250468239675,37.5
1315.967861285188,37.5
1322.8464432308563,37.4
1329.7609796180998,37.4
1336.7116583812742,37.3
1343.6986684370715,37.2
1350.7221996896535,37.1
1357.782443035813,37.0
1364.879590370164,36.9
1372.0138345903551,36.8
1379.1853696023147,36.7
1386.3943903255179,36.5
1393.6410926982915,36.4
1400.9256736831292,36.3
1408.248331272053,36.2
1415.6092644919916,36.2
1423.0086734101894,36.1
1430.4467591396458,35.9
1437.9237238445805,35.7
1445.439770745928,35.6
1452.9951041268616,35.5
1460.589929338344,35.4
1468.224452804715,35.3
1475.898882029292,35.1
1483.6134256000173,35.0
1491.3682931951248,35.0
1499.1636955888393,35.0
1506.999844657106,34.9
1514.8769533833477,34.8
1522.7952358642551,34.7
1530.754907315605,34.7
1538.7561840781082,34.6
1546.799283623296,34.6
1554.8844245594228,34.5
1563.0118266374113,34.4
1571.181710756826,34.3
1579.3942989718767,34.1
1587.649814497453,33.9
1595.9484817151922,33.8
1604.2905261795772,33.7
1612.6761746240677,33.6
1621.1056549672617,33.5
1629.5791963190893,33.4
1638.097028987047,33.2
1646.6593844824454,33.1
1655.266495526711,32.9
1663.9185960577072,32.8
1672.6159212360947,32.8
1681.3587074517213,32.9
1690.1471923300487,32.9
1698.9816147386093,33.0
1707.8622147934998,33.0
1716.789233865905,33.1
1725.7629145886658,33.1
1734.7835008628629,33.1
1743.8512378644525,33.1
1752.9663720509295,33.0
1762.1291511680254,33.0
1771.3398242564415,32.9
1780.598641658619,32.9
1789.9058550255418,32.8
1799.2617173235774,32.6
1808.6664828413498,32.4
1818.1204071966588,32.3
1827.6237473434162,32.3
1837.1767615786375,32.2
1846.7797095494598,32.1
1856.4328522602,32.0
1866.1364520794475,31.8
1875.8907727471963,31.7
1885.6960793820124,31.6
1895.552638488241,31.5
1905.4607179632462,31.2
1915.4205871047022,31.0
1925.4325166178992,30.8
1935.4967786231095,30.7
1945.6136466629825,30.6
1955.783395709978,30.5
1966.006302173841,30.3
1976.282643909114,30.1
1986.6127002226892,29.8
1996.996751881399,29.6
2007.4350811196462,29.4
2017.927971647083,29.2
2028.4757086563097,29.0
2039.078578830634,28.8
2049.736870351861,28.6
2060.4508729081267,28.3
2071.22087770177,27.8
2082.0471774572497,27.4
2092.9300664290977,27.1
2103.8698404099196,26.9
2114.8667967384304,26.7
2125.9212343075446,26.4
2137.0334535724887,26.2
2148.2037565589744,26.2
2159.4324468714053,26.5
2170.71982970113,26.7
2182.0662118347364,26.8
2193.4719016623894,27.0
2204.937209186215,27.1
2216.4624460287228,27.6
2228.0479254412767,28.1
2239.6939623126154,28.3
2251.4008731773993,28.4
2263.168976224821,28.5
2274.9985913072546,28.6
2286.890039948944,28.7
2298.843645354747,28.7
2310.8597324189163,28.8
2322.9386277339318,28.9
2335.0806595993763,28.9
2347.2861580308577,28.9
2359.5554547689862,28.9
2371.8888832883777,28.9
2384.2867788067265,28.9
2396.7494782939148,28.9
2409.2773204811715,28.9
2421.8706458702773,28.8
2434.5297967428205,28.8
2447.2551171695004,28.8
2460.0469530194778,28.8
2472.905651969775,28.8
2485.8315635147337,28.8
2498.825038975499,28.8
2511.88643150958,28.8
2525.0160961204438,28.7
2538.2143896671673,28.6
2551.481670874133,28.6
2564.8183003407817,28.7
2578.224640551411,28.7
2591.7010558850307,28.8
2605.247912625263,28.8
2618.8655789702975,28.8
2632.5544250429093,28.8
2646.314822900502,28.8
2660.14714654523,28.8
2674.051771934164,28.8
2688.029076989506,28.8
2702.079441608862,28.8
2716.20324767557,28.8
2730.400879069075,28.8
2744.6727216753675,28.7
2759.0191633974646,28.6
2773.440594165967,28.6
2787.9374059496395,28.6
2802.509992766076,28.6
2817.1587506924047,28.6
2831.8840778760564,28.6
2846.686374545581,28.6
2861.5660430215316,28.6
2876.5234877273942,28.6
2891.5591152005823,28.6
2906.6733341034837,28.6
2921.8665552345788,28.6
2937.139191539587,28.7
2952.4916581227058,28.8
2967.9243722578863,28.8
2983.4377534001765,28.9
2999.0322231971227,29.0
3014.7082055002275,29.1
3030.466126376471,29.1
3046.306414119893,29.1
3062.229499263226,29.1
3078.2358145896155,29.2
3094.325795144359,29.3
3110.4998782467446,29.3
3126.7585035019356,29.2
3143.1021128129173,29.2
3159.5311503925072,29.1
3176.0460627754296,29.1
3192.6472988304513,29.1
3209.335309772584,29.1
3226.1105491753406,29.0
3242.973472983081,28.9
3259.924539523382,28.8
3276.9642095195077,28.7
3294.0929461029286,28.6
3311.311214825911,28.5
3328.6194836741684,28.4
3346.018223079582,28.2
3363.507905932988,28.1
3381.089007597027,27.9
3398.762005919066,27.6
3416.527381244194,27.4
3434.385616428264,27.3
3452.337196851022,27.3
3470.382610429304,27.2
3488.5223476302926,27.1
3506.7569014848486,26.9
3525.0867676009134,26.6
3543.512444176976,26.4
3562.034432015617,26.3
3580.6532345371147,26.1
3599.369357793143,25.8
3618.1833104805046,25.3
3637.095603954969,24.9
3656.1067522451726,24.7
3675.2172720665826,24.5
3694.4276828355482,24.3
3713.738506683413,24.0
3733.1502684707093,23.6
3752.6634958014215,23.3
3772.2787190373247,23.1
3791.9964713124127,22.9
3811.817288547367,22.6
3831.7417094641373,21.9
3851.7702756005806,21.2
3871.9035313251793,20.8
3892.1420238518376,20.5
3912.4863032547537,20.2
3932.936922483372,19.9
3953.4944373774106,19.8
3974.1594066819653,19.9
3994.9323920627126,20.0
4015.8139581211503,20.1
4036.8046724099613,20.2
4057.9051054484326,20.3
4079.115830737964,20.4
4100.437424777656,20.5
4121.870467079975,20.5
4143.41554018651,20.5
4165.0732296838005,20.5
4186.844124219257,20.5
4208.728815517151,20.5
4230.72789839472,20.5
4252.841970778305,20.4
4275.071633719623,20.2
4297.417491412092,20.1
4319.880151207261,20.0
4342.460223631314,20.0
4365.158322401661,20.0
4387.975064443623,20.1
4410.911069907196,20.2
4433.9669621839075,20.3
4457.1433679237725,20.4
4480.4409170523,20.5
4503.860242787635,20.7
4527.40198165776,20.8
4551.0667735177985,20.8
4574.855261567406,20.8
4598.768092368251,20.8
4622.80591586159,20.8
4646.969385385929,20.7
4671.25915769478,20.4
4695.675892974527,20.1
4720.220254862348,19.9
4744.892910464259,19.7
4769.694530373255,19.5
4794.625788687525,19.3
4819.68736302878,19.1
4844.87993456067,18.8
4870.204188007296,18.4
4895.660811671819,18.2
4921.250497455168,18.0
4946.973940874864,17.8
4972.8318410838865,17.6
4998.824900889706,17.4
5024.953826773381,17.0
5051.219328908747,16.7
5077.622121181736,16.6
5104.162921209768,16.6
5130.842450361258,16.5
5157.661433775227,16.5
5184.620600380999,16.6
5211.720682918039,16.8
5238.962417955835,16.9
5266.346545913939,17.1
5293.873811082085,17.3
5321.544961640422,17.4
5349.360749679845,17.5
5377.321931222439,17.5
5405.429266242027,17.5
5433.683518684824,17.5
5462.085456490198,17.4
5490.635851611563,17.4
5519.335480037329,17.3
5548.185121812011,17.2
5577.185561057427,17.1
5606.337585994012,17.1
5635.641988962242,17.0
5665.0995664441625,17.0
5694.7111190850455,17.0
5724.477451715144,17.0
5754.399373371566,17.0
5784.477697320285,17.0
5814.713241078208,17.0
5845.10682643542,17.0
5875.659279477514,17.0
5906.371430608045,17.0
5937.244114571097,17.0
5968.278170473975,17.0
5999.4744418100045,17.0
6030.833776481469,17.1
6062.357026822636,17.2
6094.045049622959,17.3
6125.898706150321,17.4
6157.918862174471,17.5
6190.106387990547,17.7
6222.462158442733,17.9
6254.987052948034,18.2
6287.681955520183,18.4
6320.547754793659,18.5
6353.585344047851,18.6
6386.795621231329,18.7
6420.179488986247,18.9
6453.7378546729,19.2
6487.471630394349,19.4
6521.381733021235,19.5
6555.469084216698,19.7
6589.734610461422,19.8
6624.179243078815,19.9
6658.80391826033,20.2
6693.609577090902,20.6
6728.597165574533,21.0
6763.767634659991,21.3
6799.1219402666875,21.4
6834.661043310619,21.6
6870.385909730507,21.8
6906.297510514049,22.0
6942.39682172431,22.3
6978.684824526248,22.5
7015.162505213385,22.6
7051.830855234612,22.8
7088.690871221135,22.9
7125.7435550135615,23.1
7162.989913689153,23.3
7200.430959589155,23.5
7238.067710346342,23.6
7275.901188912673,23.7
7313.932423587085,23.7
7352.162448043451,23.8
7390.59230135867,23.9
7429.22302804091,23.9
7468.055678057999,23.9
7507.091306865953,24.0
7546.330975437692,24.2
7585.775750291836,24.5
7625.426703521717,24.6
7665.284912824515,24.7
7705.351461530549,24.8
7745.627438632719,25.1
7786.113938816104,25.3
7826.81206248772,25.6
7867.722915806424,26.0
7908.847610712972,26.6
7950.187264960275,27.3
7991.743002143727,27.5
8033.515951731782,27.7
8075.507249096639,27.8
8117.718035545101,27.9
8160.149458349601,28.0
8202.80267077938,28.0
8245.67883213183,28.1
8288.77910776401,28.1
8332.104669124305,28.0
8375.656693784302,27.9
8419.436365470749,27.7
8463.444874097753,27.5
8507.683415799123,27.4
8552.153192960874,27.3
8596.855414253905,26.8
8641.791294666864,26.1
8686.962055539152,25.8
8732.36892459413,25.5
8778.01313597248,25.3
8823.895930265779,25.1
8870.018554550163,24.5
8916.382262420266,23.7
8962.988314023276,23.1
9009.83797609319,22.7
9056.932521985234,22.4
9104.273231710486,21.9
9151.861391970657,21.3
9199.698296193066,20.7
9247.785244565785,20.2
9296.12354407301,19.8
9344.714508530542,19.3
9393.559458621517,18.8
9442.659721932305,18.5
9492.016632988581,18.7
9541.631533291613,18.9
9591.505771354708,19.5
9641.64070273987,20.2
9692.037690094652,20.6
9742.698103189163,21.1
9793.623318953358,21.7
9844.814721514387,22.0
9896.27370223427,22.3
9948.001659747684,23.1
10000.0,24.0
10052.270136285486,24.3
10104.813489285681,24.5
10157.6314871081,24.7
10210.725565324987,24.8
10264.09716701231,24.9
10317.747742788988,24.9
10371.678750856474,25.0
10425.891657038128,24.9
10480.387934819217,24.6
10535.16906538697,24.2
10590.236537670813,23.9
10645.591848382772,23.6
10701.236502058211,23.3
10757.172011096769,23.0
10813.399895803414,22.1
10869.921684429703,20.9
10926.73891321545,20.2
10983.85312643042,19.6
11041.265876416248,19.2
11098.978723628681,18.8
11156.993236680037,17.5
11215.310992381786,16.0
11273.933575787378,15.3
11332.862580235347,14.8
11392.099607392682,14.4
11451.646267298307,14.0
11511.504178406769,13.6
11571.674967632372,12.0
11632.16027039332,10.4
11692.961730656129,9.7
11754.08100098034,8.2
11815.519742563505,6.5
11877.27962528627,5.6
11939.362327757724,5.1
12001.76953736107,5.0
12064.50295029953,5.2
12127.56427164241,5.4
12190.95521537136,5.7
12254.677504427105,5.8
12318.732870756214,5.8
12383.123055358106,5.8
12447.849808332432,5.7
12512.914888926687,5.6
12578.320065583976,5.3
12644.067115991029,4.9
12710.157827126544,4.7
12776.593995309939,4.4
12843.377426249857,4.6
12910.50993509343,6.1
12977.99334647565,7.6
13045.829494568892,8.0
13114.020223132724,8.4
13182.567385564074,8.7
13251.472844947652,9.2
13320.738474106534,9.6
13390.366155652993,9.9
13460.35778203982,10.2
13530.715255611682,10.3
13601.440488656775,10.3
13672.535403458849,10.3
13744.001932349513,10.3
13815.842017760702,10.2
13888.057612277411,10.4
13960.650678690825,10.8
14033.62319005172,11.1
14106.977129724035,11.3
14180.714491438697,11.5
14254.837279347976,11.8
14329.347508079869,12.1
14404.247202792812,12.3
14479.538399230763,12.4
14555.223143778607,12.5
14631.303493517702,12.6
14707.78151628175,12.6
14784.65929071304,12.7
14861.938906319014,12.8
14939.622463529,12.9
15017.712073751207,12.8
15096.209859430292,12.6
15175.117954104964,12.3
15254.438502465904,11.7
15334.173660414117,11.1
15414.325595119602,10.8
15494.896485080177,10.6
15575.88852018064,9.7
15657.303901752315,8.8
15739.1448426331,9.0
15821.413567227246,9.4
15904.112311566014,9.7
15987.243323368504,9.9
16070.808862102673,10.0
16154.811199046684,10.1
16239.252617350698,10.2
16324.135412099,10.2
16409.461890372313,10.3
16495.23437131044,10.5
16581.455186175313,10.6
16668.12667841462,10.8
16755.251203725067,10.9
