10.0,45.7
10.052270136285475,45.7
10.104813489285682,45.7
10.157631487108103,45.7
10.210725565324982,45.7
10.264097167012295,45.7
10.317747742789004,45.7
10.371678750856479,45.7
10.425891657038118,45.7
10.480387934819216,45.7
10.535169065386981,45.7
10.590236537670812,45.7
10.64559184838276,45.8
10.701236502058206,45.8
10.757172011096776,45.8
10.813399895803409,45.8
10.869921684429707,45.8
10.926738913215466,45.8
10.98385312643042,45.8
11.041265876416237,45.8
11.098978723628681,45.9
11.156993236680048,46.0
11.215310992381788,46.0
11.27393357578736,46.0
11.332862580235341,46.0
11.392099607392687,46.0
11.451646267298301,46.0
11.511504178406776,46.0
11.571674967632385,46.0
11.632160270393321,46.0
11.692961730656117,46.0
11.75408100098034,46.1
11.815519742563518,46.2
11.87727962528627,46.2
11.939362327757706,46.2
12.001769537361062,46.2
12.064502950299536,46.2
12.127564271642404,46.2
12.190955215371359,46.2
12.254677504427118,46.2
12.318732870756214,46.2
12.383123055358094,46.2
12.447849808332432,46.4
12.5129148889267,46.5
12.578320065583968,46.5
12.644067115991009,46.5
12.710157827126565,46.5
12.776593995309947,46.5
12.843377426249843,46.5
12.910509935093431,46.5
12.977993346475664,46.5
13.045829494568892,46.5
13.11402022313271,46.5
13.182567385564074,46.5
13.251472844947658,46.5
13.320738474106527,46.5
13.390366155653,46.5
13.460357782039841,46.5
13.530715255611682,46.6
13.601440488656761,46.7
13.672535403458848,46.7
13.744001932349526,46.7
13.815842017760701,46.7
13.888057612277397,46.7
13.960650678690818,46.7
14.033623190051728,46.7
14.10697712972403,46.7
14.180714491438705,46.7
14.25483727934799,46.7
14.32934750807987,46.7
14.404247202792797,46.7
14.479538399230764,46.7
14.55522314377862,46.8
14.631303493517702,46.9
14.707781516281727,46.9
14.784659290713032,46.9
14.861938906319022,46.9
14.939622463528993,46.9
15.017712073751214,46.9
15.096209859430308,46.9
15.175117954104964,46.9
15.254438502465888,46.9
15.334173660414118,46.9
15.414325595119617,46.9
15.494896485080169,46.9
15.575888520180618,46.9
15.65730390175234,46.9
15.73914484263311,47.0
15.821413567227237,47.0
15.904112311566013,47.0
15.98724332336852,47.0
16.070808862102673,47.0
16.154811199046666,47.0
16.239252617350697,47.0
16.324135412099007,47.0
16.409461890372306,47.0
16.495234371310413,47.0
16.58145518617534,47.0
16.668126678414627,47.0
16.755251203725052,47.0
16.84283113011666,47.0
16.930868837977105,47.0
17.01936672013636,47.0
17.108327181931763,47.0
17.197752641273365,47.0
17.28764552870969,47.1
17.378008287493753,47.2
17.4688433736495,47.2
17.560153256038525,47.2
17.651940416427212,47.2
17.744207349554188,47.2
17.836956563198083,47.2
17.93019057824573,47.2
18.023911928760675,47.2
18.118123162052047,47.2
18.21282683874379,47.2
18.30802553284428,47.2
18.403721831816252,47.2
18.499918336647156,47.2
18.59661766191982,47.2
18.69382243588356,47.2
18.791535300525574,47.2
18.889758911642755,47.2
18.98849593891389,47.2
19.08774906597221,47.2
19.187520990478333,47.3
19.287814424193606,47.4
19.388632093053765,47.4
19.48997673724305,47.4
19.591851111268685,47.4
19.69425798403576,47.4
19.79720013892245,47.4
19.90068037385568,47.4
20.004701501387192,47.4
20.109266348769967,47.4
20.214377758035074,47.4
20.320038586068932,47.4
20.426251704690927,47.4
20.533020000731486,47.4
20.64034637611054,47.4
20.748233747916412,47.4
20.856685048485062,47.4
20.965703225479817,47.4
21.075291241971485,47.4
21.185452076518878,47.4
21.296188723249774,47.4
21.407504191942323,47.4
21.519401508106792,47.4
21.631883713067854,47.4
21.744953864047204,47.4
21.858615034246718,47.5
21.972870312931903,47.6
22.087722805515906,47.6
22.203175633643916,47.6
22.319231935278008,47.6
22.435894864782412,47.6
22.553167593009288,47.6
22.671053307384867,47.6
22.789555211996095,47.6
22.908676527677724,47.6
23.028420492099883,47.6
23.148790359856015,47.6
23.26978940255137,47.6
23.391420908891938,47.6
23.51368818477381,47.6
23.63659455337303,47.6
23.760143355235964,47.6
23.884337948370025,47.6
24.009181708334992,47.6
24.134678028334722,47.6
24.260830319309434,47.6
24.387642010028344,47.6
24.515116547182902,47.6
24.64325739548046,47.6
24.772068037738443,47.6
24.901551974979007,47.6
25.031712726524198,47.6
25.162553830091625,47.6
25.294078841890578,47.6
25.426291336718684,47.6
25.559194908059133,47.7
25.692793168178262,47.8
25.827089748223784,47.9
25.96208829832347,47.9
26.097792487684362,47.9
26.234206004692496,47.9
26.371332557013133,47.9
26.5091758716916,47.9
26.647739695254497,47.9
26.787027793811582,47.9
26.9270439531581,47.9
27.06779197887776,47.9
27.209275696446046,47.9
27.351498951334275,47.9
27.494465609114105,47.9
27.638179555562576,47.9
27.782644696767733,47.9
27.92786495923483,47.9
28.07384428999299,47.9
28.220586656702505,47.9
28.368096047762684,47.9
28.516376472420284,47.9
28.66543196087842,47.9
28.815266564406134,47.9
28.965884355448516,47.9
29.11728942773738,47.9
29.26948589640251,47.9
29.42247789808359,47.9
29.57626959104251,47.9
29.730865155276486,47.9
29.88626879263161,47.9
30.04248472691713,47.9
30.19951720402016,47.9
30.357370492021133,47.9
30.516048881309793,47.9
30.675556684701824,47.9
30.835898237556027,47.9
30.99707789789224,47.9
31.15910004650967,47.9
31.321969087106055,47.9
31.485689446397288,47.9
31.650265574237824,47.9
31.815701943741516,47.9
31.98200305140326,47.9
32.14917341722119,47.9
32.31721758481955,47.9
32.486140121572134,47.9
32.655945618726484,47.9
32.82663869152868,47.9
32.99822397934869,47.9
33.170706145806605,47.9
33.34408987889928,47.9
33.51837989112781,47.9
33.69358091962557,47.9
33.86969772628702,47.9
34.04673509789711,47.9
34.224697846261364,47.9
34.40359080833668,47.9
34.58341884636283,47.9
34.764186847994516,47.9
34.94589972643436,47.9
35.12856242056629,47.9
35.312179895089876,47.9
35.496757140655234,47.9
35.68229917399868,47.9
35.86881103807908,47.9
36.05629780221492,47.9
36.24476456222205,47.9
36.434216440552284,47.9
36.6246585864325,47.9
36.81609617600466,47.9
37.00853441246656,47.9
37.2019785262131,47.9
37.39643377497855,47.9
37.591905443979435,47.9
37.788398846058186,47.9
37.985919321827524,47.9
38.184472239815605,47.9
38.384062996612016,47.9
38.584697017014335,47.9
38.786379754175634,47.9
38.98911668975273,47.9
39.1929133340551,47.9
39.39777522619469,47.9
39.60370793423646,47.9
39.810717055349734,47.9
40.0188082159603,48.0
40.227987071903335,48.0
40.43825930857721,48.1
40.64963064109788,48.1
40.8621068144543,48.1
41.075693603664625,48.1
41.29039681393302,48.1
41.506222280807584,48.1
41.72317587033889,48.1
41.94126347923944,48.1
42.16049103504393,48.1
42.38086449627034,48.1
42.60238985258197,48.1
42.825073124950116,48.1
43.04892036581776,48.1
43.27393765926414,48.1
43.500131121170035,48.1
43.727506899384,48.1
43.956071173889484,48.1
44.18583015697281,48.1
44.416790093392,48.1
44.648957260546474,48.1
44.88233796864779,48.1
45.116938560890986,48.1
45.35276541362708,48.1
45.58982493653644,48.1
45.82812357280281,48.1
46.067667799288614,48.1
46.308464126710895,48.1
46.55051909981832,48.1
46.793839297569036,48.1
47.03843133330949,48.1
47.28430185495417,48.1
47.531457545166376,48.1
47.77990512153967,48.1
48.02965133678067,48.1
48.28070297889241,48.1
48.53306687135893,48.1
48.78674987333074,48.1
49.041758879811184,48.2
49.298100821843896,48.3
49.55578266670119,48.3
49.81481141807335,48.3
50.07519411625915,48.3
50.336937838356974,48.3
50.60004969845742,48.3
50.86453684783644,48.3
51.13040647514984,48.3
51.39766580662862,48.3
51.66632210627541,48.3
51.93638267606184,48.3
52.20785485612707,48.3
52.48074602497726,48.3
52.75506359968615,48.3
53.030815036096584,48.3
53.308007829023246,48.3
53.58664951245627,48.3
53.866747659766084,48.3
54.148309883909214,48.3
54.431343837635225,48.3
54.7158572136947,48.3
55.00185774504835,48.3
55.28935320507712,48.3
55.57835140779364,48.3
55.86886020805435,48.3
56.160887501773274,48.3
56.45444122613637,48.3
56.74952935981742,48.3
57.04615992319485,48.3
57.34434097856969,48.3
57.64408063038476,48.3
57.94538702544487,48.3
58.24826835313831,48.3
58.552732845659456,48.3
58.85878877823242,48.3
59.166444469336014,48.3
59.475708280929936,48.3
59.786588618681876,48.3
60.0990939321961,48.3
60.41323271524305,48.3
60.72901350599024,48.3
61.046444887234294,48.3
61.365535486634215,48.3
61.686293976945976,48.3
62.008729076258064,48.3
62.332849548228545,48.3
62.658664202323344,48.3
62.98618189405547,48.3
63.315411525225876,48.3
63.64636204416533,48.3
63.979042445977655,48.3
64.31346177278421,48.3
64.64962911396958,48.3
64.98755360642885,48.3
65.32724443481563,48.3
65.66871083179183,48.2
66.01196207827876,48.2
66.35700750370908,48.2
66.7038564862806,48.2
67.05251845321108,48.2
67.40300288099445,48.2
67.75531929565844,48.2
68.1094772730234,48.2
68.46548643896274,48.2
68.82335646966433,48.2
69.18309709189363,48.2
69.54471808325809,48.2
69.90822927247277,48.2
70.27364053962762,48.2
70.6409618164559,48.2
71.01020308660422,48.2
71.38137438590384,48.2
71.75448580264342,48.2
72.12954747784322,48.2
72.50656960553087,48.2
72.88556243301818,48.2
73.26653626117992,48.2
73.64950144473359,48.2
74.03446839252094,48.2
74.42144756779092,48.2
74.810449488484,48.2
75.20148472751808,48.2
75.59456391307583,48.2
75.98969772889355,48.2
76.38689691455168,48.1
76.78617226576647,48.1
77.18753463468363,48.1
77.59099493017311,48.1
77.99656411812569,48.1
78.404253221751,48.1
78.8140733218772,48.1
79.226035557252,48.1
79.64015112484554,48.1
80.05643128015467,48.1
80.47488733750892,48.1
80.89553067037787,48.1
81.31837271168051,48.1
81.74342495409579,48.1
82.170698950375,48.1
82.60020631365589,48.1
83.03195871777821,48.1
83.46596789760103,48.0
83.90224564932171,48.0
84.34080383079642,48.0
84.78165436186265,48.0
85.22480922466286,48.0
85.67028046397054,48.0
86.11808018751721,48.0
86.56822056632171,48.0
87.020713835021,48.0
87.47557229220259,48.0
87.93280830073893,48.0
88.39243428812335,48.0
88.85446274680783,48.0
89.31890623454267,48.0
89.78577737471758,48.0
90.25508885670492,48.0
90.72685343620469,48.0
91.20108393559097,48.0
91.67779324426061,48.0
92.15699431898352,47.9
92.63870018425483,47.9
93.12292393264887,47.9
93.60967872517497,47.9
94.09897779163542,47.9
94.5908344309847,47.9
95.0852620116911,47.9
95.58227397210023,47.9
96.08188382079996,47.9
96.5841051369878,47.9
97.08895157083991,47.9
97.59643684388209,47.9
98.10657474936274,47.9
98.61937915262773,47.8
99.13486399149741,47.8
99.65304327664518,47.7
100.17393109197839,47.7
100.69754159502135,47.7
101.22388901729977,47.7
101.75298766472777,47.7
102.28485191799675,47.6
102.81949623296607,47.6
103.35693514105618,47.6
103.89718324964329,47.6
104.44025524245698,47.6
104.98616587997819,47.6
105.53492999984189,47.6
106.08656251723878,47.5
106.64107842532215,47.5
107.19849279561431,47.5
107.75882077841675,47.5
108.32207760322176,47.5
108.88827857912626,47.5
109.45743909524856,47.5
110.02957462114523,47.5
110.60470070723336,47.5
111.18283298521138,47.5
111.76398716848561,47.5
112.3481790525961,47.5
112.93542451564652,47.5
113.5257395187356,47.5
114.11914010639099,47.4
114.71564240700522,47.4
115.3152626332741,47.4
115.91801708263789,47.4
116.52392213772293,47.4
117.13299426678874,47.4
117.74525002417371,47.4
118.36070605074681,47.5
118.97937907435858,47.5
119.60128591029638,47.5
120.22644346174131,47.5
120.85486872022751,47.5
121.4865787661046,47.5
122.12159076900052,47.5
122.75992198829012,47.5
123.40158977356222,47.5
124.04661156509306,47.5
124.69500489431896,47.5
125.34678738431336,47.5
126.00197675026583,47.5
126.6605907999634,47.6
127.3226474342747,47.6
127.98816464763628,47.6
128.6571605285424,47.6
129.32965326003517,47.6
130.00566112020084,47.6
130.68520248266435,47.6
131.36829581709074,47.8
132.05495968968575,47.9
132.74521276370103,47.9
133.43907379994133,47.9
134.1365616572744,47.9
134.83769529314347,47.9
135.54249376408254,47.9
136.25097622623485,47.9
136.96316193587217,47.9
137.67907024992007,47.9
138.39872062648203,47.9
139.1221326253702,47.9
139.84932590863562,47.9
140.58032024110324,47.9
141.31513549090906,47.9
142.05379163003997,47.9
142.7963087348772,47.9
143.5427069867405,47.9
144.29300667243896,47.9
145.04722818481977,47.9
145.80539202332486,47.9
146.56751879454652,47.9
147.333629212788,47.9
148.1037441006266,47.8
148.87788438947953,47.7
149.65607112017267,47.6
150.43832544351253,47.6
151.2246686208618,47.6
152.01512202471548,47.6
152.80970713928414,47.6
153.6084455610754,47.6
154.41135899948313,47.6
155.218469277376,47.6
156.02979833169113,47.6
156.8453682140304,47.5
157.66520109125955,47.4
158.48931924611142,47.4
159.3177450777899,47.4
160.15050110258113,47.4
160.9876099544629,47.4
161.82909438572216,47.3
162.67497726757185,47.3
163.52528159077312,47.2
164.38003046626017,47.2
165.23924712576837,47.2
166.1029549224657,47.2
166.97117733158728,47.2
167.8439379510743,47.2
168.72126050221348,47.2
169.60316883028446,47.2
170.48968690520502,47.2
171.38083882218535,47.2
172.27664880238083,47.2
173.17714119355136,47.2
174.08234047072295,47.2
174.99227123685273,47.2
175.9069582234984,47.2
176.82642629148881,47.2
177.75070043160196,47.2
178.67980576524164,47.2
179.61376754512278,47.2
180.55261115595593,47.1
181.49636211513797,47.0
182.44504607344558,47.0
183.39868881573247,47.0
184.35731626163007,47.0
185.3209544662519,47.0
186.28962962090262,47.0
187.26336805378796,47.0
188.24219623073301,47.0
189.2261407558986,47.0
190.21522837250714,47.0
191.20948596356752,47.0
192.20894055260666,46.9
193.21361930440384,46.9
194.22354952572874,46.9
195.2387586660848,46.9
196.25927431845295,46.9
197.28512422004457,46.9
198.31633625305224,46.9
199.35293844541056,46.8
200.39495897155572,46.8
201.4424261531923,46.7
202.4953684600627,46.7
203.55381451072122,46.7
204.6177930733116,46.7
205.6873330663489,46.6
206.76246355950653,46.6
207.84321377440395,46.5
208.92961308540407,46.5
210.02169102040844,46.5
211.11947726166272,46.5
212.22300164656127,46.5
213.33229416845913,46.4
214.447384977487,46.3
215.5683043813707,46.2
216.69508284625502,46.2
217.8277509975314,46.2
218.9663396206716,46.2
220.1108796620618,46.1
221.26140222984722,46.0
222.41793859477394,45.9
223.5805201910423,45.9
224.74917861715863,45.8
225.9239456367954,45.8
227.10485317965416,45.8
228.29193334233327,45.8
229.48521838920135,45.8
230.68474075327168,45.7
231.89053303708724,45.7
233.102628013603,45.7
234.32105862708036,45.6
235.5458579939798,45.5
236.77705940386227,45.4
238.0146963202937,45.3
239.25880238175446,45.2
240.50941140255387,45.1
241.76655737374873,45.0
243.03027446406858,45.0
244.30059702084168,45.0
245.57755957093218,45.0
246.86119682167464,44.9
248.1515436618211,44.9
249.44863516248657,44.8
250.75250657810346,44.7
252.0631933473797,44.7
253.3807310942614,44.6
254.7051556289027,44.6
256.03650294863604,44.5
257.3748092389545,44.5
258.72011087449107,44.4
260.0724444200114,44.4
261.4318466314045,44.3
262.79835445668317,44.2
264.17200503698814,44.2
265.5528357075972,44.1
266.94088399894025,44.0
268.336187637619,43.9
269.7387845474336,43.8
271.1487128504106,43.6
272.56601086784315,43.5
273.9907171213279,43.4
275.4228703338166,43.4
276.86250943066517,43.3
278.30967354069315,43.3
279.764401997247,43.2
281.2267343392687,43.2
282.6967103123723,43.1
284.1743698699204,43.1
285.65975317411466,43.0
287.152900597083,42.9
288.6538527219809,42.8
290.16265034409145,42.7
291.67933447193553,42.5
293.203946328386,42.4
294.7365273517884,42.3
296.27711919708696,42.1
297.8257637369567,42.0
299.38250306294265,42.1
300.947379486601,42.1
302.52043554065347,42.0
304.1017139801383,42.0
305.69125778357716,41.9
307.2891101541398,41.9
308.8953145208197,41.8
310.5099145396145,41.8
312.1329540947119,41.7
313.76447729968413,41.7
315.40452849868336,41.7
317.0531522676519,41.7
318.71039341552853,41.7
320.3762969854716,41.6
322.05090825607795,41.6
323.7342727426186,41.5
325.4264361982722,41.4
327.1274446153702,41.3
328.83734422664674,41.2
330.55618150649445,41.1
332.28400317222986,41.1
334.02085618535915,41.0
335.76678775285944,40.9
337.52184532845695,40.9
339.28607661392135,40.8
341.0595295603587,40.8
342.84225236951676,40.8
344.63429349509414,40.8
346.4357016440579,40.8
348.24652577796684,40.7
350.06681511430224,40.7
351.8966191278073,40.7
353.7359875518278,40.7
355.5849703796693,40.7
357.44361786595016,40.7
359.3119805279728,40.7
361.1901091470929,40.7
363.0780547701014,40.7
364.9758687106112,40.7
366.8836025504522,40.7
368.80130814107446,40.7
370.72903760495365,40.7
372.66684333701346,40.7
374.6147780060434,40.7
376.57289455613636,40.7
378.54124620812286,40.7
380.5198864610201,40.8
382.50886909348526,40.8
384.5082481652772,40.9
386.51807801872604,41.1
388.53841328020957,41.2
390.56930886163985,41.3
392.6108199619517,41.4
394.6630020686084,41.5
396.7259109591041,41.6
398.7996027024853,41.7
400.8841336608706,41.8
402.9795604909844,41.8
405.0859401456969,41.9
407.20332987557106,41.9
409.331787230421,41.9
411.4713700608718,42.0
413.6221365199375,42.0
415.78414506459575,42.1
417.95745445738237,42.2
420.1421237679842,42.3
422.33821237484636,42.3
424.5457799667861,42.4
426.76488654461485,42.4
428.9955924227691,42.5
431.23795823094935,42.6
433.49204491576995,42.7
435.7579137424112,42.8
438.0356262962907,42.9
440.3252444847303,43.0
442.62683053864555,43.1
444.9404470142319,43.1
447.2661567946673,43.2
449.60402309182115,43.2
451.9541094479714,43.3
454.3164797375345,43.3
456.6911981687959,43.3
459.0783292856624,43.3
461.4779379694089,43.3
463.89008944044906,43.4
466.31484926010245,43.4
468.7522833323791,43.5
471.20245790577025,43.6
473.6654395750488,43.6
476.14129528307956,43.6
478.630092322638,43.6
481.1318983382419,43.6
483.6467813279844,43.7
486.1748096453894,43.8
488.7160520012619,43.8
491.27057746556244,43.8
493.8384554692794,43.9
496.4197558063182,44.0
499.01454863539806,44.1
501.6229044819588,44.1
504.24489424007766,44.1
506.88058917439554,44.1
509.53006092205686,44.2
512.1933814946506,44.3
514.8706232801756,44.3
517.5618590449992,44.3
520.2671619358439,44.3
522.9866054817683,44.3
525.7202635961694,44.3
528.4682105787901,44.3
531.230521117739,44.3
534.0072702915224,44.3
536.7985335710792,44.3
539.6043868218401,44.3
542.4249063057814,44.3
545.2601686835053,44.3
548.1102510163182,44.3
550.9752307683272,44.4
553.8551858085453,44.5
556.7501944130083,44.5
559.6603352669016,44.5
562.5856874666987,44.5
565.5263305223134,44.5
568.4823443592555,44.5
571.4538093208106,44.5
574.4408061702153,44.5
577.4434160928608,44.5
580.4617206984933,44.5
583.4958020234345,44.5
586.5457425328113,44.5
589.6116251227962,44.5
592.6935331228639,44.5
595.7915502980484,44.4
598.9057608512304,44.4
602.0362494254149,44.4
605.1831011060411,44.4
608.3464014232891,44.4
611.5262363544065,44.3
614.7226923260454,44.3
617.9358562166111,44.3
621.1658153586235,44.3
624.4126575410903,44.2
627.6764710118958,44.2
630.957344480193,44.2
634.2553671188238,44.2
637.5706285667327,44.2
640.9032189314127,44.2
644.2532287913472,44.2
647.6207491984753,44.1
651.0058716806659,44.1
654.4086882442045,44.1
657.8292913762976,44.1
661.2677740475787,44.1
664.7242297146454,44.1
668.1987523225889,44.1
671.6914363075575,44.1
675.2023765993158,44.0
678.7316686238282,43.9
682.2794083058518,43.9
685.8456920715438,43.9
689.4306168510824,43.8
693.0342800813003,43.8
696.6567797083366,43.8
700.2982141902914,43.8
703.9586824999124,43.8
707.6382841272731,43.7
711.3371190824884,43.6
715.0552878984242,43.6
718.7928916334344,43.6
722.5500318741055,43.6
726.3268107380181,43.6
730.123330876526,43.5
733.9396954775374,43.4
737.7760082683312,43.4
741.6323735183645,43.4
745.508896042117,43.4
749.4056812019327,43.3
753.3228349108862,43.3
757.2604636356614,43.2
761.2186743994453,43.2
765.1975747848361,43.1
769.1972729367671,43.1
773.2178775654501,43.1
777.2594979493206,43.1
781.3222439380205,43.1
785.406225955371,43.1
789.5115550023859,43.1
793.6383426602791,43.0
797.7867010935024,42.9
801.9567430527921,42.9
806.1485818782347,42.9
810.3623315023465,42.8
814.59810645317,42.7
818.8560218573906,42.6
823.1361934434566,42.5
827.4387375447371,42.5
831.7637711026708,42.4
836.1114116699566,42.4
840.4817774137397,42.4
844.8749871188272,42.4
849.2911601909162,42.3
853.7304166598383,42.3
858.1928771828257,42.2
862.6786630477819,42.2
867.1878961765907,42.2
871.7206991284164,42.2
876.2771951030477,42.1
880.8575079442367,42.1
885.4617621430697,42.0
890.0900828413493,42.0
894.742595834996,42.0
899.4194275774676,42.0
904.1207051831946,42.0
908.8465564310401,41.9
913.5971097677627,41.9
918.3724943115215,41.9
923.1728398553701,41.9
927.998276870799,41.9
932.8489365112713,41.9
937.7249506157918,41.8
942.6264517124897,41.7
947.5535730222193,41.7
952.5064484621864,41.7
957.4852126495767,41.7
962.4900009052299,41.7
967.5209492573013,41.7
972.5781944449744,41.7
977.6618739221665,41.7
982.772125861269,41.6
987.9090891569025,41.5
993.0729034296917,41.5
998.26370903006,41.5
1003.4816470420445,41.5
1008.7268592871307,41.5
1013.9994883281055,41.4
1019.2996774729368,41.3
1024.627570778662,41.2
1029.9833130553077,41.2
1035.3670498698243,41.2
1040.778927550043,41.2
1046.219093188652,41.2
1051.687694647196,41.1
1057.1848805600926,41.0
1062.7108003386745,41.0
1068.2656041752484,41.0
1073.849443047181,41.0
1079.4624687209969,41.0
1085.104833756507,40.9
1090.7766915109553,40.8
1096.4781961431852,40.8
1102.2095026178308,40.8
1107.9707667095288,40.8
1113.7621450071517,40.8
1119.5837949180645,40.7
1125.4358746724013,40.7
1131.3185433273702,40.6
1137.231960771571,40.6
1143.1762877293438,40.5
1149.1516857651375,40.5
1155.1583172879002,40.4
1161.1963455554942,40.3
1167.2659346791324,40.2
1173.3672496278396,40.1
1179.5004562329357,40.0
1185.6657211925422,39.9
1191.8632120761172,39.8
1198.0930973290035,39.7
1204.355546277011,39.6
1210.650729131018,39.5
1216.9788169915967,39.4
1223.3399818536654,39.4
1229.7343966111616,39.3
1236.162235061742,39.2
1242.6236719115057,39.1
1249.1188827797416,39.0
1255.6480442037073,38.8
1262.2113336434193,38.7
1268.8089294864806,38.6
1275.4410110529293,38.5
1282.1077586001115,38.4
1288.8093533275808,38.3
1295.5459773820237,38.2
1302.3178138622095,38.2
1309.1250468239675,38.1
1315.967861285188,38.0
1322.8464432308563,37.9
1329.7609796180998,37.8
1336.7116583812742,37.6
1343.6986684370715,37.5
1350.7221996896535,37.4
1357.782443035813,37.4
1364.879590370164,37.3
1372.0138345903551,37.2
1379.1853696023147,37.0
1386.3943903255179,36.9
1393.6410926982915,36.9
1400.9256736831292,36.9
1408.248331272053,36.8
1415.6092644919916,36.7
1423.0086734101894,36.6
1430.4467591396458,36.5
1437.9237238445805,36.3
1445.439770745928,36.2
1452.9951041268616,36.1
1460.589929338344,36.0
1468.224452804715,35.8
1475.898882029292,35.8
1483.6134256000173,35.7
1491.3682931951248,35.7
1499.1636955888393,35.7
1506.999844657106,35.6
1514.8769533833477,35.5
1522.7952358642551,35.4
1530.754907315605,35.4
1538.7561840781082,35.3
1546.799283623296,35.3
1554.8844245594228,35.2
1563.0118266374113,35.1
1571.181710756826,35.0
1579.3942989718767,34.9
1587.649814497453,34.9
1595.9484817151922,34.8
1604.2905261795772,34.8
1612.6761746240677,34.8
1621.1056549672617,34.8
1629.5791963190893,34.7
1638.097028987047,34.7
1646.6593844824454,34.6
1655.266495526711,34.6
1663.9185960577072,34.5
1672.6159212360947,34.5
1681.3587074517213,34.4
1690.1471923300487,34.3
1698.9816147386093,34.2
1707.8622147934998,34.2
1716.789233865905,34.1
1725.7629145886658,34.1
1734.7835008628629,34.0
1743.8512378644525,33.9
1752.9663720509295,33.7
1762.1291511680254,33.7
1771.3398242564415,33.6
1780.598641658619,33.6
1789.9058550255418,33.5
1799.2617173235774,33.4
1808.6664828413498,33.4
1818.1204071966588,33.4
1827.6237473434162,33.4
1837.1767615786375,33.4
1846.7797095494598,33.3
1856.4328522602,33.1
1866.1364520794475,33.0
1875.8907727471963,32.9
1885.6960793820124,32.9
1895.552638488241,32.8
1905.4607179632462,32.7
1915.4205871047022,32.5
1925.4325166178992,32.3
1935.4967786231095,32.1
1945.6136466629825,32.0
1955.783395709978,31.9
1966.006302173841,31.9
1976.282643909114,31.8
1986.6127002226892,31.7
1996.996751881399,31.6
2007.4350811196462,31.5
2017.927971647083,31.3
2028.4757086563097,31.2
2039.078578830634,31.1
2049.736870351861,31.0
2060.4508729081267,30.8
2071.22087770177,30.7
2082.0471774572497,30.7
2092.9300664290977,30.6
2103.8698404099196,30.5
2114.8667967384304,30.4
2125.9212343075446,30.3
2137.0334535724887,30.3
2148.2037565589744,30.4
2159.4324468714053,30.4
2170.71982970113,30.5
2182.0662118347364,30.5
2193.4719016623894,30.4
2204.937209186215,30.3
2216.4624460287228,30.2
2228.0479254412767,30.1
2239.6939623126154,30.0
2251.4008731773993,29.9
2263.168976224821,29.8
2274.9985913072546,29.7
2286.890039948944,29.7
2298.843645354747,29.6
2310.8597324189163,29.6
2322.9386277339318,29.5
2335.0806595993763,29.4
2347.2861580308577,29.2
2359.5554547689862,29.0
2371.8888832883777,28.9
2384.2867788067265,28.8
2396.7494782939148,28.7
2409.2773204811715,28.6
2421.8706458702773,28.5
2434.5297967428205,28.4
2447.2551171695004,28.4
2460.0469530194778,28.4
2472.905651969775,28.4
2485.8315635147337,28.4
2498.825038975499,28.4
2511.88643150958,28.4
2525.0160961204438,28.4
2538.2143896671673,28.3
2551.481670874133,28.3
2564.8183003407817,28.3
2578.224640551411,28.3
2591.7010558850307,28.3
2605.247912625263,28.3
2618.8655789702975,28.3
2632.5544250429093,28.3
2646.314822900502,28.3
2660.14714654523,28.3
2674.051771934164,28.3
2688.029076989506,28.2
2702.079441608862,28.2
2716.20324767557,28.1
2730.400879069075,28.1
2744.6727216753675,28.0
2759.0191633974646,27.9
2773.440594165967,27.9
2787.9374059496395,27.9
2802.509992766076,27.9
2817.1587506924047,27.9
2831.8840778760564,27.8
2846.686374545581,27.7
2861.5660430215316,27.6
2876.5234877273942,27.4
2891.5591152005823,27.3
2906.6733341034837,27.2
2921.8665552345788,27.2
2937.139191539587,27.2
2952.4916581227058,27.2
2967.9243722578863,27.3
2983.4377534001765,27.3
2999.0322231971227,27.4
3014.7082055002275,27.4
3030.466126376471,27.4
3046.306414119893,27.4
3062.229499263226,27.4
3078.2358145896155,27.4
3094.325795144359,27.4
3110.4998782467446,27.4
3126.7585035019356,27.4
3143.1021128129173,27.4
3159.5311503925072,27.4
3176.0460627754296,27.4
3192.6472988304513,27.4
3209.335309772584,27.4
3226.1105491753406,27.4
3242.973472983081,27.4
3259.924539523382,27.4
3276.9642095195077,27.3
3294.0929461029286,27.3
3311.311214825911,27.2
3328.6194836741684,27.1
3346.018223079582,27.1
3363.507905932988,27.0
3381.089007597027,26.9
3398.762005919066,26.9
3416.527381244194,26.9
3434.385616428264,26.9
3452.337196851022,26.9
3470.382610429304,26.9
3488.5223476302926,26.8
3506.7569014848486,26.7
3525.0867676009134,26.7
3543.512444176976,26.7
3562.034432015617,26.7
3580.6532345371147,26.6
3599.369357793143,26.5
3618.1833104805046,26.4
3637.095603954969,26.3
3656.1067522451726,26.2
3675.2172720665826,26.1
3694.4276828355482,26.0
3713.738506683413,26.0
3733.1502684707093,26.0
3752.6634958014215,26.0
3772.2787190373247,26.0
3791.9964713124127,26.0
3811.817288547367,26.0
3831.7417094641373,26.0
3851.7702756005806,26.1
3871.9035313251793,26.1
3892.1420238518376,26.2
3912.4863032547537,26.2
3932.936922483372,26.3
3953.4944373774106,26.5
3974.1594066819653,26.7
3994.9323920627126,26.8
4015.8139581211503,26.9
4036.8046724099613,26.9
4057.9051054484326,26.9
4079.115830737964,27.1
4100.437424777656,27.3
4121.870467079975,27.4
4143.41554018651,27.4
4165.0732296838005,27.5
4186.844124219257,27.5
4208.728815517151,27.7
4230.72789839472,27.6
4252.841970778305,27.5
4275.071633719623,27.5
4297.417491412092,27.6
4319.880151207261,27.6
4342.460223631314,27.6
4365.158322401661,27.6
4387.975064443623,27.5
4410.911069907196,27.3
4433.9669621839075,27.0
4457.1433679237725,26.9
4480.4409170523,26.8
4503.860242787635,26.7
4527.40198165776,26.5
4551.0667735177985,25.7
4574.855261567406,24.8
4598.768092368251,24.6
4622.80591586159,24.6
4646.969385385929,24.6
4671.25915769478,24.9
4695.675892974527,25.3
4720.220254862348,25.6
4744.892910464259,25.8
4769.694530373255,26.0
4794.625788687525,26.1
4819.68736302878,26.2
4844.87993456067,26.3
4870.204188007296,26.4
4895.660811671819,26.5
4921.250497455168,26.4
4946.973940874864,26.2
4972.8318410838865,26.1
4998.824900889706,26.0
5024.953826773381,26.0
5051.219328908747,25.9
5077.622121181736,25.9
5104.162921209768,25.8
5130.842450361258,25.8
5157.661433775227,25.7
5184.620600380999,25.6
5211.720682918039,25.5
5238.962417955835,25.3
5266.346545913939,25.0
5293.873811082085,24.8
5321.544961640422,24.6
5349.360749679845,24.5
5377.321931222439,24.4
5405.429266242027,24.4
5433.683518684824,24.3
5462.085456490198,24.2
5490.635851611563,24.1
5519.335480037329,24.0
5548.185121812011,23.6
5577.185561057427,23.2
5606.337585994012,23.0
5635.641988962242,22.8
5665.0995664441625,22.6
5694.7111190850455,22.4
5724.477451715144,22.1
5754.399373371566,21.6
5784.477697320285,21.2
5814.713241078208,20.9
5845.10682643542,20.7
5875.659279477514,20.6
5906.371430608045,20.4
5937.244114571097,20.0
5968.278170473975,19.7
5999.4744418100045,19.6
6030.833776481469,19.4
6062.357026822636,19.1
6094.045049622959,18.8
6125.898706150321,18.3
6157.918862174471,18.0
6190.106387990547,17.9
6222.462158442733,17.6
6254.987052948034,17.1
6287.681955520183,16.8
6320.547754793659,16.5
6353.585344047851,16.2
6386.795621231329,15.8
6420.179488986247,15.5
6453.7378546729,15.2
6487.471630394349,14.9
6521.381733021235,14.5
6555.469084216698,14.2
6589.734610461422,14.1
6624.179243078815,13.9
6658.80391826033,13.8
6693.609577090902,13.7
6728.597165574533,13.6
6763.767634659991,13.5
6799.1219402666875,13.4
6834.661043310619,13.6
6870.385909730507,14.3
6906.297510514049,14.8
6942.39682172431,15.1
6978.684824526248,15.3
7015.162505213385,15.3
7051.830855234612,15.6
7088.690871221135,16.2
7125.7435550135615,16.8
7162.989913689153,17.5
7200.430959589155,18.1
7238.067710346342,18.8
7275.901188912673,19.4
7313.932423587085,20.0
7352.162448043451,20.6
7390.59230135867,21.0
7429.22302804091,21.4
7468.055678057999,21.8
7507.091306865953,22.5
7546.330975437692,23.8
7585.775750291836,24.8
7625.426703521717,25.1
7665.284912824515,25.5
7705.351461530549,25.9
7745.627438632719,26.3
7786.113938816104,26.7
7826.81206248772,26.9
7867.722915806424,27.2
7908.847610712972,27.6
7950.187264960275,27.9
7991.743002143727,28.0
8033.515951731782,28.1
8075.507249096639,28.0
8117.718035545101,27.9
8160.149458349601,27.8
8202.80267077938,27.7
8245.67883213183,27.6
8288.77910776401,27.5
8332.104669124305,27.2
8375.656693784302,26.8
8419.436365470749,26.6
8463.444874097753,26.4
8507.683415799123,26.2
8552.153192960874,26.0
8596.855414253905,25.7
8641.791294666864,25.4
8686.962055539152,25.2
8732.36892459413,25.1
8778.01313597248,25.0
8823.895930265779,24.9
8870.018554550163,24.8
8916.382262420266,24.7
8962.988314023276,24.6
9009.83797609319,24.5
9056.932521985234,24.5
9104.273231710486,24.5
9151.861391970657,24.4
9199.698296193066,24.4
9247.785244565785,24.3
9296.12354407301,24.3
9344.714508530542,24.2
9393.559458621517,24.1
9442.659721932305,24.1
9492.016632988581,24.1
9541.631533291613,24.1
9591.505771354708,24.0
9641.64070273987,24.0
9692.037690094652,23.9
9742.698103189163,23.9
9793.623318953358,23.8
9844.814721514387,23.8
9896.27370223427,23.9
9948.001659747684,24.1
10000.0,24.3
10052.270136285486,24.5
10104.813489285681,24.6
10157.6314871081,24.8
10210.725565324987,24.9
10264.09716701231,25.4
10317.747742788988,25.9
10371.678750856474,26.2
10425.891657038128,26.3
10480.387934819217,26.4
10535.16906538697,26.5
10590.236537670813,27.1
10645.591848382772,27.4
10701.236502058211,27.5
10757.172011096769,27.7
10813.399895803414,27.8
10869.921684429703,27.9
10926.73891321545,27.9
10983.85312643042,27.9
11041.265876416248,27.9
11098.978723628681,27.8
11156.993236680037,27.4
11215.310992381786,26.8
11273.933575787378,26.6
11332.862580235347,26.3
11392.099607392682,26.1
11451.646267298307,25.9
11511.504178406769,25.5
11571.674967632372,24.2
11632.16027039332,23.2
11692.961730656129,23.0
11754.08100098034,22.5
11815.519742563505,21.8
11877.27962528627,21.2
11939.362327757724,20.6
12001.76953736107,20.1
12064.50295029953,19.9
12127.56427164241,19.6
12190.95521537136,19.3
12254.677504427105,18.9
12318.732870756214,18.6
12383.123055358106,17.9
12447.849808332432,17.2
12512.914888926687,16.8
12578.320065583976,16.3
12644.067115991029,15.8
12710.157827126544,15.1
12776.593995309939,13.8
12843.377426249857,12.7
12910.50993509343,12.0
12977.99334647565,11.4
13045.829494568892,10.8
13114.020223132724,10.2
13182.567385564074,9.0
13251.472844947652,7.6
13320.738474106534,7.1
13390.366155652993,6.9
13460.35778203982,6.8
13530.715255611682,6.9
13601.440488656775,7.1
13672.535403458849,7.3
13744.001932349513,7.4
13815.842017760702,7.5
13888.057612277411,7.7
13960.650678690825,7.9
14033.62319005172,8.3
14106.977129724035,8.6
14180.714491438697,8.9
14254.837279347976,9.1
14329.347508079869,9.4
14404.247202792812,9.7
14479.538399230763,9.8
14555.223143778607,9.9
14631.303493517702,10.0
14707.78151628175,9.9
14784.65929071304,9.8
14861.938906319014,9.7
14939.622463529,9.6
15017.712073751207,9.5
15096.209859430292,9.2
15175.117954104964,8.9
15254.438502465904,8.2
15334.173660414117,7.4
15414.325595119602,7.0
15494.896485080177,6.8
15575.88852018064,6.8
15657.303901752315,6.9
15739.1448426331,7.4
15821.413567227246,8.0
15904.112311566014,8.4
15987.243323368504,8.7
16070.808862102673,9.1
16154.811199046684,9.3
16239.252617350698,9.5
16324.135412099,10.0
16409.461890372313,10.7
16495.23437131044,11.3
16581.455186175313,11.7
16668.12667841462,12.0
16755.251203725067,12.4
