10.0,18.7
10.052270136285475,18.7
10.104813489285682,18.8
10.157631487108103,18.8
10.210725565324982,18.9
10.264097167012295,18.9
10.317747742789004,18.9
10.371678750856479,18.9
10.425891657038118,19.0
10.480387934819216,19.0
10.535169065386981,19.1
10.590236537670812,19.2
10.64559184838276,19.2
10.701236502058206,19.3
10.757172011096776,19.4
10.813399895803409,19.4
10.869921684429707,19.4
10.926738913215466,19.5
10.98385312643042,19.6
11.041265876416237,19.6
11.098978723628681,19.6
11.156993236680048,19.6
11.215310992381788,19.6
11.27393357578736,19.6
11.332862580235341,19.6
11.392099607392687,19.7
11.451646267298301,19.7
11.511504178406776,19.8
11.571674967632385,19.8
11.632160270393321,19.9
11.692961730656117,19.9
11.75408100098034,19.9
11.815519742563518,19.9
11.87727962528627,20.0
11.939362327757706,20.1
12.001769537361062,20.2
12.064502950299536,20.3
12.127564271642404,20.4
12.190955215371359,20.4
12.254677504427118,20.4
12.318732870756214,20.4
12.383123055358094,20.5
12.447849808332432,20.6
12.5129148889267,20.6
12.578320065583968,20.6
12.644067115991009,20.6
12.710157827126565,20.7
12.776593995309947,20.7
12.843377426249843,20.8
12.910509935093431,20.8
12.977993346475664,20.8
13.045829494568892,20.8
13.11402022313271,20.8
13.182567385564074,20.8
13.251472844947658,20.9
13.320738474106527,20.9
13.390366155653,21.0
13.460357782039841,21.1
13.530715255611682,21.1
13.601440488656761,21.1
13.672535403458848,21.1
13.744001932349526,21.2
13.815842017760701,21.3
13.888057612277397,21.3
13.960650678690818,21.3
14.033623190051728,21.3
14.10697712972403,21.3
14.180714491438705,21.3
14.25483727934799,21.4
14.32934750807987,21.6
14.404247202792797,21.7
14.479538399230764,21.8
14.55522314377862,21.8
14.631303493517702,21.8
14.707781516281727,21.8
14.784659290713032,21.9
14.861938906319022,22.0
14.939622463528993,22.0
15.017712073751214,22.0
15.096209859430308,22.0
15.175117954104964,22.0
15.254438502465888,22.0
15.334173660414118,22.1
15.414325595119617,22.1
15.494896485080169,22.1
15.575888520180618,22.1
15.65730390175234,22.2
15.73914484263311,22.3
15.821413567227237,22.3
15.904112311566013,22.3
15.98724332336852,22.3
16.070808862102673,22.3
16.154811199046666,22.3
16.239252617350697,22.3
16.324135412099007,22.4
16.409461890372306,22.5
16.495234371310413,22.5
16.58145518617534,22.5
16.668126678414627,22.5
16.755251203725052,22.6
16.84283113011666,22.7
16.930868837977105,22.8
17.01936672013636,22.9
17.108327181931763,22.9
17.197752641273365,23.0
17.28764552870969,23.0
17.378008287493753,23.1
17.4688433736495,23.2
17.560153256038525,23.2
17.651940416427212,23.2
17.744207349554188,23.2
17.836956563198083,23.2
17.93019057824573,23.2
18.023911928760675,23.2
18.118123162052047,23.3
18.21282683874379,23.3
18.30802553284428,23.3
18.403721831816252,23.3
18.499918336647156,23.3
18.59661766191982,23.4
18.69382243588356,23.5
18.791535300525574,23.5
18.889758911642755,23.5
18.98849593891389,23.5
19.08774906597221,23.5
19.187520990478333,23.6
19.287814424193606,23.7
19.388632093053765,23.7
19.48997673724305,23.7
19.591851111268685,23.7
19.69425798403576,23.7
19.79720013892245,23.7
19.90068037385568,23.7
20.004701501387192,23.8
20.109266348769967,23.9
20.214377758035074,24.0
20.320038586068932,24.1
20.426251704690927,24.2
20.533020000731486,24.2
20.64034637611054,24.2
20.748233747916412,24.2
20.856685048485062,24.2
20.965703225479817,24.3
21.075291241971485,24.4
21.185452076518878,24.4
21.296188723249774,24.4
21.407504191942323,24.4
21.519401508106792,24.4
21.631883713067854,24.5
21.744953864047204,24.6
21.858615034246718,24.6
21.972870312931903,24.6
22.087722805515906,24.6
22.203175633643916,24.6
22.319231935278008,24.6
22.435894864782412,24.7
22.553167593009288,24.7
22.671053307384867,24.7
22.789555211996095,24.7
22.908676527677724,24.7
23.028420492099883,24.7
23.148790359856015,24.7
23.26978940255137,24.8
23.391420908891938,24.9
23.51368818477381,24.9
23.63659455337303,24.9
23.760143355235964,24.9
23.884337948370025,24.9
24.009181708334992,24.9
24.134678028334722,24.9
24.260830319309434,25.0
24.387642010028344,25.1
24.515116547182902,25.1
24.64325739548046,25.1
24.772068037738443,25.2
24.901551974979007,25.3
25.031712726524198,25.4
25.162553830091625,25.4
25.294078841890578,25.4
25.426291336718684,25.4
25.559194908059133,25.5
25.692793168178262,25.5
25.827089748223784,25.6
25.96208829832347,25.6
26.097792487684362,25.6
26.234206004692496,25.6
26.371332557013133,25.6
26.5091758716916,25.6
26.647739695254497,25.6
26.787027793811582,25.7
26.9270439531581,25.8
27.06779197887776,25.8
27.209275696446046,25.8
27.351498951334275,25.8
27.494465609114105,25.8
27.638179555562576,25.9
27.782644696767733,25.9
27.92786495923483,25.9
28.07384428999299,25.9
28.220586656702505,25.9
28.368096047762684,25.9
28.516376472420284,25.9
28.66543196087842,26.0
28.815266564406134,26.0
28.965884355448516,26.1
29.11728942773738,26.1
29.26948589640251,26.2
29.42247789808359,26.3
29.57626959104251,26.3
29.730865155276486,26.3
29.88626879263161,26.3
30.04248472691713,26.3
30.19951720402016,26.3
30.357370492021133,26.3
30.516048881309793,26.5
30.675556684701824,26.6
30.835898237556027,26.6
30.99707789789224,26.6
31.15910004650967,26.6
31.321969087106055,26.6
31.485689446397288,26.7
31.650265574237824,26.8
31.815701943741516,26.8
31.98200305140326,26.8
32.14917341722119,26.8
32.31721758481955,26.8
32.486140121572134,26.8
32.655945618726484,26.8
32.82663869152868,26.8
32.99822397934869,26.8
33.170706145806605,26.9
33.34408987889928,26.9
33.51837989112781,27.0
33.69358091962557,27.0
33.86969772628702,27.0
34.04673509789711,27.1
34.224697846261364,27.1
34.40359080833668,27.1
34.58341884636283,27.1
34.764186847994516,27.1
34.94589972643436,27.1
35.12856242056629,27.1
35.312179895089876,27.1
35.496757140655234,27.1
35.68229917399868,27.2
35.86881103807908,27.3
36.05629780221492,27.3
36.24476456222205,27.3
36.434216440552284,27.3
36.6246585864325,27.3
36.81609617600466,27.4
37.00853441246656,27.5
37.2019785262131,27.5
37.39643377497855,27.5
37.591905443979435,27.5
37.788398846058186,27.5
37.985919321827524,27.5
38.184472239815605,27.5
38.384062996612016,27.7
38.584697017014335,27.8
38.786379754175634,27.8
38.98911668975273,27.8
39.1929133340551,27.8
39.39777522619469,27.8
39.60370793423646,27.8
39.810717055349734,27.8
40.0188082159603,27.8
40.227987071903335,27.9
40.43825930857721,28.0
40.64963064109788,28.0
40.8621068144543,28.0
41.075693603664625,28.0
41.29039681393302,28.1
41.506222280807584,28.2
41.72317587033889,28.2
41.94126347923944,28.2
42.16049103504393,28.2
42.38086449627034,28.2
42.60238985258197,28.2
42.825073124950116,28.2
43.04892036581776,28.2
43.27393765926414,28.2
43.500131121170035,28.2
43.727506899384,28.3
43.956071173889484,28.3
44.18583015697281,28.3
44.416790093392,28.3
44.648957260546474,28.3
44.88233796864779,28.3
45.116938560890986,28.3
45.35276541362708,28.4
45.58982493653644,28.5
45.82812357280281,28.5
46.067667799288614,28.5
46.308464126710895,28.5
46.55051909981832,28.5
46.793839297569036,28.5
47.03843133330949,28.5
47.28430185495417,28.5
47.531457545166376,28.5
47.77990512153967,28.5
48.02965133678067,28.5
48.28070297889241,28.5
48.53306687135893,28.5
48.78674987333074,28.5
49.041758879811184,28.6
49.298100821843896,28.7
49.55578266670119,28.7
49.81481141807335,28.7
50.07519411625915,28.7
50.336937838356974,28.7
50.60004969845742,28.8
50.86453684783644,28.9
51.13040647514984,28.9
51.39766580662862,28.9
51.66632210627541,28.9
51.93638267606184,28.9
52.20785485612707,28.9
52.48074602497726,28.9
52.75506359968615,28.9
53.030815036096584,28.9
53.308007829023246,28.9
53.58664951245627,29.1
53.866747659766084,29.2
54.148309883909214,29.2
54.431343837635225,29.2
54.7158572136947,29.2
55.00185774504835,29.2
55.28935320507712,29.2
55.57835140779364,29.2
55.86886020805435,29.2
56.160887501773274,29.2
56.45444122613637,29.2
56.74952935981742,29.3
57.04615992319485,29.4
57.34434097856969,29.4
57.64408063038476,29.4
57.94538702544487,29.4
58.24826835313831,29.4
58.552732845659456,29.4
58.85878877823242,29.4
59.166444469336014,29.5
59.475708280929936,29.6
59.786588618681876,29.6
60.0990939321961,29.6
60.41323271524305,29.6
60.72901350599024,29.6
61.046444887234294,29.6
61.365535486634215,29.6
61.686293976945976,29.6
62.008729076258064,29.7
62.332849548228545,29.7
62.658664202323344,29.7
62.98618189405547,29.7
63.315411525225876,29.7
63.64636204416533,29.7
63.979042445977655,29.7
64.31346177278421,29.7
64.64962911396958,29.7
64.98755360642885,29.7
65.32724443481563,29.7
65.66871083179183,29.7
66.01196207827876,29.7
66.35700750370908,29.7
66.7038564862806,29.7
67.05251845321108,29.7
67.40300288099445,29.7
67.75531929565844,29.7
68.1094772730234,29.7
68.46548643896274,29.8
68.82335646966433,29.9
69.18309709189363,29.8
69.54471808325809,29.7
69.90822927247277,29.7
70.27364053962762,29.7
70.6409618164559,29.7
71.01020308660422,29.7
71.38137438590384,29.7
71.75448580264342,29.7
72.12954747784322,29.7
72.50656960553087,29.7
72.88556243301818,29.7
73.26653626117992,29.7
73.64950144473359,29.6
74.03446839252094,29.6
74.42144756779092,29.6
74.810449488484,29.6
75.20148472751808,29.6
75.59456391307583,29.6
75.98969772889355,29.5
76.38689691455168,29.4
76.78617226576647,29.3
77.18753463468363,29.3
77.59099493017311,29.2
77.99656411812569,29.2
78.404253221751,29.1
78.8140733218772,29.0
79.226035557252,28.8
79.64015112484554,28.7
80.05643128015467,28.6
80.47488733750892,28.5
80.89553067037787,28.4
81.31837271168051,28.3
81.74342495409579,28.1
82.170698950375,28.0
82.60020631365589,28.0
83.03195871777821,27.9
83.46596789760103,27.8
83.90224564932171,27.7
84.34080383079642,27.5
84.78165436186265,27.3
85.22480922466286,27.3
85.67028046397054,27.3
86.11808018751721,27.3
86.56822056632171,27.3
87.020713835021,27.3
87.47557229220259,27.3
87.93280830073893,27.3
88.39243428812335,27.3
88.85446274680783,27.3
89.31890623454267,27.3
89.78577737471758,27.4
90.25508885670492,27.5
90.72685343620469,27.6
91.20108393559097,27.7
91.67779324426061,27.9
92.15699431898352,28.1
92.63870018425483,28.2
93.12292393264887,28.2
93.60967872517497,28.2
94.09897779163542,28.3
94.5908344309847,28.4
95.0852620116911,28.6
95.58227397210023,28.7
96.08188382079996,28.7
96.5841051369878,28.8
97.08895157083991,28.8
97.59643684388209,29.1
98.10657474936274,29.3
98.61937915262773,29.4
99.13486399149741,29.5
99.65304327664518,29.5
100.17393109197839,29.6
100.69754159502135,29.6
101.22388901729977,29.7
101.75298766472777,29.7
102.28485191799675,29.8
102.81949623296607,29.8
103.35693514105618,29.9
103.89718324964329,30.0
104.44025524245698,30.0
104.98616587997819,30.1
105.53492999984189,30.2
106.08656251723878,30.3
106.64107842532215,30.4
107.19849279561431,30.4
107.75882077841675,30.4
108.32207760322176,30.5
108.88827857912626,30.6
109.45743909524856,30.6
110.02957462114523,30.6
110.60470070723336,30.6
111.18283298521138,30.6
111.76398716848561,30.6
112.3481790525961,30.6
112.93542451564652,30.6
113.5257395187356,30.6
114.11914010639099,30.6
114.71564240700522,30.6
115.3152626332741,30.6
115.91801708263789,30.6
116.52392213772293,30.6
117.13299426678874,30.6
117.74525002417371,30.5
118.36070605074681,30.4
118.97937907435858,30.4
119.60128591029638,30.4
120.22644346174131,30.4
120.85486872022751,30.5
121.4865787661046,30.5
122.12159076900052,30.6
122.75992198829012,30.7
123.40158977356222,30.7
124.04661156509306,30.8
124.69500489431896,30.8
125.34678738431336,30.9
126.00197675026583,30.9
126.6605907999634,30.9
127.3226474342747,30.9
127.98816464763628,30.9
128.6571605285424,30.9
129.32965326003517,30.9
130.00566112020084,30.9
130.68520248266435,31.0
131.36829581709074,31.1
132.05495968968575,31.1
132.74521276370103,31.1
133.43907379994133,31.1
134.1365616572744,31.1
134.83769529314347,31.2
135.54249376408254,31.3
136.25097622623485,31.3
136.96316193587217,31.3
137.67907024992007,31.3
138.39872062648203,31.3
139.1221326253702,31.3
139.84932590863562,31.3
140.58032024110324,31.3
141.31513549090906,31.4
142.05379163003997,31.5
142.7963087348772,31.6
143.5427069867405,31.6
144.29300667243896,31.6
145.04722818481977,31.6
145.80539202332486,31.6
146.56751879454652,31.7
147.333629212788,31.8
148.1037441006266,31.8
148.87788438947953,31.8
149.65607112017267,31.8
150.43832544351253,31.8
151.2246686208618,31.8
152.01512202471548,31.8
152.80970713928414,31.8
153.6084455610754,31.8
154.41135899948313,31.8
155.218469277376,31.8
156.02979833169113,31.8
156.8453682140304,31.7
157.66520109125955,31.6
158.48931924611142,31.6
159.3177450777899,31.6
160.15050110258113,31.6
160.9876099544629,31.6
161.82909438572216,31.5
162.67497726757185,31.3
163.52528159077312,31.1
164.38003046626017,31.0
165.23924712576837,30.9
166.1029549224657,30.8
166.97117733158728,30.8
167.8439379510743,30.8
168.72126050221348,30.9
169.60316883028446,31.0
170.48968690520502,31.1
171.38083882218535,31.2
172.27664880238083,31.2
173.17714119355136,31.3
174.08234047072295,31.4
174.99227123685273,31.5
175.9069582234984,31.6
176.82642629148881,31.7
177.75070043160196,31.7
178.67980576524164,31.8
179.61376754512278,31.8
180.55261115595593,31.8
181.49636211513797,31.8
182.44504607344558,31.8
183.39868881573247,31.8
184.35731626163007,31.9
185.3209544662519,32.0
186.28962962090262,32.0
187.26336805378796,32.0
188.24219623073301,32.0
189.2261407558986,32.0
190.21522837250714,32.0
191.20948596356752,32.0
192.20894055260666,32.0
193.21361930440384,32.0
194.22354952572874,32.0
195.2387586660848,32.0
196.25927431845295,32.0
197.28512422004457,32.0
198.31633625305224,32.0
199.35293844541056,32.0
200.39495897155572,32.0
201.4424261531923,32.0
202.4953684600627,32.0
203.55381451072122,32.0
204.6177930733116,32.0
205.6873330663489,32.0
206.76246355950653,32.0
207.84321377440395,32.0
208.92961308540407,32.0
210.02169102040844,32.0
211.11947726166272,32.0
212.22300164656127,32.0
213.33229416845913,32.0
214.447384977487,32.0
215.5683043813707,32.0
216.69508284625502,31.9
217.8277509975314,31.9
218.9663396206716,31.8
220.1108796620618,31.8
221.26140222984722,31.8
222.41793859477394,31.8
223.5805201910423,31.8
224.74917861715863,31.8
225.9239456367954,31.8
227.10485317965416,31.8
228.29193334233327,31.8
229.48521838920135,31.8
230.68474075327168,31.7
231.89053303708724,31.7
233.102628013603,31.6
234.32105862708036,31.6
235.5458579939798,31.6
236.77705940386227,31.6
238.0146963202937,31.6
239.25880238175446,31.6
240.50941140255387,31.6
241.76655737374873,31.6
243.03027446406858,31.5
244.30059702084168,31.4
245.57755957093218,31.3
246.86119682167464,31.3
248.1515436618211,31.3
249.44863516248657,31.3
250.75250657810346,31.3
252.0631933473797,31.3
253.3807310942614,31.3
254.7051556289027,31.2
256.03650294863604,31.2
257.3748092389545,31.1
258.72011087449107,31.0
260.0724444200114,31.0
261.4318466314045,30.9
262.79835445668317,30.9
264.17200503698814,30.9
265.5528357075972,30.9
266.94088399894025,30.9
268.336187637619,30.8
269.7387845474336,30.8
271.1487128504106,30.7
272.56601086784315,30.7
273.9907171213279,30.6
275.4228703338166,30.6
276.86250943066517,30.5
278.30967354069315,30.4
279.764401997247,30.3
281.2267343392687,30.3
282.6967103123723,30.2
284.1743698699204,30.1
285.65975317411466,30.1
287.152900597083,30.1
288.6538527219809,30.1
290.16265034409145,30.1
291.67933447193553,30.1
293.203946328386,30.1
294.7365273517884,30.1
296.27711919708696,30.1
297.8257637369567,30.0
299.38250306294265,29.9
300.947379486601,29.8
302.52043554065347,29.7
304.1017139801383,29.7
305.69125778357716,29.6
307.2891101541398,29.6
308.8953145208197,29.6
310.5099145396145,29.6
312.1329540947119,29.6
313.76447729968413,29.6
315.40452849868336,29.5
317.0531522676519,29.5
318.71039341552853,29.4
320.3762969854716,29.4
322.05090825607795,29.4
323.7342727426186,29.4
325.4264361982722,29.4
327.1274446153702,29.4
328.83734422664674,29.4
330.55618150649445,29.4
332.28400317222986,29.4
334.02085618535915,29.4
335.76678775285944,29.4
337.52184532845695,29.5
339.28607661392135,29.6
341.0595295603587,29.6
342.84225236951676,29.6
344.63429349509414,29.6
346.4357016440579,29.6
348.24652577796684,29.6
350.06681511430224,29.7
351.8966191278073,29.7
353.7359875518278,29.7
355.5849703796693,29.7
357.44361786595016,29.7
359.3119805279728,29.8
361.1901091470929,29.9
363.0780547701014,29.9
364.9758687106112,29.9
366.8836025504522,29.9
368.80130814107446,29.9
370.72903760495365,30.0
372.66684333701346,30.1
374.6147780060434,30.1
376.57289455613636,30.1
378.54124620812286,30.1
380.5198864610201,30.1
382.50886909348526,30.1
384.5082481652772,30.1
386.51807801872604,30.1
388.53841328020957,30.2
390.56930886163985,30.3
392.6108199619517,30.4
394.6630020686084,30.4
396.7259109591041,30.4
398.7996027024853,30.4
400.8841336608706,30.5
402.9795604909844,30.5
405.0859401456969,30.6
407.20332987557106,30.6
409.331787230421,30.6
411.4713700608718,30.6
413.6221365199375,30.6
415.78414506459575,30.7
417.95745445738237,30.8
420.1421237679842,30.8
422.33821237484636,30.8
424.5457799667861,30.9
426.76488654461485,30.9
428.9955924227691,30.9
431.23795823094935,30.9
433.49204491576995,31.0
435.7579137424112,31.0
438.0356262962907,31.1
440.3252444847303,31.2
442.62683053864555,31.3
444.9404470142319,31.3
447.2661567946673,31.3
449.60402309182115,31.3
451.9541094479714,31.5
454.3164797375345,31.6
456.6911981687959,31.6
459.0783292856624,31.6
461.4779379694089,31.6
463.89008944044906,31.6
466.31484926010245,31.6
468.7522833323791,31.6
471.20245790577025,31.6
473.6654395750488,31.6
476.14129528307956,31.6
478.630092322638,31.6
481.1318983382419,31.6
483.6467813279844,31.6
486.1748096453894,31.6
488.7160520012619,31.6
491.27057746556244,31.6
493.8384554692794,31.6
496.4197558063182,31.6
499.01454863539806,31.6
501.6229044819588,31.6
504.24489424007766,31.6
506.88058917439554,31.6
509.53006092205686,31.6
512.1933814946506,31.6
514.8706232801756,31.6
517.5618590449992,31.6
520.2671619358439,31.6
522.9866054817683,31.6
525.7202635961694,31.6
528.4682105787901,31.6
531.230521117739,31.6
534.0072702915224,31.6
536.7985335710792,31.6
539.6043868218401,31.5
542.4249063057814,31.4
545.2601686835053,31.3
548.1102510163182,31.3
550.9752307683272,31.3
553.8551858085453,31.3
556.7501944130083,31.2
559.6603352669016,31.1
562.5856874666987,31.1
565.5263305223134,31.1
568.4823443592555,31.1
571.4538093208106,31.1
574.4408061702153,31.1
577.4434160928608,31.0
580.4617206984933,30.9
583.4958020234345,30.9
586.5457425328113,30.9
589.6116251227962,30.9
592.6935331228639,30.9
595.7915502980484,30.8
598.9057608512304,30.8
602.0362494254149,30.8
605.1831011060411,30.8
608.3464014232891,30.8
611.5262363544065,30.8
614.7226923260454,30.7
617.9358562166111,30.7
621.1658153586235,30.6
624.4126575410903,30.5
627.6764710118958,30.5
630.957344480193,30.4
634.2553671188238,30.4
637.5706285667327,30.4
640.9032189314127,30.4
644.2532287913472,30.4
647.6207491984753,30.4
651.0058716806659,30.3
654.4086882442045,30.2
657.8292913762976,30.1
661.2677740475787,30.1
664.7242297146454,30.1
668.1987523225889,30.0
671.6914363075575,29.9
675.2023765993158,29.9
678.7316686238282,29.9
682.2794083058518,29.9
685.8456920715438,29.9
689.4306168510824,29.9
693.0342800813003,29.9
696.6567797083366,29.9
700.2982141902914,29.9
703.9586824999124,29.9
707.6382841272731,29.8
711.3371190824884,29.7
715.0552878984242,29.7
718.7928916334344,29.7
722.5500318741055,29.7
726.3268107380181,29.7
730.123330876526,29.6
733.9396954775374,29.6
737.7760082683312,29.6
741.6323735183645,29.6
745.508896042117,29.6
749.4056812019327,29.5
753.3228349108862,29.4
757.2604636356614,29.3
761.2186743994453,29.3
765.1975747848361,29.2
769.1972729367671,29.2
773.2178775654501,29.2
777.2594979493206,29.2
781.3222439380205,29.1
785.406225955371,29.1
789.5115550023859,29.0
793.6383426602791,28.9
797.7867010935024,28.8
801.9567430527921,28.8
806.1485818782347,28.7
810.3623315023465,28.7
814.59810645317,28.7
818.8560218573906,28.7
823.1361934434566,28.6
827.4387375447371,28.6
831.7637711026708,28.5
836.1114116699566,28.4
840.4817774137397,28.3
844.8749871188272,28.3
849.2911601909162,28.3
853.7304166598383,28.3
858.1928771828257,28.3
862.6786630477819,28.2
867.1878961765907,28.2
871.7206991284164,28.1
876.2771951030477,28.1
880.8575079442367,28.0
885.4617621430697,28.0
890.0900828413493,27.9
894.742595834996,27.8
899.4194275774676,27.7
904.1207051831946,27.6
908.8465564310401,27.5
913.5971097677627,27.7
918.3724943115215,27.8
923.1728398553701,27.8
927.998276870799,27.8
932.8489365112713,27.9
937.7249506157918,28.2
942.6264517124897,28.4
947.5535730222193,28.6
952.5064484621864,28.7
957.4852126495767,28.9
962.4900009052299,29.1
967.5209492573013,29.2
972.5781944449744,29.3
977.6618739221665,29.4
982.772125861269,29.4
987.9090891569025,29.4
993.0729034296917,29.4
998.26370903006,29.4
1003.4816470420445,29.4
1008.7268592871307,29.4
1013.9994883281055,29.3
1019.2996774729368,29.3
1024.627570778662,29.2
1029.9833130553077,29.1
1035.3670498698243,29.1
1040.778927550043,29.0
1046.219093188652,28.9
1051.687694647196,28.8
1057.1848805600926,28.7
1062.7108003386745,28.6
1068.2656041752484,28.6
1073.849443047181,28.5
1079.4624687209969,28.5
1085.104833756507,28.4
1090.7766915109553,28.3
1096.4781961431852,28.3
1102.2095026178308,28.2
1107.9707667095288,28.2
1113.7621450071517,28.2
1119.5837949180645,28.1
1125.4358746724013,27.9
1131.3185433273702,27.7
1137.231960771571,27.6
1143.1762877293438,27.6
1149.1516857651375,27.5
1155.1583172879002,27.4
1161.1963455554942,27.3
1167.2659346791324,27.2
1173.3672496278396,27.1
1179.5004562329357,27.0
1185.6657211925422,26.9
1191.8632120761172,26.8
1198.0930973290035,26.7
1204.355546277011,26.6
1210.650729131018,26.5
1216.9788169915967,26.3
1223.3399818536654,26.1
1229.7343966111616,26.0
1236.162235061742,25.9
1242.6236719115057,25.8
1249.1188827797416,25.8
1255.6480442037073,25.7
1262.2113336434193,25.6
1268.8089294864806,25.5
1275.4410110529293,25.4
1282.1077586001115,25.2
1288.8093533275808,25.1
1295.5459773820237,25.0
1302.3178138622095,24.9
1309.1250468239675,24.8
1315.967861285188,24.7
1322.8464432308563,24.6
1329.7609796180998,24.6
1336.7116583812742,24.5
1343.6986684370715,24.5
1350.7221996896535,24.4
1357.782443035813,24.4
1364.879590370164,24.3
1372.0138345903551,24.2
1379.1853696023147,24.0
1386.3943903255179,23.8
1393.6410926982915,23.7
1400.9256736831292,23.7
1408.248331272053,23.6
1415.6092644919916,23.5
1423.0086734101894,23.4
1430.4467591396458,23.3
1437.9237238445805,23.2
1445.439770745928,23.2
1452.9951041268616,23.2
1460.589929338344,23.1
1468.224452804715,23.0
1475.898882029292,23.0
1483.6134256000173,23.0
1491.3682931951248,23.0
1499.1636955888393,23.0
1506.999844657106,23.0
1514.8769533833477,23.0
1522.7952358642551,23.0
1530.754907315605,23.0
1538.7561840781082,23.0
1546.799283623296,22.9
1554.8844245594228,22.8
1563.0118266374113,22.8
1571.181710756826,22.8
1579.3942989718767,22.8
1587.649814497453,22.8
1595.9484817151922,22.8
1604.2905261795772,22.8
1612.6761746240677,22.8
1621.1056549672617,22.8
1629.5791963190893,22.8
1638.097028987047,22.8
1646.6593844824454,22.8
1655.266495526711,22.9
1663.9185960577072,22.9
1672.6159212360947,23.0
1681.3587074517213,23.0
1690.1471923300487,23.0
1698.9816147386093,23.0
1707.8622147934998,23.0
1716.789233865905,23.0
1725.7629145886658,23.0
1734.7835008628629,23.0
1743.8512378644525,23.0
1752.9663720509295,23.0
1762.1291511680254,23.0
1771.3398242564415,23.0
1780.598641658619,23.0
1789.9058550255418,22.9
1799.2617173235774,22.8
1808.6664828413498,22.8
1818.1204071966588,22.8
1827.6237473434162,22.8
1837.1767615786375,22.8
1846.7797095494598,22.8
1856.4328522602,22.7
1866.1364520794475,22.6
1875.8907727471963,22.5
1885.6960793820124,22.3
1895.552638488241,22.2
1905.4607179632462,22.3
1915.4205871047022,22.4
1925.4325166178992,22.4
1935.4967786231095,22.5
1945.6136466629825,22.5
1955.783395709978,22.7
1966.006302173841,22.8
1976.282643909114,22.8
1986.6127002226892,22.8
1996.996751881399,22.8
2007.4350811196462,22.7
2017.927971647083,22.7
2028.4757086563097,22.6
2039.078578830634,22.5
2049.736870351861,22.4
2060.4508729081267,22.3
2071.22087770177,22.4
2082.0471774572497,22.6
2092.9300664290977,22.8
2103.8698404099196,22.9
2114.8667967384304,23.0
2125.9212343075446,23.0
2137.0334535724887,23.0
2148.2037565589744,23.0
2159.4324468714053,23.1
2170.71982970113,23.2
2182.0662118347364,23.2
2193.4719016623894,23.2
2204.937209186215,23.2
2216.4624460287228,23.2
2228.0479254412767,23.2
2239.6939623126154,23.2
2251.4008731773993,23.1
2263.168976224821,23.0
2274.9985913072546,23.0
2286.890039948944,23.0
2298.843645354747,23.0
2310.8597324189163,23.0
2322.9386277339318,22.9
2335.0806595993763,22.8
2347.2861580308577,22.7
2359.5554547689862,22.6
2371.8888832883777,22.6
2384.2867788067265,22.5
2396.7494782939148,22.4
2409.2773204811715,22.3
2421.8706458702773,22.2
2434.5297967428205,22.1
2447.2551171695004,22.1
2460.0469530194778,22.0
2472.905651969775,22.0
2485.8315635147337,22.0
2498.825038975499,22.0
2511.88643150958,22.0
2525.0160961204438,22.0
2538.2143896671673,22.0
2551.481670874133,22.0
2564.8183003407817,22.0
2578.224640551411,22.0
2591.7010558850307,22.0
2605.247912625263,22.0
2618.8655789702975,22.0
2632.5544250429093,22.0
2646.314822900502,22.0
2660.14714654523,22.0
2674.051771934164,22.0
2688.029076989506,22.0
2702.079441608862,22.0
2716.20324767557,22.0
2730.400879069075,22.0
2744.6727216753675,21.9
2759.0191633974646,21.8
2773.440594165967,21.7
2787.9374059496395,21.7
2802.509992766076,21.6
2817.1587506924047,21.6
2831.8840778760564,21.5
2846.686374545581,21.4
2861.5660430215316,21.3
2876.5234877273942,21.3
2891.5591152005823,21.3
2906.6733341034837,21.5
2921.8665552345788,21.6
2937.139191539587,21.7
2952.4916581227058,21.9
2967.9243722578863,22.0
2983.4377534001765,22.1
2999.0322231971227,22.3
3014.7082055002275,22.6
3030.466126376471,22.8
3046.306414119893,23.0
3062.229499263226,23.1
3078.2358145896155,23.4
3094.325795144359,23.6
3110.4998782467446,23.7
3126.7585035019356,23.7
3143.1021128129173,23.7
3159.5311503925072,23.7
3176.0460627754296,23.6
3192.6472988304513,23.5
3209.335309772584,23.3
3226.1105491753406,23.2
3242.973472983081,23.0
3259.924539523382,22.8
3276.9642095195077,22.6
3294.0929461029286,22.4
3311.311214825911,22.2
3328.6194836741684,22.1
3346.018223079582,21.9
3363.507905932988,21.8
3381.089007597027,21.7
3398.762005919066,21.5
3416.527381244194,21.3
3434.385616428264,21.1
3452.337196851022,21.0
3470.382610429304,20.9
3488.5223476302926,20.8
3506.7569014848486,20.6
3525.0867676009134,20.4
3543.512444176976,20.3
3562.034432015617,20.1
3580.6532345371147,19.8
3599.369357793143,19.5
3618.1833104805046,19.1
3637.095603954969,18.8
3656.1067522451726,18.7
3675.2172720665826,18.6
3694.4276828355482,18.4
3713.738506683413,18.0
3733.1502684707093,17.5
3752.6634958014215,17.2
3772.2787190373247,17.0
3791.9964713124127,16.8
3811.817288547367,16.6
3831.7417094641373,16.3
3851.7702756005806,16.0
3871.9035313251793,15.7
3892.1420238518376,15.5
3912.4863032547537,15.4
3932.936922483372,15.2
3953.4944373774106,15.1
3974.1594066819653,15.0
3994.9323920627126,14.9
4015.8139581211503,14.7
4036.8046724099613,14.6
4057.9051054484326,14.6
4079.115830737964,14.5
4100.437424777656,14.4
4121.870467079975,14.3
4143.41554018651,14.1
4165.0732296838005,13.8
4186.844124219257,13.6
4208.728815517151,13.5
4230.72789839472,13.3
4252.841970778305,13.2
4275.071633719623,12.8
4297.417491412092,12.2
4319.880151207261,11.8
4342.460223631314,11.6
4365.158322401661,11.5
4387.975064443623,11.3
4410.911069907196,11.0
4433.9669621839075,10.6
4457.1433679237725,10.3
4480.4409170523,10.1
4503.860242787635,9.9
4527.40198165776,9.7
4551.0667735177985,9.4
4574.855261567406,8.9
4598.768092368251,8.6
4622.80591586159,8.4
4646.969385385929,8.2
4671.25915769478,7.9
4695.675892974527,7.4
4720.220254862348,7.0
4744.892910464259,6.8
4769.694530373255,7.0
4794.625788687525,7.4
4819.68736302878,7.8
4844.87993456067,8.3
4870.204188007296,9.1
4895.660811671819,9.8
4921.250497455168,11.0
4946.973940874864,12.0
4972.8318410838865,12.4
4998.824900889706,13.0
5024.953826773381,13.6
5051.219328908747,13.9
5077.622121181736,14.2
5104.162921209768,14.5
5130.842450361258,14.8
5157.661433775227,14.9
5184.620600380999,14.8
5211.720682918039,14.3
5238.962417955835,13.6
5266.346545913939,12.6
5293.873811082085,11.7
5321.544961640422,11.4
5349.360749679845,11.2
5377.321931222439,10.2
5405.429266242027,9.4
5433.683518684824,9.6
5462.085456490198,9.9
5490.635851611563,10.0
5519.335480037329,10.1
5548.185121812011,10.0
5577.185561057427,9.8
5606.337585994012,9.7
5635.641988962242,9.6
5665.0995664441625,9.6
5694.7111190850455,9.5
5724.477451715144,9.5
5754.399373371566,9.6
5784.477697320285,9.7
5814.713241078208,10.0
5845.10682643542,10.3
5875.659279477514,10.4
5906.371430608045,10.5
5937.244114571097,10.6
5968.278170473975,10.7
5999.4744418100045,10.8
6030.833776481469,10.8
6062.357026822636,10.8
6094.045049622959,11.0
6125.898706150321,11.3
6157.918862174471,11.6
6190.106387990547,11.8
6222.462158442733,12.0
6254.987052948034,12.2
6287.681955520183,12.5
6320.547754793659,12.9
6353.585344047851,13.2
6386.795621231329,13.5
6420.179488986247,13.8
6453.7378546729,13.9
6487.471630394349,14.0
6521.381733021235,14.2
6555.469084216698,14.4
6589.734610461422,14.6
6624.179243078815,14.8
6658.80391826033,15.0
6693.609577090902,15.4
6728.597165574533,15.7
6763.767634659991,15.8
6799.1219402666875,15.8
6834.661043310619,15.8
6870.385909730507,16.3
6906.297510514049,16.7
6942.39682172431,16.8
6978.684824526248,16.9
7015.162505213385,17.0
7051.830855234612,17.0
7088.690871221135,17.0
7125.7435550135615,17.0
7162.989913689153,17.1
7200.430959589155,17.2
7238.067710346342,17.3
7275.901188912673,17.3
7313.932423587085,17.3
7352.162448043451,17.4
7390.59230135867,17.5
7429.22302804091,17.6
7468.055678057999,17.7
7507.091306865953,17.8
7546.330975437692,18.1
7585.775750291836,18.4
7625.426703521717,18.6
7665.284912824515,18.8
7705.351461530549,19.1
7745.627438632719,19.4
7786.113938816104,19.5
7826.81206248772,19.6
7867.722915806424,19.7
7908.847610712972,20.2
7950.187264960275,20.8
7991.743002143727,21.0
8033.515951731782,21.1
8075.507249096639,21.1
8117.718035545101,21.1
8160.149458349601,21.1
8202.80267077938,21.5
8245.67883213183,22.0
8288.77910776401,22.1
8332.104669124305,22.2
8375.656693784302,22.3
8419.436365470749,22.5
8463.444874097753,22.7
8507.683415799123,22.8
8552.153192960874,22.7
8596.855414253905,22.2
8641.791294666864,21.7
8686.962055539152,21.8
8732.36892459413,22.1
8778.01313597248,22.2
8823.895930265779,22.3
8870.018554550163,22.2
8916.382262420266,22.2
8962.988314023276,22.1
9009.83797609319,22.0
9056.932521985234,21.9
9104.273231710486,21.7
9151.861391970657,21.7
9199.698296193066,21.8
9247.785244565785,22.0
9296.12354407301,22.1
9344.714508530542,22.3
9393.559458621517,22.4
9442.659721932305,22.7
9492.016632988581,23.1
9541.631533291613,23.8
9591.505771354708,24.7
9641.64070273987,25.3
9692.037690094652,25.5
9742.698103189163,25.6
9793.623318953358,25.8
9844.814721514387,25.9
9896.27370223427,25.8
9948.001659747684,25.7
10000.0,25.6
10052.270136285486,25.4
10104.813489285681,25.2
10157.6314871081,24.2
10210.725565324987,22.9
10264.09716701231,22.4
10317.747742788988,22.2
10371.678750856474,22.0
10425.891657038128,21.9
10480.387934819217,21.3
10535.16906538697,20.5
10590.236537670813,20.1
10645.591848382772,19.8
10701.236502058211,19.6
10757.172011096769,19.3
10813.399895803414,18.7
10869.921684429703,17.9
10926.73891321545,17.3
10983.85312643042,16.9
11041.265876416248,16.6
11098.978723628681,16.2
11156.993236680037,15.6
11215.310992381786,14.5
11273.933575787378,13.6
11332.862580235347,13.1
11392.099607392682,12.7
11451.646267298307,12.3
11511.504178406769,11.7
11571.674967632372,10.2
11632.16027039332,8.8
11692.961730656129,8.5
11754.08100098034,8.0
11815.519742563505,7.6
11877.27962528627,7.7
11939.362327757724,7.9
12001.76953736107,8.0
12064.50295029953,8.0
12127.56427164241,8.0
12190.95521537136,8.1
12254.677504427105,8.2
12318.732870756214,8.3
12383.123055358106,8.3
12447.849808332432,8.2
12512.914888926687,8.1
12578.320065583976,7.9
12644.067115991029,7.8
12710.157827126544,7.6
12776.593995309939,7.6
12843.377426249857,7.8
12910.50993509343,8.0
12977.99334647565,8.2
13045.829494568892,8.3
13114.020223132724,8.2
13182.567385564074,7.8
13251.472844947652,7.7
13320.738474106534,8.4
13390.366155652993,10.5
13460.35778203982,12.3
13530.715255611682,12.7
13601.440488656775,13.9
13672.535403458849,15.0
13744.001932349513,15.3
13815.842017760702,15.5
13888.057612277411,15.6
13960.650678690825,15.8
14033.62319005172,15.9
14106.977129724035,15.8
14180.714491438697,15.2
14254.837279347976,14.4
14329.347508079869,14.9
14404.247202792812,15.6
14479.538399230763,15.8
14555.223143778607,16.0
14631.303493517702,16.1
14707.78151628175,16.1
14784.65929071304,16.1
14861.938906319014,16.1
14939.622463529,16.1
15017.712073751207,16.2
15096.209859430292,16.3
15175.117954104964,16.3
15254.438502465904,16.2
15334.173660414117,16.1
15414.325595119602,16.0
15494.896485080177,15.9
15575.88852018064,15.1
15657.303901752315,14.0
15739.1448426331,12.8
15821.413567227246,11.6
15904.112311566014,11.1
15987.243323368504,10.7
16070.808862102673,9.2
16154.811199046684,7.7
16239.252617350698,6.1
16324.135412099,4.2
16409.461890372313,3.2
16495.23437131044,2.7
16581.455186175313,2.8
16668.12667841462,2.7
16755.251203725067,2.6
