10.0,29.9
10.052270136285475,29.8
10.104813489285682,29.0
10.157631487108103,28.0
10.210725565324982,27.8
10.264097167012295,28.0
10.317747742789004,28.2
10.371678750856479,28.3
10.425891657038118,28.3
10.480387934819216,28.3
10.535169065386981,28.5
10.590236537670812,28.7
10.64559184838276,28.9
10.701236502058206,29.1
10.757172011096776,29.2
10.813399895803409,29.1
10.869921684429707,29.0
10.926738913215466,28.9
10.98385312643042,28.8
11.041265876416237,28.8
11.098978723628681,28.8
11.156993236680048,28.9
11.215310992381788,28.9
11.27393357578736,29.0
11.332862580235341,29.1
11.392099607392687,29.1
11.451646267298301,29.2
11.511504178406776,29.2
11.571674967632385,29.2
11.632160270393321,29.2
11.692961730656117,29.3
11.75408100098034,29.4
11.815519742563518,29.5
11.87727962528627,29.5
11.939362327757706,29.5
12.001769537361062,29.6
12.064502950299536,29.6
12.127564271642404,29.7
12.190955215371359,29.8
12.254677504427118,29.8
12.318732870756214,29.9
12.383123055358094,29.9
12.447849808332432,29.9
12.5129148889267,30.0
12.578320065583968,30.0
12.644067115991009,30.0
12.710157827126565,30.0
12.776593995309947,30.0
12.843377426249843,30.1
12.910509935093431,30.2
12.977993346475664,30.2
13.045829494568892,30.2
13.11402022313271,30.2
13.182567385564074,30.2
13.251472844947658,30.2
13.320738474106527,30.2
13.390366155653,30.3
13.460357782039841,30.4
13.530715255611682,30.4
13.601440488656761,30.5
13.672535403458848,30.5
13.744001932349526,30.6
13.815842017760701,30.6
13.888057612277397,30.6
13.960650678690818,30.6
14.033623190051728,30.7
14.10697712972403,30.8
14.180714491438705,30.8
14.25483727934799,30.9
14.32934750807987,31.0
14.404247202792797,31.1
14.479538399230764,31.1
14.55522314377862,31.1
14.631303493517702,31.2
14.707781516281727,31.2
14.784659290713032,31.3
14.861938906319022,31.3
14.939622463528993,31.4
15.017712073751214,31.4
15.096209859430308,31.4
15.175117954104964,31.4
15.254438502465888,31.5
15.334173660414118,31.6
15.414325595119617,31.6
15.494896485080169,31.6
15.575888520180618,31.6
15.65730390175234,31.6
15.73914484263311,31.6
15.821413567227237,31.7
15.904112311566013,31.7
15.98724332336852,31.8
16.070808862102673,31.9
16.154811199046666,32.0
16.239252617350697,32.1
16.324135412099007,32.1
16.409461890372306,32.1
16.495234371310413,32.1
16.58145518617534,32.1
16.668126678414627,32.1
16.755251203725052,32.2
16.84283113011666,32.2
16.930868837977105,32.3
17.01936672013636,32.4
17.108327181931763,32.4
17.197752641273365,32.5
17.28764552870969,32.5
17.378008287493753,32.5
17.4688433736495,32.6
17.560153256038525,32.6
17.651940416427212,32.6
17.744207349554188,32.6
17.836956563198083,32.6
17.93019057824573,32.6
18.023911928760675,32.6
18.118123162052047,32.7
18.21282683874379,32.8
18.30802553284428,32.8
18.403721831816252,32.9
18.499918336647156,32.9
18.59661766191982,33.0
18.69382243588356,33.0
18.791535300525574,33.1
18.889758911642755,33.2
18.98849593891389,33.3
19.08774906597221,33.3
19.187520990478333,33.3
19.287814424193606,33.3
19.388632093053765,33.3
19.48997673724305,33.4
19.591851111268685,33.5
19.69425798403576,33.5
19.79720013892245,33.5
19.90068037385568,33.5
20.004701501387192,33.6
20.109266348769967,33.7
20.214377758035074,33.7
20.320038586068932,33.7
20.426251704690927,33.7
20.533020000731486,33.7
20.64034637611054,33.7
20.748233747916412,33.8
20.856685048485062,33.8
20.965703225479817,33.8
21.075291241971485,33.8
21.185452076518878,33.9
21.296188723249774,34.0
21.407504191942323,34.0
21.519401508106792,34.0
21.631883713067854,34.0
21.744953864047204,34.0
21.858615034246718,34.1
21.972870312931903,34.2
22.087722805515906,34.2
22.203175633643916,34.2
22.319231935278008,34.2
22.435894864782412,34.2
22.553167593009288,34.4
22.671053307384867,34.5
22.789555211996095,34.5
22.908676527677724,34.5
23.028420492099883,34.5
23.148790359856015,34.5
23.26978940255137,34.6
23.391420908891938,34.7
23.51368818477381,34.7
23.63659455337303,34.7
23.760143355235964,34.7
23.884337948370025,34.7
24.009181708334992,34.7
24.134678028334722,34.7
24.260830319309434,34.8
24.387642010028344,34.9
24.515116547182902,34.9
24.64325739548046,34.9
24.772068037738443,34.9
24.901551974979007,35.0
25.031712726524198,35.0
25.162553830091625,35.0
25.294078841890578,35.0
25.426291336718684,35.0
25.559194908059133,35.1
25.692793168178262,35.1
25.827089748223784,35.2
25.96208829832347,35.2
26.097792487684362,35.2
26.234206004692496,35.2
26.371332557013133,35.3
26.5091758716916,35.4
26.647739695254497,35.4
26.787027793811582,35.4
26.9270439531581,35.4
27.06779197887776,35.4
27.209275696446046,35.5
27.351498951334275,35.6
27.494465609114105,35.6
27.638179555562576,35.6
27.782644696767733,35.6
27.92786495923483,35.6
28.07384428999299,35.6
28.220586656702505,35.6
28.368096047762684,35.6
28.516376472420284,35.6
28.66543196087842,35.7
28.815266564406134,35.8
28.965884355448516,35.9
29.11728942773738,35.9
29.26948589640251,36.0
29.42247789808359,36.1
29.57626959104251,36.1
29.730865155276486,36.1
29.88626879263161,36.1
30.04248472691713,36.1
30.19951720402016,36.2
30.357370492021133,36.3
30.516048881309793,36.3
30.675556684701824,36.3
30.835898237556027,36.3
30.99707789789224,36.3
31.15910004650967,36.3
31.321969087106055,36.4
31.485689446397288,36.4
31.650265574237824,36.4
31.815701943741516,36.4
31.98200305140326,36.4
32.14917341722119,36.4
32.31721758481955,36.4
32.486140121572134,36.5
32.655945618726484,36.6
32.82663869152868,36.6
32.99822397934869,36.6
33.170706145806605,36.6
33.34408987889928,36.6
33.51837989112781,36.6
33.69358091962557,36.6
33.86969772628702,36.7
34.04673509789711,36.8
34.224697846261364,36.8
34.40359080833668,36.8
34.58341884636283,36.9
34.764186847994516,37.0
34.94589972643436,37.1
35.12856242056629,37.1
35.312179895089876,37.1
35.496757140655234,37.1
35.68229917399868,37.1
35.86881103807908,37.1
36.05629780221492,37.1
36.24476456222205,37.2
36.434216440552284,37.3
36.6246585864325,37.3
36.81609617600466,37.3
37.00853441246656,37.3
37.2019785262131,37.3
37.39643377497855,37.4
37.591905443979435,37.5
37.788398846058186,37.5
37.985919321827524,37.5
38.184472239815605,37.5
38.384062996612016,37.5
38.584697017014335,37.5
38.786379754175634,37.5
38.98911668975273,37.5
39.1929133340551,37.5
39.39777522619469,37.6
39.60370793423646,37.6
39.810717055349734,37.6
40.0188082159603,37.6
40.227987071903335,37.7
40.43825930857721,37.8
40.64963064109788,37.8
40.8621068144543,37.8
41.075693603664625,37.8
41.29039681393302,37.8
41.506222280807584,37.8
41.72317587033889,37.8
41.94126347923944,37.8
42.16049103504393,37.9
42.38086449627034,38.0
42.60238985258197,38.0
42.825073124950116,38.0
43.04892036581776,38.0
43.27393765926414,38.0
43.500131121170035,38.1
43.727506899384,38.2
43.956071173889484,38.3
44.18583015697281,38.3
44.416790093392,38.3
44.648957260546474,38.3
44.88233796864779,38.3
45.116938560890986,38.3
45.35276541362708,38.4
45.58982493653644,38.5
45.82812357280281,38.5
46.067667799288614,38.5
46.308464126710895,38.5
46.55051909981832,38.5
46.793839297569036,38.5
47.03843133330949,38.5
47.28430185495417,38.5
47.531457545166376,38.5
47.77990512153967,38.6
48.02965133678067,38.7
48.28070297889241,38.7
48.53306687135893,38.7
48.78674987333074,38.7
49.041758879811184,38.7
49.298100821843896,38.7
49.55578266670119,38.7
49.81481141807335,38.8
50.07519411625915,38.8
50.336937838356974,38.8
50.60004969845742,38.8
50.86453684783644,38.8
51.13040647514984,38.8
51.39766580662862,38.8
51.66632210627541,38.8
51.93638267606184,38.8
52.20785485612707,38.9
52.48074602497726,39.0
52.75506359968615,39.0
53.030815036096584,39.0
53.308007829023246,39.0
53.58664951245627,39.0
53.866747659766084,39.0
54.148309883909214,39.0
54.431343837635225,39.0
54.7158572136947,39.0
55.00185774504835,39.0
55.28935320507712,39.1
55.57835140779364,39.2
55.86886020805435,39.2
56.160887501773274,39.2
56.45444122613637,39.2
56.74952935981742,39.2
57.04615992319485,39.2
57.34434097856969,39.2
57.64408063038476,39.2
57.94538702544487,39.2
58.24826835313831,39.2
58.552732845659456,39.2
58.85878877823242,39.3
59.166444469336014,39.4
59.475708280929936,39.5
59.786588618681876,39.5
60.0990939321961,39.5
60.41323271524305,39.5
60.72901350599024,39.5
61.046444887234294,39.5
61.365535486634215,39.5
61.686293976945976,39.5
62.008729076258064,39.5
62.332849548228545,39.5
62.658664202323344,39.5
62.98618189405547,39.5
63.315411525225876,39.5
63.64636204416533,39.6
63.979042445977655,39.7
64.31346177278421,39.7
64.64962911396958,39.7
64.98755360642885,39.7
65.32724443481563,39.7
65.66871083179183,39.7
66.01196207827876,39.7
66.35700750370908,39.7
66.7038564862806,39.7
67.05251845321108,39.7
67.40300288099445,39.7
67.75531929565844,39.7
68.1094772730234,39.7
68.46548643896274,39.7
68.82335646966433,39.7
69.18309709189363,39.7
69.54471808325809,39.7
69.90822927247277,39.7
70.27364053962762,39.7
70.6409618164559,39.7
71.01020308660422,39.7
71.38137438590384,39.7
71.75448580264342,39.7
72.12954747784322,39.7
72.50656960553087,39.7
72.88556243301818,39.7
73.26653626117992,39.7
73.64950144473359,39.7
74.03446839252094,39.8
74.42144756779092,39.8
74.810449488484,39.9
75.20148472751808,39.9
75.59456391307583,39.9
75.98969772889355,39.9
76.38689691455168,39.9
76.78617226576647,39.9
77.18753463468363,39.9
77.59099493017311,39.9
77.99656411812569,39.9
78.404253221751,39.9
78.8140733218772,39.9
79.226035557252,39.9
79.64015112484554,39.9
80.05643128015467,39.9
80.47488733750892,39.9
80.89553067037787,40.0
81.31837271168051,40.1
81.74342495409579,40.1
82.170698950375,40.2
82.60020631365589,40.2
83.03195871777821,40.2
83.46596789760103,40.2
83.90224564932171,40.2
84.34080383079642,40.3
84.78165436186265,40.4
85.22480922466286,40.5
85.67028046397054,40.5
86.11808018751721,40.6
86.56822056632171,40.7
87.020713835021,40.8
87.47557229220259,40.9
87.93280830073893,40.9
88.39243428812335,40.9
88.85446274680783,40.9
89.31890623454267,40.9
89.78577737471758,40.9
90.25508885670492,41.0
90.72685343620469,41.1
91.20108393559097,41.1
91.67779324426061,41.1
92.15699431898352,41.1
92.63870018425483,41.1
93.12292393264887,41.1
93.60967872517497,41.1
94.09897779163542,41.1
94.5908344309847,41.1
95.0852620116911,41.1
95.58227397210023,41.1
96.08188382079996,41.1
96.5841051369878,41.1
97.08895157083991,41.1
97.59643684388209,41.1
98.10657474936274,41.2
98.61937915262773,41.3
99.13486399149741,41.3
99.65304327664518,41.3
100.17393109197839,41.3
100.69754159502135,41.3
101.22388901729977,41.3
101.75298766472777,41.3
102.28485191799675,41.2
102.81949623296607,41.2
103.35693514105618,41.1
103.89718324964329,41.1
104.44025524245698,41.1
104.98616587997819,41.1
105.53492999984189,41.0
106.08656251723878,41.0
106.64107842532215,40.9
107.19849279561431,40.9
107.75882077841675,40.9
108.32207760322176,40.9
108.88827857912626,40.9
109.45743909524856,40.9
110.02957462114523,40.9
110.60470070723336,41.0
111.18283298521138,41.0
111.76398716848561,41.1
112.3481790525961,41.2
112.93542451564652,41.3
113.5257395187356,41.4
114.11914010639099,41.5
114.71564240700522,41.5
115.3152626332741,41.6
115.91801708263789,41.6
116.52392213772293,41.8
117.13299426678874,42.0
117.74525002417371,42.1
118.36070605074681,42.1
118.97937907435858,42.1
119.60128591029638,42.1
120.22644346174131,42.1
120.85486872022751,42.2
121.4865787661046,42.2
122.12159076900052,42.3
122.75992198829012,42.4
123.40158977356222,42.4
124.04661156509306,42.5
124.69500489431896,42.5
125.34678738431336,42.5
126.00197675026583,42.5
126.6605907999634,42.5
127.3226474342747,42.5
127.98816464763628,42.6
128.6571605285424,42.6
129.32965326003517,42.6
130.00566112020084,42.6
130.68520248266435,42.6
131.36829581709074,42.6
132.05495968968575,42.6
132.74521276370103,42.6
133.43907379994133,42.6
134.1365616572744,42.6
134.83769529314347,42.6
135.54249376408254,42.7
136.25097622623485,42.8
136.96316193587217,42.8
137.67907024992007,42.8
138.39872062648203,42.8
139.1221326253702,42.8
139.84932590863562,42.8
140.58032024110324,42.8
141.31513549090906,42.8
142.05379163003997,42.8
142.7963087348772,42.8
143.5427069867405,42.8
144.29300667243896,42.8
145.04722818481977,42.8
145.80539202332486,42.8
146.56751879454652,42.8
147.333629212788,42.8
148.1037441006266,42.8
148.87788438947953,42.8
149.65607112017267,42.8
150.43832544351253,42.8
151.2246686208618,42.8
152.01512202471548,42.8
152.80970713928414,42.8
153.6084455610754,42.8
154.41135899948313,42.8
155.218469277376,42.8
156.02979833169113,42.8
156.8453682140304,42.8
157.66520109125955,42.8
158.48931924611142,42.8
159.3177450777899,42.8
160.15050110258113,42.8
160.9876099544629,42.7
161.82909438572216,42.6
162.67497726757185,42.6
163.52528159077312,42.6
164.38003046626017,42.5
165.23924712576837,42.5
166.1029549224657,42.5
166.97117733158728,42.5
167.8439379510743,42.6
168.72126050221348,42.8
169.60316883028446,42.9
170.48968690520502,43.0
171.38083882218535,43.1
172.27664880238083,43.2
173.17714119355136,43.2
174.08234047072295,43.3
174.99227123685273,43.3
175.9069582234984,43.4
176.82642629148881,43.5
177.75070043160196,43.5
178.67980576524164,43.5
179.61376754512278,43.5
180.55261115595593,43.5
181.49636211513797,43.5
182.44504607344558,43.5
183.39868881573247,43.5
184.35731626163007,43.5
185.3209544662519,43.5
186.28962962090262,43.5
187.26336805378796,43.5
188.24219623073301,43.5
189.2261407558986,43.5
190.21522837250714,43.5
191.20948596356752,43.5
192.20894055260666,43.5
193.21361930440384,43.5
194.22354952572874,43.5
195.2387586660848,43.5
196.25927431845295,43.5
197.28512422004457,43.5
198.31633625305224,43.5
199.35293844541056,43.5
200.39495897155572,43.5
201.4424261531923,43.5
202.4953684600627,43.5
203.55381451072122,43.5
204.6177930733116,43.5
205.6873330663489,43.5
206.76246355950653,43.5
207.84321377440395,43.5
208.92961308540407,43.5
210.02169102040844,43.5
211.11947726166272,43.5
212.22300164656127,43.5
213.33229416845913,43.5
214.447384977487,43.5
215.5683043813707,43.5
216.69508284625502,43.5
217.8277509975314,43.5
218.9663396206716,43.5
220.1108796620618,43.4
221.26140222984722,43.3
222.41793859477394,43.3
223.5805201910423,43.3
224.74917861715863,43.3
225.9239456367954,43.3
227.10485317965416,43.3
228.29193334233327,43.3
229.48521838920135,43.3
230.68474075327168,43.2
231.89053303708724,43.1
233.102628013603,43.0
234.32105862708036,43.0
235.5458579939798,42.9
236.77705940386227,42.9
238.0146963202937,42.8
239.25880238175446,42.8
240.50941140255387,42.8
241.76655737374873,42.8
243.03027446406858,42.7
244.30059702084168,42.7
245.57755957093218,42.6
246.86119682167464,42.6
248.1515436618211,42.6
249.44863516248657,42.6
250.75250657810346,42.6
252.0631933473797,42.5
253.3807310942614,42.5
254.7051556289027,42.4
256.03650294863604,42.4
257.3748092389545,42.3
258.72011087449107,42.2
260.0724444200114,42.2
261.4318466314045,42.1
262.79835445668317,42.1
264.17200503698814,42.1
265.5528357075972,42.1
266.94088399894025,42.0
268.336187637619,41.9
269.7387845474336,41.8
271.1487128504106,41.7
272.56601086784315,41.7
273.9907171213279,41.6
275.4228703338166,41.6
276.86250943066517,41.6
278.30967354069315,41.6
279.764401997247,41.6
281.2267343392687,41.5
282.6967103123723,41.5
284.1743698699204,41.4
285.65975317411466,41.4
287.152900597083,41.4
288.6538527219809,41.4
290.16265034409145,41.4
291.67933447193553,41.4
293.203946328386,41.4
294.7365273517884,41.4
296.27711919708696,41.4
297.8257637369567,41.4
299.38250306294265,41.4
300.947379486601,41.4
302.52043554065347,41.4
304.1017139801383,41.4
305.69125778357716,41.4
307.2891101541398,41.4
308.8953145208197,41.4
310.5099145396145,41.4
312.1329540947119,41.5
313.76447729968413,41.6
315.40452849868336,41.6
317.0531522676519,41.6
318.71039341552853,41.6
320.3762969854716,41.6
322.05090825607795,41.6
323.7342727426186,41.6
325.4264361982722,41.6
327.1274446153702,41.6
328.83734422664674,41.6
330.55618150649445,41.6
332.28400317222986,41.6
334.02085618535915,41.6
335.76678775285944,41.6
337.52184532845695,41.6
339.28607661392135,41.6
341.0595295603587,41.5
342.84225236951676,41.4
344.63429349509414,41.4
346.4357016440579,41.4
348.24652577796684,41.3
350.06681511430224,41.3
351.8966191278073,41.3
353.7359875518278,41.3
355.5849703796693,41.2
357.44361786595016,41.2
359.3119805279728,41.1
361.1901091470929,41.1
363.0780547701014,41.0
364.9758687106112,40.9
366.8836025504522,40.8
368.80130814107446,40.7
370.72903760495365,40.7
372.66684333701346,40.6
374.6147780060434,40.5
376.57289455613636,40.4
378.54124620812286,40.3
380.5198864610201,40.3
382.50886909348526,40.2
384.5082481652772,40.2
386.51807801872604,40.1
388.53841328020957,40.0
390.56930886163985,39.9
392.6108199619517,39.9
394.6630020686084,39.9
396.7259109591041,39.8
398.7996027024853,39.7
400.8841336608706,39.6
402.9795604909844,39.6
405.0859401456969,39.5
407.20332987557106,39.5
409.331787230421,39.4
411.4713700608718,39.3
413.6221365199375,39.2
415.78414506459575,39.1
417.95745445738237,39.0
420.1421237679842,38.9
422.33821237484636,38.9
424.5457799667861,38.8
426.76488654461485,38.8
428.9955924227691,38.8
431.23795823094935,38.8
433.49204491576995,38.8
435.7579137424112,38.7
438.0356262962907,38.7
440.3252444847303,38.7
442.62683053864555,38.6
444.9404470142319,38.5
447.2661567946673,38.4
449.60402309182115,38.4
451.9541094479714,38.3
454.3164797375345,38.3
456.6911981687959,38.2
459.0783292856624,38.1
461.4779379694089,37.9
463.89008944044906,37.9
466.31484926010245,37.8
468.7522833323791,37.8
471.20245790577025,37.7
473.6654395750488,37.6
476.14129528307956,37.6
478.630092322638,37.6
481.1318983382419,37.6
483.6467813279844,37.6
486.1748096453894,37.5
488.7160520012619,37.5
491.27057746556244,37.4
493.8384554692794,37.3
496.4197558063182,37.2
499.01454863539806,37.2
501.6229044819588,37.1
504.24489424007766,37.1
506.88058917439554,37.1
509.53006092205686,37.1
512.1933814946506,37.0
514.8706232801756,36.9
517.5618590449992,36.8
520.2671619358439,36.7
522.9866054817683,36.7
525.7202635961694,36.6
528.4682105787901,36.5
531.230521117739,36.5
534.0072702915224,36.4
536.7985335710792,36.4
539.6043868218401,36.3
542.4249063057814,36.3
545.2601686835053,36.3
548.1102510163182,36.3
550.9752307683272,36.3
553.8551858085453,36.3
556.7501944130083,36.2
559.6603352669016,36.1
562.5856874666987,36.0
565.5263305223134,36.0
568.4823443592555,35.9
571.4538093208106,35.9
574.4408061702153,35.8
577.4434160928608,35.7
580.4617206984933,35.5
583.4958020234345,35.3
586.5457425328113,35.3
589.6116251227962,35.2
592.6935331228639,35.2
595.7915502980484,35.1
598.9057608512304,35.0
602.0362494254149,35.0
605.1831011060411,35.0
608.3464014232891,35.0
611.5262363544065,35.0
614.7226923260454,35.0
617.9358562166111,34.9
621.1658153586235,34.9
624.4126575410903,34.8
627.6764710118958,34.8
630.957344480193,34.7
634.2553671188238,34.7
637.5706285667327,34.7
640.9032189314127,34.7
644.2532287913472,34.7
647.6207491984753,34.7
651.0058716806659,34.6
654.4086882442045,34.5
657.8292913762976,34.5
661.2677740475787,34.5
664.7242297146454,34.5
668.1987523225889,34.4
671.6914363075575,34.3
675.2023765993158,34.2
678.7316686238282,34.2
682.2794083058518,34.2
685.8456920715438,34.2
689.4306168510824,34.2
693.0342800813003,34.2
696.6567797083366,34.2
700.2982141902914,34.1
703.9586824999124,34.0
707.6382841272731,34.0
711.3371190824884,34.0
715.0552878984242,34.0
718.7928916334344,34.0
722.5500318741055,34.0
726.3268107380181,34.0
730.123330876526,34.0
733.9396954775374,34.0
737.7760082683312,34.0
741.6323735183645,34.0
745.508896042117,34.0
749.4056812019327,33.9
753.3228349108862,33.8
757.2604636356614,33.8
761.2186743994453,33.8
765.1975747848361,33.8
769.1972729367671,33.8
773.2178775654501,33.8
777.2594979493206,33.8
781.3222439380205,33.8
785.406225955371,33.8
789.5115550023859,33.8
793.6383426602791,33.8
797.7867010935024,33.8
801.9567430527921,33.8
806.1485818782347,33.8
810.3623315023465,33.8
814.59810645317,33.8
818.8560218573906,33.8
823.1361934434566,33.8
827.4387375447371,33.8
831.7637711026708,33.8
836.1114116699566,33.7
840.4817774137397,33.7
844.8749871188272,33.7
849.2911601909162,33.7
853.7304166598383,33.7
858.1928771828257,33.7
862.6786630477819,33.7
867.1878961765907,33.7
871.7206991284164,33.7
876.2771951030477,33.6
880.8575079442367,33.6
885.4617621430697,33.5
890.0900828413493,33.5
894.742595834996,33.5
899.4194275774676,33.5
904.1207051831946,33.5
908.8465564310401,33.5
913.5971097677627,33.5
918.3724943115215,33.5
923.1728398553701,33.5
927.998276870799,33.5
932.8489365112713,33.5
937.7249506157918,33.4
942.6264517124897,33.3
947.5535730222193,33.3
952.5064484621864,33.3
957.4852126495767,33.3
962.4900009052299,33.3
967.5209492573013,33.3
972.5781944449744,33.3
977.6618739221665,33.3
982.772125861269,33.3
987.9090891569025,33.3
993.0729034296917,33.3
998.26370903006,33.3
1003.4816470420445,33.4
1008.7268592871307,33.5
1013.9994883281055,33.5
1019.2996774729368,33.5
1024.627570778662,33.5
1029.9833130553077,33.5
1035.3670498698243,33.5
1040.778927550043,33.5
1046.219093188652,33.5
1051.687694647196,33.4
1057.1848805600926,33.3
1062.7108003386745,33.3
1068.2656041752484,33.3
1073.849443047181,33.3
1079.4624687209969,33.3
1085.104833756507,33.2
1090.7766915109553,33.1
1096.4781961431852,33.0
1102.2095026178308,33.0
1107.9707667095288,33.0
1113.7621450071517,33.0
1119.5837949180645,32.9
1125.4358746724013,32.8
1131.3185433273702,32.7
1137.231960771571,32.7
1143.1762877293438,32.6
1149.1516857651375,32.6
1155.1583172879002,32.6
1161.1963455554942,32.6
1167.2659346791324,32.5
1173.3672496278396,32.5
1179.5004562329357,32.4
1185.6657211925422,32.4
1191.8632120761172,32.3
1198.0930973290035,32.2
1204.355546277011,32.2
1210.650729131018,32.1
1216.9788169915967,32.0
1223.3399818536654,31.9
1229.7343966111616,31.8
1236.162235061742,31.7
1242.6236719115057,31.7
1249.1188827797416,31.6
1255.6480442037073,31.6
1262.2113336434193,31.6
1268.8089294864806,31.6
1275.4410110529293,31.5
1282.1077586001115,31.5
1288.8093533275808,31.4
1295.5459773820237,31.4
1302.3178138622095,31.3
1309.1250468239675,31.3
1315.967861285188,31.2
1322.8464432308563,31.2
1329.7609796180998,31.1
1336.7116583812742,31.1
1343.6986684370715,31.1
1350.7221996896535,31.1
1357.782443035813,31.1
1364.879590370164,31.0
1372.0138345903551,30.9
1379.1853696023147,30.9
1386.3943903255179,30.9
1393.6410926982915,30.9
1400.9256736831292,30.9
1408.248331272053,30.8
1415.6092644919916,30.7
1423.0086734101894,30.6
1430.4467591396458,30.4
1437.9237238445805,30.4
1445.439770745928,30.4
1452.9951041268616,30.4
1460.589929338344,30.4
1468.224452804715,30.4
1475.898882029292,30.4
1483.6134256000173,30.4
1491.3682931951248,30.4
1499.1636955888393,30.4
1506.999844657106,30.4
1514.8769533833477,30.4
1522.7952358642551,30.4
1530.754907315605,30.4
1538.7561840781082,30.5
1546.799283623296,30.6
1554.8844245594228,30.6
1563.0118266374113,30.6
1571.181710756826,30.6
1579.3942989718767,30.6
1587.649814497453,30.8
1595.9484817151922,30.9
1604.2905261795772,30.9
1612.6761746240677,30.9
1621.1056549672617,30.9
1629.5791963190893,30.9
1638.097028987047,30.9
1646.6593844824454,30.9
1655.266495526711,31.0
1663.9185960577072,31.1
1672.6159212360947,31.2
1681.3587074517213,31.3
1690.1471923300487,31.3
1698.9816147386093,31.3
1707.8622147934998,31.3
1716.789233865905,31.3
1725.7629145886658,31.4
1734.7835008628629,31.4
1743.8512378644525,31.4
1752.9663720509295,31.4
1762.1291511680254,31.4
1771.3398242564415,31.5
1780.598641658619,31.6
1789.9058550255418,31.6
1799.2617173235774,31.6
1808.6664828413498,31.6
1818.1204071966588,31.6
1827.6237473434162,31.6
1837.1767615786375,31.6
1846.7797095494598,31.6
1856.4328522602,31.7
1866.1364520794475,31.7
1875.8907727471963,31.8
1885.6960793820124,31.8
1895.552638488241,31.8
1905.4607179632462,31.8
1915.4205871047022,31.9
1925.4325166178992,32.0
1935.4967786231095,32.0
1945.6136466629825,32.1
1955.783395709978,32.2
1966.006302173841,32.3
1976.282643909114,32.4
1986.6127002226892,32.4
1996.996751881399,32.5
2007.4350811196462,32.5
2017.927971647083,32.5
2028.4757086563097,32.6
2039.078578830634,32.6
2049.736870351861,32.6
2060.4508729081267,32.7
2071.22087770177,32.8
2082.0471774572497,32.9
2092.9300664290977,33.0
2103.8698404099196,33.2
2114.8667967384304,33.3
2125.9212343075446,33.3
2137.0334535724887,33.4
2148.2037565589744,33.4
2159.4324468714053,33.5
2170.71982970113,33.6
2182.0662118347364,33.7
2193.4719016623894,33.7
2204.937209186215,33.7
2216.4624460287228,33.8
2228.0479254412767,33.8
2239.6939623126154,33.8
2251.4008731773993,33.8
2263.168976224821,33.9
2274.9985913072546,33.9
2286.890039948944,34.0
2298.843645354747,34.0
2310.8597324189163,34.0
2322.9386277339318,33.9
2335.0806595993763,33.8
2347.2861580308577,33.8
2359.5554547689862,33.8
2371.8888832883777,33.8
2384.2867788067265,33.8
2396.7494782939148,33.8
2409.2773204811715,33.8
2421.8706458702773,33.8
2434.5297967428205,33.8
2447.2551171695004,33.8
2460.0469530194778,33.8
2472.905651969775,33.8
2485.8315635147337,33.8
2498.825038975499,33.8
2511.88643150958,33.8
2525.0160961204438,33.8
2538.2143896671673,33.8
2551.481670874133,33.8
2564.8183003407817,33.8
2578.224640551411,33.8
2591.7010558850307,33.8
2605.247912625263,33.9
2618.8655789702975,33.9
2632.5544250429093,34.0
2646.314822900502,34.0
2660.14714654523,34.1
2674.051771934164,34.2
2688.029076989506,34.3
2702.079441608862,34.4
2716.20324767557,34.5
2730.400879069075,34.6
2744.6727216753675,34.7
2759.0191633974646,34.7
2773.440594165967,34.7
2787.9374059496395,34.7
2802.509992766076,34.7
2817.1587506924047,34.7
2831.8840778760564,34.7
2846.686374545581,34.7
2861.5660430215316,34.7
2876.5234877273942,34.7
2891.5591152005823,34.7
2906.6733341034837,34.7
2921.8665552345788,34.7
2937.139191539587,34.7
2952.4916581227058,34.7
2967.9243722578863,34.7
2983.4377534001765,34.7
2999.0322231971227,34.7
3014.7082055002275,34.7
3030.466126376471,34.7
3046.306414119893,34.7
3062.229499263226,34.7
3078.2358145896155,34.7
3094.325795144359,34.7
3110.4998782467446,34.7
3126.7585035019356,34.6
3143.1021128129173,34.6
3159.5311503925072,34.5
3176.0460627754296,34.4
3192.6472988304513,34.4
3209.335309772584,34.5
3226.1105491753406,34.5
3242.973472983081,34.5
3259.924539523382,34.5
3276.9642095195077,34.5
3294.0929461029286,34.4
3311.311214825911,34.3
3328.6194836741684,34.2
3346.018223079582,34.1
3363.507905932988,34.0
3381.089007597027,33.9
3398.762005919066,33.8
3416.527381244194,33.6
3434.385616428264,33.5
3452.337196851022,33.4
3470.382610429304,33.3
3488.5223476302926,33.2
3506.7569014848486,33.0
3525.0867676009134,32.7
3543.512444176976,32.5
3562.034432015617,32.4
3580.6532345371147,32.3
3599.369357793143,32.1
3618.1833104805046,31.8
3637.095603954969,31.5
3656.1067522451726,31.3
3675.2172720665826,31.1
3694.4276828355482,30.9
3713.738506683413,30.6
3733.1502684707093,30.2
3752.6634958014215,29.9
3772.2787190373247,29.7
3791.9964713124127,29.6
3811.817288547367,29.4
3831.7417094641373,29.0
3851.7702756005806,28.8
3871.9035313251793,28.7
3892.1420238518376,28.7
3912.4863032547537,28.6
3932.936922483372,28.5
3953.4944373774106,28.5
3974.1594066819653,28.5
3994.9323920627126,28.4
4015.8139581211503,28.3
4036.8046724099613,28.3
4057.9051054484326,28.3
4079.115830737964,28.3
4100.437424777656,28.3
4121.870467079975,28.2
4143.41554018651,28.1
4165.0732296838005,27.9
4186.844124219257,27.9
4208.728815517151,27.8
4230.72789839472,27.8
4252.841970778305,27.7
4275.071633719623,27.6
4297.417491412092,27.6
4319.880151207261,27.6
4342.460223631314,27.6
4365.158322401661,27.6
4387.975064443623,27.5
4410.911069907196,27.4
4433.9669621839075,27.2
4457.1433679237725,27.1
4480.4409170523,27.0
4503.860242787635,26.9
4527.40198165776,26.8
4551.0667735177985,26.3
4574.855261567406,25.8
4598.768092368251,25.4
4622.80591586159,25.1
4646.969385385929,24.6
4671.25915769478,23.3
4695.675892974527,22.0
4720.220254862348,21.5
4744.892910464259,21.1
4769.694530373255,20.7
4794.625788687525,20.3
4819.68736302878,19.7
4844.87993456067,19.2
4870.204188007296,18.6
4895.660811671819,18.1
4921.250497455168,17.9
4946.973940874864,18.0
4972.8318410838865,18.1
4998.824900889706,18.3
5024.953826773381,18.5
5051.219328908747,18.7
5077.622121181736,18.8
5104.162921209768,18.9
5130.842450361258,18.9
5157.661433775227,19.1
5184.620600380999,19.4
5211.720682918039,19.7
5238.962417955835,19.8
5266.346545913939,20.3
5293.873811082085,20.8
5321.544961640422,21.1
5349.360749679845,21.4
5377.321931222439,21.6
5405.429266242027,21.9
5433.683518684824,22.5
5462.085456490198,23.2
5490.635851611563,23.4
5519.335480037329,23.5
5548.185121812011,23.6
5577.185561057427,23.7
5606.337585994012,23.7
5635.641988962242,23.7
5665.0995664441625,23.7
5694.7111190850455,23.7
5724.477451715144,23.7
5754.399373371566,23.7
5784.477697320285,23.7
5814.713241078208,24.4
5845.10682643542,25.2
5875.659279477514,25.7
5906.371430608045,26.5
5937.244114571097,27.3
5968.278170473975,27.9
5999.4744418100045,29.0
6030.833776481469,29.9
6062.357026822636,30.1
6094.045049622959,30.3
6125.898706150321,30.5
6157.918862174471,30.6
6190.106387990547,30.6
6222.462158442733,30.5
6254.987052948034,30.4
6287.681955520183,30.2
6320.547754793659,29.7
6353.585344047851,29.3
6386.795621231329,29.1
6420.179488986247,28.8
6453.7378546729,28.4
6487.471630394349,28.0
6521.381733021235,27.5
6555.469084216698,27.2
6589.734610461422,27.0
6624.179243078815,26.8
6658.80391826033,26.7
6693.609577090902,26.5
6728.597165574533,26.3
6763.767634659991,26.1
6799.1219402666875,26.0
6834.661043310619,25.3
6870.385909730507,24.4
6906.297510514049,24.1
6942.39682172431,23.9
6978.684824526248,23.6
7015.162505213385,23.1
7051.830855234612,22.8
7088.690871221135,22.8
7125.7435550135615,22.9
7162.989913689153,23.0
7200.430959589155,23.0
7238.067710346342,23.0
7275.901188912673,22.9
7313.932423587085,22.9
7352.162448043451,22.8
7390.59230135867,22.7
7429.22302804091,22.6
7468.055678057999,22.1
7507.091306865953,21.5
7546.330975437692,21.1
7585.775750291836,20.9
7625.426703521717,20.7
7665.284912824515,20.4
7705.351461530549,20.6
7745.627438632719,21.0
7786.113938816104,21.4
7826.81206248772,21.7
7867.722915806424,22.1
7908.847610712972,23.4
7950.187264960275,24.7
7991.743002143727,25.0
8033.515951731782,25.2
8075.507249096639,25.4
8117.718035545101,25.5
8160.149458349601,25.8
8202.80267077938,26.0
8245.67883213183,26.1
8288.77910776401,26.1
8332.104669124305,26.2
8375.656693784302,26.3
8419.436365470749,26.7
8463.444874097753,27.1
8507.683415799123,27.2
8552.153192960874,27.3
8596.855414253905,27.3
8641.791294666864,27.3
8686.962055539152,27.3
8732.36892459413,27.3
8778.01313597248,27.3
8823.895930265779,27.2
8870.018554550163,26.9
8916.382262420266,27.0
8962.988314023276,27.2
9009.83797609319,27.3
9056.932521985234,27.4
9104.273231710486,27.5
9151.861391970657,27.6
9199.698296193066,27.8
9247.785244565785,28.0
9296.12354407301,28.1
9344.714508530542,28.2
9393.559458621517,28.4
9442.659721932305,28.6
9492.016632988581,29.0
9541.631533291613,29.5
9591.505771354708,30.9
9641.64070273987,32.2
9692.037690094652,32.3
9742.698103189163,32.7
9793.623318953358,33.2
9844.814721514387,33.4
9896.27370223427,33.5
9948.001659747684,33.5
10000.0,33.5
10052.270136285486,33.5
10104.813489285681,33.4
10157.6314871081,32.9
10210.725565324987,31.6
10264.09716701231,30.4
10317.747742788988,29.8
10371.678750856474,29.4
10425.891657038128,28.9
10480.387934819217,26.7
10535.16906538697,24.5
10590.236537670813,24.6
10645.591848382772,24.8
10701.236502058211,24.9
10757.172011096769,24.9
10813.399895803414,24.8
10869.921684429703,24.7
10926.73891321545,24.5
10983.85312643042,24.3
11041.265876416248,24.2
11098.978723628681,24.0
11156.993236680037,23.5
11215.310992381786,22.8
11273.933575787378,22.3
11332.862580235347,21.9
11392.099607392682,21.6
11451.646267298307,21.4
11511.504178406769,20.8
11571.674967632372,19.5
11632.16027039332,18.6
11692.961730656129,18.4
11754.08100098034,18.0
11815.519742563505,17.5
11877.27962528627,16.8
11939.362327757724,15.7
12001.76953736107,14.9
12064.50295029953,14.7
12127.56427164241,14.2
12190.95521537136,14.3
12254.677504427105,14.7
12318.732870756214,14.9
12383.123055358106,15.2
12447.849808332432,15.5
12512.914888926687,15.9
12578.320065583976,16.2
12644.067115991029,16.5
12710.157827126544,16.7
12776.593995309939,16.9
12843.377426249857,17.0
12910.50993509343,17.4
12977.99334647565,18.0
13045.829494568892,18.3
13114.020223132724,18.4
13182.567385564074,18.5
13251.472844947652,18.7
13320.738474106534,19.0
13390.366155652993,19.7
13460.35778203982,20.2
13530.715255611682,20.7
13601.440488656775,21.1
13672.535403458849,21.3
13744.001932349513,21.6
13815.842017760702,21.9
13888.057612277411,22.8
13960.650678690825,23.8
14033.62319005172,24.2
14106.977129724035,24.6
14180.714491438697,25.0
14254.837279347976,25.2
14329.347508079869,25.5
14404.247202792812,25.8
14479.538399230763,25.9
14555.223143778607,25.8
14631.303493517702,25.5
14707.78151628175,25.1
14784.65929071304,24.4
14861.938906319014,23.8
14939.622463529,23.3
15017.712073751207,22.5
15096.209859430292,20.7
15175.117954104964,19.0
15254.438502465904,17.6
15334.173660414117,16.1
15414.325595119602,15.7
15494.896485080177,15.4
15575.88852018064,14.8
15657.303901752315,14.3
15739.1448426331,13.4
15821.413567227246,12.4
15904.112311566014,12.1
15987.243323368504,11.9
16070.808862102673,11.0
16154.811199046684,10.2
16239.252617350698,10.6
16324.135412099,10.9
16409.461890372313,11.4
16495.23437131044,11.8
16581.455186175313,11.9
16668.12667841462,12.0
16755.251203725067,12.1
