10.0,32.1
10.052270136285475,32.2
10.104813489285682,32.2
10.157631487108103,32.2
10.210725565324982,32.3
10.264097167012295,32.4
10.317747742789004,32.6
10.371678750856479,32.7
10.425891657038118,32.8
10.480387934819216,32.8
10.535169065386981,32.9
10.590236537670812,33.0
10.64559184838276,33.0
10.701236502058206,33.1
10.757172011096776,33.2
10.813399895803409,33.3
10.869921684429707,33.3
10.926738913215466,33.4
10.98385312643042,33.4
11.041265876416237,33.5
11.098978723628681,33.6
11.156993236680048,33.7
11.215310992381788,33.8
11.27393357578736,33.9
11.332862580235341,34.0
11.392099607392687,34.0
11.451646267298301,34.1
11.511504178406776,34.2
11.571674967632385,34.3
11.632160270393321,34.4
11.692961730656117,34.5
11.75408100098034,34.5
11.815519742563518,34.6
11.87727962528627,34.7
11.939362327757706,34.8
12.001769537361062,34.8
12.064502950299536,34.9
12.127564271642404,34.9
12.190955215371359,35.0
12.254677504427118,35.0
12.318732870756214,35.1
12.383123055358094,35.2
12.447849808332432,35.3
12.5129148889267,35.4
12.578320065583968,35.5
12.644067115991009,35.6
12.710157827126565,35.7
12.776593995309947,35.7
12.843377426249843,35.8
12.910509935093431,35.8
12.977993346475664,35.9
13.045829494568892,36.0
13.11402022313271,36.0
13.182567385564074,36.0
13.251472844947658,36.1
13.320738474106527,36.1
13.390366155653,36.1
13.460357782039841,36.1
13.530715255611682,36.1
13.601440488656761,36.2
13.672535403458848,36.2
13.744001932349526,36.3
13.815842017760701,36.3
13.888057612277397,36.4
13.960650678690818,36.5
14.033623190051728,36.6
14.10697712972403,36.7
14.180714491438705,36.7
14.25483727934799,36.8
14.32934750807987,37.0
14.404247202792797,37.1
14.479538399230764,37.2
14.55522314377862,37.2
14.631303493517702,37.2
14.707781516281727,37.3
14.784659290713032,37.3
14.861938906319022,37.3
14.939622463528993,37.3
15.017712073751214,37.4
15.096209859430308,37.5
15.175117954104964,37.5
15.254438502465888,37.5
15.334173660414118,37.5
15.414325595119617,37.5
15.494896485080169,37.7
15.575888520180618,37.8
15.65730390175234,37.9
15.73914484263311,38.0
15.821413567227237,38.0
15.904112311566013,38.0
15.98724332336852,38.0
16.070808862102673,38.1
16.154811199046666,38.2
16.239252617350697,38.2
16.324135412099007,38.3
16.409461890372306,38.4
16.495234371310413,38.4
16.58145518617534,38.5
16.668126678414627,38.5
16.755251203725052,38.5
16.84283113011666,38.6
16.930868837977105,38.7
17.01936672013636,38.7
17.108327181931763,38.7
17.197752641273365,38.7
17.28764552870969,38.7
17.378008287493753,38.7
17.4688433736495,38.7
17.560153256038525,38.8
17.651940416427212,38.9
17.744207349554188,38.9
17.836956563198083,39.0
17.93019057824573,39.0
18.023911928760675,39.1
18.118123162052047,39.1
18.21282683874379,39.1
18.30802553284428,39.2
18.403721831816252,39.3
18.499918336647156,39.4
18.59661766191982,39.4
18.69382243588356,39.4
18.791535300525574,39.4
18.889758911642755,39.4
18.98849593891389,39.5
19.08774906597221,39.5
19.187520990478333,39.6
19.287814424193606,39.6
19.388632093053765,39.7
19.48997673724305,39.8
19.591851111268685,39.8
19.69425798403576,39.8
19.79720013892245,39.8
19.90068037385568,39.8
20.004701501387192,39.9
20.109266348769967,39.9
20.214377758035074,39.9
20.320038586068932,40.0
20.426251704690927,40.1
20.533020000731486,40.1
20.64034637611054,40.1
20.748233747916412,40.1
20.856685048485062,40.1
20.965703225479817,40.1
21.075291241971485,40.1
21.185452076518878,40.2
21.296188723249774,40.3
21.407504191942323,40.3
21.519401508106792,40.3
21.631883713067854,40.3
21.744953864047204,40.3
21.858615034246718,40.5
21.972870312931903,40.6
22.087722805515906,40.6
22.203175633643916,40.6
22.319231935278008,40.6
22.435894864782412,40.6
22.553167593009288,40.6
22.671053307384867,40.6
22.789555211996095,40.6
22.908676527677724,40.6
23.028420492099883,40.7
23.148790359856015,40.7
23.26978940255137,40.8
23.391420908891938,40.8
23.51368818477381,40.8
23.63659455337303,40.8
23.760143355235964,40.9
23.884337948370025,40.9
24.009181708334992,41.0
24.134678028334722,41.0
24.260830319309434,41.0
24.387642010028344,41.0
24.515116547182902,41.0
24.64325739548046,41.0
24.772068037738443,41.0
24.901551974979007,41.1
25.031712726524198,41.1
25.162553830091625,41.1
25.294078841890578,41.1
25.426291336718684,41.1
25.559194908059133,41.1
25.692793168178262,41.1
25.827089748223784,41.1
25.96208829832347,41.2
26.097792487684362,41.3
26.234206004692496,41.3
26.371332557013133,41.3
26.5091758716916,41.3
26.647739695254497,41.3
26.787027793811582,41.3
26.9270439531581,41.3
27.06779197887776,41.3
27.209275696446046,41.4
27.351498951334275,41.5
27.494465609114105,41.5
27.638179555562576,41.5
27.782644696767733,41.5
27.92786495923483,41.5
28.07384428999299,41.5
28.220586656702505,41.5
28.368096047762684,41.5
28.516376472420284,41.5
28.66543196087842,41.6
28.815266564406134,41.7
28.965884355448516,41.8
29.11728942773738,41.8
29.26948589640251,41.8
29.42247789808359,41.8
29.57626959104251,41.8
29.730865155276486,41.8
29.88626879263161,41.8
30.04248472691713,41.8
30.19951720402016,41.9
30.357370492021133,42.0
30.516048881309793,42.0
30.675556684701824,42.0
30.835898237556027,42.0
30.99707789789224,42.0
31.15910004650967,42.0
31.321969087106055,42.0
31.485689446397288,42.0
31.650265574237824,42.0
31.815701943741516,42.0
31.98200305140326,42.0
32.14917341722119,42.1
32.31721758481955,42.1
32.486140121572134,42.2
32.655945618726484,42.2
32.82663869152868,42.2
32.99822397934869,42.2
33.170706145806605,42.2
33.34408987889928,42.2
33.51837989112781,42.2
33.69358091962557,42.2
33.86969772628702,42.2
34.04673509789711,42.2
34.224697846261364,42.2
34.40359080833668,42.2
34.58341884636283,42.2
34.764186847994516,42.3
34.94589972643436,42.3
35.12856242056629,42.3
35.312179895089876,42.3
35.496757140655234,42.3
35.68229917399868,42.3
35.86881103807908,42.3
36.05629780221492,42.3
36.24476456222205,42.3
36.434216440552284,42.3
36.6246585864325,42.3
36.81609617600466,42.3
37.00853441246656,42.3
37.2019785262131,42.3
37.39643377497855,42.3
37.591905443979435,42.3
37.788398846058186,42.3
37.985919321827524,42.3
38.184472239815605,42.3
38.384062996612016,42.4
38.584697017014335,42.5
38.786379754175634,42.5
38.98911668975273,42.5
39.1929133340551,42.5
39.39777522619469,42.5
39.60370793423646,42.5
39.810717055349734,42.5
40.0188082159603,42.5
40.227987071903335,42.5
40.43825930857721,42.5
40.64963064109788,42.5
40.8621068144543,42.5
41.075693603664625,42.5
41.29039681393302,42.5
41.506222280807584,42.5
41.72317587033889,42.5
41.94126347923944,42.5
42.16049103504393,42.5
42.38086449627034,42.5
42.60238985258197,42.5
42.825073124950116,42.5
43.04892036581776,42.5
43.27393765926414,42.5
43.500131121170035,42.5
43.727506899384,42.5
43.956071173889484,42.5
44.18583015697281,42.5
44.416790093392,42.5
44.648957260546474,42.5
44.88233796864779,42.6
45.116938560890986,42.6
45.35276541362708,42.7
45.58982493653644,42.7
45.82812357280281,42.7
46.067667799288614,42.7
46.308464126710895,42.7
46.55051909981832,42.7
46.793839297569036,42.7
47.03843133330949,42.7
47.28430185495417,42.7
47.531457545166376,42.7
47.77990512153967,42.7
48.02965133678067,42.7
48.28070297889241,42.7
48.53306687135893,42.7
48.78674987333074,42.7
49.041758879811184,42.7
49.298100821843896,42.7
49.55578266670119,42.7
49.81481141807335,42.7
50.07519411625915,42.7
50.336937838356974,42.7
50.60004969845742,42.7
50.86453684783644,42.7
51.13040647514984,42.7
51.39766580662862,42.7
51.66632210627541,42.7
51.93638267606184,42.7
52.20785485612707,42.7
52.48074602497726,42.7
52.75506359968615,42.7
53.030815036096584,42.7
53.308007829023246,42.7
53.58664951245627,42.7
53.866747659766084,42.7
54.148309883909214,42.7
54.431343837635225,42.7
54.7158572136947,42.7
55.00185774504835,42.7
55.28935320507712,42.7
55.57835140779364,42.7
55.86886020805435,42.7
56.160887501773274,42.7
56.45444122613637,42.7
56.74952935981742,42.7
57.04615992319485,42.7
57.34434097856969,42.7
57.64408063038476,42.7
57.94538702544487,42.7
58.24826835313831,42.7
58.552732845659456,42.7
58.85878877823242,42.7
59.166444469336014,42.7
59.475708280929936,42.7
59.786588618681876,42.7
60.0990939321961,42.7
60.41323271524305,42.7
60.72901350599024,42.7
61.046444887234294,42.7
61.365535486634215,42.7
61.686293976945976,42.6
62.008729076258064,42.5
62.332849548228545,42.5
62.658664202323344,42.5
62.98618189405547,42.5
63.315411525225876,42.5
63.64636204416533,42.5
63.979042445977655,42.5
64.31346177278421,42.5
64.64962911396958,42.5
64.98755360642885,42.5
65.32724443481563,42.5
65.66871083179183,42.5
66.01196207827876,42.5
66.35700750370908,42.5
66.7038564862806,42.5
67.05251845321108,42.5
67.40300288099445,42.5
67.75531929565844,42.5
68.1094772730234,42.5
68.46548643896274,42.5
68.82335646966433,42.5
69.18309709189363,42.5
69.54471808325809,42.5
69.90822927247277,42.5
70.27364053962762,42.5
70.6409618164559,42.5
71.01020308660422,42.5
71.38137438590384,42.4
71.75448580264342,42.3
72.12954747784322,42.3
72.50656960553087,42.3
72.88556243301818,42.3
73.26653626117992,42.3
73.64950144473359,42.3
74.03446839252094,42.3
74.42144756779092,42.3
74.810449488484,42.3
75.20148472751808,42.3
75.59456391307583,42.3
75.98969772889355,42.3
76.38689691455168,42.3
76.78617226576647,42.3
77.18753463468363,42.3
77.59099493017311,42.3
77.99656411812569,42.3
78.404253221751,42.3
78.8140733218772,42.3
79.226035557252,42.3
79.64015112484554,42.3
80.05643128015467,42.2
80.47488733750892,42.2
80.89553067037787,42.2
81.31837271168051,42.2
81.74342495409579,42.2
82.170698950375,42.2
82.60020631365589,42.2
83.03195871777821,42.2
83.46596789760103,42.2
83.90224564932171,42.2
84.34080383079642,42.2
84.78165436186265,42.2
85.22480922466286,42.2
85.67028046397054,42.1
86.11808018751721,42.1
86.56822056632171,42.0
87.020713835021,42.0
87.47557229220259,42.0
87.93280830073893,42.0
88.39243428812335,42.0
88.85446274680783,42.0
89.31890623454267,42.0
89.78577737471758,42.0
90.25508885670492,42.0
90.72685343620469,42.0
91.20108393559097,41.9
91.67779324426061,41.9
92.15699431898352,41.8
92.63870018425483,41.8
93.12292393264887,41.8
93.60967872517497,41.8
94.09897779163542,41.8
94.5908344309847,41.8
95.0852620116911,41.8
95.58227397210023,41.7
96.08188382079996,41.6
96.5841051369878,41.5
97.08895157083991,41.5
97.59643684388209,41.5
98.10657474936274,41.5
98.61937915262773,41.5
99.13486399149741,41.5
99.65304327664518,41.5
100.17393109197839,41.5
100.69754159502135,41.5
101.22388901729977,41.5
101.75298766472777,41.4
102.28485191799675,41.3
102.81949623296607,41.3
103.35693514105618,41.3
103.89718324964329,41.3
104.44025524245698,41.3
104.98616587997819,41.3
105.53492999984189,41.2
106.08656251723878,41.2
106.64107842532215,41.1
107.19849279561431,41.1
107.75882077841675,41.1
108.32207760322176,41.1
108.88827857912626,41.1
109.45743909524856,41.1
110.02957462114523,41.1
110.60470070723336,41.1
111.18283298521138,41.1
111.76398716848561,41.0
112.3481790525961,41.0
112.93542451564652,41.0
113.5257395187356,41.0
114.11914010639099,41.0
114.71564240700522,41.0
115.3152626332741,41.0
115.91801708263789,41.0
116.52392213772293,41.0
117.13299426678874,41.0
117.74525002417371,40.9
118.36070605074681,40.8
118.97937907435858,40.8
119.60128591029638,40.8
120.22644346174131,40.7
120.85486872022751,40.6
121.4865787661046,40.6
122.12159076900052,40.6
122.75992198829012,40.6
123.40158977356222,40.6
124.04661156509306,40.6
124.69500489431896,40.5
125.34678738431336,40.4
126.00197675026583,40.3
126.6605907999634,40.3
127.3226474342747,40.3
127.98816464763628,40.3
128.6571605285424,40.3
129.32965326003517,40.3
130.00566112020084,40.3
130.68520248266435,40.3
131.36829581709074,40.3
132.05495968968575,40.2
132.74521276370103,40.1
133.43907379994133,40.1
134.1365616572744,40.1
134.83769529314347,40.1
135.54249376408254,40.1
136.25097622623485,40.1
136.96316193587217,40.0
137.67907024992007,40.0
138.39872062648203,39.9
139.1221326253702,39.9
139.84932590863562,39.9
140.58032024110324,39.9
141.31513549090906,39.9
142.05379163003997,39.9
142.7963087348772,39.9
143.5427069867405,39.9
144.29300667243896,39.9
145.04722818481977,39.9
145.80539202332486,39.9
146.56751879454652,39.9
147.333629212788,39.9
148.1037441006266,39.9
148.87788438947953,39.9
149.65607112017267,39.9
150.43832544351253,39.9
151.2246686208618,39.9
152.01512202471548,39.9
152.80970713928414,39.9
153.6084455610754,39.9
154.41135899948313,39.9
155.218469277376,39.9
156.02979833169113,39.9
156.8453682140304,39.9
157.66520109125955,39.9
158.48931924611142,39.9
159.3177450777899,39.9
160.15050110258113,39.9
160.9876099544629,39.9
161.82909438572216,39.8
162.67497726757185,39.7
163.52528159077312,39.5
164.38003046626017,39.4
165.23924712576837,39.4
166.1029549224657,39.4
166.97117733158728,39.3
167.8439379510743,39.2
168.72126050221348,39.1
169.60316883028446,39.0
170.48968690520502,38.9
171.38083882218535,38.8
172.27664880238083,38.8
173.17714119355136,38.7
174.08234047072295,38.7
174.99227123685273,38.7
175.9069582234984,38.7
176.82642629148881,38.7
177.75070043160196,38.7
178.67980576524164,38.7
179.61376754512278,38.7
180.55261115595593,38.6
181.49636211513797,38.5
182.44504607344558,38.5
183.39868881573247,38.5
184.35731626163007,38.5
185.3209544662519,38.5
186.28962962090262,38.5
187.26336805378796,38.5
188.24219623073301,38.5
189.2261407558986,38.5
190.21522837250714,38.5
191.20948596356752,38.5
192.20894055260666,38.5
193.21361930440384,38.5
194.22354952572874,38.5
195.2387586660848,38.5
196.25927431845295,38.5
197.28512422004457,38.5
198.31633625305224,38.5
199.35293844541056,38.4
200.39495897155572,38.4
201.4424261531923,38.4
202.4953684600627,38.3
203.55381451072122,38.3
204.6177930733116,38.2
205.6873330663489,38.1
206.76246355950653,38.1
207.84321377440395,38.0
208.92961308540407,38.0
210.02169102040844,38.0
211.11947726166272,38.0
212.22300164656127,38.0
213.33229416845913,38.0
214.447384977487,38.0
215.5683043813707,38.0
216.69508284625502,38.0
217.8277509975314,38.0
218.9663396206716,38.0
220.1108796620618,37.9
221.26140222984722,37.8
222.41793859477394,37.7
223.5805201910423,37.6
224.74917861715863,37.5
225.9239456367954,37.5
227.10485317965416,37.5
228.29193334233327,37.5
229.48521838920135,37.4
230.68474075327168,37.4
231.89053303708724,37.3
233.102628013603,37.3
234.32105862708036,37.2
235.5458579939798,37.1
236.77705940386227,37.1
238.0146963202937,37.0
239.25880238175446,37.0
240.50941140255387,37.0
241.76655737374873,37.0
243.03027446406858,36.9
244.30059702084168,36.9
245.57755957093218,36.8
246.86119682167464,36.8
248.1515436618211,36.8
249.44863516248657,36.8
250.75250657810346,36.7
252.0631933473797,36.6
253.3807310942614,36.5
254.7051556289027,36.5
256.03650294863604,36.5
257.3748092389545,36.5
258.72011087449107,36.4
260.0724444200114,36.4
261.4318466314045,36.3
262.79835445668317,36.2
264.17200503698814,36.2
265.5528357075972,36.1
266.94088399894025,36.1
268.336187637619,36.0
269.7387845474336,36.0
271.1487128504106,35.9
272.56601086784315,35.9
273.9907171213279,35.8
275.4228703338166,35.8
276.86250943066517,35.8
278.30967354069315,35.8
279.764401997247,35.7
281.2267343392687,35.7
282.6967103123723,35.6
284.1743698699204,35.6
285.65975317411466,35.5
287.152900597083,35.4
288.6538527219809,35.2
290.16265034409145,35.0
291.67933447193553,34.9
293.203946328386,34.8
294.7365273517884,34.8
296.27711919708696,34.8
297.8257637369567,34.7
299.38250306294265,34.6
300.947379486601,34.5
302.52043554065347,34.4
304.1017139801383,34.4
305.69125778357716,34.3
307.2891101541398,34.2
308.8953145208197,34.0
310.5099145396145,33.8
312.1329540947119,33.7
313.76447729968413,33.7
315.40452849868336,33.6
317.0531522676519,33.6
318.71039341552853,33.5
320.3762969854716,33.5
322.05090825607795,33.5
323.7342727426186,33.5
325.4264361982722,33.5
327.1274446153702,33.5
328.83734422664674,33.5
330.55618150649445,33.5
332.28400317222986,33.5
334.02085618535915,33.5
335.76678775285944,33.5
337.52184532845695,33.4
339.28607661392135,33.4
341.0595295603587,33.3
342.84225236951676,33.1
344.63429349509414,32.9
346.4357016440579,32.8
348.24652577796684,32.8
350.06681511430224,32.7
351.8966191278073,32.6
353.7359875518278,32.5
355.5849703796693,32.4
357.44361786595016,32.3
359.3119805279728,32.3
361.1901091470929,32.2
363.0780547701014,32.1
364.9758687106112,32.0
366.8836025504522,31.8
368.80130814107446,31.7
370.72903760495365,31.6
372.66684333701346,31.5
374.6147780060434,31.4
376.57289455613636,31.3
378.54124620812286,31.2
380.5198864610201,31.1
382.50886909348526,31.0
384.5082481652772,31.0
386.51807801872604,31.0
388.53841328020957,30.9
390.56930886163985,30.9
392.6108199619517,30.8
394.6630020686084,30.7
396.7259109591041,30.6
398.7996027024853,30.6
400.8841336608706,30.5
402.9795604909844,30.5
405.0859401456969,30.4
407.20332987557106,30.3
409.331787230421,30.2
411.4713700608718,30.2
413.6221365199375,30.1
415.78414506459575,30.0
417.95745445738237,29.9
420.1421237679842,29.9
422.33821237484636,29.9
424.5457799667861,29.9
426.76488654461485,29.9
428.9955924227691,29.8
431.23795823094935,29.8
433.49204491576995,29.7
435.7579137424112,29.7
438.0356262962907,29.6
440.3252444847303,29.6
442.62683053864555,29.5
444.9404470142319,29.4
447.2661567946673,29.3
449.60402309182115,29.2
451.9541094479714,29.2
454.3164797375345,29.1
456.6911981687959,29.1
459.0783292856624,29.1
461.4779379694089,29.0
463.89008944044906,29.0
466.31484926010245,28.9
468.7522833323791,28.9
471.20245790577025,28.8
473.6654395750488,28.7
476.14129528307956,28.6
478.630092322638,28.6
481.1318983382419,28.5
483.6467813279844,28.5
486.1748096453894,28.4
488.7160520012619,28.4
491.27057746556244,28.3
493.8384554692794,28.2
496.4197558063182,28.2
499.01454863539806,28.2
501.6229044819588,28.2
504.24489424007766,28.1
506.88058917439554,28.1
509.53006092205686,28.0
512.1933814946506,27.9
514.8706232801756,27.8
517.5618590449992,27.7
520.2671619358439,27.7
522.9866054817683,27.7
525.7202635961694,27.7
528.4682105787901,27.7
531.230521117739,27.6
534.0072702915224,27.6
536.7985335710792,27.5
539.6043868218401,27.5
542.4249063057814,27.5
545.2601686835053,27.5
548.1102510163182,27.5
550.9752307683272,27.5
553.8551858085453,27.5
556.7501944130083,27.4
559.6603352669016,27.3
562.5856874666987,27.3
565.5263305223134,27.3
568.4823443592555,27.3
571.4538093208106,27.3
574.4408061702153,27.3
577.4434160928608,27.3
580.4617206984933,27.3
583.4958020234345,27.3
586.5457425328113,27.3
589.6116251227962,27.4
592.6935331228639,27.5
595.7915502980484,27.5
598.9057608512304,27.5
602.0362494254149,27.5
605.1831011060411,27.5
608.3464014232891,27.6
611.5262363544065,27.7
614.7226923260454,27.7
617.9358562166111,27.7
621.1658153586235,27.7
624.4126575410903,27.7
627.6764710118958,27.7
630.957344480193,27.7
634.2553671188238,27.7
637.5706285667327,27.7
640.9032189314127,27.8
644.2532287913472,27.9
647.6207491984753,28.0
651.0058716806659,28.0
654.4086882442045,28.0
657.8292913762976,28.0
661.2677740475787,28.0
664.7242297146454,28.1
668.1987523225889,28.1
671.6914363075575,28.2
675.2023765993158,28.3
678.7316686238282,28.3
682.2794083058518,28.4
685.8456920715438,28.5
689.4306168510824,28.5
693.0342800813003,28.5
696.6567797083366,28.5
700.2982141902914,28.5
703.9586824999124,28.6
707.6382841272731,28.7
711.3371190824884,28.7
715.0552878984242,28.8
718.7928916334344,28.8
722.5500318741055,28.9
726.3268107380181,29.0
730.123330876526,29.1
733.9396954775374,29.1
737.7760082683312,29.1
741.6323735183645,29.1
745.508896042117,29.2
749.4056812019327,29.3
753.3228349108862,29.4
757.2604636356614,29.5
761.2186743994453,29.5
765.1975747848361,29.6
769.1972729367671,29.6
773.2178775654501,29.6
777.2594979493206,29.6
781.3222439380205,29.7
785.406225955371,29.7
789.5115550023859,29.8
793.6383426602791,29.8
797.7867010935024,29.8
801.9567430527921,29.8
806.1485818782347,29.8
810.3623315023465,29.9
814.59810645317,29.9
818.8560218573906,29.9
823.1361934434566,29.9
827.4387375447371,30.0
831.7637711026708,30.1
836.1114116699566,30.1
840.4817774137397,30.1
844.8749871188272,30.1
849.2911601909162,30.1
853.7304166598383,30.2
858.1928771828257,30.3
862.6786630477819,30.3
867.1878961765907,30.3
871.7206991284164,30.3
876.2771951030477,30.3
880.8575079442367,30.5
885.4617621430697,30.6
890.0900828413493,30.6
894.742595834996,30.6
899.4194275774676,30.6
904.1207051831946,30.6
908.8465564310401,30.6
913.5971097677627,30.6
918.3724943115215,30.6
923.1728398553701,30.6
927.998276870799,30.6
932.8489365112713,30.6
937.7249506157918,30.6
942.6264517124897,30.6
947.5535730222193,30.6
952.5064484621864,30.6
957.4852126495767,30.6
962.4900009052299,30.6
967.5209492573013,30.6
972.5781944449744,30.6
977.6618739221665,30.6
982.772125861269,30.6
987.9090891569025,30.6
993.0729034296917,30.6
998.26370903006,30.6
1003.4816470420445,30.6
1008.7268592871307,30.6
1013.9994883281055,30.6
1019.2996774729368,30.6
1024.627570778662,30.6
1029.9833130553077,30.6
1035.3670498698243,30.5
1040.778927550043,30.4
1046.219093188652,30.3
1051.687694647196,30.3
1057.1848805600926,30.3
1062.7108003386745,30.3
1068.2656041752484,30.3
1073.849443047181,30.3
1079.4624687209969,30.3
1085.104833756507,30.3
1090.7766915109553,30.5
1096.4781961431852,30.6
1102.2095026178308,30.6
1107.9707667095288,30.6
1113.7621450071517,30.6
1119.5837949180645,30.6
1125.4358746724013,30.6
1131.3185433273702,30.6
1137.231960771571,30.6
1143.1762877293438,30.6
1149.1516857651375,30.6
1155.1583172879002,30.6
1161.1963455554942,30.5
1167.2659346791324,30.4
1173.3672496278396,30.3
1179.5004562329357,30.3
1185.6657211925422,30.3
1191.8632120761172,30.2
1198.0930973290035,30.1
1204.355546277011,30.1
1210.650729131018,30.1
1216.9788169915967,30.0
1223.3399818536654,30.0
1229.7343966111616,29.9
1236.162235061742,29.9
1242.6236719115057,29.8
1249.1188827797416,29.8
1255.6480442037073,29.7
1262.2113336434193,29.7
1268.8089294864806,29.6
1275.4410110529293,29.6
1282.1077586001115,29.6
1288.8093533275808,29.6
1295.5459773820237,29.5
1302.3178138622095,29.5
1309.1250468239675,29.4
1315.967861285188,29.3
1322.8464432308563,29.2
1329.7609796180998,29.1
1336.7116583812742,29.0
1343.6986684370715,29.0
1350.7221996896535,28.9
1357.782443035813,28.9
1364.879590370164,28.8
1372.0138345903551,28.7
1379.1853696023147,28.6
1386.3943903255179,28.6
1393.6410926982915,28.5
1400.9256736831292,28.5
1408.248331272053,28.4
1415.6092644919916,28.4
1423.0086734101894,28.3
1430.4467591396458,28.2
1437.9237238445805,28.1
1445.439770745928,28.0
1452.9951041268616,28.0
1460.589929338344,27.9
1468.224452804715,27.8
1475.898882029292,27.7
1483.6134256000173,27.7
1491.3682931951248,27.7
1499.1636955888393,27.7
1506.999844657106,27.7
1514.8769533833477,27.7
1522.7952358642551,27.7
1530.754907315605,27.7
1538.7561840781082,27.9
1546.799283623296,28.0
1554.8844245594228,28.0
1563.0118266374113,28.0
1571.181710756826,28.0
1579.3942989718767,28.0
1587.649814497453,28.1
1595.9484817151922,28.2
1604.2905261795772,28.2
1612.6761746240677,28.2
1621.1056549672617,28.2
1629.5791963190893,28.2
1638.097028987047,28.2
1646.6593844824454,28.2
1655.266495526711,28.2
1663.9185960577072,28.3
1672.6159212360947,28.4
1681.3587074517213,28.4
1690.1471923300487,28.4
1698.9816147386093,28.4
1707.8622147934998,28.4
1716.789233865905,28.4
1725.7629145886658,28.4
1734.7835008628629,28.4
1743.8512378644525,28.4
1752.9663720509295,28.4
1762.1291511680254,28.4
1771.3398242564415,28.4
1780.598641658619,28.4
1789.9058550255418,28.4
1799.2617173235774,28.4
1808.6664828413498,28.4
1818.1204071966588,28.4
1827.6237473434162,28.4
1837.1767615786375,28.4
1846.7797095494598,28.4
1856.4328522602,28.4
1866.1364520794475,28.4
1875.8907727471963,28.4
1885.6960793820124,28.4
1895.552638488241,28.4
1905.4607179632462,28.4
1915.4205871047022,28.4
1925.4325166178992,28.4
1935.4967786231095,28.4
1945.6136466629825,28.4
1955.783395709978,28.3
1966.006302173841,28.3
1976.282643909114,28.3
1986.6127002226892,28.3
1996.996751881399,28.4
2007.4350811196462,28.4
2017.927971647083,28.4
2028.4757086563097,28.4
2039.078578830634,28.4
2049.736870351861,28.5
2060.4508729081267,28.5
2071.22087770177,28.6
2082.0471774572497,28.6
2092.9300664290977,28.7
2103.8698404099196,28.7
2114.8667967384304,28.7
2125.9212343075446,28.8
2137.0334535724887,28.9
2148.2037565589744,28.9
2159.4324468714053,28.9
2170.71982970113,28.9
2182.0662118347364,28.9
2193.4719016623894,29.0
2204.937209186215,29.1
2216.4624460287228,29.1
2228.0479254412767,29.1
2239.6939623126154,29.1
2251.4008731773993,29.1
2263.168976224821,29.1
2274.9985913072546,29.1
2286.890039948944,29.1
2298.843645354747,29.1
2310.8597324189163,29.1
2322.9386277339318,29.1
2335.0806595993763,29.1
2347.2861580308577,29.1
2359.5554547689862,29.1
2371.8888832883777,29.0
2384.2867788067265,28.9
2396.7494782939148,28.9
2409.2773204811715,28.9
2421.8706458702773,28.9
2434.5297967428205,28.9
2447.2551171695004,28.8
2460.0469530194778,28.7
2472.905651969775,28.7
2485.8315635147337,28.8
2498.825038975499,28.8
2511.88643150958,28.9
2525.0160961204438,28.9
2538.2143896671673,28.9
2551.481670874133,28.9
2564.8183003407817,29.0
2578.224640551411,29.0
2591.7010558850307,29.1
2605.247912625263,29.2
2618.8655789702975,29.3
2632.5544250429093,29.3
2646.314822900502,29.4
2660.14714654523,29.5
2674.051771934164,29.6
2688.029076989506,29.7
2702.079441608862,29.7
2716.20324767557,29.8
2730.400879069075,29.8
2744.6727216753675,29.8
2759.0191633974646,29.9
2773.440594165967,29.9
2787.9374059496395,30.0
2802.509992766076,30.0
2817.1587506924047,30.1
2831.8840778760564,30.1
2846.686374545581,30.1
2861.5660430215316,30.1
2876.5234877273942,30.1
2891.5591152005823,30.1
2906.6733341034837,30.1
2921.8665552345788,30.1
2937.139191539587,30.1
2952.4916581227058,30.1
2967.9243722578863,30.1
2983.4377534001765,30.1
2999.0322231971227,30.2
3014.7082055002275,30.3
3030.466126376471,30.3
3046.306414119893,30.3
3062.229499263226,30.3
3078.2358145896155,30.3
3094.325795144359,30.5
3110.4998782467446,30.6
3126.7585035019356,30.6
3143.1021128129173,30.6
3159.5311503925072,30.6
3176.0460627754296,30.6
3192.6472988304513,30.5
3209.335309772584,30.4
3226.1105491753406,30.3
3242.973472983081,29.9
3259.924539523382,29.6
3276.9642095195077,29.4
3294.0929461029286,29.2
3311.311214825911,29.1
3328.6194836741684,29.2
3346.018223079582,29.3
3363.507905932988,29.4
3381.089007597027,29.3
3398.762005919066,29.2
3416.527381244194,29.1
3434.385616428264,29.1
3452.337196851022,29.1
3470.382610429304,29.1
3488.5223476302926,29.0
3506.7569014848486,28.8
3525.0867676009134,28.6
3543.512444176976,28.4
3562.034432015617,28.3
3580.6532345371147,28.1
3599.369357793143,27.6
3618.1833104805046,27.2
3637.095603954969,27.1
3656.1067522451726,27.0
3675.2172720665826,26.9
3694.4276828355482,26.7
3713.738506683413,26.2
3733.1502684707093,25.8
3752.6634958014215,25.6
3772.2787190373247,25.4
3791.9964713124127,25.2
3811.817288547367,24.9
3831.7417094641373,24.7
3851.7702756005806,24.5
3871.9035313251793,24.4
3892.1420238518376,24.3
3912.4863032547537,24.1
3932.936922483372,23.8
3953.4944373774106,23.7
3974.1594066819653,23.7
3994.9323920627126,23.6
4015.8139581211503,23.4
4036.8046724099613,23.2
4057.9051054484326,23.0
4079.115830737964,23.0
4100.437424777656,23.0
4121.870467079975,22.9
4143.41554018651,22.8
4165.0732296838005,22.5
4186.844124219257,22.2
4208.728815517151,22.0
4230.72789839472,21.9
4252.841970778305,21.8
4275.071633719623,21.3
4297.417491412092,20.9
4319.880151207261,20.7
4342.460223631314,20.5
4365.158322401661,20.3
4387.975064443623,20.1
4410.911069907196,19.9
4433.9669621839075,19.7
4457.1433679237725,19.6
4480.4409170523,19.5
4503.860242787635,19.4
4527.40198165776,19.1
4551.0667735177985,18.6
4574.855261567406,18.3
4598.768092368251,18.1
4622.80591586159,18.0
4646.969385385929,17.7
4671.25915769478,17.3
4695.675892974527,16.9
4720.220254862348,16.7
4744.892910464259,16.5
4769.694530373255,16.3
4794.625788687525,16.1
4819.68736302878,15.8
4844.87993456067,15.5
4870.204188007296,15.1
4895.660811671819,14.8
4921.250497455168,15.3
4946.973940874864,16.0
4972.8318410838865,16.1
4998.824900889706,16.6
5024.953826773381,17.1
5051.219328908747,17.2
5077.622121181736,17.3
5104.162921209768,18.2
5130.842450361258,19.4
5157.661433775227,20.2
5184.620600380999,20.8
5211.720682918039,20.9
5238.962417955835,21.0
5266.346545913939,20.9
5293.873811082085,20.9
5321.544961640422,20.8
5349.360749679845,20.7
5377.321931222439,19.9
5405.429266242027,18.8
5433.683518684824,19.0
5462.085456490198,19.6
5490.635851611563,19.8
5519.335480037329,19.9
5548.185121812011,20.0
5577.185561057427,20.1
5606.337585994012,20.1
5635.641988962242,20.2
5665.0995664441625,20.5
5694.7111190850455,20.6
5724.477451715144,20.6
5754.399373371566,20.6
5784.477697320285,20.5
5814.713241078208,20.3
5845.10682643542,20.1
5875.659279477514,20.0
5906.371430608045,19.9
5937.244114571097,19.9
5968.278170473975,19.9
5999.4744418100045,19.8
6030.833776481469,19.8
6062.357026822636,19.8
6094.045049622959,19.8
6125.898706150321,19.9
6157.918862174471,19.9
6190.106387990547,19.9
6222.462158442733,20.1
6254.987052948034,20.2
6287.681955520183,20.4
6320.547754793659,20.5
6353.585344047851,20.7
6386.795621231329,20.8
6420.179488986247,20.9
6453.7378546729,21.0
6487.471630394349,21.1
6521.381733021235,21.2
6555.469084216698,21.4
6589.734610461422,21.5
6624.179243078815,21.6
6658.80391826033,21.8
6693.609577090902,22.1
6728.597165574533,22.4
6763.767634659991,22.6
6799.1219402666875,22.7
6834.661043310619,22.8
6870.385909730507,22.9
6906.297510514049,23.0
6942.39682172431,23.2
6978.684824526248,23.3
7015.162505213385,23.4
7051.830855234612,23.5
7088.690871221135,23.8
7125.7435550135615,24.1
7162.989913689153,24.2
7200.430959589155,24.3
7238.067710346342,24.4
7275.901188912673,24.4
7313.932423587085,24.4
7352.162448043451,24.4
7390.59230135867,24.4
7429.22302804091,24.3
7468.055678057999,23.8
7507.091306865953,23.3
7546.330975437692,23.1
7585.775750291836,22.9
7625.426703521717,22.7
7665.284912824515,22.4
7705.351461530549,21.7
7745.627438632719,21.1
7786.113938816104,20.9
7826.81206248772,20.5
7867.722915806424,19.9
7908.847610712972,19.5
7950.187264960275,19.4
7991.743002143727,19.7
8033.515951731782,20.1
8075.507249096639,20.4
8117.718035545101,20.6
8160.149458349601,21.7
8202.80267077938,23.0
8245.67883213183,23.3
8288.77910776401,23.4
8332.104669124305,23.3
8375.656693784302,23.1
8419.436365470749,22.9
8463.444874097753,22.8
8507.683415799123,22.7
8552.153192960874,22.5
8596.855414253905,22.2
8641.791294666864,22.1
8686.962055539152,22.3
8732.36892459413,22.5
8778.01313597248,22.6
8823.895930265779,22.7
8870.018554550163,22.8
8916.382262420266,22.9
8962.988314023276,22.9
9009.83797609319,23.0
9056.932521985234,23.1
9104.273231710486,23.2
9151.861391970657,23.3
9199.698296193066,23.5
9247.785244565785,23.6
9296.12354407301,23.7
9344.714508530542,23.9
9393.559458621517,24.0
9442.659721932305,24.3
9492.016632988581,24.6
9541.631533291613,25.0
9591.505771354708,25.5
9641.64070273987,25.9
9692.037690094652,26.0
9742.698103189163,25.9
9793.623318953358,25.9
9844.814721514387,26.0
9896.27370223427,26.2
9948.001659747684,26.3
10000.0,26.4
10052.270136285486,26.5
10104.813489285681,26.4
10157.6314871081,25.8
10210.725565324987,24.5
10264.09716701231,23.6
10317.747742788988,23.2
10371.678750856474,22.8
10425.891657038128,22.5
10480.387934819217,21.4
10535.16906538697,20.6
10590.236537670813,20.6
10645.591848382772,20.8
10701.236502058211,21.0
10757.172011096769,21.1
10813.399895803414,21.1
10869.921684429703,21.2
10926.73891321545,21.2
10983.85312643042,21.3
11041.265876416248,21.3
11098.978723628681,21.3
11156.993236680037,21.2
11215.310992381786,21.1
11273.933575787378,21.1
11332.862580235347,21.2
11392.099607392682,21.4
11451.646267298307,21.5
11511.504178406769,21.4
11571.674967632372,21.2
11632.16027039332,21.0
11692.961730656129,20.9
11754.08100098034,20.5
11815.519742563505,19.9
11877.27962528627,19.6
11939.362327757724,19.2
12001.76953736107,18.8
12064.50295029953,18.7
12127.56427164241,18.6
12190.95521537136,18.5
12254.677504427105,18.5
12318.732870756214,18.7
12383.123055358106,18.9
12447.849808332432,19.1
12512.914888926687,19.5
12578.320065583976,19.9
12644.067115991029,20.5
12710.157827126544,21.2
12776.593995309939,21.5
12843.377426249857,21.9
12910.50993509343,23.2
12977.99334647565,24.6
13045.829494568892,25.0
13114.020223132724,25.3
13182.567385564074,25.6
13251.472844947652,25.8
13320.738474106534,26.0
13390.366155652993,26.2
13460.35778203982,26.3
13530.715255611682,26.3
13601.440488656775,26.2
13672.535403458849,25.9
13744.001932349513,25.5
13815.842017760702,25.3
13888.057612277411,24.9
13960.650678690825,24.6
14033.62319005172,24.4
14106.977129724035,24.2
14180.714491438697,23.3
14254.837279347976,22.4
14329.347508079869,22.0
14404.247202792812,21.7
14479.538399230763,21.6
14555.223143778607,21.5
14631.303493517702,20.4
14707.78151628175,19.1
14784.65929071304,16.8
14861.938906319014,14.3
14939.622463529,12.9
15017.712073751207,12.1
15096.209859430292,12.2
15175.117954104964,12.1
15254.438502465904,12.6
15334.173660414117,13.4
15414.325595119602,14.0
15494.896485080177,14.5
15575.88852018064,14.6
15657.303901752315,14.6
15739.1448426331,14.5
15821.413567227246,14.5
15904.112311566014,14.6
15987.243323368504,14.7
16070.808862102673,14.8
16154.811199046684,14.7
16239.252617350698,14.4
16324.135412099,14.0
16409.461890372313,13.7
16495.23437131044,13.6
16581.455186175313,13.7
16668.12667841462,13.7
16755.251203725067,13.7
