10.0,26.7
10.052270136285475,26.7
10.104813489285682,26.8
10.157631487108103,26.9
10.210725565324982,26.9
10.264097167012295,26.9
10.317747742789004,26.9
10.371678750856479,26.9
10.425891657038118,27.0
10.480387934819216,27.1
10.535169065386981,27.1
10.590236537670812,27.1
10.64559184838276,27.1
10.701236502058206,27.1
10.757172011096776,27.1
10.813399895803409,27.2
10.869921684429707,27.2
10.926738913215466,27.2
10.98385312643042,27.2
11.041265876416237,27.2
11.098978723628681,27.2
11.156993236680048,27.3
11.215310992381788,27.4
11.27393357578736,27.4
11.332862580235341,27.4
11.392099607392687,27.4
11.451646267298301,27.5
11.511504178406776,27.5
11.571674967632385,27.6
11.632160270393321,27.6
11.692961730656117,27.7
11.75408100098034,27.8
11.815519742563518,27.8
11.87727962528627,27.8
11.939362327757706,27.8
12.001769537361062,27.8
12.064502950299536,28.0
12.127564271642404,28.1
12.190955215371359,28.1
12.254677504427118,28.1
12.318732870756214,28.1
12.383123055358094,28.1
12.447849808332432,28.1
12.5129148889267,28.1
12.578320065583968,28.1
12.644067115991009,28.1
12.710157827126565,28.2
12.776593995309947,28.3
12.843377426249843,28.3
12.910509935093431,28.3
12.977993346475664,28.3
13.045829494568892,28.3
13.11402022313271,28.4
13.182567385564074,28.5
13.251472844947658,28.5
13.320738474106527,28.5
13.390366155653,28.5
13.460357782039841,28.5
13.530715255611682,28.5
13.601440488656761,28.6
13.672535403458848,28.6
13.744001932349526,28.6
13.815842017760701,28.6
13.888057612277397,28.6
13.960650678690818,28.6
14.033623190051728,28.7
14.10697712972403,28.8
14.180714491438705,28.8
14.25483727934799,28.8
14.32934750807987,28.8
14.404247202792797,28.8
14.479538399230764,28.8
14.55522314377862,28.9
14.631303493517702,29.0
14.707781516281727,29.0
14.784659290713032,29.0
14.861938906319022,29.0
14.939622463528993,29.0
15.017712073751214,29.1
15.096209859430308,29.2
15.175117954104964,29.3
15.254438502465888,29.3
15.334173660414118,29.3
15.414325595119617,29.3
15.494896485080169,29.3
15.575888520180618,29.3
15.65730390175234,29.4
15.73914484263311,29.5
15.821413567227237,29.5
15.904112311566013,29.5
15.98724332336852,29.5
16.070808862102673,29.5
16.154811199046666,29.5
16.239252617350697,29.6
16.324135412099007,29.7
16.409461890372306,29.7
16.495234371310413,29.7
16.58145518617534,29.7
16.668126678414627,29.7
16.755251203725052,29.7
16.84283113011666,29.7
16.930868837977105,29.8
17.01936672013636,29.8
17.108327181931763,29.8
17.197752641273365,29.8
17.28764552870969,29.8
17.378008287493753,29.8
17.4688433736495,29.8
17.560153256038525,29.8
17.651940416427212,29.8
17.744207349554188,29.9
17.836956563198083,30.0
17.93019057824573,30.0
18.023911928760675,30.0
18.118123162052047,30.0
18.21282683874379,30.0
18.30802553284428,30.0
18.403721831816252,30.0
18.499918336647156,30.0
18.59661766191982,30.1
18.69382243588356,30.2
18.791535300525574,30.2
18.889758911642755,30.2
18.98849593891389,30.2
19.08774906597221,30.4
19.187520990478333,30.5
19.287814424193606,30.5
19.388632093053765,30.5
19.48997673724305,30.5
19.591851111268685,30.5
19.69425798403576,30.5
19.79720013892245,30.5
19.90068037385568,30.5
20.004701501387192,30.5
20.109266348769967,30.5
20.214377758035074,30.5
20.320038586068932,30.6
20.426251704690927,30.7
20.533020000731486,30.7
20.64034637611054,30.7
20.748233747916412,30.7
20.856685048485062,30.7
20.965703225479817,30.7
21.075291241971485,30.7
21.185452076518878,30.8
21.296188723249774,30.9
21.407504191942323,30.9
21.519401508106792,30.9
21.631883713067854,30.9
21.744953864047204,30.9
21.858615034246718,30.9
21.972870312931903,30.9
22.087722805515906,30.9
22.203175633643916,30.9
22.319231935278008,30.9
22.435894864782412,31.0
22.553167593009288,31.0
22.671053307384867,31.0
22.789555211996095,31.0
22.908676527677724,31.0
23.028420492099883,31.0
23.148790359856015,31.0
23.26978940255137,31.0
23.391420908891938,31.0
23.51368818477381,31.0
23.63659455337303,31.0
23.760143355235964,31.1
23.884337948370025,31.2
24.009181708334992,31.2
24.134678028334722,31.2
24.260830319309434,31.2
24.387642010028344,31.2
24.515116547182902,31.2
24.64325739548046,31.2
24.772068037738443,31.2
24.901551974979007,31.2
25.031712726524198,31.2
25.162553830091625,31.3
25.294078841890578,31.4
25.426291336718684,31.4
25.559194908059133,31.4
25.692793168178262,31.4
25.827089748223784,31.4
25.96208829832347,31.4
26.097792487684362,31.4
26.234206004692496,31.4
26.371332557013133,31.4
26.5091758716916,31.4
26.647739695254497,31.6
26.787027793811582,31.7
26.9270439531581,31.7
27.06779197887776,31.7
27.209275696446046,31.7
27.351498951334275,31.7
27.494465609114105,31.7
27.638179555562576,31.7
27.782644696767733,31.7
27.92786495923483,31.7
28.07384428999299,31.7
28.220586656702505,31.7
28.368096047762684,31.8
28.516376472420284,31.9
28.66543196087842,31.9
28.815266564406134,31.9
28.965884355448516,31.9
29.11728942773738,31.9
29.26948589640251,31.9
29.42247789808359,31.9
29.57626959104251,31.9
29.730865155276486,31.9
29.88626879263161,31.9
30.04248472691713,31.9
30.19951720402016,31.9
30.357370492021133,31.9
30.516048881309793,32.0
30.675556684701824,32.1
30.835898237556027,32.1
30.99707789789224,32.1
31.15910004650967,32.1
31.321969087106055,32.1
31.485689446397288,32.1
31.650265574237824,32.1
31.815701943741516,32.1
31.98200305140326,32.1
32.14917341722119,32.1
32.31721758481955,32.1
32.486140121572134,32.1
32.655945618726484,32.1
32.82663869152868,32.1
32.99822397934869,32.1
33.170706145806605,32.1
33.34408987889928,32.1
33.51837989112781,32.1
33.69358091962557,32.1
33.86969772628702,32.2
34.04673509789711,32.2
34.224697846261364,32.2
34.40359080833668,32.2
34.58341884636283,32.2
34.764186847994516,32.2
34.94589972643436,32.2
35.12856242056629,32.2
35.312179895089876,32.2
35.496757140655234,32.2
35.68229917399868,32.2
35.86881103807908,32.2
36.05629780221492,32.2
36.24476456222205,32.2
36.434216440552284,32.2
36.6246585864325,32.2
36.81609617600466,32.3
37.00853441246656,32.4
37.2019785262131,32.4
37.39643377497855,32.4
37.591905443979435,32.4
37.788398846058186,32.4
37.985919321827524,32.4
38.184472239815605,32.4
38.384062996612016,32.4
38.584697017014335,32.4
38.786379754175634,32.4
38.98911668975273,32.4
39.1929133340551,32.4
39.39777522619469,32.4
39.60370793423646,32.4
39.810717055349734,32.4
40.0188082159603,32.4
40.227987071903335,32.4
40.43825930857721,32.4
40.64963064109788,32.4
40.8621068144543,32.4
41.075693603664625,32.4
41.29039681393302,32.4
41.506222280807584,32.4
41.72317587033889,32.5
41.94126347923944,32.6
42.16049103504393,32.6
42.38086449627034,32.6
42.60238985258197,32.6
42.825073124950116,32.6
43.04892036581776,32.6
43.27393765926414,32.6
43.500131121170035,32.6
43.727506899384,32.6
43.956071173889484,32.6
44.18583015697281,32.6
44.416790093392,32.6
44.648957260546474,32.6
44.88233796864779,32.6
45.116938560890986,32.6
45.35276541362708,32.6
45.58982493653644,32.6
45.82812357280281,32.6
46.067667799288614,32.6
46.308464126710895,32.6
46.55051909981832,32.6
46.793839297569036,32.6
47.03843133330949,32.6
47.28430185495417,32.6
47.531457545166376,32.6
47.77990512153967,32.6
48.02965133678067,32.6
48.28070297889241,32.6
48.53306687135893,32.6
48.78674987333074,32.6
49.041758879811184,32.6
49.298100821843896,32.6
49.55578266670119,32.6
49.81481141807335,32.6
50.07519411625915,32.6
50.336937838356974,32.6
50.60004969845742,32.6
50.86453684783644,32.6
51.13040647514984,32.6
51.39766580662862,32.6
51.66632210627541,32.6
51.93638267606184,32.6
52.20785485612707,32.6
52.48074602497726,32.6
52.75506359968615,32.6
53.030815036096584,32.6
53.308007829023246,32.6
53.58664951245627,32.6
53.866747659766084,32.6
54.148309883909214,32.6
54.431343837635225,32.6
54.7158572136947,32.6
55.00185774504835,32.6
55.28935320507712,32.6
55.57835140779364,32.6
55.86886020805435,32.6
56.160887501773274,32.6
56.45444122613637,32.6
56.74952935981742,32.6
57.04615992319485,32.6
57.34434097856969,32.6
57.64408063038476,32.6
57.94538702544487,32.6
58.24826835313831,32.6
58.552732845659456,32.6
58.85878877823242,32.6
59.166444469336014,32.6
59.475708280929936,32.6
59.786588618681876,32.6
60.0990939321961,32.6
60.41323271524305,32.6
60.72901350599024,32.6
61.046444887234294,32.6
61.365535486634215,32.6
61.686293976945976,32.6
62.008729076258064,32.6
62.332849548228545,32.6
62.658664202323344,32.6
62.98618189405547,32.6
63.315411525225876,32.6
63.64636204416533,32.6
63.979042445977655,32.6
64.31346177278421,32.6
64.64962911396958,32.6
64.98755360642885,32.6
65.32724443481563,32.6
65.66871083179183,32.6
66.01196207827876,32.6
66.35700750370908,32.6
66.7038564862806,32.6
67.05251845321108,32.6
67.40300288099445,32.6
67.75531929565844,32.6
68.1094772730234,32.6
68.46548643896274,32.6
68.82335646966433,32.6
69.18309709189363,32.6
69.54471808325809,32.6
69.90822927247277,32.6
70.27364053962762,32.6
70.6409618164559,32.5
71.01020308660422,32.4
71.38137438590384,32.4
71.75448580264342,32.4
72.12954747784322,32.4
72.50656960553087,32.4
72.88556243301818,32.4
73.26653626117992,32.4
73.64950144473359,32.4
74.03446839252094,32.4
74.42144756779092,32.4
74.810449488484,32.4
75.20148472751808,32.4
75.59456391307583,32.4
75.98969772889355,32.4
76.38689691455168,32.4
76.78617226576647,32.4
77.18753463468363,32.4
77.59099493017311,32.4
77.99656411812569,32.4
78.404253221751,32.4
78.8140733218772,32.4
79.226035557252,32.4
79.64015112484554,32.4
80.05643128015467,32.4
80.47488733750892,32.4
80.89553067037787,32.3
81.31837271168051,32.2
81.74342495409579,32.2
82.170698950375,32.2
82.60020631365589,32.2
83.03195871777821,32.2
83.46596789760103,32.2
83.90224564932171,32.2
84.34080383079642,32.2
84.78165436186265,32.2
85.22480922466286,32.2
85.67028046397054,32.2
86.11808018751721,32.1
86.56822056632171,32.1
87.020713835021,32.1
87.47557229220259,32.1
87.93280830073893,32.1
88.39243428812335,32.1
88.85446274680783,32.1
89.31890623454267,32.1
89.78577737471758,32.1
90.25508885670492,32.1
90.72685343620469,32.1
91.20108393559097,32.1
91.67779324426061,32.1
92.15699431898352,32.1
92.63870018425483,32.1
93.12292393264887,32.1
93.60967872517497,32.1
94.09897779163542,32.0
94.5908344309847,32.0
95.0852620116911,31.9
95.58227397210023,31.9
96.08188382079996,31.9
96.5841051369878,31.9
97.08895157083991,31.9
97.59643684388209,31.9
98.10657474936274,31.9
98.61937915262773,31.9
99.13486399149741,31.9
99.65304327664518,31.9
100.17393109197839,31.9
100.69754159502135,31.9
101.22388901729977,31.9
101.75298766472777,31.8
102.28485191799675,31.7
102.81949623296607,31.7
103.35693514105618,31.7
103.89718324964329,31.7
104.44025524245698,31.7
104.98616587997819,31.7
105.53492999984189,31.7
106.08656251723878,31.7
106.64107842532215,31.7
107.19849279561431,31.7
107.75882077841675,31.7
108.32207760322176,31.7
108.88827857912626,31.7
109.45743909524856,31.7
110.02957462114523,31.7
110.60470070723336,31.8
111.18283298521138,31.9
111.76398716848561,31.9
112.3481790525961,31.9
112.93542451564652,31.9
113.5257395187356,31.9
114.11914010639099,31.9
114.71564240700522,31.9
115.3152626332741,31.9
115.91801708263789,32.0
116.52392213772293,32.0
117.13299426678874,32.1
117.74525002417371,32.1
118.36070605074681,32.2
118.97937907435858,32.2
119.60128591029638,32.2
120.22644346174131,32.2
120.85486872022751,32.3
121.4865787661046,32.4
122.12159076900052,32.4
122.75992198829012,32.4
123.40158977356222,32.4
124.04661156509306,32.4
124.69500489431896,32.4
125.34678738431336,32.4
126.00197675026583,32.4
126.6605907999634,32.5
127.3226474342747,32.6
127.98816464763628,32.6
128.6571605285424,32.6
129.32965326003517,32.6
130.00566112020084,32.6
130.68520248266435,32.6
131.36829581709074,32.6
132.05495968968575,32.6
132.74521276370103,32.6
133.43907379994133,32.6
134.1365616572744,32.6
134.83769529314347,32.6
135.54249376408254,32.6
136.25097622623485,32.5
136.96316193587217,32.4
137.67907024992007,32.4
138.39872062648203,32.4
139.1221326253702,32.4
139.84932590863562,32.4
140.58032024110324,32.3
141.31513549090906,32.2
142.05379163003997,32.2
142.7963087348772,32.2
143.5427069867405,32.2
144.29300667243896,32.1
145.04722818481977,32.1
145.80539202332486,32.0
146.56751879454652,32.0
147.333629212788,31.9
148.1037441006266,31.9
148.87788438947953,31.9
149.65607112017267,31.9
150.43832544351253,31.8
151.2246686208618,31.8
152.01512202471548,31.7
152.80970713928414,31.6
153.6084455610754,31.5
154.41135899948313,31.4
155.218469277376,31.3
156.02979833169113,31.3
156.8453682140304,31.2
157.66520109125955,31.1
158.48931924611142,31.0
159.3177450777899,31.0
160.15050110258113,31.0
160.9876099544629,31.0
161.82909438572216,31.0
162.67497726757185,30.9
163.52528159077312,30.9
164.38003046626017,30.8
165.23924712576837,30.8
166.1029549224657,30.7
166.97117733158728,30.7
167.8439379510743,30.7
168.72126050221348,30.7
169.60316883028446,30.6
170.48968690520502,30.6
171.38083882218535,30.5
172.27664880238083,30.5
173.17714119355136,30.4
174.08234047072295,30.3
174.99227123685273,30.2
175.9069582234984,30.2
176.82642629148881,30.2
177.75070043160196,30.2
178.67980576524164,30.2
179.61376754512278,30.2
180.55261115595593,30.2
181.49636211513797,30.2
182.44504607344558,30.2
183.39868881573247,30.2
184.35731626163007,30.2
185.3209544662519,30.3
186.28962962090262,30.4
187.26336805378796,30.5
188.24219623073301,30.5
189.2261407558986,30.5
190.21522837250714,30.6
191.20948596356752,30.7
192.20894055260666,30.7
193.21361930440384,30.7
194.22354952572874,30.7
195.2387586660848,30.7
196.25927431845295,30.7
197.28512422004457,30.7
198.31633625305224,30.7
199.35293844541056,30.7
200.39495897155572,30.7
201.4424261531923,30.6
202.4953684600627,30.6
203.55381451072122,30.5
204.6177930733116,30.5
205.6873330663489,30.5
206.76246355950653,30.5
207.84321377440395,30.5
208.92961308540407,30.5
210.02169102040844,30.5
211.11947726166272,30.5
212.22300164656127,30.5
213.33229416845913,30.5
214.447384977487,30.5
215.5683043813707,30.4
216.69508284625502,30.3
217.8277509975314,30.2
218.9663396206716,30.2
220.1108796620618,30.1
221.26140222984722,30.1
222.41793859477394,30.0
223.5805201910423,30.0
224.74917861715863,29.9
225.9239456367954,29.9
227.10485317965416,29.8
228.29193334233327,29.7
229.48521838920135,29.6
230.68474075327168,29.6
231.89053303708724,29.5
233.102628013603,29.4
234.32105862708036,29.4
235.5458579939798,29.3
236.77705940386227,29.3
238.0146963202937,29.3
239.25880238175446,29.3
240.50941140255387,29.3
241.76655737374873,29.2
243.03027446406858,29.1
244.30059702084168,29.0
245.57755957093218,28.9
246.86119682167464,28.8
248.1515436618211,28.8
249.44863516248657,28.8
250.75250657810346,28.8
252.0631933473797,28.8
253.3807310942614,28.8
254.7051556289027,28.8
256.03650294863604,28.8
257.3748092389545,28.7
258.72011087449107,28.6
260.0724444200114,28.6
261.4318466314045,28.6
262.79835445668317,28.6
264.17200503698814,28.6
265.5528357075972,28.6
266.94088399894025,28.6
268.336187637619,28.6
269.7387845474336,28.6
271.1487128504106,28.6
272.56601086784315,28.6
273.9907171213279,28.5
275.4228703338166,28.5
276.86250943066517,28.5
278.30967354069315,28.5
279.764401997247,28.5
281.2267343392687,28.5
282.6967103123723,28.5
284.1743698699204,28.5
285.65975317411466,28.5
287.152900597083,28.5
288.6538527219809,28.5
290.16265034409145,28.5
291.67933447193553,28.4
293.203946328386,28.3
294.7365273517884,28.3
296.27711919708696,28.3
297.8257637369567,28.3
299.38250306294265,28.3
300.947379486601,28.2
302.52043554065347,28.1
304.1017139801383,28.1
305.69125778357716,28.1
307.2891101541398,28.1
308.8953145208197,28.1
310.5099145396145,28.1
312.1329540947119,28.0
313.76447729968413,27.9
315.40452849868336,27.8
317.0531522676519,27.8
318.71039341552853,27.8
320.3762969854716,27.8
322.05090825607795,27.8
323.7342727426186,27.8
325.4264361982722,27.8
327.1274446153702,27.7
328.83734422664674,27.6
330.55618150649445,27.6
332.28400317222986,27.6
334.02085618535915,27.6
335.76678775285944,27.6
337.52184532845695,27.5
339.28607661392135,27.4
341.0595295603587,27.4
342.84225236951676,27.4
344.63429349509414,27.4
346.4357016440579,27.3
348.24652577796684,27.2
350.06681511430224,27.2
351.8966191278073,27.2
353.7359875518278,27.2
355.5849703796693,27.2
357.44361786595016,27.2
359.3119805279728,27.2
361.1901091470929,27.2
363.0780547701014,27.2
364.9758687106112,27.2
366.8836025504522,27.1
368.80130814107446,27.1
370.72903760495365,27.1
372.66684333701346,27.1
374.6147780060434,27.1
376.57289455613636,27.1
378.54124620812286,27.0
380.5198864610201,26.9
382.50886909348526,26.9
384.5082481652772,26.9
386.51807801872604,26.9
388.53841328020957,26.9
390.56930886163985,26.9
392.6108199619517,26.9
394.6630020686084,26.9
396.7259109591041,26.9
398.7996027024853,26.8
400.8841336608706,26.7
402.9795604909844,26.7
405.0859401456969,26.7
407.20332987557106,26.7
409.331787230421,26.7
411.4713700608718,26.7
413.6221365199375,26.7
415.78414506459575,26.7
417.95745445738237,26.7
420.1421237679842,26.7
422.33821237484636,26.7
424.5457799667861,26.7
426.76488654461485,26.7
428.9955924227691,26.7
431.23795823094935,26.7
433.49204491576995,26.6
435.7579137424112,26.5
438.0356262962907,26.4
440.3252444847303,26.4
442.62683053864555,26.4
444.9404470142319,26.4
447.2661567946673,26.4
449.60402309182115,26.4
451.9541094479714,26.4
454.3164797375345,26.4
456.6911981687959,26.4
459.0783292856624,26.4
461.4779379694089,26.3
463.89008944044906,26.2
466.31484926010245,26.2
468.7522833323791,26.2
471.20245790577025,26.2
473.6654395750488,26.2
476.14129528307956,26.2
478.630092322638,26.2
481.1318983382419,26.2
483.6467813279844,26.2
486.1748096453894,26.1
488.7160520012619,26.0
491.27057746556244,26.0
493.8384554692794,26.0
496.4197558063182,26.0
499.01454863539806,26.0
501.6229044819588,26.0
504.24489424007766,26.0
506.88058917439554,26.0
509.53006092205686,26.0
512.1933814946506,26.0
514.8706232801756,26.0
517.5618590449992,25.9
520.2671619358439,25.9
522.9866054817683,25.9
525.7202635961694,25.9
528.4682105787901,25.9
531.230521117739,25.9
534.0072702915224,25.9
536.7985335710792,25.9
539.6043868218401,25.9
542.4249063057814,25.9
545.2601686835053,25.9
548.1102510163182,25.9
550.9752307683272,25.9
553.8551858085453,25.9
556.7501944130083,25.9
559.6603352669016,25.9
562.5856874666987,25.9
565.5263305223134,25.9
568.4823443592555,25.9
571.4538093208106,25.9
574.4408061702153,25.9
577.4434160928608,25.9
580.4617206984933,25.9
583.4958020234345,25.9
586.5457425328113,25.9
589.6116251227962,25.9
592.6935331228639,25.9
595.7915502980484,25.9
598.9057608512304,25.9
602.0362494254149,25.9
605.1831011060411,25.9
608.3464014232891,25.9
611.5262363544065,25.9
614.7226923260454,25.9
617.9358562166111,25.9
621.1658153586235,25.9
624.4126575410903,25.9
627.6764710118958,25.9
630.957344480193,25.9
634.2553671188238,25.9
637.5706285667327,26.0
640.9032189314127,26.0
644.2532287913472,26.0
647.6207491984753,26.0
651.0058716806659,26.0
654.4086882442045,26.0
657.8292913762976,26.0
661.2677740475787,26.0
664.7242297146454,26.1
668.1987523225889,26.2
671.6914363075575,26.2
675.2023765993158,26.2
678.7316686238282,26.2
682.2794083058518,26.2
685.8456920715438,26.2
689.4306168510824,26.2
693.0342800813003,26.2
696.6567797083366,26.2
700.2982141902914,26.2
703.9586824999124,26.2
707.6382841272731,26.3
711.3371190824884,26.4
715.0552878984242,26.4
718.7928916334344,26.4
722.5500318741055,26.4
726.3268107380181,26.4
730.123330876526,26.4
733.9396954775374,26.4
737.7760082683312,26.4
741.6323735183645,26.5
745.508896042117,26.6
749.4056812019327,26.7
753.3228349108862,26.8
757.2604636356614,26.8
761.2186743994453,26.9
765.1975747848361,27.0
769.1972729367671,27.0
773.2178775654501,27.1
777.2594979493206,27.1
781.3222439380205,27.1
785.406225955371,27.2
789.5115550023859,27.2
793.6383426602791,27.2
797.7867010935024,27.2
801.9567430527921,27.2
806.1485818782347,27.2
810.3623315023465,27.2
814.59810645317,27.2
818.8560218573906,27.3
823.1361934434566,27.4
827.4387375447371,27.4
831.7637711026708,27.4
836.1114116699566,27.4
840.4817774137397,27.4
844.8749871188272,27.4
849.2911601909162,27.4
853.7304166598383,27.3
858.1928771828257,27.2
862.6786630477819,27.2
867.1878961765907,27.3
871.7206991284164,27.4
876.2771951030477,27.4
880.8575079442367,27.4
885.4617621430697,27.4
890.0900828413493,27.4
894.742595834996,27.4
899.4194275774676,27.4
904.1207051831946,27.5
908.8465564310401,27.5
913.5971097677627,27.6
918.3724943115215,27.7
923.1728398553701,27.7
927.998276870799,27.8
932.8489365112713,27.8
937.7249506157918,27.8
942.6264517124897,27.9
947.5535730222193,28.0
952.5064484621864,28.1
957.4852126495767,28.1
962.4900009052299,28.1
967.5209492573013,28.1
972.5781944449744,28.1
977.6618739221665,28.1
982.772125861269,28.2
987.9090891569025,28.3
993.0729034296917,28.3
998.26370903006,28.3
1003.4816470420445,28.3
1008.7268592871307,28.3
1013.9994883281055,28.3
1019.2996774729368,28.3
1024.627570778662,28.3
1029.9833130553077,28.3
1035.3670498698243,28.3
1040.778927550043,28.3
1046.219093188652,28.4
1051.687694647196,28.4
1057.1848805600926,28.5
1062.7108003386745,28.5
1068.2656041752484,28.5
1073.849443047181,28.5
1079.4624687209969,28.5
1085.104833756507,28.5
1090.7766915109553,28.5
1096.4781961431852,28.5
1102.2095026178308,28.5
1107.9707667095288,28.5
1113.7621450071517,28.5
1119.5837949180645,28.5
1125.4358746724013,28.5
1131.3185433273702,28.5
1137.231960771571,28.5
1143.1762877293438,28.5
1149.1516857651375,28.4
1155.1583172879002,28.4
1161.1963455554942,28.3
1167.2659346791324,28.3
1173.3672496278396,28.2
1179.5004562329357,28.2
1185.6657211925422,28.1
1191.8632120761172,28.0
1198.0930973290035,27.9
1204.355546277011,27.8
1210.650729131018,27.7
1216.9788169915967,27.6
1223.3399818536654,27.6
1229.7343966111616,27.5
1236.162235061742,27.4
1242.6236719115057,27.3
1249.1188827797416,27.3
1255.6480442037073,27.2
1262.2113336434193,27.1
1268.8089294864806,27.0
1275.4410110529293,26.8
1282.1077586001115,26.6
1288.8093533275808,26.5
1295.5459773820237,26.5
1302.3178138622095,26.4
1309.1250468239675,26.3
1315.967861285188,26.1
1322.8464432308563,26.0
1329.7609796180998,25.9
1336.7116583812742,25.9
1343.6986684370715,25.9
1350.7221996896535,25.8
1357.782443035813,25.7
1364.879590370164,25.6
1372.0138345903551,25.6
1379.1853696023147,25.5
1386.3943903255179,25.5
1393.6410926982915,25.4
1400.9256736831292,25.3
1408.248331272053,25.1
1415.6092644919916,25.1
1423.0086734101894,25.0
1430.4467591396458,25.0
1437.9237238445805,24.9
1445.439770745928,24.9
1452.9951041268616,24.8
1460.589929338344,24.7
1468.224452804715,24.6
1475.898882029292,24.6
1483.6134256000173,24.5
1491.3682931951248,24.5
1499.1636955888393,24.5
1506.999844657106,24.5
1514.8769533833477,24.5
1522.7952358642551,24.4
1530.754907315605,24.3
1538.7561840781082,24.3
1546.799283623296,24.3
1554.8844245594228,24.3
1563.0118266374113,24.3
1571.181710756826,24.3
1579.3942989718767,24.3
1587.649814497453,24.3
1595.9484817151922,24.3
1604.2905261795772,24.3
1612.6761746240677,24.3
1621.1056549672617,24.3
1629.5791963190893,24.3
1638.097028987047,24.3
1646.6593844824454,24.2
1655.266495526711,24.1
1663.9185960577072,24.0
1672.6159212360947,24.0
1681.3587074517213,24.0
1690.1471923300487,24.0
1698.9816147386093,24.0
1707.8622147934998,24.0
1716.789233865905,24.0
1725.7629145886658,23.9
1734.7835008628629,23.9
1743.8512378644525,23.8
1752.9663720509295,23.8
1762.1291511680254,23.7
1771.3398242564415,23.7
1780.598641658619,23.6
1789.9058550255418,23.6
1799.2617173235774,23.5
1808.6664828413498,23.5
1818.1204071966588,23.5
1827.6237473434162,23.5
1837.1767615786375,23.5
1846.7797095494598,23.4
1856.4328522602,23.4
1866.1364520794475,23.3
1875.8907727471963,23.2
1885.6960793820124,23.2
1895.552638488241,23.1
1905.4607179632462,23.0
1915.4205871047022,22.9
1925.4325166178992,22.8
1935.4967786231095,22.7
1945.6136466629825,22.7
1955.783395709978,22.6
1966.006302173841,22.6
1976.282643909114,22.6
1986.6127002226892,22.6
1996.996751881399,22.5
2007.4350811196462,22.5
2017.927971647083,22.4
2028.4757086563097,22.3
2039.078578830634,22.3
2049.736870351861,22.2
2060.4508729081267,22.2
2071.22087770177,22.1
2082.0471774572497,22.1
2092.9300664290977,22.0
2103.8698404099196,21.9
2114.8667967384304,21.9
2125.9212343075446,21.9
2137.0334535724887,21.9
2148.2037565589744,21.8
2159.4324468714053,21.7
2170.71982970113,21.6
2182.0662118347364,21.5
2193.4719016623894,21.4
2204.937209186215,21.3
2216.4624460287228,21.2
2228.0479254412767,21.0
2239.6939623126154,20.9
2251.4008731773993,20.8
2263.168976224821,20.7
2274.9985913072546,20.6
2286.890039948944,20.5
2298.843645354747,20.5
2310.8597324189163,20.5
2322.9386277339318,20.4
2335.0806595993763,20.3
2347.2861580308577,20.2
2359.5554547689862,20.0
2371.8888832883777,19.8
2384.2867788067265,19.7
2396.7494782939148,19.6
2409.2773204811715,19.5
2421.8706458702773,19.3
2434.5297967428205,19.1
2447.2551171695004,18.9
2460.0469530194778,18.7
2472.905651969775,18.5
2485.8315635147337,18.3
2498.825038975499,18.1
2511.88643150958,17.9
2525.0160961204438,17.7
2538.2143896671673,17.5
2551.481670874133,17.4
2564.8183003407817,17.2
2578.224640551411,17.0
2591.7010558850307,16.9
2605.247912625263,16.8
2618.8655789702975,16.7
2632.5544250429093,16.6
2646.314822900502,16.5
2660.14714654523,16.3
2674.051771934164,16.3
2688.029076989506,16.2
2702.079441608862,16.2
2716.20324767557,16.1
2730.400879069075,16.0
2744.6727216753675,15.8
2759.0191633974646,15.7
2773.440594165967,15.7
2787.9374059496395,15.6
2802.509992766076,15.5
2817.1587506924047,15.3
2831.8840778760564,15.1
2846.686374545581,15.0
2861.5660430215316,15.0
2876.5234877273942,14.9
2891.5591152005823,14.8
2906.6733341034837,14.8
2921.8665552345788,14.7
2937.139191539587,14.7
2952.4916581227058,14.6
2967.9243722578863,14.6
2983.4377534001765,14.5
2999.0322231971227,14.5
3014.7082055002275,14.5
3030.466126376471,14.5
3046.306414119893,14.5
3062.229499263226,14.5
3078.2358145896155,14.5
3094.325795144359,14.5
3110.4998782467446,14.5
3126.7585035019356,14.5
3143.1021128129173,14.5
3159.5311503925072,14.5
3176.0460627754296,14.5
3192.6472988304513,14.5
3209.335309772584,14.4
3226.1105491753406,14.3
3242.973472983081,14.3
3259.924539523382,14.3
3276.9642095195077,14.3
3294.0929461029286,14.3
3311.311214825911,14.2
3328.6194836741684,13.9
3346.018223079582,13.6
3363.507905932988,13.5
3381.089007597027,13.4
3398.762005919066,13.3
3416.527381244194,13.2
3434.385616428264,12.7
3452.337196851022,12.0
3470.382610429304,11.7
3488.5223476302926,11.5
3506.7569014848486,11.3
3525.0867676009134,11.1
3543.512444176976,10.9
3562.034432015617,11.4
3580.6532345371147,11.8
3599.369357793143,12.7
3618.1833104805046,13.6
3637.095603954969,14.0
3656.1067522451726,14.3
3675.2172720665826,14.8
3694.4276828355482,15.3
3713.738506683413,16.1
3733.1502684707093,16.7
3752.6634958014215,16.8
3772.2787190373247,17.2
3791.9964713124127,17.8
3811.817288547367,18.4
3831.7417094641373,18.8
3851.7702756005806,19.3
3871.9035313251793,19.8
3892.1420238518376,20.3
3912.4863032547537,20.7
3932.936922483372,21.0
3953.4944373774106,21.3
3974.1594066819653,21.7
3994.9323920627126,22.0
4015.8139581211503,22.1
4036.8046724099613,22.2
4057.9051054484326,22.3
4079.115830737964,22.4
4100.437424777656,22.4
4121.870467079975,22.4
4143.41554018651,22.4
4165.0732296838005,22.3
4186.844124219257,22.1
4208.728815517151,21.9
4230.72789839472,21.8
4252.841970778305,21.7
4275.071633719623,21.5
4297.417491412092,21.4
4319.880151207261,21.1
4342.460223631314,20.8
4365.158322401661,20.4
4387.975064443623,20.1
4410.911069907196,19.9
4433.9669621839075,19.8
4457.1433679237725,19.7
4480.4409170523,19.5
4503.860242787635,19.3
4527.40198165776,19.1
4551.0667735177985,18.9
4574.855261567406,18.7
4598.768092368251,18.5
4622.80591586159,18.3
4646.969385385929,18.2
4671.25915769478,18.1
4695.675892974527,17.9
4720.220254862348,17.7
4744.892910464259,17.5
4769.694530373255,17.3
4794.625788687525,17.1
4819.68736302878,16.9
4844.87993456067,16.7
4870.204188007296,16.6
4895.660811671819,16.4
4921.250497455168,16.2
4946.973940874864,16.1
4972.8318410838865,16.0
4998.824900889706,15.8
5024.953826773381,15.7
5051.219328908747,15.5
5077.622121181736,15.3
5104.162921209768,15.2
5130.842450361258,15.0
5157.661433775227,14.8
5184.620600380999,14.6
5211.720682918039,14.6
5238.962417955835,14.5
5266.346545913939,14.5
5293.873811082085,14.4
5321.544961640422,14.2
5349.360749679845,14.0
5377.321931222439,14.0
5405.429266242027,13.9
5433.683518684824,13.8
5462.085456490198,13.5
5490.635851611563,13.3
5519.335480037329,13.1
5548.185121812011,13.0
5577.185561057427,12.8
5606.337585994012,12.6
5635.641988962242,12.2
5665.0995664441625,11.9
5694.7111190850455,11.7
5724.477451715144,11.6
5754.399373371566,11.4
5784.477697320285,11.2
5814.713241078208,11.0
5845.10682643542,10.9
5875.659279477514,10.8
5906.371430608045,10.7
5937.244114571097,10.7
5968.278170473975,10.6
5999.4744418100045,10.6
6030.833776481469,10.5
6062.357026822636,10.4
6094.045049622959,10.3
6125.898706150321,10.2
6157.918862174471,10.4
6190.106387990547,10.6
6222.462158442733,10.8
6254.987052948034,10.9
6287.681955520183,11.0
6320.547754793659,11.0
6353.585344047851,11.1
6386.795621231329,11.4
6420.179488986247,11.6
6453.7378546729,11.7
6487.471630394349,11.8
6521.381733021235,11.9
6555.469084216698,12.0
6589.734610461422,12.1
6624.179243078815,12.3
6658.80391826033,12.4
6693.609577090902,12.5
6728.597165574533,12.6
6763.767634659991,12.7
6799.1219402666875,13.0
6834.661043310619,13.2
6870.385909730507,13.3
6906.297510514049,13.4
6942.39682172431,13.4
6978.684824526248,13.5
7015.162505213385,13.6
7051.830855234612,13.6
7088.690871221135,13.6
7125.7435550135615,13.6
7162.989913689153,13.5
7200.430959589155,13.5
7238.067710346342,13.5
7275.901188912673,13.4
7313.932423587085,13.3
7352.162448043451,13.1
7390.59230135867,12.7
7429.22302804091,12.3
7468.055678057999,12.2
7507.091306865953,12.0
7546.330975437692,11.7
7585.775750291836,11.6
7625.426703521717,11.7
7665.284912824515,11.8
7705.351461530549,12.0
7745.627438632719,12.4
7786.113938816104,12.8
7826.81206248772,13.0
7867.722915806424,13.1
7908.847610712972,13.2
7950.187264960275,13.3
7991.743002143727,13.7
8033.515951731782,14.2
8075.507249096639,14.5
8117.718035545101,14.8
8160.149458349601,15.0
8202.80267077938,15.3
8245.67883213183,15.7
8288.77910776401,16.2
8332.104669124305,16.4
8375.656693784302,16.5
8419.436365470749,16.6
8463.444874097753,16.7
8507.683415799123,16.7
8552.153192960874,16.7
8596.855414253905,16.7
8641.791294666864,16.7
8686.962055539152,16.7
8732.36892459413,16.8
8778.01313597248,16.8
8823.895930265779,16.9
8870.018554550163,16.9
8916.382262420266,17.0
8962.988314023276,17.1
9009.83797609319,17.3
9056.932521985234,17.5
9104.273231710486,17.6
9151.861391970657,17.7
9199.698296193066,17.8
9247.785244565785,17.9
9296.12354407301,18.0
9344.714508530542,18.1
9393.559458621517,18.1
9442.659721932305,18.3
9492.016632988581,18.4
9541.631533291613,18.7
9591.505771354708,19.0
9641.64070273987,19.3
9692.037690094652,19.6
9742.698103189163,19.9
9793.623318953358,20.2
9844.814721514387,20.5
9896.27370223427,20.7
9948.001659747684,20.9
10000.0,21.1
10052.270136285486,21.4
10104.813489285681,21.7
10157.6314871081,21.8
10210.725565324987,21.9
10264.09716701231,21.8
10317.747742788988,21.7
10371.678750856474,21.6
10425.891657038128,21.5
10480.387934819217,21.4
10535.16906538697,21.3
10590.236537670813,21.1
10645.591848382772,20.6
10701.236502058211,20.0
10757.172011096769,19.6
10813.399895803414,19.2
10869.921684429703,18.9
10926.73891321545,18.6
10983.85312643042,18.2
11041.265876416248,17.6
11098.978723628681,17.0
11156.993236680037,16.5
11215.310992381786,16.1
11273.933575787378,15.7
11332.862580235347,14.8
11392.099607392682,13.9
11451.646267298307,13.5
11511.504178406769,13.1
11571.674967632372,12.9
11632.16027039332,12.5
11692.961730656129,11.7
11754.08100098034,11.1
11815.519742563505,10.9
11877.27962528627,10.6
11939.362327757724,10.1
12001.76953736107,9.8
12064.50295029953,9.5
12127.56427164241,9.2
12190.95521537136,8.9
12254.677504427105,8.7
12318.732870756214,8.5
12383.123055358106,8.4
12447.849808332432,8.3
12512.914888926687,8.0
12578.320065583976,7.6
12644.067115991029,7.3
12710.157827126544,7.1
12776.593995309939,6.9
12843.377426249857,6.7
12910.50993509343,6.4
12977.99334647565,6.0
13045.829494568892,5.5
13114.020223132724,5.0
13182.567385564074,4.7
13251.472844947652,4.5
13320.738474106534,4.6
13390.366155652993,4.6
13460.35778203982,4.7
13530.715255611682,5.4
13601.440488656775,6.2
13672.535403458849,6.5
13744.001932349513,6.9
13815.842017760702,7.2
13888.057612277411,7.6
13960.650678690825,8.0
14033.62319005172,8.7
14106.977129724035,9.3
14180.714491438697,9.6
14254.837279347976,10.1
14329.347508079869,10.5
14404.247202792812,10.7
14479.538399230763,11.2
14555.223143778607,11.6
14631.303493517702,11.7
14707.78151628175,11.8
14784.65929071304,11.9
14861.938906319014,11.9
14939.622463529,11.9
15017.712073751207,11.9
15096.209859430292,11.9
15175.117954104964,11.8
15254.438502465904,11.7
15334.173660414117,11.4
15414.325595119602,9.6
15494.896485080177,7.2
15575.88852018064,6.2
15657.303901752315,5.8
15739.1448426331,5.5
15821.413567227246,5.0
15904.112311566014,4.5
15987.243323368504,4.3
16070.808862102673,4.6
16154.811199046684,4.9
16239.252617350698,5.0
16324.135412099,5.1
16409.461890372313,5.2
16495.23437131044,5.1
16581.455186175313,5.0
16668.12667841462,4.9
16755.251203725067,4.8
