10.0,40.0
10.052270136285475,40.0
10.104813489285682,40.0
10.157631487108103,40.0
10.210725565324982,40.0
10.264097167012295,40.0
10.317747742789004,40.0
10.371678750856479,40.0
10.425891657038118,40.2
10.480387934819216,40.3
10.535169065386981,40.3
10.590236537670812,40.3
10.64559184838276,40.3
10.701236502058206,40.4
10.757172011096776,40.5
10.813399895803409,40.5
10.869921684429707,40.5
10.926738913215466,40.5
10.98385312643042,40.5
11.041265876416237,40.5
11.098978723628681,40.5
11.156993236680048,40.5
11.215310992381788,40.5
11.27393357578736,40.5
11.332862580235341,40.6
11.392099607392687,40.6
11.451646267298301,40.7
11.511504178406776,40.7
11.571674967632385,40.7
11.632160270393321,40.7
11.692961730656117,40.7
11.75408100098034,40.7
11.815519742563518,40.7
11.87727962528627,40.7
11.939362327757706,40.8
12.001769537361062,40.8
12.064502950299536,40.8
12.127564271642404,40.8
12.190955215371359,40.8
12.254677504427118,40.8
12.318732870756214,40.9
12.383123055358094,40.9
12.447849808332432,40.9
12.5129148889267,40.9
12.578320065583968,40.9
12.644067115991009,40.9
12.710157827126565,41.0
12.776593995309947,41.0
12.843377426249843,41.0
12.910509935093431,41.0
12.977993346475664,41.0
13.045829494568892,41.0
13.11402022313271,41.0
13.182567385564074,41.0
13.251472844947658,41.0
13.320738474106527,41.0
13.390366155653,41.0
13.460357782039841,41.0
13.530715255611682,41.1
13.601440488656761,41.1
13.672535403458848,41.2
13.744001932349526,41.2
13.815842017760701,41.2
13.888057612277397,41.2
13.960650678690818,41.2
14.033623190051728,41.2
14.10697712972403,41.2
14.180714491438705,41.2
14.25483727934799,41.2
14.32934750807987,41.2
14.404247202792797,41.3
14.479538399230764,41.3
14.55522314377862,41.4
14.631303493517702,41.4
14.707781516281727,41.5
14.784659290713032,41.5
14.861938906319022,41.5
14.939622463528993,41.5
15.017712073751214,41.5
15.096209859430308,41.5
15.175117954104964,41.5
15.254438502465888,41.5
15.334173660414118,41.5
15.414325595119617,41.6
15.494896485080169,41.6
15.575888520180618,41.6
15.65730390175234,41.6
15.73914484263311,41.6
15.821413567227237,41.6
15.904112311566013,41.6
15.98724332336852,41.7
16.070808862102673,41.7
16.154811199046666,41.7
16.239252617350697,41.7
16.324135412099007,41.7
16.409461890372306,41.7
16.495234371310413,41.8
16.58145518617534,41.8
16.668126678414627,41.9
16.755251203725052,41.9
16.84283113011666,42.0
16.930868837977105,42.0
17.01936672013636,42.0
17.108327181931763,42.1
17.197752641273365,42.1
17.28764552870969,42.2
17.378008287493753,42.2
17.4688433736495,42.3
17.560153256038525,42.3
17.651940416427212,42.3
17.744207349554188,42.3
17.836956563198083,42.3
17.93019057824573,42.3
18.023911928760675,42.3
18.118123162052047,42.3
18.21282683874379,42.4
18.30802553284428,42.4
18.403721831816252,42.4
18.499918336647156,42.4
18.59661766191982,42.4
18.69382243588356,42.4
18.791535300525574,42.4
18.889758911642755,42.4
18.98849593891389,42.4
19.08774906597221,42.4
19.187520990478333,42.4
19.287814424193606,42.4
19.388632093053765,42.4
19.48997673724305,42.4
19.591851111268685,42.5
19.69425798403576,42.5
19.79720013892245,42.5
19.90068037385568,42.5
20.004701501387192,42.5
20.109266348769967,42.5
20.214377758035074,42.5
20.320038586068932,42.5
20.426251704690927,42.5
20.533020000731486,42.5
20.64034637611054,42.5
20.748233747916412,42.5
20.856685048485062,42.5
20.965703225479817,42.5
21.075291241971485,42.6
21.185452076518878,42.6
21.296188723249774,42.6
21.407504191942323,42.6
21.519401508106792,42.6
21.631883713067854,42.6
21.744953864047204,42.6
21.858615034246718,42.6
21.972870312931903,42.6
22.087722805515906,42.6
22.203175633643916,42.6
22.319231935278008,42.6
22.435894864782412,42.6
22.553167593009288,42.6
22.671053307384867,42.6
22.789555211996095,42.6
22.908676527677724,42.6
23.028420492099883,42.6
23.148790359856015,42.6
23.26978940255137,42.6
23.391420908891938,42.6
23.51368818477381,42.6
23.63659455337303,42.6
23.760143355235964,42.6
23.884337948370025,42.6
24.009181708334992,42.6
24.134678028334722,42.6
24.260830319309434,42.6
24.387642010028344,42.6
24.515116547182902,42.6
24.64325739548046,42.6
24.772068037738443,42.6
24.901551974979007,42.6
25.031712726524198,42.6
25.162553830091625,42.6
25.294078841890578,42.6
25.426291336718684,42.6
25.559194908059133,42.6
25.692793168178262,42.6
25.827089748223784,42.6
25.96208829832347,42.6
26.097792487684362,42.6
26.234206004692496,42.6
26.371332557013133,42.7
26.5091758716916,42.8
26.647739695254497,42.8
26.787027793811582,42.8
26.9270439531581,42.8
27.06779197887776,42.8
27.209275696446046,42.8
27.351498951334275,42.8
27.494465609114105,42.8
27.638179555562576,42.8
27.782644696767733,42.8
27.92786495923483,42.8
28.07384428999299,42.8
28.220586656702505,42.8
28.368096047762684,42.8
28.516376472420284,42.8
28.66543196087842,42.8
28.815266564406134,42.8
28.965884355448516,42.8
29.11728942773738,42.8
29.26948589640251,42.8
29.42247789808359,42.8
29.57626959104251,42.8
29.730865155276486,42.8
29.88626879263161,42.8
30.04248472691713,42.8
30.19951720402016,42.8
30.357370492021133,42.8
30.516048881309793,42.8
30.675556684701824,42.8
30.835898237556027,42.8
30.99707789789224,42.8
31.15910004650967,42.8
31.321969087106055,42.8
31.485689446397288,42.8
31.650265574237824,42.8
31.815701943741516,42.8
31.98200305140326,42.8
32.14917341722119,42.8
32.31721758481955,42.8
32.486140121572134,42.8
32.655945618726484,42.8
32.82663869152868,42.8
32.99822397934869,42.8
33.170706145806605,42.8
33.34408987889928,42.8
33.51837989112781,42.8
33.69358091962557,42.8
33.86969772628702,42.8
34.04673509789711,42.8
34.224697846261364,42.8
34.40359080833668,42.8
34.58341884636283,42.8
34.764186847994516,42.8
34.94589972643436,42.8
35.12856242056629,42.8
35.312179895089876,42.8
35.496757140655234,42.8
35.68229917399868,42.8
35.86881103807908,42.8
36.05629780221492,42.8
36.24476456222205,42.8
36.434216440552284,42.7
36.6246585864325,42.6
36.81609617600466,42.6
37.00853441246656,42.6
37.2019785262131,42.6
37.39643377497855,42.6
37.591905443979435,42.6
37.788398846058186,42.6
37.985919321827524,42.6
38.184472239815605,42.6
38.384062996612016,42.6
38.584697017014335,42.6
38.786379754175634,42.6
38.98911668975273,42.6
39.1929133340551,42.6
39.39777522619469,42.6
39.60370793423646,42.6
39.810717055349734,42.6
40.0188082159603,42.6
40.227987071903335,42.6
40.43825930857721,42.6
40.64963064109788,42.6
40.8621068144543,42.6
41.075693603664625,42.6
41.29039681393302,42.6
41.506222280807584,42.6
41.72317587033889,42.6
41.94126347923944,42.6
42.16049103504393,42.6
42.38086449627034,42.6
42.60238985258197,42.6
42.825073124950116,42.6
43.04892036581776,42.6
43.27393765926414,42.6
43.500131121170035,42.6
43.727506899384,42.6
43.956071173889484,42.6
44.18583015697281,42.6
44.416790093392,42.6
44.648957260546474,42.5
44.88233796864779,42.4
45.116938560890986,42.4
45.35276541362708,42.4
45.58982493653644,42.4
45.82812357280281,42.4
46.067667799288614,42.4
46.308464126710895,42.4
46.55051909981832,42.4
46.793839297569036,42.4
47.03843133330949,42.4
47.28430185495417,42.4
47.531457545166376,42.4
47.77990512153967,42.4
48.02965133678067,42.4
48.28070297889241,42.4
48.53306687135893,42.4
48.78674987333074,42.4
49.041758879811184,42.4
49.298100821843896,42.4
49.55578266670119,42.4
49.81481141807335,42.4
50.07519411625915,42.4
50.336937838356974,42.3
50.60004969845742,42.3
50.86453684783644,42.3
51.13040647514984,42.3
51.39766580662862,42.3
51.66632210627541,42.3
51.93638267606184,42.3
52.20785485612707,42.3
52.48074602497726,42.3
52.75506359968615,42.3
53.030815036096584,42.3
53.308007829023246,42.3
53.58664951245627,42.3
53.866747659766084,42.3
54.148309883909214,42.3
54.431343837635225,42.3
54.7158572136947,42.3
55.00185774504835,42.3
55.28935320507712,42.3
55.57835140779364,42.2
55.86886020805435,42.1
56.160887501773274,42.1
56.45444122613637,42.1
56.74952935981742,42.1
57.04615992319485,42.1
57.34434097856969,42.1
57.64408063038476,42.1
57.94538702544487,42.1
58.24826835313831,42.1
58.552732845659456,42.1
58.85878877823242,42.1
59.166444469336014,42.1
59.475708280929936,42.1
59.786588618681876,42.0
60.0990939321961,41.9
60.41323271524305,41.9
60.72901350599024,41.9
61.046444887234294,41.9
61.365535486634215,41.9
61.686293976945976,41.9
62.008729076258064,41.9
62.332849548228545,41.9
62.658664202323344,41.9
62.98618189405547,41.9
63.315411525225876,41.9
63.64636204416533,41.9
63.979042445977655,41.9
64.31346177278421,41.8
64.64962911396958,41.7
64.98755360642885,41.6
65.32724443481563,41.6
65.66871083179183,41.6
66.01196207827876,41.6
66.35700750370908,41.6
66.7038564862806,41.6
67.05251845321108,41.6
67.40300288099445,41.6
67.75531929565844,41.6
68.1094772730234,41.6
68.46548643896274,41.5
68.82335646966433,41.4
69.18309709189363,41.4
69.54471808325809,41.4
69.90822927247277,41.4
70.27364053962762,41.4
70.6409618164559,41.4
71.01020308660422,41.4
71.38137438590384,41.4
71.75448580264342,41.4
72.12954747784322,41.4
72.50656960553087,41.4
72.88556243301818,41.4
73.26653626117992,41.4
73.64950144473359,41.4
74.03446839252094,41.4
74.42144756779092,41.3
74.810449488484,41.2
75.20148472751808,41.2
75.59456391307583,41.2
75.98969772889355,41.2
76.38689691455168,41.2
76.78617226576647,41.2
77.18753463468363,41.2
77.59099493017311,41.1
77.99656411812569,41.1
78.404253221751,41.1
78.8140733218772,41.1
79.226035557252,41.1
79.64015112484554,41.1
80.05643128015467,41.1
80.47488733750892,41.1
80.89553067037787,41.1
81.31837271168051,41.1
81.74342495409579,41.1
82.170698950375,41.0
82.60020631365589,41.0
83.03195871777821,40.9
83.46596789760103,40.9
83.90224564932171,40.9
84.34080383079642,40.9
84.78165436186265,40.9
85.22480922466286,40.9
85.67028046397054,40.9
86.11808018751721,40.8
86.56822056632171,40.7
87.020713835021,40.7
87.47557229220259,40.7
87.93280830073893,40.7
88.39243428812335,40.7
88.85446274680783,40.7
89.31890623454267,40.7
89.78577737471758,40.7
90.25508885670492,40.7
90.72685343620469,40.7
91.20108393559097,40.7
91.67779324426061,40.6
92.15699431898352,40.5
92.63870018425483,40.4
93.12292393264887,40.4
93.60967872517497,40.4
94.09897779163542,40.4
94.5908344309847,40.4
95.0852620116911,40.4
95.58227397210023,40.4
96.08188382079996,40.4
96.5841051369878,40.4
97.08895157083991,40.3
97.59643684388209,40.3
98.10657474936274,40.2
98.61937915262773,40.2
99.13486399149741,40.2
99.65304327664518,40.2
100.17393109197839,40.2
100.69754159502135,40.2
101.22388901729977,40.2
101.75298766472777,40.1
102.28485191799675,40.0
102.81949623296607,40.0
103.35693514105618,40.0
103.89718324964329,40.0
104.44025524245698,40.0
104.98616587997819,40.0
105.53492999984189,40.0
106.08656251723878,40.0
106.64107842532215,40.0
107.19849279561431,40.0
107.75882077841675,40.0
108.32207760322176,40.0
108.88827857912626,40.0
109.45743909524856,40.0
110.02957462114523,40.0
110.60470070723336,40.0
111.18283298521138,40.0
111.76398716848561,40.0
112.3481790525961,40.0
112.93542451564652,40.0
113.5257395187356,40.0
114.11914010639099,40.0
114.71564240700522,40.0
115.3152626332741,40.0
115.91801708263789,40.0
116.52392213772293,40.0
117.13299426678874,40.0
117.74525002417371,40.0
118.36070605074681,40.0
118.97937907435858,40.0
119.60128591029638,40.0
120.22644346174131,40.0
120.85486872022751,40.0
121.4865787661046,40.0
122.12159076900052,40.0
122.75992198829012,40.0
123.40158977356222,40.0
124.04661156509306,39.9
124.69500489431896,39.8
125.34678738431336,39.8
126.00197675026583,39.8
126.6605907999634,39.8
127.3226474342747,39.8
127.98816464763628,39.8
128.6571605285424,39.8
129.32965326003517,39.8
130.00566112020084,39.8
130.68520248266435,39.8
131.36829581709074,39.8
132.05495968968575,39.8
132.74521276370103,39.8
133.43907379994133,39.7
134.1365616572744,39.7
134.83769529314347,39.8
135.54249376408254,39.8
136.25097622623485,39.8
136.96316193587217,39.8
137.67907024992007,39.8
138.39872062648203,39.8
139.1221326253702,39.8
139.84932590863562,39.8
140.58032024110324,39.8
141.31513549090906,39.8
142.05379163003997,39.8
142.7963087348772,39.8
143.5427069867405,39.8
144.29300667243896,39.8
145.04722818481977,39.8
145.80539202332486,39.8
146.56751879454652,39.8
147.333629212788,39.8
148.1037441006266,39.8
148.87788438947953,39.8
149.65607112017267,39.8
150.43832544351253,39.8
151.2246686208618,39.8
152.01512202471548,39.8
152.80970713928414,39.8
153.6084455610754,39.7
154.41135899948313,39.7
155.218469277376,39.6
156.02979833169113,39.6
156.8453682140304,39.5
157.66520109125955,39.4
158.48931924611142,39.3
159.3177450777899,39.2
160.15050110258113,39.1
160.9876099544629,39.1
161.82909438572216,39.0
162.67497726757185,38.9
163.52528159077312,38.7
164.38003046626017,38.6
165.23924712576837,38.5
166.1029549224657,38.5
166.97117733158728,38.5
167.8439379510743,38.5
168.72126050221348,38.5
169.60316883028446,38.5
170.48968690520502,38.5
171.38083882218535,38.5
172.27664880238083,38.5
173.17714119355136,38.5
174.08234047072295,38.5
174.99227123685273,38.5
175.9069582234984,38.5
176.82642629148881,38.5
177.75070043160196,38.6
178.67980576524164,38.6
179.61376754512278,38.6
180.55261115595593,38.6
181.49636211513797,38.6
182.44504607344558,38.6
183.39868881573247,38.6
184.35731626163007,38.6
185.3209544662519,38.6
186.28962962090262,38.6
187.26336805378796,38.6
188.24219623073301,38.6
189.2261407558986,38.6
190.21522837250714,38.6
191.20948596356752,38.6
192.20894055260666,38.6
193.21361930440384,38.6
194.22354952572874,38.6
195.2387586660848,38.6
196.25927431845295,38.6
197.28512422004457,38.6
198.31633625305224,38.5
199.35293844541056,38.5
200.39495897155572,38.5
201.4424261531923,38.5
202.4953684600627,38.5
203.55381451072122,38.5
204.6177930733116,38.4
205.6873330663489,38.3
206.76246355950653,38.3
207.84321377440395,38.3
208.92961308540407,38.3
210.02169102040844,38.3
211.11947726166272,38.3
212.22300164656127,38.3
213.33229416845913,38.3
214.447384977487,38.3
215.5683043813707,38.2
216.69508284625502,38.1
217.8277509975314,38.1
218.9663396206716,38.1
220.1108796620618,38.1
221.26140222984722,38.1
222.41793859477394,38.0
223.5805201910423,37.9
224.74917861715863,37.8
225.9239456367954,37.7
227.10485317965416,37.7
228.29193334233327,37.6
229.48521838920135,37.5
230.68474075327168,37.5
231.89053303708724,37.4
233.102628013603,37.4
234.32105862708036,37.4
235.5458579939798,37.4
236.77705940386227,37.4
238.0146963202937,37.3
239.25880238175446,37.3
240.50941140255387,37.3
241.76655737374873,37.2
243.03027446406858,37.1
244.30059702084168,37.1
245.57755957093218,37.1
246.86119682167464,37.1
248.1515436618211,37.1
249.44863516248657,37.0
250.75250657810346,36.9
252.0631933473797,36.8
253.3807310942614,36.8
254.7051556289027,36.7
256.03650294863604,36.6
257.3748092389545,36.6
258.72011087449107,36.6
260.0724444200114,36.5
261.4318466314045,36.5
262.79835445668317,36.4
264.17200503698814,36.4
265.5528357075972,36.3
266.94088399894025,36.2
268.336187637619,36.1
269.7387845474336,36.0
271.1487128504106,36.0
272.56601086784315,35.9
273.9907171213279,35.9
275.4228703338166,35.9
276.86250943066517,35.9
278.30967354069315,35.9
279.764401997247,35.8
281.2267343392687,35.8
282.6967103123723,35.7
284.1743698699204,35.6
285.65975317411466,35.5
287.152900597083,35.4
288.6538527219809,35.4
290.16265034409145,35.3
291.67933447193553,35.2
293.203946328386,35.1
294.7365273517884,35.0
296.27711919708696,35.0
297.8257637369567,34.9
299.38250306294265,34.8
300.947379486601,34.8
302.52043554065347,34.8
304.1017139801383,34.8
305.69125778357716,34.8
307.2891101541398,34.8
308.8953145208197,34.8
310.5099145396145,34.8
312.1329540947119,34.8
313.76447729968413,34.8
315.40452849868336,34.8
317.0531522676519,34.8
318.71039341552853,34.8
320.3762969854716,34.8
322.05090825607795,34.8
323.7342727426186,34.8
325.4264361982722,34.8
327.1274446153702,34.7
328.83734422664674,34.7
330.55618150649445,34.7
332.28400317222986,34.7
334.02085618535915,34.6
335.76678775285944,34.5
337.52184532845695,34.5
339.28607661392135,34.5
341.0595295603587,34.5
342.84225236951676,34.5
344.63429349509414,34.5
346.4357016440579,34.4
348.24652577796684,34.3
350.06681511430224,34.3
351.8966191278073,34.3
353.7359875518278,34.3
355.5849703796693,34.3
357.44361786595016,34.2
359.3119805279728,34.1
361.1901091470929,34.0
363.0780547701014,34.0
364.9758687106112,34.0
366.8836025504522,34.0
368.80130814107446,34.0
370.72903760495365,34.0
372.66684333701346,34.0
374.6147780060434,34.0
376.57289455613636,34.0
378.54124620812286,34.0
380.5198864610201,33.9
382.50886909348526,33.9
384.5082481652772,33.8
386.51807801872604,33.8
388.53841328020957,33.8
390.56930886163985,33.8
392.6108199619517,33.8
394.6630020686084,33.8
396.7259109591041,33.8
398.7996027024853,33.8
400.8841336608706,33.8
402.9795604909844,33.8
405.0859401456969,33.8
407.20332987557106,33.8
409.331787230421,33.8
411.4713700608718,33.7
413.6221365199375,33.6
415.78414506459575,33.6
417.95745445738237,33.6
420.1421237679842,33.6
422.33821237484636,33.6
424.5457799667861,33.6
426.76488654461485,33.6
428.9955924227691,33.6
431.23795823094935,33.6
433.49204491576995,33.6
435.7579137424112,33.6
438.0356262962907,33.6
440.3252444847303,33.6
442.62683053864555,33.6
444.9404470142319,33.6
447.2661567946673,33.6
449.60402309182115,33.6
451.9541094479714,33.6
454.3164797375345,33.6
456.6911981687959,33.6
459.0783292856624,33.6
461.4779379694089,33.6
463.89008944044906,33.6
466.31484926010245,33.6
468.7522833323791,33.6
471.20245790577025,33.6
473.6654395750488,33.7
476.14129528307956,33.8
478.630092322638,33.8
481.1318983382419,33.8
483.6467813279844,33.8
486.1748096453894,33.8
488.7160520012619,33.8
491.27057746556244,33.8
493.8384554692794,33.8
496.4197558063182,33.9
499.01454863539806,34.0
501.6229044819588,34.0
504.24489424007766,34.0
506.88058917439554,34.0
509.53006092205686,34.0
512.1933814946506,34.0
514.8706232801756,34.0
517.5618590449992,34.1
520.2671619358439,34.2
522.9866054817683,34.3
525.7202635961694,34.3
528.4682105787901,34.3
531.230521117739,34.3
534.0072702915224,34.3
536.7985335710792,34.3
539.6043868218401,34.3
542.4249063057814,34.3
545.2601686835053,34.4
548.1102510163182,34.5
550.9752307683272,34.5
553.8551858085453,34.5
556.7501944130083,34.5
559.6603352669016,34.5
562.5856874666987,34.5
565.5263305223134,34.6
568.4823443592555,34.7
571.4538093208106,34.7
574.4408061702153,34.7
577.4434160928608,34.7
580.4617206984933,34.7
583.4958020234345,34.7
586.5457425328113,34.8
589.6116251227962,34.8
592.6935331228639,34.8
595.7915502980484,34.8
598.9057608512304,34.8
602.0362494254149,34.9
605.1831011060411,35.0
608.3464014232891,35.0
611.5262363544065,35.0
614.7226923260454,35.0
617.9358562166111,35.0
621.1658153586235,35.0
624.4126575410903,35.1
627.6764710118958,35.2
630.957344480193,35.2
634.2553671188238,35.2
637.5706285667327,35.2
640.9032189314127,35.2
644.2532287913472,35.3
647.6207491984753,35.4
651.0058716806659,35.4
654.4086882442045,35.4
657.8292913762976,35.4
661.2677740475787,35.4
664.7242297146454,35.6
668.1987523225889,35.7
671.6914363075575,35.7
675.2023765993158,35.7
678.7316686238282,35.7
682.2794083058518,35.7
685.8456920715438,35.7
689.4306168510824,35.8
693.0342800813003,35.9
696.6567797083366,35.9
700.2982141902914,35.9
703.9586824999124,35.9
707.6382841272731,36.0
711.3371190824884,36.1
715.0552878984242,36.1
718.7928916334344,36.1
722.5500318741055,36.1
726.3268107380181,36.1
730.123330876526,36.1
733.9396954775374,36.1
737.7760082683312,36.2
741.6323735183645,36.2
745.508896042117,36.2
749.4056812019327,36.2
753.3228349108862,36.2
757.2604636356614,36.3
761.2186743994453,36.4
765.1975747848361,36.4
769.1972729367671,36.4
773.2178775654501,36.4
777.2594979493206,36.4
781.3222439380205,36.4
785.406225955371,36.4
789.5115550023859,36.4
793.6383426602791,36.4
797.7867010935024,36.5
801.9567430527921,36.6
806.1485818782347,36.6
810.3623315023465,36.6
814.59810645317,36.6
818.8560218573906,36.8
823.1361934434566,36.9
827.4387375447371,36.9
831.7637711026708,36.9
836.1114116699566,36.9
840.4817774137397,36.9
844.8749871188272,36.9
849.2911601909162,36.9
853.7304166598383,36.9
858.1928771828257,37.0
862.6786630477819,37.0
867.1878961765907,37.1
871.7206991284164,37.1
876.2771951030477,37.1
880.8575079442367,37.1
885.4617621430697,37.1
890.0900828413493,37.1
894.742595834996,37.1
899.4194275774676,37.1
904.1207051831946,37.1
908.8465564310401,37.1
913.5971097677627,37.1
918.3724943115215,37.2
923.1728398553701,37.3
927.998276870799,37.3
932.8489365112713,37.3
937.7249506157918,37.3
942.6264517124897,37.3
947.5535730222193,37.3
952.5064484621864,37.3
957.4852126495767,37.3
962.4900009052299,37.3
967.5209492573013,37.4
972.5781944449744,37.4
977.6618739221665,37.4
982.772125861269,37.5
987.9090891569025,37.6
993.0729034296917,37.5
998.26370903006,37.4
1003.4816470420445,37.4
1008.7268592871307,37.4
1013.9994883281055,37.4
1019.2996774729368,37.6
1024.627570778662,37.7
1029.9833130553077,37.9
1035.3670498698243,38.0
1040.778927550043,38.1
1046.219093188652,38.1
1051.687694647196,38.2
1057.1848805600926,38.2
1062.7108003386745,38.3
1068.2656041752484,38.3
1073.849443047181,38.3
1079.4624687209969,38.4
1085.104833756507,38.4
1090.7766915109553,38.5
1096.4781961431852,38.5
1102.2095026178308,38.5
1107.9707667095288,38.5
1113.7621450071517,38.5
1119.5837949180645,38.5
1125.4358746724013,38.5
1131.3185433273702,38.5
1137.231960771571,38.5
1143.1762877293438,38.5
1149.1516857651375,38.4
1155.1583172879002,38.4
1161.1963455554942,38.3
1167.2659346791324,38.3
1173.3672496278396,38.2
1179.5004562329357,38.2
1185.6657211925422,38.1
1191.8632120761172,38.0
1198.0930973290035,37.9
1204.355546277011,37.8
1210.650729131018,37.6
1216.9788169915967,37.5
1223.3399818536654,37.4
1229.7343966111616,37.3
1236.162235061742,37.3
1242.6236719115057,37.2
1249.1188827797416,37.1
1255.6480442037073,37.0
1262.2113336434193,36.9
1268.8089294864806,36.8
1275.4410110529293,36.6
1282.1077586001115,36.4
1288.8093533275808,36.3
1295.5459773820237,36.2
1302.3178138622095,36.2
1309.1250468239675,36.1
1315.967861285188,36.0
1322.8464432308563,35.8
1329.7609796180998,35.6
1336.7116583812742,35.5
1343.6986684370715,35.4
1350.7221996896535,35.3
1357.782443035813,35.2
1364.879590370164,35.0
1372.0138345903551,34.8
1379.1853696023147,34.6
1386.3943903255179,34.4
1393.6410926982915,34.3
1400.9256736831292,34.2
1408.248331272053,34.2
1415.6092644919916,34.1
1423.0086734101894,34.0
1430.4467591396458,33.9
1437.9237238445805,33.8
1445.439770745928,33.7
1452.9951041268616,33.6
1460.589929338344,33.5
1468.224452804715,33.5
1475.898882029292,33.4
1483.6134256000173,33.3
1491.3682931951248,33.2
1499.1636955888393,33.2
1506.999844657106,33.1
1514.8769533833477,33.0
1522.7952358642551,32.9
1530.754907315605,32.8
1538.7561840781082,32.7
1546.799283623296,32.7
1554.8844245594228,32.6
1563.0118266374113,32.5
1571.181710756826,32.5
1579.3942989718767,32.4
1587.649814497453,32.4
1595.9484817151922,32.3
1604.2905261795772,32.3
1612.6761746240677,32.2
1621.1056549672617,32.2
1629.5791963190893,32.1
1638.097028987047,32.1
1646.6593844824454,32.0
1655.266495526711,31.9
1663.9185960577072,31.9
1672.6159212360947,31.9
1681.3587074517213,31.9
1690.1471923300487,31.9
1698.9816147386093,31.9
1707.8622147934998,31.8
1716.789233865905,31.7
1725.7629145886658,31.6
1734.7835008628629,31.6
1743.8512378644525,31.6
1752.9663720509295,31.5
1762.1291511680254,31.4
1771.3398242564415,31.4
1780.598641658619,31.4
1789.9058550255418,31.3
1799.2617173235774,31.3
1808.6664828413498,31.2
1818.1204071966588,31.1
1827.6237473434162,31.0
1837.1767615786375,30.9
1846.7797095494598,30.9
1856.4328522602,30.8
1866.1364520794475,30.7
1875.8907727471963,30.6
1885.6960793820124,30.5
1895.552638488241,30.3
1905.4607179632462,30.1
1915.4205871047022,30.0
1925.4325166178992,29.9
1935.4967786231095,29.8
1945.6136466629825,29.7
1955.783395709978,29.7
1966.006302173841,29.6
1976.282643909114,29.5
1986.6127002226892,29.4
1996.996751881399,29.3
2007.4350811196462,29.2
2017.927971647083,29.1
2028.4757086563097,29.0
2039.078578830634,28.9
2049.736870351861,28.9
2060.4508729081267,28.8
2071.22087770177,28.7
2082.0471774572497,28.6
2092.9300664290977,28.5
2103.8698404099196,28.4
2114.8667967384304,28.3
2125.9212343075446,28.2
2137.0334535724887,28.2
2148.2037565589744,28.1
2159.4324468714053,28.0
2170.71982970113,27.9
2182.0662118347364,27.8
2193.4719016623894,27.7
2204.937209186215,27.5
2216.4624460287228,27.4
2228.0479254412767,27.4
2239.6939623126154,27.3
2251.4008731773993,27.3
2263.168976224821,27.2
2274.9985913072546,27.1
2286.890039948944,27.0
2298.843645354747,26.9
2310.8597324189163,26.8
2322.9386277339318,26.8
2335.0806595993763,26.7
2347.2861580308577,26.5
2359.5554547689862,26.3
2371.8888832883777,26.2
2384.2867788067265,26.0
2396.7494782939148,25.9
2409.2773204811715,25.8
2421.8706458702773,25.8
2434.5297967428205,25.7
2447.2551171695004,25.6
2460.0469530194778,25.5
2472.905651969775,25.4
2485.8315635147337,25.3
2498.825038975499,25.2
2511.88643150958,25.1
2525.0160961204438,25.0
2538.2143896671673,24.8
2551.481670874133,24.8
2564.8183003407817,24.8
2578.224640551411,24.8
2591.7010558850307,24.8
2605.247912625263,24.8
2618.8655789702975,24.8
2632.5544250429093,24.7
2646.314822900502,24.7
2660.14714654523,24.6
2674.051771934164,24.6
2688.029076989506,24.5
2702.079441608862,24.5
2716.20324767557,24.4
2730.400879069075,24.2
2744.6727216753675,24.0
2759.0191633974646,23.8
2773.440594165967,23.8
2787.9374059496395,23.7
2802.509992766076,23.6
2817.1587506924047,23.5
2831.8840778760564,23.5
2846.686374545581,23.4
2861.5660430215316,23.3
2876.5234877273942,23.2
2891.5591152005823,23.1
2906.6733341034837,23.0
2921.8665552345788,22.9
2937.139191539587,22.8
2952.4916581227058,22.8
2967.9243722578863,22.8
2983.4377534001765,22.8
2999.0322231971227,22.7
3014.7082055002275,22.6
3030.466126376471,22.6
3046.306414119893,22.6
3062.229499263226,22.7
3078.2358145896155,22.7
3094.325795144359,22.8
3110.4998782467446,22.8
3126.7585035019356,22.8
3143.1021128129173,22.8
3159.5311503925072,22.8
3176.0460627754296,22.8
3192.6472988304513,22.8
3209.335309772584,22.8
3226.1105491753406,22.8
3242.973472983081,22.8
3259.924539523382,22.7
3276.9642095195077,22.7
3294.0929461029286,22.6
3311.311214825911,22.6
3328.6194836741684,22.6
3346.018223079582,22.6
3363.507905932988,22.6
3381.089007597027,22.6
3398.762005919066,22.7
3416.527381244194,22.8
3434.385616428264,22.9
3452.337196851022,22.9
3470.382610429304,23.0
3488.5223476302926,23.2
3506.7569014848486,23.4
3525.0867676009134,23.5
3543.512444176976,23.5
3562.034432015617,23.6
3580.6532345371147,23.6
3599.369357793143,23.6
3618.1833104805046,23.5
3637.095603954969,23.5
3656.1067522451726,23.4
3675.2172720665826,23.3
3694.4276828355482,23.2
3713.738506683413,23.1
3733.1502684707093,22.8
3752.6634958014215,22.5
3772.2787190373247,22.3
3791.9964713124127,22.3
3811.817288547367,22.3
3831.7417094641373,22.6
3851.7702756005806,23.0
3871.9035313251793,23.2
3892.1420238518376,23.4
3912.4863032547537,23.7
3932.936922483372,24.1
3953.4944373774106,24.3
3974.1594066819653,24.7
3994.9323920627126,25.2
4015.8139581211503,25.6
4036.8046724099613,25.8
4057.9051054484326,26.0
4079.115830737964,26.1
4100.437424777656,26.3
4121.870467079975,26.6
4143.41554018651,26.7
4165.0732296838005,26.7
4186.844124219257,26.7
4208.728815517151,26.6
4230.72789839472,26.6
4252.841970778305,26.5
4275.071633719623,26.5
4297.417491412092,26.5
4319.880151207261,26.4
4342.460223631314,26.4
4365.158322401661,26.3
4387.975064443623,26.3
4410.911069907196,26.2
4433.9669621839075,26.1
4457.1433679237725,26.0
4480.4409170523,25.9
4503.860242787635,25.7
4527.40198165776,25.6
4551.0667735177985,25.5
4574.855261567406,25.3
4598.768092368251,25.0
4622.80591586159,24.6
4646.969385385929,24.2
4671.25915769478,23.8
4695.675892974527,23.6
4720.220254862348,23.5
4744.892910464259,23.5
4769.694530373255,23.4
4794.625788687525,23.3
4819.68736302878,23.3
4844.87993456067,23.2
4870.204188007296,23.2
4895.660811671819,23.2
4921.250497455168,23.2
4946.973940874864,23.2
4972.8318410838865,23.2
4998.824900889706,23.2
5024.953826773381,23.1
5051.219328908747,23.0
5077.622121181736,22.9
5104.162921209768,22.7
5130.842450361258,22.6
5157.661433775227,22.5
5184.620600380999,22.4
5211.720682918039,22.3
5238.962417955835,22.2
5266.346545913939,22.2
5293.873811082085,22.1
5321.544961640422,22.0
5349.360749679845,22.0
5377.321931222439,21.9
5405.429266242027,21.8
5433.683518684824,21.7
5462.085456490198,21.7
5490.635851611563,21.6
5519.335480037329,21.6
5548.185121812011,21.5
5577.185561057427,21.5
5606.337585994012,21.4
5635.641988962242,21.4
5665.0995664441625,21.3
5694.7111190850455,21.3
5724.477451715144,21.2
5754.399373371566,21.2
5784.477697320285,21.1
5814.713241078208,21.1
5845.10682643542,21.1
5875.659279477514,21.1
5906.371430608045,21.1
5937.244114571097,21.1
5968.278170473975,21.0
5999.4744418100045,20.9
6030.833776481469,20.9
6062.357026822636,20.9
6094.045049622959,21.0
6125.898706150321,21.1
6157.918862174471,21.1
6190.106387990547,21.2
6222.462158442733,21.3
6254.987052948034,21.4
6287.681955520183,21.5
6320.547754793659,21.6
6353.585344047851,21.6
6386.795621231329,21.6
6420.179488986247,21.5
6453.7378546729,21.5
6487.471630394349,21.5
6521.381733021235,21.5
6555.469084216698,21.5
6589.734610461422,21.7
6624.179243078815,21.8
6658.80391826033,21.9
6693.609577090902,22.0
6728.597165574533,22.2
6763.767634659991,22.3
6799.1219402666875,22.3
6834.661043310619,22.5
6870.385909730507,22.8
6906.297510514049,23.1
6942.39682172431,23.5
6978.684824526248,23.8
7015.162505213385,24.0
7051.830855234612,24.2
7088.690871221135,24.4
7125.7435550135615,24.5
7162.989913689153,24.6
7200.430959589155,24.7
7238.067710346342,24.8
7275.901188912673,24.9
7313.932423587085,25.0
7352.162448043451,24.9
7390.59230135867,24.9
7429.22302804091,24.8
7468.055678057999,24.7
7507.091306865953,24.6
7546.330975437692,24.1
7585.775750291836,23.7
7625.426703521717,23.6
7665.284912824515,23.6
7705.351461530549,23.5
7745.627438632719,23.3
7786.113938816104,23.2
7826.81206248772,23.1
7867.722915806424,23.0
7908.847610712972,22.8
7950.187264960275,22.4
7991.743002143727,22.1
8033.515951731782,21.9
8075.507249096639,21.8
8117.718035545101,21.6
8160.149458349601,21.3
8202.80267077938,21.2
8245.67883213183,21.5
8288.77910776401,21.9
8332.104669124305,21.9
8375.656693784302,21.9
8419.436365470749,22.1
8463.444874097753,22.5
8507.683415799123,23.2
8552.153192960874,23.7
8596.855414253905,24.0
8641.791294666864,24.2
8686.962055539152,24.4
8732.36892459413,24.6
8778.01313597248,25.1
8823.895930265779,25.7
8870.018554550163,26.2
8916.382262420266,26.4
8962.988314023276,26.7
9009.83797609319,26.9
9056.932521985234,27.2
9104.273231710486,27.6
9151.861391970657,28.0
9199.698296193066,28.1
9247.785244565785,28.2
9296.12354407301,28.2
9344.714508530542,28.3
9393.559458621517,28.4
9442.659721932305,28.4
9492.016632988581,28.5
9541.631533291613,28.5
9591.505771354708,28.5
9641.64070273987,28.5
9692.037690094652,28.4
9742.698103189163,28.3
9793.623318953358,27.9
9844.814721514387,27.3
9896.27370223427,27.2
9948.001659747684,27.1
10000.0,27.0
10052.270136285486,26.9
10104.813489285681,26.8
10157.6314871081,26.7
10210.725565324987,26.6
10264.09716701231,26.4
10317.747742788988,26.3
10371.678750856474,26.3
10425.891657038128,26.2
10480.387934819217,26.2
10535.16906538697,26.1
10590.236537670813,26.0
10645.591848382772,25.7
10701.236502058211,25.3
10757.172011096769,25.1
10813.399895803414,24.9
10869.921684429703,24.7
10926.73891321545,24.4
10983.85312643042,23.6
11041.265876416248,22.8
11098.978723628681,22.5
11156.993236680037,22.3
11215.310992381786,22.2
11273.933575787378,22.1
11332.862580235347,21.9
11392.099607392682,21.7
11451.646267298307,21.4
11511.504178406769,21.2
11571.674967632372,21.0
11632.16027039332,20.9
11692.961730656129,20.6
11754.08100098034,20.4
11815.519742563505,20.2
11877.27962528627,20.0
11939.362327757724,20.0
12001.76953736107,19.9
12064.50295029953,19.8
12127.56427164241,19.7
12190.95521537136,19.6
12254.677504427105,19.5
12318.732870756214,19.4
12383.123055358106,19.3
12447.849808332432,19.2
12512.914888926687,19.0
12578.320065583976,18.7
12644.067115991029,18.2
12710.157827126544,17.6
12776.593995309939,17.0
12843.377426249857,16.4
12910.50993509343,16.0
12977.99334647565,15.8
13045.829494568892,15.3
13114.020223132724,14.4
13182.567385564074,13.1
13251.472844947652,12.0
13320.738474106534,11.2
13390.366155652993,9.1
13460.35778203982,7.2
13530.715255611682,6.8
13601.440488656775,6.0
13672.535403458849,5.4
13744.001932349513,6.2
13815.842017760702,7.4
13888.057612277411,8.4
13960.650678690825,9.5
14033.62319005172,11.6
14106.977129724035,13.5
14180.714491438697,14.7
14254.837279347976,16.1
14329.347508079869,17.0
14404.247202792812,17.5
14479.538399230763,18.8
14555.223143778607,20.1
14631.303493517702,20.4
14707.78151628175,20.3
14784.65929071304,20.4
14861.938906319014,20.6
14939.622463529,20.8
15017.712073751207,20.9
15096.209859430292,20.9
15175.117954104964,20.8
15254.438502465904,20.4
15334.173660414117,20.0
15414.325595119602,18.8
15494.896485080177,17.4
15575.88852018064,17.1
15657.303901752315,16.9
15739.1448426331,16.7
15821.413567227246,16.5
15904.112311566014,15.9
15987.243323368504,14.9
16070.808862102673,14.3
16154.811199046684,14.3
16239.252617350698,14.6
16324.135412099,14.9
16409.461890372313,15.0
16495.23437131044,14.9
16581.455186175313,14.7
16668.12667841462,14.5
16755.251203725067,14.3
