10.0,58.1
10.052270136285475,58.1
10.104813489285682,58.1
10.157631487108103,58.1
10.210725565324982,58.1
10.264097167012295,58.1
10.317747742789004,58.1
10.371678750856479,58.1
10.425891657038118,58.1
10.480387934819216,58.1
10.535169065386981,58.1
10.590236537670812,58.1
10.64559184838276,58.1
10.701236502058206,58.1
10.757172011096776,58.1
10.813399895803409,58.1
10.869921684429707,58.1
10.926738913215466,58.2
10.98385312643042,58.3
11.041265876416237,58.3
11.098978723628681,58.3
11.156993236680048,58.3
11.215310992381788,58.3
11.27393357578736,58.3
11.332862580235341,58.3
11.392099607392687,58.3
11.451646267298301,58.3
11.511504178406776,58.3
11.571674967632385,58.3
11.632160270393321,58.3
11.692961730656117,58.3
11.75408100098034,58.3
11.815519742563518,58.3
11.87727962528627,58.3
11.939362327757706,58.3
12.001769537361062,58.3
12.064502950299536,58.3
12.127564271642404,58.3
12.190955215371359,58.3
12.254677504427118,58.3
12.318732870756214,58.4
12.383123055358094,58.5
12.447849808332432,58.5
12.5129148889267,58.5
12.578320065583968,58.5
12.644067115991009,58.5
12.710157827126565,58.5
12.776593995309947,58.5
12.843377426249843,58.5
12.910509935093431,58.5
12.977993346475664,58.5
13.045829494568892,58.5
13.11402022313271,58.5
13.182567385564074,58.5
13.251472844947658,58.5
13.320738474106527,58.5
13.390366155653,58.5
13.460357782039841,58.5
13.530715255611682,58.5
13.601440488656761,58.5
13.672535403458848,58.5
13.744001932349526,58.5
13.815842017760701,58.5
13.888057612277397,58.5
13.960650678690818,58.5
14.033623190051728,58.5
14.10697712972403,58.5
14.180714491438705,58.5
14.25483727934799,58.7
14.32934750807987,58.8
14.404247202792797,58.8
14.479538399230764,58.8
14.55522314377862,58.8
14.631303493517702,58.8
14.707781516281727,58.8
14.784659290713032,58.8
14.861938906319022,58.8
14.939622463528993,58.8
15.017712073751214,58.8
15.096209859430308,58.8
15.175117954104964,58.8
15.254438502465888,58.8
15.334173660414118,58.8
15.414325595119617,58.8
15.494896485080169,58.8
15.575888520180618,58.8
15.65730390175234,58.8
15.73914484263311,58.8
15.821413567227237,58.8
15.904112311566013,58.8
15.98724332336852,58.8
16.070808862102673,58.8
16.154811199046666,58.8
16.239252617350697,58.8
16.324135412099007,58.8
16.409461890372306,58.8
16.495234371310413,58.8
16.58145518617534,58.8
16.668126678414627,58.8
16.755251203725052,58.8
16.84283113011666,58.8
16.930868837977105,58.8
17.01936672013636,58.8
17.108327181931763,58.8
17.197752641273365,58.9
17.28764552870969,59.0
17.378008287493753,59.0
17.4688433736495,59.0
17.560153256038525,59.0
17.651940416427212,59.0
17.744207349554188,59.0
17.836956563198083,59.0
17.93019057824573,59.0
18.023911928760675,59.0
18.118123162052047,59.0
18.21282683874379,59.0
18.30802553284428,59.0
18.403721831816252,59.0
18.499918336647156,59.0
18.59661766191982,59.0
18.69382243588356,59.0
18.791535300525574,59.0
18.889758911642755,59.0
18.98849593891389,59.0
19.08774906597221,59.0
19.187520990478333,59.0
19.287814424193606,59.0
19.388632093053765,59.0
19.48997673724305,59.0
19.591851111268685,59.0
19.69425798403576,59.0
19.79720013892245,59.0
19.90068037385568,59.0
20.004701501387192,59.0
20.109266348769967,59.0
20.214377758035074,59.0
20.320038586068932,59.0
20.426251704690927,59.0
20.533020000731486,59.0
20.64034637611054,59.0
20.748233747916412,59.1
20.856685048485062,59.2
20.965703225479817,59.2
21.075291241971485,59.2
21.185452076518878,59.2
21.296188723249774,59.2
21.407504191942323,59.2
21.519401508106792,59.2
21.631883713067854,59.2
21.744953864047204,59.2
21.858615034246718,59.2
21.972870312931903,59.2
22.087722805515906,59.2
22.203175633643916,59.2
22.319231935278008,59.2
22.435894864782412,59.2
22.553167593009288,59.2
22.671053307384867,59.2
22.789555211996095,59.2
22.908676527677724,59.2
23.028420492099883,59.2
23.148790359856015,59.2
23.26978940255137,59.2
23.391420908891938,59.2
23.51368818477381,59.2
23.63659455337303,59.2
23.760143355235964,59.2
23.884337948370025,59.2
24.009181708334992,59.2
24.134678028334722,59.2
24.260830319309434,59.2
24.387642010028344,59.2
24.515116547182902,59.2
24.64325739548046,59.2
24.772068037738443,59.2
24.901551974979007,59.2
25.031712726524198,59.2
25.162553830091625,59.2
25.294078841890578,59.2
25.426291336718684,59.2
25.559194908059133,59.2
25.692793168178262,59.2
25.827089748223784,59.2
25.96208829832347,59.3
26.097792487684362,59.3
26.234206004692496,59.3
26.371332557013133,59.3
26.5091758716916,59.3
26.647739695254497,59.3
26.787027793811582,59.3
26.9270439531581,59.3
27.06779197887776,59.3
27.209275696446046,59.3
27.351498951334275,59.3
27.494465609114105,59.3
27.638179555562576,59.3
27.782644696767733,59.3
27.92786495923483,59.3
28.07384428999299,59.3
28.220586656702505,59.3
28.368096047762684,59.3
28.516376472420284,59.3
28.66543196087842,59.3
28.815266564406134,59.3
28.965884355448516,59.3
29.11728942773738,59.3
29.26948589640251,59.3
29.42247789808359,59.3
29.57626959104251,59.3
29.730865155276486,59.3
29.88626879263161,59.3
30.04248472691713,59.3
30.19951720402016,59.3
30.357370492021133,59.3
30.516048881309793,59.3
30.675556684701824,59.3
30.835898237556027,59.3
30.99707789789224,59.3
31.15910004650967,59.3
31.321969087106055,59.3
31.485689446397288,59.3
31.650265574237824,59.3
31.815701943741516,59.3
31.98200305140326,59.3
32.14917341722119,59.3
32.31721758481955,59.3
32.486140121572134,59.3
32.655945618726484,59.3
32.82663869152868,59.3
32.99822397934869,59.3
33.170706145806605,59.3
33.34408987889928,59.3
33.51837989112781,59.3
33.69358091962557,59.3
33.86969772628702,59.3
34.04673509789711,59.3
34.224697846261364,59.3
34.40359080833668,59.3
34.58341884636283,59.4
34.764186847994516,59.5
34.94589972643436,59.5
35.12856242056629,59.5
35.312179895089876,59.5
35.496757140655234,59.5
35.68229917399868,59.5
35.86881103807908,59.5
36.05629780221492,59.5
36.24476456222205,59.5
36.434216440552284,59.5
36.6246585864325,59.5
36.81609617600466,59.5
37.00853441246656,59.5
37.2019785262131,59.5
37.39643377497855,59.5
37.591905443979435,59.5
37.788398846058186,59.5
37.985919321827524,59.5
38.184472239815605,59.5
38.384062996612016,59.5
38.584697017014335,59.5
38.786379754175634,59.5
38.98911668975273,59.5
39.1929133340551,59.5
39.39777522619469,59.5
39.60370793423646,59.5
39.810717055349734,59.5
40.0188082159603,59.5
40.227987071903335,59.5
40.43825930857721,59.5
40.64963064109788,59.5
40.8621068144543,59.5
41.075693603664625,59.5
41.29039681393302,59.5
41.506222280807584,59.5
41.72317587033889,59.5
41.94126347923944,59.5
42.16049103504393,59.5
42.38086449627034,59.5
42.60238985258197,59.5
42.825073124950116,59.5
43.04892036581776,59.5
43.27393765926414,59.5
43.500131121170035,59.5
43.727506899384,59.5
43.956071173889484,59.5
44.18583015697281,59.5
44.416790093392,59.5
44.648957260546474,59.5
44.88233796864779,59.5
45.116938560890986,59.5
45.35276541362708,59.5
45.58982493653644,59.5
45.82812357280281,59.5
46.067667799288614,59.5
46.308464126710895,59.5
46.55051909981832,59.5
46.793839297569036,59.5
47.03843133330949,59.5
47.28430185495417,59.5
47.531457545166376,59.5
47.77990512153967,59.5
48.02965133678067,59.5
48.28070297889241,59.5
48.53306687135893,59.5
48.78674987333074,59.5
49.041758879811184,59.5
49.298100821843896,59.5
49.55578266670119,59.5
49.81481141807335,59.5
50.07519411625915,59.5
50.336937838356974,59.5
50.60004969845742,59.5
50.86453684783644,59.5
51.13040647514984,59.5
51.39766580662862,59.5
51.66632210627541,59.5
51.93638267606184,59.5
52.20785485612707,59.5
52.48074602497726,59.5
52.75506359968615,59.5
53.030815036096584,59.5
53.308007829023246,59.5
53.58664951245627,59.5
53.866747659766084,59.5
54.148309883909214,59.5
54.431343837635225,59.5
54.7158572136947,59.5
55.00185774504835,59.5
55.28935320507712,59.5
55.57835140779364,59.5
55.86886020805435,59.5
56.160887501773274,59.5
56.45444122613637,59.5
56.74952935981742,59.5
57.04615992319485,59.5
57.34434097856969,59.5
57.64408063038476,59.5
57.94538702544487,59.5
58.24826835313831,59.5
58.552732845659456,59.5
58.85878877823242,59.5
59.166444469336014,59.5
59.475708280929936,59.5
59.786588618681876,59.5
60.0990939321961,59.5
60.41323271524305,59.5
60.72901350599024,59.5
61.046444887234294,59.5
61.365535486634215,59.5
61.686293976945976,59.5
62.008729076258064,59.5
62.332849548228545,59.5
62.658664202323344,59.5
62.98618189405547,59.5
63.315411525225876,59.5
63.64636204416533,59.5
63.979042445977655,59.5
64.31346177278421,59.5
64.64962911396958,59.5
64.98755360642885,59.5
65.32724443481563,59.5
65.66871083179183,59.5
66.01196207827876,59.5
66.35700750370908,59.5
66.7038564862806,59.5
67.05251845321108,59.5
67.40300288099445,59.5
67.75531929565844,59.5
68.1094772730234,59.5
68.46548643896274,59.5
68.82335646966433,59.5
69.18309709189363,59.5
69.54471808325809,59.5
69.90822927247277,59.5
70.27364053962762,59.5
70.6409618164559,59.5
71.01020308660422,59.5
71.38137438590384,59.5
71.75448580264342,59.5
72.12954747784322,59.5
72.50656960553087,59.5
72.88556243301818,59.5
73.26653626117992,59.5
73.64950144473359,59.5
74.03446839252094,59.5
74.42144756779092,59.5
74.810449488484,59.5
75.20148472751808,59.5
75.59456391307583,59.5
75.98969772889355,59.5
76.38689691455168,59.5
76.78617226576647,59.5
77.18753463468363,59.5
77.59099493017311,59.5
77.99656411812569,59.5
78.404253221751,59.5
78.8140733218772,59.5
79.226035557252,59.5
79.64015112484554,59.5
80.05643128015467,59.5
80.47488733750892,59.5
80.89553067037787,59.5
81.31837271168051,59.5
81.74342495409579,59.5
82.170698950375,59.5
82.60020631365589,59.5
83.03195871777821,59.5
83.46596789760103,59.5
83.90224564932171,59.5
84.34080383079642,59.5
84.78165436186265,59.5
85.22480922466286,59.5
85.67028046397054,59.5
86.11808018751721,59.5
86.56822056632171,59.5
87.020713835021,59.5
87.47557229220259,59.5
87.93280830073893,59.5
88.39243428812335,59.5
88.85446274680783,59.5
89.31890623454267,59.5
89.78577737471758,59.5
90.25508885670492,59.5
90.72685343620469,59.5
91.20108393559097,59.5
91.67779324426061,59.5
92.15699431898352,59.5
92.63870018425483,59.5
93.12292393264887,59.5
93.60967872517497,59.5
94.09897779163542,59.5
94.5908344309847,59.5
95.0852620116911,59.5
95.58227397210023,59.5
96.08188382079996,59.5
96.5841051369878,59.5
97.08895157083991,59.5
97.59643684388209,59.4
98.10657474936274,59.3
98.61937915262773,59.3
99.13486399149741,59.3
99.65304327664518,59.3
100.17393109197839,59.3
100.69754159502135,59.3
101.22388901729977,59.3
101.75298766472777,59.3
102.28485191799675,59.3
102.81949623296607,59.3
103.35693514105618,59.3
103.89718324964329,59.3
104.44025524245698,59.3
104.98616587997819,59.3
105.53492999984189,59.3
106.08656251723878,59.3
106.64107842532215,59.3
107.19849279561431,59.3
107.75882077841675,59.3
108.32207760322176,59.3
108.88827857912626,59.3
109.45743909524856,59.3
110.02957462114523,59.3
110.60470070723336,59.3
111.18283298521138,59.3
111.76398716848561,59.3
112.3481790525961,59.3
112.93542451564652,59.3
113.5257395187356,59.3
114.11914010639099,59.3
114.71564240700522,59.3
115.3152626332741,59.3
115.91801708263789,59.3
116.52392213772293,59.3
117.13299426678874,59.3
117.74525002417371,59.3
118.36070605074681,59.3
118.97937907435858,59.3
119.60128591029638,59.3
120.22644346174131,59.2
120.85486872022751,59.2
121.4865787661046,59.2
122.12159076900052,59.2
122.75992198829012,59.2
123.40158977356222,59.2
124.04661156509306,59.2
124.69500489431896,59.2
125.34678738431336,59.2
126.00197675026583,59.2
126.6605907999634,59.2
127.3226474342747,59.2
127.98816464763628,59.2
128.6571605285424,59.2
129.32965326003517,59.2
130.00566112020084,59.2
130.68520248266435,59.2
131.36829581709074,59.2
132.05495968968575,59.2
132.74521276370103,59.2
133.43907379994133,59.2
134.1365616572744,59.2
134.83769529314347,59.2
135.54249376408254,59.2
136.25097622623485,59.2
136.96316193587217,59.2
137.67907024992007,59.2
138.39872062648203,59.2
139.1221326253702,59.1
139.84932590863562,59.0
140.58032024110324,59.0
141.31513549090906,59.0
142.05379163003997,59.0
142.7963087348772,59.0
143.5427069867405,59.0
144.29300667243896,59.0
145.04722818481977,59.0
145.80539202332486,59.0
146.56751879454652,59.0
147.333629212788,59.0
148.1037441006266,59.0
148.87788438947953,59.0
149.65607112017267,59.0
150.43832544351253,59.0
151.2246686208618,59.0
152.01512202471548,59.0
152.80970713928414,59.0
153.6084455610754,59.0
154.41135899948313,59.0
155.218469277376,59.0
156.02979833169113,59.0
156.8453682140304,58.9
157.66520109125955,58.9
158.48931924611142,58.8
159.3177450777899,58.8
160.15050110258113,58.8
160.9876099544629,58.8
161.82909438572216,58.8
162.67497726757185,58.8
163.52528159077312,58.8
164.38003046626017,58.8
165.23924712576837,58.8
166.1029549224657,58.8
166.97117733158728,58.8
167.8439379510743,58.8
168.72126050221348,58.8
169.60316883028446,58.8
170.48968690520502,58.8
171.38083882218535,58.8
172.27664880238083,58.8
173.17714119355136,58.7
174.08234047072295,58.6
174.99227123685273,58.5
175.9069582234984,58.5
176.82642629148881,58.5
177.75070043160196,58.5
178.67980576524164,58.5
179.61376754512278,58.5
180.55261115595593,58.5
181.49636211513797,58.5
182.44504607344558,58.5
183.39868881573247,58.5
184.35731626163007,58.5
185.3209544662519,58.4
186.28962962090262,58.4
187.26336805378796,58.3
188.24219623073301,58.3
189.2261407558986,58.3
190.21522837250714,58.3
191.20948596356752,58.3
192.20894055260666,58.3
193.21361930440384,58.3
194.22354952572874,58.3
195.2387586660848,58.3
196.25927431845295,58.3
197.28512422004457,58.3
198.31633625305224,58.3
199.35293844541056,58.3
200.39495897155572,58.2
201.4424261531923,58.1
202.4953684600627,58.1
203.55381451072122,58.1
204.6177930733116,58.1
205.6873330663489,58.1
206.76246355950653,58.1
207.84321377440395,58.1
208.92961308540407,58.1
210.02169102040844,58.1
211.11947726166272,58.1
212.22300164656127,58.1
213.33229416845913,58.0
214.447384977487,58.0
215.5683043813707,58.0
216.69508284625502,58.0
217.8277509975314,58.0
218.9663396206716,58.0
220.1108796620618,58.0
221.26140222984722,58.0
222.41793859477394,58.0
223.5805201910423,58.0
224.74917861715863,57.9
225.9239456367954,57.8
227.10485317965416,57.8
228.29193334233327,57.8
229.48521838920135,57.8
230.68474075327168,57.8
231.89053303708724,57.8
233.102628013603,57.8
234.32105862708036,57.8
235.5458579939798,57.8
236.77705940386227,57.8
238.0146963202937,57.8
239.25880238175446,57.8
240.50941140255387,57.7
241.76655737374873,57.6
243.03027446406858,57.6
244.30059702084168,57.6
245.57755957093218,57.6
246.86119682167464,57.6
248.1515436618211,57.6
249.44863516248657,57.6
250.75250657810346,57.6
252.0631933473797,57.5
253.3807310942614,57.4
254.7051556289027,57.3
256.03650294863604,57.3
257.3748092389545,57.3
258.72011087449107,57.3
260.0724444200114,57.3
261.4318466314045,57.3
262.79835445668317,57.3
264.17200503698814,57.2
265.5528357075972,57.2
266.94088399894025,57.1
268.336187637619,57.1
269.7387845474336,57.1
271.1487128504106,57.1
272.56601086784315,57.1
273.9907171213279,57.1
275.4228703338166,57.1
276.86250943066517,57.0
278.30967354069315,56.9
279.764401997247,56.9
281.2267343392687,56.9
282.6967103123723,56.9
284.1743698699204,56.9
285.65975317411466,56.8
287.152900597083,56.7
288.6538527219809,56.7
290.16265034409145,56.7
291.67933447193553,56.7
293.203946328386,56.7
294.7365273517884,56.7
296.27711919708696,56.7
297.8257637369567,56.6
299.38250306294265,56.6
300.947379486601,56.6
302.52043554065347,56.6
304.1017139801383,56.6
305.69125778357716,56.6
307.2891101541398,56.6
308.8953145208197,56.6
310.5099145396145,56.6
312.1329540947119,56.5
313.76447729968413,56.4
315.40452849868336,56.4
317.0531522676519,56.4
318.71039341552853,56.4
320.3762969854716,56.3
322.05090825607795,56.2
323.7342727426186,56.2
325.4264361982722,56.2
327.1274446153702,56.2
328.83734422664674,56.2
330.55618150649445,56.2
332.28400317222986,56.2
334.02085618535915,56.2
335.76678775285944,56.2
337.52184532845695,56.1
339.28607661392135,56.0
341.0595295603587,55.9
342.84225236951676,55.8
344.63429349509414,55.8
346.4357016440579,55.7
348.24652577796684,55.7
350.06681511430224,55.7
351.8966191278073,55.7
353.7359875518278,55.6
355.5849703796693,55.6
357.44361786595016,55.5
359.3119805279728,55.5
361.1901091470929,55.5
363.0780547701014,55.4
364.9758687106112,55.4
366.8836025504522,55.4
368.80130814107446,55.4
370.72903760495365,55.4
372.66684333701346,55.4
374.6147780060434,55.4
376.57289455613636,55.4
378.54124620812286,55.4
380.5198864610201,55.4
382.50886909348526,55.3
384.5082481652772,55.2
386.51807801872604,55.2
388.53841328020957,55.2
390.56930886163985,55.1
392.6108199619517,55.0
394.6630020686084,55.0
396.7259109591041,55.0
398.7996027024853,55.0
400.8841336608706,55.0
402.9795604909844,55.0
405.0859401456969,54.9
407.20332987557106,54.8
409.331787230421,54.7
411.4713700608718,54.7
413.6221365199375,54.7
415.78414506459575,54.6
417.95745445738237,54.5
420.1421237679842,54.5
422.33821237484636,54.5
424.5457799667861,54.5
426.76488654461485,54.5
428.9955924227691,54.5
431.23795823094935,54.5
433.49204491576995,54.5
435.7579137424112,54.5
438.0356262962907,54.4
440.3252444847303,54.3
442.62683053864555,54.3
444.9404470142319,54.3
447.2661567946673,54.2
449.60402309182115,54.2
451.9541094479714,54.2
454.3164797375345,54.2
456.6911981687959,54.2
459.0783292856624,54.2
461.4779379694089,54.2
463.89008944044906,54.2
466.31484926010245,54.2
468.7522833323791,54.1
471.20245790577025,54.0
473.6654395750488,54.0
476.14129528307956,54.0
478.630092322638,54.0
481.1318983382419,53.9
483.6467813279844,53.8
486.1748096453894,53.8
488.7160520012619,53.8
491.27057746556244,53.8
493.8384554692794,53.8
496.4197558063182,53.8
499.01454863539806,53.8
501.6229044819588,53.8
504.24489424007766,53.8
506.88058917439554,53.7
509.53006092205686,53.6
512.1933814946506,53.5
514.8706232801756,53.4
517.5618590449992,53.4
520.2671619358439,53.3
522.9866054817683,53.3
525.7202635961694,53.3
528.4682105787901,53.3
531.230521117739,53.3
534.0072702915224,53.3
536.7985335710792,53.3
539.6043868218401,53.3
542.4249063057814,53.2
545.2601686835053,53.1
548.1102510163182,53.1
550.9752307683272,53.1
553.8551858085453,53.1
556.7501944130083,53.1
559.6603352669016,53.1
562.5856874666987,53.1
565.5263305223134,53.1
568.4823443592555,53.1
571.4538093208106,53.1
574.4408061702153,53.1
577.4434160928608,53.1
580.4617206984933,53.0
583.4958020234345,53.0
586.5457425328113,53.0
589.6116251227962,53.0
592.6935331228639,53.0
595.7915502980484,53.0
598.9057608512304,53.0
602.0362494254149,53.0
605.1831011060411,53.0
608.3464014232891,53.0
611.5262363544065,53.0
614.7226923260454,53.0
617.9358562166111,53.0
621.1658153586235,53.0
624.4126575410903,53.0
627.6764710118958,53.0
630.957344480193,53.0
634.2553671188238,53.0
637.5706285667327,53.0
640.9032189314127,53.0
644.2532287913472,53.0
647.6207491984753,53.0
651.0058716806659,53.0
654.4086882442045,53.0
657.8292913762976,53.0
661.2677740475787,53.0
664.7242297146454,53.0
668.1987523225889,53.0
671.6914363075575,53.0
675.2023765993158,53.1
678.7316686238282,53.1
682.2794083058518,53.1
685.8456920715438,53.1
689.4306168510824,53.1
693.0342800813003,53.1
696.6567797083366,53.1
700.2982141902914,53.1
703.9586824999124,53.1
707.6382841272731,53.1
711.3371190824884,53.1
715.0552878984242,53.1
718.7928916334344,53.2
722.5500318741055,53.3
726.3268107380181,53.3
730.123330876526,53.3
733.9396954775374,53.3
737.7760082683312,53.3
741.6323735183645,53.3
745.508896042117,53.3
749.4056812019327,53.3
753.3228349108862,53.3
757.2604636356614,53.3
761.2186743994453,53.3
765.1975747848361,53.4
769.1972729367671,53.5
773.2178775654501,53.5
777.2594979493206,53.5
781.3222439380205,53.5
785.406225955371,53.5
789.5115550023859,53.5
793.6383426602791,53.5
797.7867010935024,53.5
801.9567430527921,53.5
806.1485818782347,53.5
810.3623315023465,53.5
814.59810645317,53.5
818.8560218573906,53.5
823.1361934434566,53.5
827.4387375447371,53.5
831.7637711026708,53.5
836.1114116699566,53.5
840.4817774137397,53.5
844.8749871188272,53.5
849.2911601909162,53.5
853.7304166598383,53.5
858.1928771828257,53.5
862.6786630477819,53.5
867.1878961765907,53.5
871.7206991284164,53.5
876.2771951030477,53.5
880.8575079442367,53.5
885.4617621430697,53.5
890.0900828413493,53.5
894.742595834996,53.5
899.4194275774676,53.5
904.1207051831946,53.5
908.8465564310401,53.5
913.5971097677627,53.4
918.3724943115215,53.3
923.1728398553701,53.3
927.998276870799,53.3
932.8489365112713,53.3
937.7249506157918,53.3
942.6264517124897,53.2
947.5535730222193,53.2
952.5064484621864,53.1
957.4852126495767,53.1
962.4900009052299,53.1
967.5209492573013,53.1
972.5781944449744,53.1
977.6618739221665,53.0
982.772125861269,53.0
987.9090891569025,52.9
993.0729034296917,52.8
998.26370903006,52.7
1003.4816470420445,52.7
1008.7268592871307,52.6
1013.9994883281055,52.6
1019.2996774729368,52.5
1024.627570778662,52.4
1029.9833130553077,52.2
1035.3670498698243,52.2
1040.778927550043,52.1
1046.219093188652,52.1
1051.687694647196,52.0
1057.1848805600926,51.9
1062.7108003386745,51.8
1068.2656041752484,51.7
1073.849443047181,51.7
1079.4624687209969,51.6
1085.104833756507,51.6
1090.7766915109553,51.5
1096.4781961431852,51.5
1102.2095026178308,51.4
1107.9707667095288,51.4
1113.7621450071517,51.4
1119.5837949180645,51.4
1125.4358746724013,51.3
1131.3185433273702,51.3
1137.231960771571,51.2
1143.1762877293438,51.1
1149.1516857651375,51.0
1155.1583172879002,50.8
1161.1963455554942,50.8
1167.2659346791324,50.7
1173.3672496278396,50.7
1179.5004562329357,50.7
1185.6657211925422,50.7
1191.8632120761172,50.7
1198.0930973290035,50.7
1204.355546277011,50.6
1210.650729131018,50.5
1216.9788169915967,50.5
1223.3399818536654,50.5
1229.7343966111616,50.5
1236.162235061742,50.5
1242.6236719115057,50.5
1249.1188827797416,50.5
1255.6480442037073,50.5
1262.2113336434193,50.5
1268.8089294864806,50.5
1275.4410110529293,50.5
1282.1077586001115,50.5
1288.8093533275808,50.5
1295.5459773820237,50.5
1302.3178138622095,50.5
1309.1250468239675,50.5
1315.967861285188,50.5
1322.8464432308563,50.5
1329.7609796180998,50.5
1336.7116583812742,50.5
1343.6986684370715,50.5
1350.7221996896535,50.5
1357.782443035813,50.5
1364.879590370164,50.5
1372.0138345903551,50.5
1379.1853696023147,50.5
1386.3943903255179,50.5
1393.6410926982915,50.5
1400.9256736831292,50.5
1408.248331272053,50.4
1415.6092644919916,50.4
1423.0086734101894,50.4
1430.4467591396458,50.4
1437.9237238445805,50.4
1445.439770745928,50.4
1452.9951041268616,50.3
1460.589929338344,50.2
1468.224452804715,50.2
1475.898882029292,50.2
1483.6134256000173,50.1
1491.3682931951248,50.0
1499.1636955888393,50.0
1506.999844657106,50.0
1514.8769533833477,50.0
1522.7952358642551,50.0
1530.754907315605,49.9
1538.7561840781082,49.8
1546.799283623296,49.7
1554.8844245594228,49.7
1563.0118266374113,49.7
1571.181710756826,49.7
1579.3942989718767,49.7
1587.649814497453,49.6
1595.9484817151922,49.6
1604.2905261795772,49.5
1612.6761746240677,49.5
1621.1056549672617,49.5
1629.5791963190893,49.5
1638.097028987047,49.5
1646.6593844824454,49.5
1655.266495526711,49.5
1663.9185960577072,49.5
1672.6159212360947,49.5
1681.3587074517213,49.5
1690.1471923300487,49.5
1698.9816147386093,49.5
1707.8622147934998,49.5
1716.789233865905,49.4
1725.7629145886658,49.3
1734.7835008628629,49.3
1743.8512378644525,49.3
1752.9663720509295,49.3
1762.1291511680254,49.3
1771.3398242564415,49.2
1780.598641658619,49.1
1789.9058550255418,49.1
1799.2617173235774,49.0
1808.6664828413498,48.9
1818.1204071966588,48.8
1827.6237473434162,48.7
1837.1767615786375,48.6
1846.7797095494598,48.4
1856.4328522602,48.2
1866.1364520794475,48.1
1875.8907727471963,47.9
1885.6960793820124,47.8
1895.552638488241,47.7
1905.4607179632462,47.6
1915.4205871047022,47.5
1925.4325166178992,47.3
1935.4967786231095,47.0
1945.6136466629825,46.8
1955.783395709978,46.8
1966.006302173841,46.7
1976.282643909114,46.7
1986.6127002226892,46.6
1996.996751881399,46.5
2007.4350811196462,46.3
2017.927971647083,46.3
2028.4757086563097,46.2
2039.078578830634,46.2
2049.736870351861,46.1
2060.4508729081267,46.0
2071.22087770177,45.9
2082.0471774572497,45.9
2092.9300664290977,45.8
2103.8698404099196,45.8
2114.8667967384304,45.7
2125.9212343075446,45.6
2137.0334535724887,45.5
2148.2037565589744,45.4
2159.4324468714053,45.3
2170.71982970113,45.3
2182.0662118347364,45.2
2193.4719016623894,45.1
2204.937209186215,45.0
2216.4624460287228,44.9
2228.0479254412767,44.7
2239.6939623126154,44.4
2251.4008731773993,44.2
2263.168976224821,44.1
2274.9985913072546,44.1
2286.890039948944,44.0
2298.843645354747,43.9
2310.8597324189163,43.8
2322.9386277339318,43.7
2335.0806595993763,43.6
2347.2861580308577,43.6
2359.5554547689862,43.5
2371.8888832883777,43.4
2384.2867788067265,43.3
2396.7494782939148,43.2
2409.2773204811715,43.1
2421.8706458702773,43.1
2434.5297967428205,43.1
2447.2551171695004,43.1
2460.0469530194778,43.1
2472.905651969775,43.1
2485.8315635147337,43.1
2498.825038975499,43.0
2511.88643150958,43.0
2525.0160961204438,43.0
2538.2143896671673,42.9
2551.481670874133,42.9
2564.8183003407817,42.8
2578.224640551411,42.8
2591.7010558850307,42.8
2605.247912625263,42.8
2618.8655789702975,42.8
2632.5544250429093,42.8
2646.314822900502,42.8
2660.14714654523,42.8
2674.051771934164,42.8
2688.029076989506,42.8
2702.079441608862,42.8
2716.20324767557,42.8
2730.400879069075,42.8
2744.6727216753675,42.7
2759.0191633974646,42.6
2773.440594165967,42.6
2787.9374059496395,42.6
2802.509992766076,42.5
2817.1587506924047,42.4
2831.8840778760564,42.2
2846.686374545581,42.0
2861.5660430215316,42.0
2876.5234877273942,41.9
2891.5591152005823,41.9
2906.6733341034837,41.9
2921.8665552345788,42.0
2937.139191539587,42.0
2952.4916581227058,42.1
2967.9243722578863,42.2
2983.4377534001765,42.4
2999.0322231971227,42.5
3014.7082055002275,42.7
3030.466126376471,42.8
3046.306414119893,43.1
3062.229499263226,43.3
3078.2358145896155,43.4
3094.325795144359,43.6
3110.4998782467446,43.7
3126.7585035019356,43.9
3143.1021128129173,44.0
3159.5311503925072,44.1
3176.0460627754296,44.2
3192.6472988304513,44.2
3209.335309772584,44.3
3226.1105491753406,44.3
3242.973472983081,44.4
3259.924539523382,44.5
3276.9642095195077,44.6
3294.0929461029286,44.8
3311.311214825911,45.0
3328.6194836741684,45.1
3346.018223079582,45.2
3363.507905932988,45.2
3381.089007597027,45.3
3398.762005919066,45.3
3416.527381244194,45.4
3434.385616428264,45.4
3452.337196851022,45.5
3470.382610429304,45.5
3488.5223476302926,45.5
3506.7569014848486,45.5
3525.0867676009134,45.5
3543.512444176976,45.5
3562.034432015617,45.4
3580.6532345371147,45.4
3599.369357793143,45.3
3618.1833104805046,45.2
3637.095603954969,45.1
3656.1067522451726,45.1
3675.2172720665826,45.0
3694.4276828355482,44.9
3713.738506683413,44.8
3733.1502684707093,44.7
3752.6634958014215,44.6
3772.2787190373247,44.4
3791.9964713124127,44.2
3811.817288547367,44.1
3831.7417094641373,44.1
3851.7702756005806,44.0
3871.9035313251793,43.9
3892.1420238518376,43.7
3912.4863032547537,43.5
3932.936922483372,43.4
3953.4944373774106,43.3
3974.1594066819653,43.3
3994.9323920627126,43.2
4015.8139581211503,43.1
4036.8046724099613,43.0
4057.9051054484326,43.0
4079.115830737964,42.9
4100.437424777656,42.9
4121.870467079975,42.8
4143.41554018651,42.7
4165.0732296838005,42.6
4186.844124219257,42.5
4208.728815517151,42.3
4230.72789839472,42.1
4252.841970778305,42.0
4275.071633719623,41.9
4297.417491412092,41.8
4319.880151207261,41.7
4342.460223631314,41.6
4365.158322401661,41.6
4387.975064443623,41.6
4410.911069907196,41.6
4433.9669621839075,41.6
4457.1433679237725,41.6
4480.4409170523,41.6
4503.860242787635,41.6
4527.40198165776,41.6
4551.0667735177985,41.6
4574.855261567406,41.6
4598.768092368251,41.6
4622.80591586159,41.8
4646.969385385929,42.0
4671.25915769478,42.3
4695.675892974527,42.5
4720.220254862348,42.6
4744.892910464259,42.7
4769.694530373255,42.8
4794.625788687525,42.9
4819.68736302878,43.0
4844.87993456067,43.2
4870.204188007296,43.3
4895.660811671819,43.5
4921.250497455168,43.6
4946.973940874864,43.8
4972.8318410838865,44.0
4998.824900889706,44.2
5024.953826773381,44.3
5051.219328908747,44.4
5077.622121181736,44.5
5104.162921209768,44.6
5130.842450361258,44.7
5157.661433775227,44.9
5184.620600380999,45.0
5211.720682918039,45.1
5238.962417955835,45.2
5266.346545913939,45.3
5293.873811082085,45.3
5321.544961640422,45.4
5349.360749679845,45.6
5377.321931222439,45.7
5405.429266242027,45.8
5433.683518684824,45.9
5462.085456490198,46.0
5490.635851611563,46.1
5519.335480037329,46.3
5548.185121812011,46.5
5577.185561057427,46.8
5606.337585994012,47.1
5635.641988962242,47.4
5665.0995664441625,47.6
5694.7111190850455,47.7
5724.477451715144,48.2
5754.399373371566,48.8
5784.477697320285,49.2
5814.713241078208,49.5
5845.10682643542,49.7
5875.659279477514,50.0
5906.371430608045,50.5
5937.244114571097,51.5
5968.278170473975,52.1
5999.4744418100045,52.2
6030.833776481469,52.4
6062.357026822636,52.6
6094.045049622959,52.7
6125.898706150321,52.8
6157.918862174471,52.9
6190.106387990547,53.0
6222.462158442733,52.9
6254.987052948034,52.8
6287.681955520183,52.6
6320.547754793659,52.5
6353.585344047851,52.3
6386.795621231329,52.0
6420.179488986247,51.7
6453.7378546729,51.4
6487.471630394349,51.0
6521.381733021235,50.6
6555.469084216698,50.0
6589.734610461422,49.2
6624.179243078815,48.8
6658.80391826033,48.6
6693.609577090902,48.4
6728.597165574533,48.2
6763.767634659991,47.6
6799.1219402666875,47.0
6834.661043310619,46.8
6870.385909730507,46.7
6906.297510514049,46.6
6942.39682172431,46.5
6978.684824526248,46.5
7015.162505213385,46.6
7051.830855234612,46.9
7088.690871221135,47.1
7125.7435550135615,47.4
7162.989913689153,47.8
7200.430959589155,48.2
7238.067710346342,48.7
7275.901188912673,49.1
7313.932423587085,49.4
7352.162448043451,49.7
7390.59230135867,50.0
7429.22302804091,50.7
7468.055678057999,51.4
7507.091306865953,51.5
7546.330975437692,51.6
7585.775750291836,51.5
7625.426703521717,51.4
7665.284912824515,51.3
7705.351461530549,51.2
7745.627438632719,51.0
7786.113938816104,50.8
7826.81206248772,49.8
7867.722915806424,48.5
7908.847610712972,47.8
7950.187264960275,47.4
7991.743002143727,46.7
8033.515951731782,45.5
8075.507249096639,44.0
8117.718035545101,42.1
8160.149458349601,40.6
8202.80267077938,40.1
8245.67883213183,39.2
8288.77910776401,38.0
8332.104669124305,36.9
8375.656693784302,36.1
8419.436365470749,35.4
8463.444874097753,34.9
8507.683415799123,32.9
8552.153192960874,30.8
8596.855414253905,30.1
8641.791294666864,29.6
8686.962055539152,29.2
8732.36892459413,28.9
8778.01313597248,28.1
8823.895930265779,27.1
8870.018554550163,26.7
8916.382262420266,26.5
8962.988314023276,26.2
9009.83797609319,25.9
9056.932521985234,25.5
9104.273231710486,25.1
9151.861391970657,24.7
9199.698296193066,24.6
9247.785244565785,24.9
9296.12354407301,25.1
9344.714508530542,25.2
9393.559458621517,25.3
9442.659721932305,25.5
9492.016632988581,25.7
9541.631533291613,25.9
9591.505771354708,26.2
9641.64070273987,27.0
9692.037690094652,27.9
9742.698103189163,28.4
9793.623318953358,28.7
9844.814721514387,28.9
9896.27370223427,29.2
9948.001659747684,30.0
10000.0,30.9
10052.270136285486,31.2
10104.813489285681,31.4
10157.6314871081,31.7
10210.725565324987,31.9
10264.09716701231,32.1
10317.747742788988,32.5
10371.678750856474,32.9
10425.891657038128,33.0
10480.387934819217,33.0
10535.16906538697,33.1
10590.236537670813,33.2
10645.591848382772,33.3
10701.236502058211,33.3
10757.172011096769,33.3
10813.399895803414,33.2
10869.921684429703,33.1
10926.73891321545,33.0
10983.85312643042,32.9
11041.265876416248,32.5
11098.978723628681,32.2
11156.993236680037,32.1
11215.310992381786,32.0
11273.933575787378,31.9
11332.862580235347,31.8
11392.099607392682,31.3
11451.646267298307,30.6
11511.504178406769,30.2
11571.674967632372,29.8
11632.16027039332,29.4
11692.961730656129,29.0
11754.08100098034,28.2
11815.519742563505,27.1
11877.27962528627,26.4
11939.362327757724,26.0
12001.76953736107,25.6
12064.50295029953,24.8
12127.56427164241,23.8
12190.95521537136,22.6
12254.677504427105,21.7
12318.732870756214,21.5
12383.123055358106,21.1
12447.849808332432,20.7
12512.914888926687,20.4
12578.320065583976,20.2
12644.067115991029,19.9
12710.157827126544,19.5
12776.593995309939,18.0
12843.377426249857,16.4
12910.50993509343,15.9
12977.99334647565,15.2
13045.829494568892,14.5
13114.020223132724,13.7
13182.567385564074,12.0
13251.472844947652,10.4
13320.738474106534,8.9
13390.366155652993,7.5
13460.35778203982,7.0
13530.715255611682,6.9
13601.440488656775,7.0
13672.535403458849,7.0
13744.001932349513,7.1
13815.842017760702,7.2
13888.057612277411,7.3
13960.650678690825,7.3
14033.62319005172,7.4
14106.977129724035,7.5
14180.714491438697,7.6
14254.837279347976,7.6
14329.347508079869,7.7
14404.247202792812,7.8
14479.538399230763,7.9
14555.223143778607,8.0
14631.303493517702,8.0
14707.78151628175,8.1
14784.65929071304,8.2
14861.938906319014,8.3
14939.622463529,8.3
15017.712073751207,8.4
15096.209859430292,8.5
15175.117954104964,8.6
15254.438502465904,8.6
15334.173660414117,8.7
15414.325595119602,8.8
15494.896485080177,9.1
15575.88852018064,9.9
15657.303901752315,10.6
15739.1448426331,10.7
15821.413567227246,10.7
15904.112311566014,10.7
15987.243323368504,10.7
16070.808862102673,10.6
16154.811199046684,10.6
16239.252617350698,10.5
16324.135412099,10.5
16409.461890372313,10.7
16495.23437131044,10.9
16581.455186175313,11.1
16668.12667841462,11.3
16755.251203725067,11.4
