10.0,32.0
10.052270136285475,32.0
10.104813489285682,32.1
10.157631487108103,32.1
10.210725565324982,32.1
10.264097167012295,32.2
10.317747742789004,32.2
10.371678750856479,32.2
10.425891657038118,32.3
10.480387934819216,32.3
10.535169065386981,32.4
10.590236537670812,32.4
10.64559184838276,32.5
10.701236502058206,32.5
10.757172011096776,32.6
10.813399895803409,32.6
10.869921684429707,32.6
10.926738913215466,32.7
10.98385312643042,32.7
11.041265876416237,32.7
11.098978723628681,32.8
11.156993236680048,32.8
11.215310992381788,32.9
11.27393357578736,32.9
11.332862580235341,32.9
11.392099607392687,32.9
11.451646267298301,32.9
11.511504178406776,32.9
11.571674967632385,32.9
11.632160270393321,32.9
11.692961730656117,33.0
11.75408100098034,33.0
11.815519742563518,33.1
11.87727962528627,33.1
11.939362327757706,33.2
12.001769537361062,33.2
12.064502950299536,33.2
12.127564271642404,33.2
12.190955215371359,33.2
12.254677504427118,33.2
12.318732870756214,33.2
12.383123055358094,33.3
12.447849808332432,33.3
12.5129148889267,33.4
12.578320065583968,33.4
12.644067115991009,33.4
12.710157827126565,33.4
12.776593995309947,33.5
12.843377426249843,33.6
12.910509935093431,33.7
12.977993346475664,33.7
13.045829494568892,33.7
13.11402022313271,33.7
13.182567385564074,33.7
13.251472844947658,33.7
13.320738474106527,33.7
13.390366155653,33.7
13.460357782039841,33.8
13.530715255611682,33.8
13.601440488656761,33.9
13.672535403458848,33.9
13.744001932349526,33.9
13.815842017760701,33.9
13.888057612277397,33.9
13.960650678690818,34.0
14.033623190051728,34.1
14.10697712972403,34.1
14.180714491438705,34.1
14.25483727934799,34.1
14.32934750807987,34.1
14.404247202792797,34.1
14.479538399230764,34.1
14.55522314377862,34.2
14.631303493517702,34.2
14.707781516281727,34.2
14.784659290713032,34.2
14.861938906319022,34.3
14.939622463528993,34.3
15.017712073751214,34.3
15.096209859430308,34.4
15.175117954104964,34.4
15.254438502465888,34.4
15.334173660414118,34.4
15.414325595119617,34.4
15.494896485080169,34.4
15.575888520180618,34.4
15.65730390175234,34.4
15.73914484263311,34.4
15.821413567227237,34.4
15.904112311566013,34.4
15.98724332336852,34.4
16.070808862102673,34.5
16.154811199046666,34.6
16.239252617350697,34.6
16.324135412099007,34.6
16.409461890372306,34.6
16.495234371310413,34.6
16.58145518617534,34.6
16.668126678414627,34.7
16.755251203725052,34.8
16.84283113011666,34.8
16.930868837977105,34.8
17.01936672013636,34.8
17.108327181931763,34.8
17.197752641273365,34.8
17.28764552870969,34.8
17.378008287493753,35.0
17.4688433736495,35.1
17.560153256038525,35.1
17.651940416427212,35.1
17.744207349554188,35.1
17.836956563198083,35.1
17.93019057824573,35.1
18.023911928760675,35.1
18.118123162052047,35.1
18.21282683874379,35.1
18.30802553284428,35.1
18.403721831816252,35.1
18.499918336647156,35.1
18.59661766191982,35.2
18.69382243588356,35.3
18.791535300525574,35.3
18.889758911642755,35.3
18.98849593891389,35.3
19.08774906597221,35.3
19.187520990478333,35.3
19.287814424193606,35.3
19.388632093053765,35.3
19.48997673724305,35.3
19.591851111268685,35.3
19.69425798403576,35.3
19.79720013892245,35.3
19.90068037385568,35.4
20.004701501387192,35.4
20.109266348769967,35.5
20.214377758035074,35.5
20.320038586068932,35.5
20.426251704690927,35.5
20.533020000731486,35.5
20.64034637611054,35.5
20.748233747916412,35.5
20.856685048485062,35.5
20.965703225479817,35.5
21.075291241971485,35.6
21.185452076518878,35.6
21.296188723249774,35.6
21.407504191942323,35.6
21.519401508106792,35.6
21.631883713067854,35.6
21.744953864047204,35.6
21.858615034246718,35.6
21.972870312931903,35.6
22.087722805515906,35.7
22.203175633643916,35.7
22.319231935278008,35.7
22.435894864782412,35.7
22.553167593009288,35.7
22.671053307384867,35.7
22.789555211996095,35.7
22.908676527677724,35.7
23.028420492099883,35.7
23.148790359856015,35.8
23.26978940255137,35.8
23.391420908891938,35.8
23.51368818477381,35.8
23.63659455337303,35.8
23.760143355235964,35.8
23.884337948370025,35.8
24.009181708334992,35.8
24.134678028334722,35.8
24.260830319309434,35.8
24.387642010028344,35.8
24.515116547182902,35.8
24.64325739548046,35.8
24.772068037738443,35.8
24.901551974979007,35.8
25.031712726524198,35.9
25.162553830091625,35.9
25.294078841890578,36.0
25.426291336718684,36.0
25.559194908059133,36.0
25.692793168178262,36.0
25.827089748223784,36.0
25.96208829832347,36.0
26.097792487684362,36.0
26.234206004692496,36.0
26.371332557013133,36.0
26.5091758716916,36.0
26.647739695254497,36.0
26.787027793811582,36.0
26.9270439531581,36.0
27.06779197887776,36.0
27.209275696446046,36.0
27.351498951334275,36.0
27.494465609114105,36.0
27.638179555562576,36.1
27.782644696767733,36.1
27.92786495923483,36.1
28.07384428999299,36.1
28.220586656702505,36.1
28.368096047762684,36.1
28.516376472420284,36.2
28.66543196087842,36.2
28.815266564406134,36.2
28.965884355448516,36.3
29.11728942773738,36.3
29.26948589640251,36.3
29.42247789808359,36.3
29.57626959104251,36.3
29.730865155276486,36.3
29.88626879263161,36.3
30.04248472691713,36.3
30.19951720402016,36.3
30.357370492021133,36.3
30.516048881309793,36.3
30.675556684701824,36.3
30.835898237556027,36.3
30.99707789789224,36.3
31.15910004650967,36.3
31.321969087106055,36.3
31.485689446397288,36.3
31.650265574237824,36.3
31.815701943741516,36.3
31.98200305140326,36.3
32.14917341722119,36.3
32.31721758481955,36.3
32.486140121572134,36.3
32.655945618726484,36.3
32.82663869152868,36.3
32.99822397934869,36.3
33.170706145806605,36.3
33.34408987889928,36.3
33.51837989112781,36.3
33.69358091962557,36.3
33.86969772628702,36.3
34.04673509789711,36.3
34.224697846261364,36.3
34.40359080833668,36.3
34.58341884636283,36.3
34.764186847994516,36.3
34.94589972643436,36.3
35.12856242056629,36.3
35.312179895089876,36.3
35.496757140655234,36.3
35.68229917399868,36.3
35.86881103807908,36.3
36.05629780221492,36.3
36.24476456222205,36.3
36.434216440552284,36.3
36.6246585864325,36.3
36.81609617600466,36.3
37.00853441246656,36.3
37.2019785262131,36.3
37.39643377497855,36.3
37.591905443979435,36.3
37.788398846058186,36.3
37.985919321827524,36.3
38.184472239815605,36.3
38.384062996612016,36.3
38.584697017014335,36.3
38.786379754175634,36.3
38.98911668975273,36.3
39.1929133340551,36.3
39.39777522619469,36.3
39.60370793423646,36.3
39.810717055349734,36.3
40.0188082159603,36.3
40.227987071903335,36.3
40.43825930857721,36.3
40.64963064109788,36.3
40.8621068144543,36.3
41.075693603664625,36.3
41.29039681393302,36.3
41.506222280807584,36.3
41.72317587033889,36.3
41.94126347923944,36.3
42.16049103504393,36.3
42.38086449627034,36.3
42.60238985258197,36.3
42.825073124950116,36.3
43.04892036581776,36.3
43.27393765926414,36.3
43.500131121170035,36.3
43.727506899384,36.3
43.956071173889484,36.3
44.18583015697281,36.3
44.416790093392,36.3
44.648957260546474,36.3
44.88233796864779,36.3
45.116938560890986,36.3
45.35276541362708,36.3
45.58982493653644,36.3
45.82812357280281,36.3
46.067667799288614,36.3
46.308464126710895,36.3
46.55051909981832,36.3
46.793839297569036,36.3
47.03843133330949,36.3
47.28430185495417,36.3
47.531457545166376,36.3
47.77990512153967,36.3
48.02965133678067,36.3
48.28070297889241,36.3
48.53306687135893,36.3
48.78674987333074,36.3
49.041758879811184,36.3
49.298100821843896,36.3
49.55578266670119,36.3
49.81481141807335,36.3
50.07519411625915,36.3
50.336937838356974,36.3
50.60004969845742,36.3
50.86453684783644,36.3
51.13040647514984,36.3
51.39766580662862,36.3
51.66632210627541,36.3
51.93638267606184,36.3
52.20785485612707,36.3
52.48074602497726,36.3
52.75506359968615,36.3
53.030815036096584,36.3
53.308007829023246,36.3
53.58664951245627,36.3
53.866747659766084,36.3
54.148309883909214,36.3
54.431343837635225,36.3
54.7158572136947,36.3
55.00185774504835,36.3
55.28935320507712,36.3
55.57835140779364,36.3
55.86886020805435,36.3
56.160887501773274,36.3
56.45444122613637,36.3
56.74952935981742,36.3
57.04615992319485,36.3
57.34434097856969,36.3
57.64408063038476,36.3
57.94538702544487,36.3
58.24826835313831,36.3
58.552732845659456,36.3
58.85878877823242,36.3
59.166444469336014,36.3
59.475708280929936,36.3
59.786588618681876,36.3
60.0990939321961,36.3
60.41323271524305,36.3
60.72901350599024,36.3
61.046444887234294,36.3
61.365535486634215,36.3
61.686293976945976,36.3
62.008729076258064,36.3
62.332849548228545,36.3
62.658664202323344,36.3
62.98618189405547,36.3
63.315411525225876,36.3
63.64636204416533,36.3
63.979042445977655,36.3
64.31346177278421,36.3
64.64962911396958,36.3
64.98755360642885,36.3
65.32724443481563,36.3
65.66871083179183,36.3
66.01196207827876,36.3
66.35700750370908,36.3
66.7038564862806,36.3
67.05251845321108,36.3
67.40300288099445,36.3
67.75531929565844,36.3
68.1094772730234,36.3
68.46548643896274,36.3
68.82335646966433,36.3
69.18309709189363,36.2
69.54471808325809,36.1
69.90822927247277,36.0
70.27364053962762,36.0
70.6409618164559,36.0
71.01020308660422,36.0
71.38137438590384,36.0
71.75448580264342,36.0
72.12954747784322,36.0
72.50656960553087,36.0
72.88556243301818,36.0
73.26653626117992,36.0
73.64950144473359,36.0
74.03446839252094,36.0
74.42144756779092,36.0
74.810449488484,36.0
75.20148472751808,35.9
75.59456391307583,35.8
75.98969772889355,35.8
76.38689691455168,35.8
76.78617226576647,35.8
77.18753463468363,35.8
77.59099493017311,35.8
77.99656411812569,35.8
78.404253221751,35.8
78.8140733218772,35.8
79.226035557252,35.8
79.64015112484554,35.8
80.05643128015467,35.8
80.47488733750892,35.8
80.89553067037787,35.8
81.31837271168051,35.8
81.74342495409579,35.8
82.170698950375,35.8
82.60020631365589,35.8
83.03195871777821,35.8
83.46596789760103,35.8
83.90224564932171,35.8
84.34080383079642,35.8
84.78165436186265,35.9
85.22480922466286,36.0
85.67028046397054,36.0
86.11808018751721,36.0
86.56822056632171,36.0
87.020713835021,36.0
87.47557229220259,36.0
87.93280830073893,36.0
88.39243428812335,36.0
88.85446274680783,36.2
89.31890623454267,36.3
89.78577737471758,36.3
90.25508885670492,36.3
90.72685343620469,36.3
91.20108393559097,36.3
91.67779324426061,36.3
92.15699431898352,36.3
92.63870018425483,36.3
93.12292393264887,36.3
93.60967872517497,36.3
94.09897779163542,36.3
94.5908344309847,36.3
95.0852620116911,36.3
95.58227397210023,36.3
96.08188382079996,36.3
96.5841051369878,36.3
97.08895157083991,36.3
97.59643684388209,36.2
98.10657474936274,36.1
98.61937915262773,36.0
99.13486399149741,36.0
99.65304327664518,36.0
100.17393109197839,36.0
100.69754159502135,36.0
101.22388901729977,36.0
101.75298766472777,35.9
102.28485191799675,35.8
102.81949623296607,35.8
103.35693514105618,35.8
103.89718324964329,35.8
104.44025524245698,35.8
104.98616587997819,35.8
105.53492999984189,35.8
106.08656251723878,35.8
106.64107842532215,35.8
107.19849279561431,35.8
107.75882077841675,35.8
108.32207760322176,35.8
108.88827857912626,35.8
109.45743909524856,35.8
110.02957462114523,35.8
110.60470070723336,35.8
111.18283298521138,35.8
111.76398716848561,35.8
112.3481790525961,35.8
112.93542451564652,35.8
113.5257395187356,35.9
114.11914010639099,36.0
114.71564240700522,36.0
115.3152626332741,36.0
115.91801708263789,36.0
116.52392213772293,36.0
117.13299426678874,36.0
117.74525002417371,36.0
118.36070605074681,36.0
118.97937907435858,36.0
119.60128591029638,36.2
120.22644346174131,36.3
120.85486872022751,36.3
121.4865787661046,36.3
122.12159076900052,36.3
122.75992198829012,36.3
123.40158977356222,36.3
124.04661156509306,36.3
124.69500489431896,36.3
125.34678738431336,36.3
126.00197675026583,36.3
126.6605907999634,36.3
127.3226474342747,36.3
127.98816464763628,36.3
128.6571605285424,36.3
129.32965326003517,36.3
130.00566112020084,36.3
130.68520248266435,36.3
131.36829581709074,36.3
132.05495968968575,36.3
132.74521276370103,36.3
133.43907379994133,36.3
134.1365616572744,36.3
134.83769529314347,36.3
135.54249376408254,36.3
136.25097622623485,36.3
136.96316193587217,36.3
137.67907024992007,36.3
138.39872062648203,36.3
139.1221326253702,36.3
139.84932590863562,36.3
140.58032024110324,36.3
141.31513549090906,36.3
142.05379163003997,36.3
142.7963087348772,36.3
143.5427069867405,36.3
144.29300667243896,36.3
145.04722818481977,36.3
145.80539202332486,36.3
146.56751879454652,36.3
147.333629212788,36.3
148.1037441006266,36.3
148.87788438947953,36.3
149.65607112017267,36.3
150.43832544351253,36.3
151.2246686208618,36.3
152.01512202471548,36.3
152.80970713928414,36.3
153.6084455610754,36.3
154.41135899948313,36.3
155.218469277376,36.3
156.02979833169113,36.3
156.8453682140304,36.3
157.66520109125955,36.3
158.48931924611142,36.2
159.3177450777899,36.2
160.15050110258113,36.1
160.9876099544629,36.0
161.82909438572216,35.9
162.67497726757185,35.9
163.52528159077312,35.8
164.38003046626017,35.8
165.23924712576837,35.8
166.1029549224657,35.8
166.97117733158728,35.8
167.8439379510743,35.9
168.72126050221348,36.0
169.60316883028446,36.0
170.48968690520502,36.0
171.38083882218535,36.0
172.27664880238083,36.0
173.17714119355136,36.0
174.08234047072295,36.0
174.99227123685273,36.0
175.9069582234984,36.2
176.82642629148881,36.3
177.75070043160196,36.3
178.67980576524164,36.3
179.61376754512278,36.3
180.55261115595593,36.3
181.49636211513797,36.3
182.44504607344558,36.3
183.39868881573247,36.3
184.35731626163007,36.3
185.3209544662519,36.3
186.28962962090262,36.3
187.26336805378796,36.3
188.24219623073301,36.3
189.2261407558986,36.3
190.21522837250714,36.3
191.20948596356752,36.3
192.20894055260666,36.3
193.21361930440384,36.3
194.22354952572874,36.3
195.2387586660848,36.3
196.25927431845295,36.3
197.28512422004457,36.3
198.31633625305224,36.3
199.35293844541056,36.3
200.39495897155572,36.3
201.4424261531923,36.3
202.4953684600627,36.3
203.55381451072122,36.3
204.6177930733116,36.3
205.6873330663489,36.3
206.76246355950653,36.3
207.84321377440395,36.3
208.92961308540407,36.3
210.02169102040844,36.3
211.11947726166272,36.3
212.22300164656127,36.3
213.33229416845913,36.3
214.447384977487,36.3
215.5683043813707,36.3
216.69508284625502,36.3
217.8277509975314,36.3
218.9663396206716,36.3
220.1108796620618,36.3
221.26140222984722,36.3
222.41793859477394,36.3
223.5805201910423,36.3
224.74917861715863,36.3
225.9239456367954,36.2
227.10485317965416,36.1
228.29193334233327,36.1
229.48521838920135,36.1
230.68474075327168,36.1
231.89053303708724,36.1
233.102628013603,36.2
234.32105862708036,36.2
235.5458579939798,36.2
236.77705940386227,36.2
238.0146963202937,36.3
239.25880238175446,36.3
240.50941140255387,36.3
241.76655737374873,36.3
243.03027446406858,36.3
244.30059702084168,36.3
245.57755957093218,36.3
246.86119682167464,36.3
248.1515436618211,36.3
249.44863516248657,36.3
250.75250657810346,36.3
252.0631933473797,36.3
253.3807310942614,36.3
254.7051556289027,36.3
256.03650294863604,36.3
257.3748092389545,36.3
258.72011087449107,36.3
260.0724444200114,36.3
261.4318466314045,36.3
262.79835445668317,36.3
264.17200503698814,36.2
265.5528357075972,36.1
266.94088399894025,36.0
268.336187637619,36.0
269.7387845474336,36.0
271.1487128504106,36.0
272.56601086784315,36.0
273.9907171213279,36.0
275.4228703338166,36.0
276.86250943066517,36.0
278.30967354069315,36.0
279.764401997247,36.0
281.2267343392687,35.9
282.6967103123723,35.9
284.1743698699204,35.8
285.65975317411466,35.8
287.152900597083,35.8
288.6538527219809,35.7
290.16265034409145,35.6
291.67933447193553,35.6
293.203946328386,35.6
294.7365273517884,35.6
296.27711919708696,35.6
297.8257637369567,35.6
299.38250306294265,35.6
300.947379486601,35.6
302.52043554065347,35.6
304.1017139801383,35.5
305.69125778357716,35.5
307.2891101541398,35.5
308.8953145208197,35.4
310.5099145396145,35.4
312.1329540947119,35.4
313.76447729968413,35.3
315.40452849868336,35.3
317.0531522676519,35.3
318.71039341552853,35.3
320.3762969854716,35.2
322.05090825607795,35.2
323.7342727426186,35.2
325.4264361982722,35.1
327.1274446153702,35.1
328.83734422664674,35.1
330.55618150649445,35.1
332.28400317222986,35.1
334.02085618535915,35.1
335.76678775285944,35.1
337.52184532845695,35.1
339.28607661392135,35.2
341.0595295603587,35.2
342.84225236951676,35.2
344.63429349509414,35.2
346.4357016440579,35.2
348.24652577796684,35.2
350.06681511430224,35.3
351.8966191278073,35.3
353.7359875518278,35.3
355.5849703796693,35.3
357.44361786595016,35.3
359.3119805279728,35.3
361.1901091470929,35.2
363.0780547701014,35.2
364.9758687106112,35.1
366.8836025504522,35.1
368.80130814107446,35.1
370.72903760495365,35.1
372.66684333701346,35.1
374.6147780060434,35.1
376.57289455613636,35.1
378.54124620812286,35.1
380.5198864610201,35.1
382.50886909348526,35.0
384.5082481652772,34.9
386.51807801872604,34.8
388.53841328020957,34.8
390.56930886163985,34.8
392.6108199619517,34.8
394.6630020686084,34.7
396.7259109591041,34.7
398.7996027024853,34.6
400.8841336608706,34.6
402.9795604909844,34.6
405.0859401456969,34.6
407.20332987557106,34.5
409.331787230421,34.4
411.4713700608718,34.4
413.6221365199375,34.4
415.78414506459575,34.3
417.95745445738237,34.2
420.1421237679842,34.2
422.33821237484636,34.1
424.5457799667861,34.1
426.76488654461485,34.1
428.9955924227691,34.0
431.23795823094935,33.9
433.49204491576995,33.8
435.7579137424112,33.8
438.0356262962907,33.7
440.3252444847303,33.7
442.62683053864555,33.7
444.9404470142319,33.6
447.2661567946673,33.6
449.60402309182115,33.5
451.9541094479714,33.5
454.3164797375345,33.4
456.6911981687959,33.3
459.0783292856624,33.2
461.4779379694089,33.1
463.89008944044906,33.1
466.31484926010245,33.0
468.7522833323791,33.0
471.20245790577025,32.9
473.6654395750488,32.9
476.14129528307956,32.8
478.630092322638,32.8
481.1318983382419,32.7
483.6467813279844,32.7
486.1748096453894,32.6
488.7160520012619,32.5
491.27057746556244,32.4
493.8384554692794,32.3
496.4197558063182,32.2
499.01454863539806,32.1
501.6229044819588,32.0
504.24489424007766,31.9
506.88058917439554,31.8
509.53006092205686,31.7
512.1933814946506,31.6
514.8706232801756,31.6
517.5618590449992,31.5
520.2671619358439,31.4
522.9866054817683,31.4
525.7202635961694,31.3
528.4682105787901,31.2
531.230521117739,31.2
534.0072702915224,31.1
536.7985335710792,31.0
539.6043868218401,30.9
542.4249063057814,30.8
545.2601686835053,30.8
548.1102510163182,30.8
550.9752307683272,30.8
553.8551858085453,30.8
556.7501944130083,30.7
559.6603352669016,30.6
562.5856874666987,30.6
565.5263305223134,30.7
568.4823443592555,30.7
571.4538093208106,30.8
574.4408061702153,30.8
577.4434160928608,30.9
580.4617206984933,31.0
583.4958020234345,31.1
586.5457425328113,31.2
589.6116251227962,31.2
592.6935331228639,31.3
595.7915502980484,31.4
598.9057608512304,31.5
602.0362494254149,31.6
605.1831011060411,31.6
608.3464014232891,31.7
611.5262363544065,31.7
614.7226923260454,31.7
617.9358562166111,31.8
621.1658153586235,31.8
624.4126575410903,31.9
627.6764710118958,32.0
630.957344480193,32.1
634.2553671188238,32.3
637.5706285667327,32.4
640.9032189314127,32.5
644.2532287913472,32.6
647.6207491984753,32.6
651.0058716806659,32.7
654.4086882442045,32.8
657.8292913762976,32.8
661.2677740475787,32.9
664.7242297146454,32.9
668.1987523225889,33.0
671.6914363075575,33.1
675.2023765993158,33.2
678.7316686238282,33.4
682.2794083058518,33.6
685.8456920715438,33.7
689.4306168510824,33.7
693.0342800813003,33.8
696.6567797083366,33.8
700.2982141902914,33.9
703.9586824999124,34.0
707.6382841272731,34.1
711.3371190824884,34.1
715.0552878984242,34.1
718.7928916334344,34.2
722.5500318741055,34.2
726.3268107380181,34.3
730.123330876526,34.4
733.9396954775374,34.5
737.7760082683312,34.5
741.6323735183645,34.6
745.508896042117,34.6
749.4056812019327,34.7
753.3228349108862,34.8
757.2604636356614,34.9
761.2186743994453,35.0
765.1975747848361,35.0
769.1972729367671,35.1
773.2178775654501,35.2
777.2594979493206,35.3
781.3222439380205,35.4
785.406225955371,35.4
789.5115550023859,35.5
793.6383426602791,35.5
797.7867010935024,35.6
801.9567430527921,35.6
806.1485818782347,35.7
810.3623315023465,35.7
814.59810645317,35.8
818.8560218573906,35.8
823.1361934434566,35.9
827.4387375447371,36.0
831.7637711026708,36.1
836.1114116699566,36.2
840.4817774137397,36.3
844.8749871188272,36.3
849.2911601909162,36.3
853.7304166598383,36.4
858.1928771828257,36.4
862.6786630477819,36.4
867.1878961765907,36.5
871.7206991284164,36.5
876.2771951030477,36.5
880.8575079442367,36.6
885.4617621430697,36.6
890.0900828413493,36.6
894.742595834996,36.7
899.4194275774676,36.7
904.1207051831946,36.7
908.8465564310401,36.8
913.5971097677627,36.8
918.3724943115215,36.8
923.1728398553701,36.9
927.998276870799,36.9
932.8489365112713,37.0
937.7249506157918,37.0
942.6264517124897,37.0
947.5535730222193,37.1
952.5064484621864,37.2
957.4852126495767,37.4
962.4900009052299,37.4
967.5209492573013,37.5
972.5781944449744,37.5
977.6618739221665,37.5
982.772125861269,37.4
987.9090891569025,37.2
993.0729034296917,37.0
998.26370903006,36.9
1003.4816470420445,36.8
1008.7268592871307,36.6
1013.9994883281055,36.5
1019.2996774729368,36.2
1024.627570778662,36.1
1029.9833130553077,36.2
1035.3670498698243,36.3
1040.778927550043,36.4
1046.219093188652,36.4
1051.687694647196,36.4
1057.1848805600926,36.5
1062.7108003386745,36.6
1068.2656041752484,36.7
1073.849443047181,36.9
1079.4624687209969,37.0
1085.104833756507,37.1
1090.7766915109553,37.2
1096.4781961431852,37.3
1102.2095026178308,37.4
1107.9707667095288,37.5
1113.7621450071517,37.7
1119.5837949180645,37.8
1125.4358746724013,37.9
1131.3185433273702,38.0
1137.231960771571,38.0
1143.1762877293438,38.0
1149.1516857651375,38.0
1155.1583172879002,38.0
1161.1963455554942,38.0
1167.2659346791324,38.0
1173.3672496278396,38.0
1179.5004562329357,38.0
1185.6657211925422,38.0
1191.8632120761172,38.0
1198.0930973290035,38.0
1204.355546277011,38.0
1210.650729131018,38.0
1216.9788169915967,38.0
1223.3399818536654,38.0
1229.7343966111616,38.0
1236.162235061742,38.1
1242.6236719115057,38.1
1249.1188827797416,38.1
1255.6480442037073,38.1
1262.2113336434193,38.1
1268.8089294864806,38.1
1275.4410110529293,38.0
1282.1077586001115,38.0
1288.8093533275808,37.9
1295.5459773820237,37.9
1302.3178138622095,37.9
1309.1250468239675,37.9
1315.967861285188,37.8
1322.8464432308563,37.8
1329.7609796180998,37.7
1336.7116583812742,37.6
1343.6986684370715,37.6
1350.7221996896535,37.5
1357.782443035813,37.5
1364.879590370164,37.4
1372.0138345903551,37.3
1379.1853696023147,37.2
1386.3943903255179,37.0
1393.6410926982915,36.9
1400.9256736831292,36.8
1408.248331272053,36.7
1415.6092644919916,36.7
1423.0086734101894,36.6
1430.4467591396458,36.5
1437.9237238445805,36.3
1445.439770745928,36.2
1452.9951041268616,36.1
1460.589929338344,36.0
1468.224452804715,35.8
1475.898882029292,35.7
1483.6134256000173,35.7
1491.3682931951248,35.6
1499.1636955888393,35.6
1506.999844657106,35.5
1514.8769533833477,35.4
1522.7952358642551,35.3
1530.754907315605,35.2
1538.7561840781082,35.1
1546.799283623296,35.1
1554.8844245594228,35.0
1563.0118266374113,34.9
1571.181710756826,34.8
1579.3942989718767,34.6
1587.649814497453,34.5
1595.9484817151922,34.4
1604.2905261795772,34.3
1612.6761746240677,34.2
1621.1056549672617,34.1
1629.5791963190893,34.0
1638.097028987047,34.0
1646.6593844824454,33.9
1655.266495526711,33.8
1663.9185960577072,33.7
1672.6159212360947,33.6
1681.3587074517213,33.4
1690.1471923300487,33.2
1698.9816147386093,33.1
1707.8622147934998,33.0
1716.789233865905,33.0
1725.7629145886658,32.9
1734.7835008628629,32.8
1743.8512378644525,32.5
1752.9663720509295,32.2
1762.1291511680254,32.0
1771.3398242564415,31.9
1780.598641658619,31.8
1789.9058550255418,31.7
1799.2617173235774,31.5
1808.6664828413498,31.2
1818.1204071966588,31.0
1827.6237473434162,31.0
1837.1767615786375,31.0
1846.7797095494598,30.9
1856.4328522602,30.7
1866.1364520794475,30.5
1875.8907727471963,30.5
1885.6960793820124,30.5
1895.552638488241,30.4
1905.4607179632462,30.3
1915.4205871047022,30.1
1925.4325166178992,30.0
1935.4967786231095,29.9
1945.6136466629825,29.8
1955.783395709978,29.7
1966.006302173841,29.6
1976.282643909114,29.4
1986.6127002226892,29.2
1996.996751881399,29.1
2007.4350811196462,29.0
2017.927971647083,28.9
2028.4757086563097,28.8
2039.078578830634,28.7
2049.736870351861,28.6
2060.4508729081267,28.5
2071.22087770177,28.4
2082.0471774572497,28.2
2092.9300664290977,28.1
2103.8698404099196,28.0
2114.8667967384304,27.9
2125.9212343075446,27.8
2137.0334535724887,27.6
2148.2037565589744,27.4
2159.4324468714053,27.3
2170.71982970113,27.2
2182.0662118347364,27.1
2193.4719016623894,27.0
2204.937209186215,26.8
2216.4624460287228,26.7
2228.0479254412767,26.5
2239.6939623126154,26.3
2251.4008731773993,26.2
2263.168976224821,26.0
2274.9985913072546,25.9
2286.890039948944,25.7
2298.843645354747,25.6
2310.8597324189163,25.4
2322.9386277339318,25.2
2335.0806595993763,25.1
2347.2861580308577,24.9
2359.5554547689862,24.8
2371.8888832883777,24.6
2384.2867788067265,24.5
2396.7494782939148,24.3
2409.2773204811715,24.1
2421.8706458702773,24.0
2434.5297967428205,23.8
2447.2551171695004,23.7
2460.0469530194778,23.5
2472.905651969775,23.4
2485.8315635147337,23.2
2498.825038975499,23.1
2511.88643150958,23.0
2525.0160961204438,22.9
2538.2143896671673,22.8
2551.481670874133,22.7
2564.8183003407817,22.6
2578.224640551411,22.6
2591.7010558850307,22.5
2605.247912625263,22.5
2618.8655789702975,22.5
2632.5544250429093,22.5
2646.314822900502,22.5
2660.14714654523,22.4
2674.051771934164,22.3
2688.029076989506,22.2
2702.079441608862,22.1
2716.20324767557,22.0
2730.400879069075,22.0
2744.6727216753675,21.9
2759.0191633974646,21.8
2773.440594165967,21.6
2787.9374059496395,21.5
2802.509992766076,21.4
2817.1587506924047,21.3
2831.8840778760564,21.2
2846.686374545581,21.1
2861.5660430215316,20.9
2876.5234877273942,20.7
2891.5591152005823,20.5
2906.6733341034837,20.5
2921.8665552345788,20.5
2937.139191539587,20.5
2952.4916581227058,20.5
2967.9243722578863,20.5
2983.4377534001765,20.6
2999.0322231971227,20.6
3014.7082055002275,20.6
3030.466126376471,20.6
3046.306414119893,20.5
3062.229499263226,20.5
3078.2358145896155,20.5
3094.325795144359,20.5
3110.4998782467446,20.5
3126.7585035019356,20.4
3143.1021128129173,20.4
3159.5311503925072,20.3
3176.0460627754296,20.2
3192.6472988304513,20.1
3209.335309772584,20.1
3226.1105491753406,20.2
3242.973472983081,20.2
3259.924539523382,20.3
3276.9642095195077,20.3
3294.0929461029286,20.3
3311.311214825911,20.3
3328.6194836741684,20.3
3346.018223079582,20.3
3363.507905932988,20.3
3381.089007597027,20.2
3398.762005919066,20.1
3416.527381244194,20.0
3434.385616428264,19.9
3452.337196851022,19.9
3470.382610429304,19.8
3488.5223476302926,19.7
3506.7569014848486,19.6
3525.0867676009134,19.4
3543.512444176976,19.3
3562.034432015617,19.2
3580.6532345371147,19.1
3599.369357793143,18.9
3618.1833104805046,18.7
3637.095603954969,18.5
3656.1067522451726,18.4
3675.2172720665826,18.3
3694.4276828355482,18.2
3713.738506683413,18.0
3733.1502684707093,17.9
3752.6634958014215,17.7
3772.2787190373247,17.6
3791.9964713124127,17.5
3811.817288547367,17.4
3831.7417094641373,17.3
3851.7702756005806,17.1
3871.9035313251793,16.9
3892.1420238518376,16.8
3912.4863032547537,16.8
3932.936922483372,16.8
3953.4944373774106,16.7
3974.1594066819653,16.7
3994.9323920627126,16.6
4015.8139581211503,16.5
4036.8046724099613,16.4
4057.9051054484326,16.3
4079.115830737964,16.2
4100.437424777656,16.1
4121.870467079975,16.0
4143.41554018651,15.8
4165.0732296838005,15.8
4186.844124219257,15.8
4208.728815517151,15.8
4230.72789839472,15.8
4252.841970778305,15.8
4275.071633719623,15.7
4297.417491412092,15.6
4319.880151207261,15.6
4342.460223631314,15.5
4365.158322401661,15.5
4387.975064443623,15.4
4410.911069907196,15.3
4433.9669621839075,15.3
4457.1433679237725,15.4
4480.4409170523,15.5
4503.860242787635,15.7
4527.40198165776,15.8
4551.0667735177985,15.9
4574.855261567406,16.0
4598.768092368251,16.2
4622.80591586159,16.3
4646.969385385929,16.4
4671.25915769478,16.5
4695.675892974527,16.6
4720.220254862348,16.7
4744.892910464259,16.7
4769.694530373255,16.8
4794.625788687525,16.9
4819.68736302878,17.0
4844.87993456067,16.9
4870.204188007296,16.9
4895.660811671819,16.8
4921.250497455168,16.8
4946.973940874864,16.7
4972.8318410838865,16.7
4998.824900889706,16.7
5024.953826773381,16.7
5051.219328908747,16.7
5077.622121181736,16.6
5104.162921209768,16.4
5130.842450361258,16.1
5157.661433775227,15.9
5184.620600380999,15.7
5211.720682918039,15.0
5238.962417955835,14.3
5266.346545913939,14.0
5293.873811082085,13.8
5321.544961640422,14.0
5349.360749679845,14.1
5377.321931222439,14.2
5405.429266242027,14.2
5433.683518684824,14.2
5462.085456490198,14.2
5490.635851611563,14.2
5519.335480037329,14.1
5548.185121812011,13.9
5577.185561057427,13.7
5606.337585994012,13.6
5635.641988962242,13.6
5665.0995664441625,13.7
5694.7111190850455,13.9
5724.477451715144,14.0
5754.399373371566,14.1
5784.477697320285,14.1
5814.713241078208,14.2
5845.10682643542,14.4
5875.659279477514,14.5
5906.371430608045,15.1
5937.244114571097,15.5
5968.278170473975,15.8
5999.4744418100045,16.1
6030.833776481469,16.4
6062.357026822636,16.5
6094.045049622959,16.6
6125.898706150321,16.6
6157.918862174471,16.7
6190.106387990547,16.6
6222.462158442733,16.5
6254.987052948034,16.4
6287.681955520183,16.3
6320.547754793659,16.1
6353.585344047851,16.0
6386.795621231329,15.8
6420.179488986247,16.0
6453.7378546729,16.1
6487.471630394349,16.3
6521.381733021235,16.5
6555.469084216698,16.7
6589.734610461422,16.8
6624.179243078815,16.8
6658.80391826033,16.8
6693.609577090902,16.8
6728.597165574533,16.6
6763.767634659991,16.2
6799.1219402666875,15.9
6834.661043310619,15.6
6870.385909730507,15.2
6906.297510514049,15.4
6942.39682172431,15.3
6978.684824526248,14.9
7015.162505213385,13.8
7051.830855234612,12.8
7088.690871221135,12.3
7125.7435550135615,11.9
7162.989913689153,11.8
7200.430959589155,11.6
7238.067710346342,11.6
7275.901188912673,12.0
7313.932423587085,14.1
7352.162448043451,16.1
7390.59230135867,16.7
7429.22302804091,17.2
7468.055678057999,17.5
7507.091306865953,17.7
7546.330975437692,17.8
7585.775750291836,17.9
7625.426703521717,18.1
7665.284912824515,18.2
7705.351461530549,18.3
7745.627438632719,18.4
7786.113938816104,18.6
7826.81206248772,18.8
7867.722915806424,18.9
7908.847610712972,19.2
7950.187264960275,19.5
7991.743002143727,19.7
8033.515951731782,19.9
8075.507249096639,20.0
8117.718035545101,20.4
8160.149458349601,21.7
8202.80267077938,23.1
8245.67883213183,23.7
8288.77910776401,24.2
8332.104669124305,24.7
8375.656693784302,25.1
8419.436365470749,26.2
8463.444874097753,27.3
8507.683415799123,27.9
8552.153192960874,28.4
8596.855414253905,28.8
8641.791294666864,29.1
8686.962055539152,29.3
8732.36892459413,29.5
8778.01313597248,29.6
8823.895930265779,29.6
8870.018554550163,29.5
8916.382262420266,29.5
8962.988314023276,29.4
9009.83797609319,29.3
9056.932521985234,29.2
9104.273231710486,28.4
9151.861391970657,27.6
9199.698296193066,27.2
9247.785244565785,26.8
9296.12354407301,26.4
9344.714508530542,26.0
9393.559458621517,25.5
9442.659721932305,25.1
9492.016632988581,24.9
9541.631533291613,24.9
9591.505771354708,25.1
9641.64070273987,25.3
9692.037690094652,25.5
9742.698103189163,25.7
9793.623318953358,25.9
9844.814721514387,26.1
9896.27370223427,26.3
9948.001659747684,26.8
10000.0,27.4
10052.270136285486,27.6
10104.813489285681,27.7
10157.6314871081,27.8
10210.725565324987,27.9
10264.09716701231,27.8
10317.747742788988,27.8
10371.678750856474,27.7
10425.891657038128,27.6
10480.387934819217,27.2
10535.16906538697,26.6
10590.236537670813,26.3
10645.591848382772,26.1
10701.236502058211,25.9
10757.172011096769,25.7
10813.399895803414,25.0
10869.921684429703,24.2
10926.73891321545,23.8
10983.85312643042,23.5
11041.265876416248,23.2
11098.978723628681,23.0
11156.993236680037,22.0
11215.310992381786,20.7
11273.933575787378,20.0
11332.862580235347,19.5
11392.099607392682,19.3
11451.646267298307,19.1
11511.504178406769,18.5
11571.674967632372,17.3
11632.16027039332,16.5
11692.961730656129,16.3
11754.08100098034,15.5
11815.519742563505,14.2
11877.27962528627,13.0
11939.362327757724,9.5
12001.76953736107,7.5
12064.50295029953,7.3
12127.56427164241,5.9
12190.95521537136,4.2
12254.677504427105,4.0
12318.732870756214,4.3
12383.123055358106,4.4
12447.849808332432,4.3
12512.914888926687,4.2
12578.320065583976,4.1
12644.067115991029,4.0
12710.157827126544,3.9
12776.593995309939,2.5
12843.377426249857,0.9
12910.50993509343,1.2
12977.99334647565,4.1
13045.829494568892,6.6
13114.020223132724,7.8
13182.567385564074,8.9
13251.472844947652,9.7
13320.738474106534,12.3
13390.366155652993,16.6
13460.35778203982,18.9
13530.715255611682,19.2
13601.440488656775,19.6
13672.535403458849,19.9
13744.001932349513,20.2
13815.842017760702,20.4
13888.057612277411,20.5
13960.650678690825,20.6
14033.62319005172,20.6
14106.977129724035,20.5
14180.714491438697,19.9
14254.837279347976,18.3
14329.347508079869,17.7
14404.247202792812,17.4
14479.538399230763,16.8
14555.223143778607,16.2
14631.303493517702,14.9
14707.78151628175,13.6
14784.65929071304,13.1
14861.938906319014,12.7
14939.622463529,11.8
15017.712073751207,10.5
15096.209859430292,9.0
15175.117954104964,7.6
15254.438502465904,6.4
15334.173660414117,5.7
15414.325595119602,5.6
15494.896485080177,6.0
15575.88852018064,6.3
15657.303901752315,6.6
15739.1448426331,6.9
15821.413567227246,7.2
15904.112311566014,7.3
15987.243323368504,7.7
16070.808862102673,8.3
16154.811199046684,8.7
16239.252617350698,9.1
16324.135412099,9.4
16409.461890372313,9.5
16495.23437131044,9.7
16581.455186175313,9.9
16668.12667841462,10.1
16755.251203725067,9.6
