10.0,34.0
10.052270136285475,34.0
10.104813489285682,34.0
10.157631487108103,34.0
10.210725565324982,34.0
10.264097167012295,34.0
10.317747742789004,34.0
10.371678750856479,34.0
10.425891657038118,34.1
10.480387934819216,34.2
10.535169065386981,34.2
10.590236537670812,34.2
10.64559184838276,34.2
10.701236502058206,34.2
10.757172011096776,34.2
10.813399895803409,34.3
10.869921684429707,34.4
10.926738913215466,34.4
10.98385312643042,34.4
11.041265876416237,34.4
11.098978723628681,34.4
11.156993236680048,34.4
11.215310992381788,34.4
11.27393357578736,34.5
11.332862580235341,34.5
11.392099607392687,34.5
11.451646267298301,34.5
11.511504178406776,34.5
11.571674967632385,34.5
11.632160270393321,34.5
11.692961730656117,34.6
11.75408100098034,34.7
11.815519742563518,34.7
11.87727962528627,34.7
11.939362327757706,34.7
12.001769537361062,34.7
12.064502950299536,34.8
12.127564271642404,34.9
12.190955215371359,34.9
12.254677504427118,34.9
12.318732870756214,34.9
12.383123055358094,34.9
12.447849808332432,34.9
12.5129148889267,34.9
12.578320065583968,34.9
12.644067115991009,35.0
12.710157827126565,35.1
12.776593995309947,35.2
12.843377426249843,35.2
12.910509935093431,35.2
12.977993346475664,35.2
13.045829494568892,35.2
13.11402022313271,35.2
13.182567385564074,35.2
13.251472844947658,35.2
13.320738474106527,35.3
13.390366155653,35.4
13.460357782039841,35.4
13.530715255611682,35.4
13.601440488656761,35.4
13.672535403458848,35.4
13.744001932349526,35.4
13.815842017760701,35.4
13.888057612277397,35.4
13.960650678690818,35.4
14.033623190051728,35.5
14.10697712972403,35.6
14.180714491438705,35.6
14.25483727934799,35.6
14.32934750807987,35.6
14.404247202792797,35.6
14.479538399230764,35.6
14.55522314377862,35.6
14.631303493517702,35.6
14.707781516281727,35.6
14.784659290713032,35.7
14.861938906319022,35.7
14.939622463528993,35.7
15.017712073751214,35.7
15.096209859430308,35.8
15.175117954104964,35.8
15.254438502465888,35.8
15.334173660414118,35.8
15.414325595119617,35.8
15.494896485080169,35.9
15.575888520180618,35.9
15.65730390175234,35.9
15.73914484263311,35.9
15.821413567227237,35.9
15.904112311566013,35.9
15.98724332336852,35.9
16.070808862102673,35.9
16.154811199046666,36.0
16.239252617350697,36.0
16.324135412099007,36.0
16.409461890372306,36.0
16.495234371310413,36.0
16.58145518617534,36.0
16.668126678414627,36.0
16.755251203725052,36.0
16.84283113011666,36.1
16.930868837977105,36.1
17.01936672013636,36.1
17.108327181931763,36.1
17.197752641273365,36.1
17.28764552870969,36.1
17.378008287493753,36.1
17.4688433736495,36.2
17.560153256038525,36.2
17.651940416427212,36.2
17.744207349554188,36.2
17.836956563198083,36.2
17.93019057824573,36.2
18.023911928760675,36.2
18.118123162052047,36.3
18.21282683874379,36.3
18.30802553284428,36.3
18.403721831816252,36.3
18.499918336647156,36.3
18.59661766191982,36.3
18.69382243588356,36.3
18.791535300525574,36.3
18.889758911642755,36.4
18.98849593891389,36.4
19.08774906597221,36.4
19.187520990478333,36.4
19.287814424193606,36.4
19.388632093053765,36.4
19.48997673724305,36.4
19.591851111268685,36.4
19.69425798403576,36.4
19.79720013892245,36.4
19.90068037385568,36.5
20.004701501387192,36.5
20.109266348769967,36.5
20.214377758035074,36.5
20.320038586068932,36.5
20.426251704690927,36.5
20.533020000731486,36.6
20.64034637611054,36.6
20.748233747916412,36.6
20.856685048485062,36.6
20.965703225479817,36.6
21.075291241971485,36.6
21.185452076518878,36.7
21.296188723249774,36.7
21.407504191942323,36.7
21.519401508106792,36.7
21.631883713067854,36.7
21.744953864047204,36.7
21.858615034246718,36.7
21.972870312931903,36.7
22.087722805515906,36.8
22.203175633643916,36.8
22.319231935278008,36.9
22.435894864782412,36.9
22.553167593009288,36.9
22.671053307384867,36.9
22.789555211996095,36.9
22.908676527677724,36.9
23.028420492099883,36.9
23.148790359856015,36.9
23.26978940255137,36.9
23.391420908891938,36.9
23.51368818477381,36.9
23.63659455337303,36.9
23.760143355235964,37.0
23.884337948370025,37.2
24.009181708334992,37.2
24.134678028334722,37.2
24.260830319309434,37.2
24.387642010028344,37.2
24.515116547182902,37.2
24.64325739548046,37.2
24.772068037738443,37.2
24.901551974979007,37.2
25.031712726524198,37.2
25.162553830091625,37.3
25.294078841890578,37.3
25.426291336718684,37.3
25.559194908059133,37.4
25.692793168178262,37.4
25.827089748223784,37.4
25.96208829832347,37.4
26.097792487684362,37.4
26.234206004692496,37.4
26.371332557013133,37.4
26.5091758716916,37.4
26.647739695254497,37.5
26.787027793811582,37.6
26.9270439531581,37.6
27.06779197887776,37.6
27.209275696446046,37.6
27.351498951334275,37.6
27.494465609114105,37.6
27.638179555562576,37.6
27.782644696767733,37.6
27.92786495923483,37.6
28.07384428999299,37.6
28.220586656702505,37.6
28.368096047762684,37.6
28.516376472420284,37.6
28.66543196087842,37.6
28.815266564406134,37.7
28.965884355448516,37.7
29.11728942773738,37.7
29.26948589640251,37.7
29.42247789808359,37.7
29.57626959104251,37.7
29.730865155276486,37.7
29.88626879263161,37.7
30.04248472691713,37.7
30.19951720402016,37.8
30.357370492021133,37.8
30.516048881309793,37.8
30.675556684701824,37.9
30.835898237556027,37.9
30.99707789789224,37.9
31.15910004650967,37.9
31.321969087106055,37.9
31.485689446397288,37.9
31.650265574237824,37.9
31.815701943741516,37.9
31.98200305140326,37.9
32.14917341722119,37.9
32.31721758481955,37.9
32.486140121572134,37.9
32.655945618726484,37.9
32.82663869152868,37.9
32.99822397934869,37.9
33.170706145806605,37.9
33.34408987889928,38.0
33.51837989112781,38.1
33.69358091962557,38.1
33.86969772628702,38.1
34.04673509789711,38.1
34.224697846261364,38.1
34.40359080833668,38.1
34.58341884636283,38.1
34.764186847994516,38.1
34.94589972643436,38.1
35.12856242056629,38.1
35.312179895089876,38.1
35.496757140655234,38.1
35.68229917399868,38.1
35.86881103807908,38.1
36.05629780221492,38.1
36.24476456222205,38.1
36.434216440552284,38.1
36.6246585864325,38.1
36.81609617600466,38.2
37.00853441246656,38.3
37.2019785262131,38.3
37.39643377497855,38.3
37.591905443979435,38.3
37.788398846058186,38.3
37.985919321827524,38.3
38.184472239815605,38.3
38.384062996612016,38.3
38.584697017014335,38.3
38.786379754175634,38.3
38.98911668975273,38.3
39.1929133340551,38.3
39.39777522619469,38.3
39.60370793423646,38.3
39.810717055349734,38.3
40.0188082159603,38.3
40.227987071903335,38.3
40.43825930857721,38.3
40.64963064109788,38.3
40.8621068144543,38.3
41.075693603664625,38.3
41.29039681393302,38.3
41.506222280807584,38.3
41.72317587033889,38.4
41.94126347923944,38.5
42.16049103504393,38.5
42.38086449627034,38.5
42.60238985258197,38.5
42.825073124950116,38.5
43.04892036581776,38.5
43.27393765926414,38.5
43.500131121170035,38.5
43.727506899384,38.5
43.956071173889484,38.5
44.18583015697281,38.5
44.416790093392,38.5
44.648957260546474,38.5
44.88233796864779,38.5
45.116938560890986,38.5
45.35276541362708,38.5
45.58982493653644,38.5
45.82812357280281,38.5
46.067667799288614,38.5
46.308464126710895,38.5
46.55051909981832,38.5
46.793839297569036,38.5
47.03843133330949,38.5
47.28430185495417,38.5
47.531457545166376,38.5
47.77990512153967,38.5
48.02965133678067,38.5
48.28070297889241,38.5
48.53306687135893,38.5
48.78674987333074,38.5
49.041758879811184,38.5
49.298100821843896,38.5
49.55578266670119,38.6
49.81481141807335,38.7
50.07519411625915,38.7
50.336937838356974,38.7
50.60004969845742,38.7
50.86453684783644,38.7
51.13040647514984,38.7
51.39766580662862,38.7
51.66632210627541,38.7
51.93638267606184,38.7
52.20785485612707,38.7
52.48074602497726,38.7
52.75506359968615,38.7
53.030815036096584,38.7
53.308007829023246,38.7
53.58664951245627,38.7
53.866747659766084,38.7
54.148309883909214,38.7
54.431343837635225,38.7
54.7158572136947,38.7
55.00185774504835,38.7
55.28935320507712,38.7
55.57835140779364,38.7
55.86886020805435,38.7
56.160887501773274,38.7
56.45444122613637,38.7
56.74952935981742,38.7
57.04615992319485,38.7
57.34434097856969,38.7
57.64408063038476,38.7
57.94538702544487,38.7
58.24826835313831,38.7
58.552732845659456,38.7
58.85878877823242,38.7
59.166444469336014,38.7
59.475708280929936,38.7
59.786588618681876,38.7
60.0990939321961,38.7
60.41323271524305,38.7
60.72901350599024,38.7
61.046444887234294,38.7
61.365535486634215,38.7
61.686293976945976,38.7
62.008729076258064,38.7
62.332849548228545,38.7
62.658664202323344,38.7
62.98618189405547,38.7
63.315411525225876,38.7
63.64636204416533,38.7
63.979042445977655,38.7
64.31346177278421,38.7
64.64962911396958,38.7
64.98755360642885,38.7
65.32724443481563,38.7
65.66871083179183,38.7
66.01196207827876,38.7
66.35700750370908,38.7
66.7038564862806,38.7
67.05251845321108,38.7
67.40300288099445,38.7
67.75531929565844,38.7
68.1094772730234,38.7
68.46548643896274,38.7
68.82335646966433,38.7
69.18309709189363,38.7
69.54471808325809,38.7
69.90822927247277,38.7
70.27364053962762,38.7
70.6409618164559,38.7
71.01020308660422,38.7
71.38137438590384,38.7
71.75448580264342,38.7
72.12954747784322,38.7
72.50656960553087,38.7
72.88556243301818,38.7
73.26653626117992,38.7
73.64950144473359,38.7
74.03446839252094,38.7
74.42144756779092,38.7
74.810449488484,38.7
75.20148472751808,38.7
75.59456391307583,38.7
75.98969772889355,38.6
76.38689691455168,38.5
76.78617226576647,38.5
77.18753463468363,38.5
77.59099493017311,38.5
77.99656411812569,38.5
78.404253221751,38.5
78.8140733218772,38.5
79.226035557252,38.5
79.64015112484554,38.5
80.05643128015467,38.5
80.47488733750892,38.5
80.89553067037787,38.5
81.31837271168051,38.5
81.74342495409579,38.5
82.170698950375,38.5
82.60020631365589,38.5
83.03195871777821,38.5
83.46596789760103,38.5
83.90224564932171,38.5
84.34080383079642,38.5
84.78165436186265,38.5
85.22480922466286,38.5
85.67028046397054,38.5
86.11808018751721,38.5
86.56822056632171,38.5
87.020713835021,38.5
87.47557229220259,38.5
87.93280830073893,38.4
88.39243428812335,38.3
88.85446274680783,38.3
89.31890623454267,38.3
89.78577737471758,38.3
90.25508885670492,38.3
90.72685343620469,38.3
91.20108393559097,38.3
91.67779324426061,38.2
92.15699431898352,38.1
92.63870018425483,38.1
93.12292393264887,38.1
93.60967872517497,38.1
94.09897779163542,38.1
94.5908344309847,38.1
95.0852620116911,38.1
95.58227397210023,38.1
96.08188382079996,38.1
96.5841051369878,38.1
97.08895157083991,38.1
97.59643684388209,38.1
98.10657474936274,38.1
98.61937915262773,38.1
99.13486399149741,38.1
99.65304327664518,38.1
100.17393109197839,38.1
100.69754159502135,38.2
101.22388901729977,38.3
101.75298766472777,38.3
102.28485191799675,38.3
102.81949623296607,38.3
103.35693514105618,38.3
103.89718324964329,38.4
104.44025524245698,38.5
104.98616587997819,38.5
105.53492999984189,38.5
106.08656251723878,38.5
106.64107842532215,38.5
107.19849279561431,38.5
107.75882077841675,38.5
108.32207760322176,38.5
108.88827857912626,38.5
109.45743909524856,38.5
110.02957462114523,38.5
110.60470070723336,38.5
111.18283298521138,38.5
111.76398716848561,38.5
112.3481790525961,38.5
112.93542451564652,38.5
113.5257395187356,38.5
114.11914010639099,38.5
114.71564240700522,38.5
115.3152626332741,38.5
115.91801708263789,38.5
116.52392213772293,38.5
117.13299426678874,38.5
117.74525002417371,38.5
118.36070605074681,38.5
118.97937907435858,38.5
119.60128591029638,38.5
120.22644346174131,38.5
120.85486872022751,38.5
121.4865787661046,38.5
122.12159076900052,38.5
122.75992198829012,38.5
123.40158977356222,38.4
124.04661156509306,38.3
124.69500489431896,38.3
125.34678738431336,38.3
126.00197675026583,38.3
126.6605907999634,38.3
127.3226474342747,38.3
127.98816464763628,38.3
128.6571605285424,38.3
129.32965326003517,38.3
130.00566112020084,38.3
130.68520248266435,38.3
131.36829581709074,38.3
132.05495968968575,38.3
132.74521276370103,38.3
133.43907379994133,38.3
134.1365616572744,38.3
134.83769529314347,38.4
135.54249376408254,38.5
136.25097622623485,38.5
136.96316193587217,38.5
137.67907024992007,38.5
138.39872062648203,38.5
139.1221326253702,38.5
139.84932590863562,38.5
140.58032024110324,38.5
141.31513549090906,38.5
142.05379163003997,38.5
142.7963087348772,38.5
143.5427069867405,38.5
144.29300667243896,38.5
145.04722818481977,38.5
145.80539202332486,38.5
146.56751879454652,38.5
147.333629212788,38.5
148.1037441006266,38.5
148.87788438947953,38.5
149.65607112017267,38.5
150.43832544351253,38.4
151.2246686208618,38.4
152.01512202471548,38.3
152.80970713928414,38.3
153.6084455610754,38.3
154.41135899948313,38.3
155.218469277376,38.3
156.02979833169113,38.3
156.8453682140304,38.3
157.66520109125955,38.2
158.48931924611142,38.1
159.3177450777899,38.1
160.15050110258113,38.0
160.9876099544629,38.0
161.82909438572216,37.9
162.67497726757185,37.8
163.52528159077312,37.8
164.38003046626017,37.7
165.23924712576837,37.6
166.1029549224657,37.5
166.97117733158728,37.4
167.8439379510743,37.3
168.72126050221348,37.3
169.60316883028446,37.3
170.48968690520502,37.3
171.38083882218535,37.3
172.27664880238083,37.3
173.17714119355136,37.3
174.08234047072295,37.3
174.99227123685273,37.3
175.9069582234984,37.3
176.82642629148881,37.3
177.75070043160196,37.3
178.67980576524164,37.3
179.61376754512278,37.3
180.55261115595593,37.3
181.49636211513797,37.3
182.44504607344558,37.3
183.39868881573247,37.2
184.35731626163007,37.2
185.3209544662519,37.1
186.28962962090262,37.1
187.26336805378796,37.1
188.24219623073301,37.1
189.2261407558986,37.0
190.21522837250714,37.0
191.20948596356752,36.9
192.20894055260666,36.8
193.21361930440384,36.8
194.22354952572874,36.8
195.2387586660848,36.8
196.25927431845295,36.8
197.28512422004457,36.8
198.31633625305224,36.7
199.35293844541056,36.6
200.39495897155572,36.5
201.4424261531923,36.5
202.4953684600627,36.4
203.55381451072122,36.4
204.6177930733116,36.3
205.6873330663489,36.2
206.76246355950653,36.0
207.84321377440395,36.0
208.92961308540407,35.9
210.02169102040844,35.9
211.11947726166272,35.9
212.22300164656127,35.9
213.33229416845913,35.8
214.447384977487,35.8
215.5683043813707,35.7
216.69508284625502,35.7
217.8277509975314,35.6
218.9663396206716,35.6
220.1108796620618,35.5
221.26140222984722,35.5
222.41793859477394,35.4
223.5805201910423,35.4
224.74917861715863,35.3
225.9239456367954,35.2
227.10485317965416,35.1
228.29193334233327,35.0
229.48521838920135,34.9
230.68474075327168,34.8
231.89053303708724,34.7
233.102628013603,34.6
234.32105862708036,34.6
235.5458579939798,34.5
236.77705940386227,34.5
238.0146963202937,34.4
239.25880238175446,34.4
240.50941140255387,34.4
241.76655737374873,34.3
243.03027446406858,34.2
244.30059702084168,34.1
245.57755957093218,34.1
246.86119682167464,34.0
248.1515436618211,34.0
249.44863516248657,33.9
250.75250657810346,33.8
252.0631933473797,33.7
253.3807310942614,33.6
254.7051556289027,33.5
256.03650294863604,33.5
257.3748092389545,33.4
258.72011087449107,33.3
260.0724444200114,33.2
261.4318466314045,33.2
262.79835445668317,33.1
264.17200503698814,33.1
265.5528357075972,33.0
266.94088399894025,32.9
268.336187637619,32.8
269.7387845474336,32.7
271.1487128504106,32.6
272.56601086784315,32.5
273.9907171213279,32.4
275.4228703338166,32.3
276.86250943066517,32.2
278.30967354069315,32.1
279.764401997247,32.0
281.2267343392687,32.0
282.6967103123723,31.9
284.1743698699204,31.8
285.65975317411466,31.7
287.152900597083,31.6
288.6538527219809,31.5
290.16265034409145,31.5
291.67933447193553,31.4
293.203946328386,31.3
294.7365273517884,31.2
296.27711919708696,31.1
297.8257637369567,30.9
299.38250306294265,30.8
300.947379486601,30.7
302.52043554065347,30.7
304.1017139801383,30.6
305.69125778357716,30.6
307.2891101541398,30.5
308.8953145208197,30.5
310.5099145396145,30.4
312.1329540947119,30.3
313.76447729968413,30.3
315.40452849868336,30.2
317.0531522676519,30.2
318.71039341552853,30.2
320.3762969854716,30.2
322.05090825607795,30.2
323.7342727426186,30.1
325.4264361982722,30.0
327.1274446153702,29.9
328.83734422664674,29.7
330.55618150649445,29.6
332.28400317222986,29.6
334.02085618535915,29.5
335.76678775285944,29.5
337.52184532845695,29.4
339.28607661392135,29.4
341.0595295603587,29.4
342.84225236951676,29.4
344.63429349509414,29.4
346.4357016440579,29.3
348.24652577796684,29.2
350.06681511430224,29.1
351.8966191278073,29.0
353.7359875518278,28.9
355.5849703796693,28.8
357.44361786595016,28.7
359.3119805279728,28.6
361.1901091470929,28.5
363.0780547701014,28.4
364.9758687106112,28.4
366.8836025504522,28.3
368.80130814107446,28.2
370.72903760495365,28.2
372.66684333701346,28.1
374.6147780060434,28.1
376.57289455613636,28.0
378.54124620812286,28.0
380.5198864610201,28.0
382.50886909348526,28.0
384.5082481652772,28.0
386.51807801872604,28.0
388.53841328020957,28.0
390.56930886163985,27.9
392.6108199619517,27.8
394.6630020686084,27.8
396.7259109591041,27.8
398.7996027024853,27.8
400.8841336608706,27.8
402.9795604909844,27.8
405.0859401456969,27.8
407.20332987557106,27.8
409.331787230421,27.8
411.4713700608718,27.8
413.6221365199375,27.8
415.78414506459575,27.8
417.95745445738237,27.8
420.1421237679842,27.7
422.33821237484636,27.6
424.5457799667861,27.6
426.76488654461485,27.6
428.9955924227691,27.6
431.23795823094935,27.6
433.49204491576995,27.7
435.7579137424112,27.8
438.0356262962907,27.8
440.3252444847303,27.8
442.62683053864555,27.8
444.9404470142319,27.8
447.2661567946673,27.8
449.60402309182115,27.8
451.9541094479714,27.8
454.3164797375345,27.8
456.6911981687959,27.8
459.0783292856624,27.8
461.4779379694089,27.8
463.89008944044906,27.8
466.31484926010245,27.9
468.7522833323791,28.0
471.20245790577025,28.0
473.6654395750488,28.0
476.14129528307956,28.0
478.630092322638,28.0
481.1318983382419,28.0
483.6467813279844,28.0
486.1748096453894,28.1
488.7160520012619,28.1
491.27057746556244,28.2
493.8384554692794,28.2
496.4197558063182,28.3
499.01454863539806,28.3
501.6229044819588,28.3
504.24489424007766,28.4
506.88058917439554,28.5
509.53006092205686,28.5
512.1933814946506,28.5
514.8706232801756,28.5
517.5618590449992,28.5
520.2671619358439,28.6
522.9866054817683,28.7
525.7202635961694,28.7
528.4682105787901,28.7
531.230521117739,28.7
534.0072702915224,28.7
536.7985335710792,28.7
539.6043868218401,28.7
542.4249063057814,28.7
545.2601686835053,28.9
548.1102510163182,29.0
550.9752307683272,29.0
553.8551858085453,29.0
556.7501944130083,29.0
559.6603352669016,29.0
562.5856874666987,29.0
565.5263305223134,29.0
568.4823443592555,29.1
571.4538093208106,29.1
574.4408061702153,29.1
577.4434160928608,29.2
580.4617206984933,29.2
583.4958020234345,29.3
586.5457425328113,29.3
589.6116251227962,29.3
592.6935331228639,29.4
595.7915502980484,29.5
598.9057608512304,29.5
602.0362494254149,29.6
605.1831011060411,29.7
608.3464014232891,29.8
611.5262363544065,29.8
614.7226923260454,29.9
617.9358562166111,30.0
621.1658153586235,30.1
624.4126575410903,30.1
627.6764710118958,30.2
630.957344480193,30.2
634.2553671188238,30.2
637.5706285667327,30.3
640.9032189314127,30.3
644.2532287913472,30.4
647.6207491984753,30.4
651.0058716806659,30.5
654.4086882442045,30.6
657.8292913762976,30.6
661.2677740475787,30.6
664.7242297146454,30.7
668.1987523225889,30.8
671.6914363075575,30.9
675.2023765993158,31.0
678.7316686238282,31.1
682.2794083058518,31.2
685.8456920715438,31.3
689.4306168510824,31.4
693.0342800813003,31.5
696.6567797083366,31.6
700.2982141902914,31.7
703.9586824999124,31.8
707.6382841272731,31.8
711.3371190824884,31.9
715.0552878984242,31.9
718.7928916334344,32.0
722.5500318741055,32.0
726.3268107380181,32.1
730.123330876526,32.2
733.9396954775374,32.2
737.7760082683312,32.3
741.6323735183645,32.4
745.508896042117,32.5
749.4056812019327,32.6
753.3228349108862,32.7
757.2604636356614,32.7
761.2186743994453,32.8
765.1975747848361,32.8
769.1972729367671,32.8
773.2178775654501,32.8
777.2594979493206,32.9
781.3222439380205,32.9
785.406225955371,33.0
789.5115550023859,33.0
793.6383426602791,33.1
797.7867010935024,33.1
801.9567430527921,33.1
806.1485818782347,33.1
810.3623315023465,33.1
814.59810645317,33.1
818.8560218573906,33.2
823.1361934434566,33.2
827.4387375447371,33.2
831.7637711026708,33.2
836.1114116699566,33.3
840.4817774137397,33.3
844.8749871188272,33.3
849.2911601909162,33.3
853.7304166598383,33.4
858.1928771828257,33.4
862.6786630477819,33.4
867.1878961765907,33.5
871.7206991284164,33.5
876.2771951030477,33.6
880.8575079442367,33.6
885.4617621430697,33.6
890.0900828413493,33.7
894.742595834996,33.7
899.4194275774676,33.8
904.1207051831946,33.8
908.8465564310401,33.8
913.5971097677627,33.8
918.3724943115215,33.8
923.1728398553701,33.9
927.998276870799,34.0
932.8489365112713,34.0
937.7249506157918,34.0
942.6264517124897,34.0
947.5535730222193,34.0
952.5064484621864,34.0
957.4852126495767,34.0
962.4900009052299,34.0
967.5209492573013,34.0
972.5781944449744,34.0
977.6618739221665,34.0
982.772125861269,34.0
987.9090891569025,34.0
993.0729034296917,34.0
998.26370903006,34.0
1003.4816470420445,34.0
1008.7268592871307,34.0
1013.9994883281055,34.1
1019.2996774729368,34.1
1024.627570778662,34.2
1029.9833130553077,34.2
1035.3670498698243,34.2
1040.778927550043,34.2
1046.219093188652,34.2
1051.687694647196,34.2
1057.1848805600926,34.2
1062.7108003386745,34.2
1068.2656041752484,34.2
1073.849443047181,34.2
1079.4624687209969,34.2
1085.104833756507,34.2
1090.7766915109553,34.2
1096.4781961431852,34.2
1102.2095026178308,34.2
1107.9707667095288,34.2
1113.7621450071517,34.3
1119.5837949180645,34.3
1125.4358746724013,34.4
1131.3185433273702,34.4
1137.231960771571,34.4
1143.1762877293438,34.4
1149.1516857651375,34.4
1155.1583172879002,34.4
1161.1963455554942,34.4
1167.2659346791324,34.4
1173.3672496278396,34.4
1179.5004562329357,34.4
1185.6657211925422,34.4
1191.8632120761172,34.3
1198.0930973290035,34.2
1204.355546277011,34.2
1210.650729131018,34.2
1216.9788169915967,34.2
1223.3399818536654,34.2
1229.7343966111616,34.1
1236.162235061742,34.0
1242.6236719115057,34.0
1249.1188827797416,34.0
1255.6480442037073,34.0
1262.2113336434193,34.0
1268.8089294864806,33.9
1275.4410110529293,33.8
1282.1077586001115,33.6
1288.8093533275808,33.6
1295.5459773820237,33.5
1302.3178138622095,33.5
1309.1250468239675,33.4
1315.967861285188,33.3
1322.8464432308563,33.3
1329.7609796180998,33.3
1336.7116583812742,33.3
1343.6986684370715,33.3
1350.7221996896535,33.2
1357.782443035813,33.1
1364.879590370164,33.1
1372.0138345903551,33.0
1379.1853696023147,33.0
1386.3943903255179,32.9
1393.6410926982915,32.9
1400.9256736831292,32.8
1408.248331272053,32.8
1415.6092644919916,32.7
1423.0086734101894,32.7
1430.4467591396458,32.7
1437.9237238445805,32.7
1445.439770745928,32.6
1452.9951041268616,32.6
1460.589929338344,32.6
1468.224452804715,32.6
1475.898882029292,32.6
1483.6134256000173,32.5
1491.3682931951248,32.5
1499.1636955888393,32.4
1506.999844657106,32.3
1514.8769533833477,32.3
1522.7952358642551,32.3
1530.754907315605,32.3
1538.7561840781082,32.2
1546.799283623296,32.2
1554.8844245594228,32.1
1563.0118266374113,32.1
1571.181710756826,32.1
1579.3942989718767,32.1
1587.649814497453,32.1
1595.9484817151922,32.1
1604.2905261795772,32.1
1612.6761746240677,32.1
1621.1056549672617,32.1
1629.5791963190893,32.1
1638.097028987047,32.1
1646.6593844824454,32.0
1655.266495526711,31.9
1663.9185960577072,31.9
1672.6159212360947,31.9
1681.3587074517213,31.9
1690.1471923300487,31.9
1698.9816147386093,31.9
1707.8622147934998,31.9
1716.789233865905,31.9
1725.7629145886658,31.9
1734.7835008628629,31.9
1743.8512378644525,31.9
1752.9663720509295,31.9
1762.1291511680254,31.9
1771.3398242564415,31.8
1780.598641658619,31.8
1789.9058550255418,31.8
1799.2617173235774,31.8
1808.6664828413498,31.8
1818.1204071966588,31.7
1827.6237473434162,31.7
1837.1767615786375,31.6
1846.7797095494598,31.5
1856.4328522602,31.5
1866.1364520794475,31.4
1875.8907727471963,31.4
1885.6960793820124,31.4
1895.552638488241,31.4
1905.4607179632462,31.4
1915.4205871047022,31.3
1925.4325166178992,31.2
1935.4967786231095,31.1
1945.6136466629825,31.1
1955.783395709978,31.1
1966.006302173841,31.1
1976.282643909114,31.0
1986.6127002226892,30.9
1996.996751881399,30.9
2007.4350811196462,30.9
2017.927971647083,30.9
2028.4757086563097,30.9
2039.078578830634,30.8
2049.736870351861,30.8
2060.4508729081267,30.7
2071.22087770177,30.7
2082.0471774572497,30.7
2092.9300664290977,30.7
2103.8698404099196,30.7
2114.8667967384304,30.7
2125.9212343075446,30.8
2137.0334535724887,30.9
2148.2037565589744,30.9
2159.4324468714053,30.9
2170.71982970113,30.9
2182.0662118347364,30.9
2193.4719016623894,30.9
2204.937209186215,30.9
2216.4624460287228,30.8
2228.0479254412767,30.7
2239.6939623126154,30.7
2251.4008731773993,30.6
2263.168976224821,30.6
2274.9985913072546,30.6
2286.890039948944,30.5
2298.843645354747,30.5
2310.8597324189163,30.4
2322.9386277339318,30.3
2335.0806595993763,30.3
2347.2861580308577,30.2
2359.5554547689862,30.1
2371.8888832883777,30.0
2384.2867788067265,29.9
2396.7494782939148,29.8
2409.2773204811715,29.8
2421.8706458702773,29.7
2434.5297967428205,29.7
2447.2551171695004,29.7
2460.0469530194778,29.7
2472.905651969775,29.7
2485.8315635147337,29.6
2498.825038975499,29.5
2511.88643150958,29.5
2525.0160961204438,29.5
2538.2143896671673,29.5
2551.481670874133,29.5
2564.8183003407817,29.5
2578.224640551411,29.5
2591.7010558850307,29.5
2605.247912625263,29.5
2618.8655789702975,29.5
2632.5544250429093,29.5
2646.314822900502,29.5
2660.14714654523,29.5
2674.051771934164,29.5
2688.029076989506,29.5
2702.079441608862,29.5
2716.20324767557,29.5
2730.400879069075,29.5
2744.6727216753675,29.5
2759.0191633974646,29.5
2773.440594165967,29.5
2787.9374059496395,29.5
2802.509992766076,29.5
2817.1587506924047,29.5
2831.8840778760564,29.5
2846.686374545581,29.5
2861.5660430215316,29.5
2876.5234877273942,29.4
2891.5591152005823,29.4
2906.6733341034837,29.4
2921.8665552345788,29.5
2937.139191539587,29.5
2952.4916581227058,29.5
2967.9243722578863,29.5
2983.4377534001765,29.5
2999.0322231971227,29.5
3014.7082055002275,29.6
3030.466126376471,29.7
3046.306414119893,29.8
3062.229499263226,30.0
3078.2358145896155,30.1
3094.325795144359,30.3
3110.4998782467446,30.5
3126.7585035019356,30.6
3143.1021128129173,30.7
3159.5311503925072,30.7
3176.0460627754296,30.8
3192.6472988304513,30.8
3209.335309772584,30.9
3226.1105491753406,30.9
3242.973472983081,31.0
3259.924539523382,31.0
3276.9642095195077,31.1
3294.0929461029286,31.1
3311.311214825911,31.2
3328.6194836741684,31.3
3346.018223079582,31.4
3363.507905932988,31.4
3381.089007597027,31.4
3398.762005919066,31.4
3416.527381244194,31.3
3434.385616428264,31.2
3452.337196851022,31.1
3470.382610429304,31.2
3488.5223476302926,31.3
3506.7569014848486,31.4
3525.0867676009134,31.4
3543.512444176976,31.4
3562.034432015617,31.4
3580.6532345371147,31.4
3599.369357793143,31.4
3618.1833104805046,31.4
3637.095603954969,31.4
3656.1067522451726,31.3
3675.2172720665826,31.2
3694.4276828355482,31.1
3713.738506683413,31.0
3733.1502684707093,31.0
3752.6634958014215,30.9
3772.2787190373247,30.8
3791.9964713124127,30.8
3811.817288547367,30.7
3831.7417094641373,30.7
3851.7702756005806,30.6
3871.9035313251793,30.6
3892.1420238518376,30.5
3912.4863032547537,30.4
3932.936922483372,30.3
3953.4944373774106,30.2
3974.1594066819653,30.1
3994.9323920627126,30.0
4015.8139581211503,29.9
4036.8046724099613,29.8
4057.9051054484326,29.7
4079.115830737964,29.6
4100.437424777656,29.6
4121.870467079975,29.5
4143.41554018651,29.4
4165.0732296838005,29.3
4186.844124219257,29.0
4208.728815517151,28.6
4230.72789839472,28.4
4252.841970778305,28.4
4275.071633719623,28.4
4297.417491412092,28.5
4319.880151207261,28.5
4342.460223631314,28.5
4365.158322401661,28.5
4387.975064443623,28.5
4410.911069907196,28.6
4433.9669621839075,28.7
4457.1433679237725,28.7
4480.4409170523,28.7
4503.860242787635,28.7
4527.40198165776,28.6
4551.0667735177985,28.6
4574.855261567406,28.5
4598.768092368251,28.4
4622.80591586159,28.3
4646.969385385929,28.2
4671.25915769478,28.1
4695.675892974527,27.9
4720.220254862348,27.6
4744.892910464259,27.4
4769.694530373255,27.1
4794.625788687525,26.9
4819.68736302878,26.7
4844.87993456067,26.4
4870.204188007296,26.1
4895.660811671819,25.8
4921.250497455168,25.5
4946.973940874864,25.2
4972.8318410838865,25.0
4998.824900889706,24.7
5024.953826773381,24.5
5051.219328908747,24.3
5077.622121181736,24.0
5104.162921209768,23.7
5130.842450361258,23.4
5157.661433775227,23.0
5184.620600380999,22.6
5211.720682918039,22.3
5238.962417955835,22.2
5266.346545913939,22.0
5293.873811082085,21.9
5321.544961640422,21.6
5349.360749679845,21.4
5377.321931222439,21.3
5405.429266242027,21.1
5433.683518684824,20.4
5462.085456490198,19.6
5490.635851611563,19.2
5519.335480037329,18.8
5548.185121812011,18.6
5577.185561057427,18.4
5606.337585994012,18.1
5635.641988962242,17.8
5665.0995664441625,17.5
5694.7111190850455,17.2
5724.477451715144,17.1
5754.399373371566,17.1
5784.477697320285,17.2
5814.713241078208,17.4
5845.10682643542,17.5
5875.659279477514,17.6
5906.371430608045,17.7
5937.244114571097,17.7
5968.278170473975,17.7
5999.4744418100045,17.8
6030.833776481469,17.9
6062.357026822636,17.9
6094.045049622959,18.0
6125.898706150321,18.0
6157.918862174471,18.1
6190.106387990547,18.3
6222.462158442733,18.5
6254.987052948034,18.7
6287.681955520183,18.9
6320.547754793659,19.1
6353.585344047851,19.1
6386.795621231329,19.2
6420.179488986247,19.3
6453.7378546729,19.4
6487.471630394349,19.4
6521.381733021235,19.4
6555.469084216698,19.5
6589.734610461422,19.5
6624.179243078815,19.7
6658.80391826033,20.0
6693.609577090902,20.2
6728.597165574533,20.4
6763.767634659991,20.7
6799.1219402666875,21.3
6834.661043310619,21.6
6870.385909730507,21.9
6906.297510514049,22.1
6942.39682172431,22.4
6978.684824526248,22.9
7015.162505213385,23.2
7051.830855234612,23.4
7088.690871221135,23.6
7125.7435550135615,24.0
7162.989913689153,24.3
7200.430959589155,24.8
7238.067710346342,25.3
7275.901188912673,25.6
7313.932423587085,25.8
7352.162448043451,26.1
7390.59230135867,26.5
7429.22302804091,26.8
7468.055678057999,27.1
7507.091306865953,27.5
7546.330975437692,27.9
7585.775750291836,28.4
7625.426703521717,28.9
7665.284912824515,29.2
7705.351461530549,29.3
7745.627438632719,29.7
7786.113938816104,30.2
7826.81206248772,30.5
7867.722915806424,30.6
7908.847610712972,30.7
7950.187264960275,30.7
7991.743002143727,30.8
8033.515951731782,30.9
8075.507249096639,30.9
8117.718035545101,30.9
8160.149458349601,30.9
8202.80267077938,30.9
8245.67883213183,30.8
8288.77910776401,30.8
8332.104669124305,30.7
8375.656693784302,30.7
8419.436365470749,30.7
8463.444874097753,30.7
8507.683415799123,30.7
8552.153192960874,30.7
8596.855414253905,30.7
8641.791294666864,30.6
8686.962055539152,30.5
8732.36892459413,30.4
8778.01313597248,30.3
8823.895930265779,30.2
8870.018554550163,30.0
8916.382262420266,29.9
8962.988314023276,29.6
9009.83797609319,28.6
9056.932521985234,27.6
9104.273231710486,27.4
9151.861391970657,27.0
9199.698296193066,26.3
9247.785244565785,25.7
9296.12354407301,24.5
9344.714508530542,23.2
9393.559458621517,22.7
9442.659721932305,21.8
9492.016632988581,20.1
9541.631533291613,18.8
9591.505771354708,18.2
9641.64070273987,17.6
9692.037690094652,16.5
9742.698103189163,15.4
9793.623318953358,14.9
9844.814721514387,14.0
9896.27370223427,13.0
9948.001659747684,12.6
10000.0,12.3
10052.270136285486,11.7
10104.813489285681,11.2
10157.6314871081,11.2
10210.725565324987,10.9
10264.09716701231,10.3
10317.747742788988,10.4
10371.678750856474,11.3
10425.891657038128,12.1
10480.387934819217,12.4
10535.16906538697,13.4
10590.236537670813,15.1
10645.591848382772,16.9
10701.236502058211,17.8
10757.172011096769,18.1
10813.399895803414,18.3
10869.921684429703,18.5
10926.73891321545,18.6
10983.85312643042,18.7
11041.265876416248,18.8
11098.978723628681,18.9
11156.993236680037,18.9
11215.310992381786,19.0
11273.933575787378,19.0
11332.862580235347,19.1
11392.099607392682,19.1
11451.646267298307,19.1
11511.504178406769,19.2
11571.674967632372,19.2
11632.16027039332,19.1
11692.961730656129,18.9
11754.08100098034,18.7
11815.519742563505,18.5
11877.27962528627,18.1
11939.362327757724,17.6
12001.76953736107,17.1
12064.50295029953,16.5
12127.56427164241,16.1
12190.95521537136,15.9
12254.677504427105,15.7
12318.732870756214,15.4
12383.123055358106,15.2
12447.849808332432,15.0
12512.914888926687,14.4
12578.320065583976,13.8
12644.067115991029,13.4
12710.157827126544,13.0
12776.593995309939,12.6
12843.377426249857,10.3
12910.50993509343,5.9
12977.99334647565,5.4
13045.829494568892,4.9
13114.020223132724,8.2
13182.567385564074,10.9
13251.472844947652,10.6
13320.738474106534,11.5
13390.366155652993,14.3
13460.35778203982,15.0
13530.715255611682,16.5
13601.440488656775,17.9
13672.535403458849,18.3
13744.001932349513,18.8
13815.842017760702,19.4
13888.057612277411,19.9
13960.650678690825,20.2
14033.62319005172,20.8
14106.977129724035,21.3
14180.714491438697,21.4
14254.837279347976,21.5
14329.347508079869,21.6
14404.247202792812,21.5
14479.538399230763,21.4
14555.223143778607,21.3
14631.303493517702,21.2
14707.78151628175,20.9
14784.65929071304,19.9
14861.938906319014,18.9
14939.622463529,18.2
15017.712073751207,17.5
15096.209859430292,15.1
15175.117954104964,11.2
15254.438502465904,7.3
15334.173660414117,5.3
15414.325595119602,5.2
15494.896485080177,5.1
15575.88852018064,5.0
15657.303901752315,4.9
15739.1448426331,4.8
15821.413567227246,4.7
15904.112311566014,5.1
15987.243323368504,5.8
16070.808862102673,7.4
16154.811199046684,8.8
16239.252617350698,9.9
16324.135412099,11.2
16409.461890372313,11.9
16495.23437131044,12.6
16581.455186175313,13.8
16668.12667841462,14.7
16755.251203725067,15.1
