10.0,37.8
10.052270136285475,37.9
10.104813489285682,37.9
10.157631487108103,37.9
10.210725565324982,37.9
10.264097167012295,37.9
10.317747742789004,38.1
10.371678750856479,38.2
10.425891657038118,38.2
10.480387934819216,38.3
10.535169065386981,38.3
10.590236537670812,38.4
10.64559184838276,38.4
10.701236502058206,38.4
10.757172011096776,38.4
10.813399895803409,38.5
10.869921684429707,38.5
10.926738913215466,38.6
10.98385312643042,38.6
11.041265876416237,38.7
11.098978723628681,38.7
11.156993236680048,38.7
11.215310992381788,38.7
11.27393357578736,38.7
11.332862580235341,38.8
11.392099607392687,38.8
11.451646267298301,38.9
11.511504178406776,39.0
11.571674967632385,39.0
11.632160270393321,39.1
11.692961730656117,39.1
11.75408100098034,39.3
11.815519742563518,39.4
11.87727962528627,39.4
11.939362327757706,39.4
12.001769537361062,39.4
12.064502950299536,39.4
12.127564271642404,39.4
12.190955215371359,39.5
12.254677504427118,39.5
12.318732870756214,39.6
12.383123055358094,39.7
12.447849808332432,39.7
12.5129148889267,39.8
12.578320065583968,39.8
12.644067115991009,39.8
12.710157827126565,39.8
12.776593995309947,39.9
12.843377426249843,39.9
12.910509935093431,39.9
12.977993346475664,39.9
13.045829494568892,39.9
13.11402022313271,39.9
13.182567385564074,40.0
13.251472844947658,40.0
13.320738474106527,40.1
13.390366155653,40.2
13.460357782039841,40.3
13.530715255611682,40.3
13.601440488656761,40.3
13.672535403458848,40.3
13.744001932349526,40.5
13.815842017760701,40.6
13.888057612277397,40.6
13.960650678690818,40.6
14.033623190051728,40.6
14.10697712972403,40.6
14.180714491438705,40.6
14.25483727934799,40.6
14.32934750807987,40.8
14.404247202792797,40.9
14.479538399230764,41.0
14.55522314377862,41.0
14.631303493517702,41.0
14.707781516281727,41.0
14.784659290713032,41.0
14.861938906319022,41.1
14.939622463528993,41.1
15.017712073751214,41.1
15.096209859430308,41.1
15.175117954104964,41.1
15.254438502465888,41.1
15.334173660414118,41.1
15.414325595119617,41.2
15.494896485080169,41.3
15.575888520180618,41.4
15.65730390175234,41.4
15.73914484263311,41.5
15.821413567227237,41.5
15.904112311566013,41.5
15.98724332336852,41.6
16.070808862102673,41.7
16.154811199046666,41.8
16.239252617350697,41.8
16.324135412099007,41.9
16.409461890372306,42.0
16.495234371310413,42.0
16.58145518617534,42.0
16.668126678414627,42.0
16.755251203725052,42.0
16.84283113011666,42.0
16.930868837977105,42.0
17.01936672013636,42.1
17.108327181931763,42.1
17.197752641273365,42.2
17.28764552870969,42.2
17.378008287493753,42.3
17.4688433736495,42.3
17.560153256038525,42.3
17.651940416427212,42.3
17.744207349554188,42.4
17.836956563198083,42.4
17.93019057824573,42.5
18.023911928760675,42.5
18.118123162052047,42.5
18.21282683874379,42.5
18.30802553284428,42.6
18.403721831816252,42.6
18.499918336647156,42.7
18.59661766191982,42.7
18.69382243588356,42.7
18.791535300525574,42.7
18.889758911642755,42.8
18.98849593891389,42.9
19.08774906597221,42.9
19.187520990478333,42.9
19.287814424193606,42.9
19.388632093053765,42.9
19.48997673724305,43.1
19.591851111268685,43.2
19.69425798403576,43.2
19.79720013892245,43.2
19.90068037385568,43.2
20.004701501387192,43.3
20.109266348769967,43.4
20.214377758035074,43.4
20.320038586068932,43.4
20.426251704690927,43.4
20.533020000731486,43.4
20.64034637611054,43.5
20.748233747916412,43.6
20.856685048485062,43.6
20.965703225479817,43.6
21.075291241971485,43.6
21.185452076518878,43.6
21.296188723249774,43.7
21.407504191942323,43.7
21.519401508106792,43.7
21.631883713067854,43.7
21.744953864047204,43.7
21.858615034246718,43.8
21.972870312931903,43.9
22.087722805515906,43.9
22.203175633643916,43.9
22.319231935278008,43.9
22.435894864782412,43.9
22.553167593009288,44.0
22.671053307384867,44.1
22.789555211996095,44.1
22.908676527677724,44.1
23.028420492099883,44.1
23.148790359856015,44.1
23.26978940255137,44.3
23.391420908891938,44.4
23.51368818477381,44.4
23.63659455337303,44.4
23.760143355235964,44.4
23.884337948370025,44.4
24.009181708334992,44.4
24.134678028334722,44.4
24.260830319309434,44.5
24.387642010028344,44.6
24.515116547182902,44.6
24.64325739548046,44.6
24.772068037738443,44.7
24.901551974979007,44.7
25.031712726524198,44.8
25.162553830091625,44.8
25.294078841890578,44.8
25.426291336718684,44.8
25.559194908059133,44.8
25.692793168178262,44.8
25.827089748223784,44.8
25.96208829832347,44.8
26.097792487684362,44.9
26.234206004692496,44.9
26.371332557013133,44.9
26.5091758716916,44.9
26.647739695254497,44.9
26.787027793811582,45.0
26.9270439531581,45.1
27.06779197887776,45.1
27.209275696446046,45.1
27.351498951334275,45.1
27.494465609114105,45.2
27.638179555562576,45.3
27.782644696767733,45.3
27.92786495923483,45.3
28.07384428999299,45.3
28.220586656702505,45.3
28.368096047762684,45.3
28.516376472420284,45.3
28.66543196087842,45.4
28.815266564406134,45.5
28.965884355448516,45.6
29.11728942773738,45.6
29.26948589640251,45.6
29.42247789808359,45.6
29.57626959104251,45.7
29.730865155276486,45.8
29.88626879263161,45.8
30.04248472691713,45.8
30.19951720402016,45.8
30.357370492021133,45.8
30.516048881309793,45.9
30.675556684701824,46.0
30.835898237556027,46.0
30.99707789789224,46.0
31.15910004650967,46.0
31.321969087106055,46.0
31.485689446397288,46.0
31.650265574237824,46.0
31.815701943741516,46.0
31.98200305140326,46.0
32.14917341722119,46.0
32.31721758481955,46.1
32.486140121572134,46.1
32.655945618726484,46.1
32.82663869152868,46.1
32.99822397934869,46.1
33.170706145806605,46.1
33.34408987889928,46.1
33.51837989112781,46.1
33.69358091962557,46.1
33.86969772628702,46.1
34.04673509789711,46.1
34.224697846261364,46.1
34.40359080833668,46.1
34.58341884636283,46.2
34.764186847994516,46.2
34.94589972643436,46.3
35.12856242056629,46.3
35.312179895089876,46.3
35.496757140655234,46.3
35.68229917399868,46.3
35.86881103807908,46.3
36.05629780221492,46.3
36.24476456222205,46.3
36.434216440552284,46.3
36.6246585864325,46.3
36.81609617600466,46.4
37.00853441246656,46.5
37.2019785262131,46.5
37.39643377497855,46.5
37.591905443979435,46.5
37.788398846058186,46.5
37.985919321827524,46.5
38.184472239815605,46.5
38.384062996612016,46.5
38.584697017014335,46.5
38.786379754175634,46.6
38.98911668975273,46.7
39.1929133340551,46.8
39.39777522619469,46.9
39.60370793423646,46.9
39.810717055349734,47.0
40.0188082159603,47.0
40.227987071903335,47.1
40.43825930857721,47.2
40.64963064109788,47.2
40.8621068144543,47.2
41.075693603664625,47.2
41.29039681393302,47.2
41.506222280807584,47.3
41.72317587033889,47.3
41.94126347923944,47.3
42.16049103504393,47.3
42.38086449627034,47.3
42.60238985258197,47.4
42.825073124950116,47.5
43.04892036581776,47.5
43.27393765926414,47.5
43.500131121170035,47.5
43.727506899384,47.5
43.956071173889484,47.5
44.18583015697281,47.5
44.416790093392,47.4
44.648957260546474,47.3
44.88233796864779,47.3
45.116938560890986,47.3
45.35276541362708,47.3
45.58982493653644,47.3
45.82812357280281,47.2
46.067667799288614,47.2
46.308464126710895,47.2
46.55051909981832,47.1
46.793839297569036,47.1
47.03843133330949,47.0
47.28430185495417,47.0
47.531457545166376,47.0
47.77990512153967,47.0
48.02965133678067,47.0
48.28070297889241,47.0
48.53306687135893,47.0
48.78674987333074,47.0
49.041758879811184,47.0
49.298100821843896,47.0
49.55578266670119,47.0
49.81481141807335,47.0
50.07519411625915,47.0
50.336937838356974,46.9
50.60004969845742,46.9
50.86453684783644,46.8
51.13040647514984,46.8
51.39766580662862,46.8
51.66632210627541,46.8
51.93638267606184,46.8
52.20785485612707,46.8
52.48074602497726,46.8
52.75506359968615,46.7
53.030815036096584,46.6
53.308007829023246,46.5
53.58664951245627,46.4
53.866747659766084,46.3
54.148309883909214,46.2
54.431343837635225,46.2
54.7158572136947,46.1
55.00185774504835,46.1
55.28935320507712,46.1
55.57835140779364,46.1
55.86886020805435,46.1
56.160887501773274,46.0
56.45444122613637,46.0
56.74952935981742,46.0
57.04615992319485,46.0
57.34434097856969,46.0
57.64408063038476,46.0
57.94538702544487,46.0
58.24826835313831,46.0
58.552732845659456,46.0
58.85878877823242,46.0
59.166444469336014,46.0
59.475708280929936,46.0
59.786588618681876,46.0
60.0990939321961,46.0
60.41323271524305,46.1
60.72901350599024,46.1
61.046444887234294,46.2
61.365535486634215,46.2
61.686293976945976,46.3
62.008729076258064,46.3
62.332849548228545,46.3
62.658664202323344,46.3
62.98618189405547,46.4
63.315411525225876,46.5
63.64636204416533,46.5
63.979042445977655,46.5
64.31346177278421,46.5
64.64962911396958,46.5
64.98755360642885,46.5
65.32724443481563,46.5
65.66871083179183,46.5
66.01196207827876,46.6
66.35700750370908,46.7
66.7038564862806,46.8
67.05251845321108,46.9
67.40300288099445,46.9
67.75531929565844,47.0
68.1094772730234,47.0
68.46548643896274,47.2
68.82335646966433,47.3
69.18309709189363,47.4
69.54471808325809,47.5
69.90822927247277,47.6
70.27364053962762,47.6
70.6409618164559,47.7
71.01020308660422,47.9
71.38137438590384,48.1
71.75448580264342,48.2
72.12954747784322,48.3
72.50656960553087,48.4
72.88556243301818,48.5
73.26653626117992,48.6
73.64950144473359,48.7
74.03446839252094,48.8
74.42144756779092,48.9
74.810449488484,49.0
75.20148472751808,49.1
75.59456391307583,49.3
75.98969772889355,49.4
76.38689691455168,49.4
76.78617226576647,49.5
77.18753463468363,49.5
77.59099493017311,49.6
77.99656411812569,49.7
78.404253221751,49.8
78.8140733218772,49.8
79.226035557252,49.8
79.64015112484554,49.9
80.05643128015467,49.9
80.47488733750892,50.0
80.89553067037787,50.1
81.31837271168051,50.2
81.74342495409579,50.2
82.170698950375,50.3
82.60020631365589,50.3
83.03195871777821,50.4
83.46596789760103,50.5
83.90224564932171,50.6
84.34080383079642,50.6
84.78165436186265,50.6
85.22480922466286,50.7
85.67028046397054,50.7
86.11808018751721,50.8
86.56822056632171,50.8
87.020713835021,50.9
87.47557229220259,51.0
87.93280830073893,51.0
88.39243428812335,51.0
88.85446274680783,51.0
89.31890623454267,51.0
89.78577737471758,51.1
90.25508885670492,51.1
90.72685343620469,51.2
91.20108393559097,51.2
91.67779324426061,51.3
92.15699431898352,51.3
92.63870018425483,51.3
93.12292393264887,51.3
93.60967872517497,51.3
94.09897779163542,51.3
94.5908344309847,51.4
95.0852620116911,51.5
95.58227397210023,51.5
96.08188382079996,51.5
96.5841051369878,51.5
97.08895157083991,51.5
97.59643684388209,51.5
98.10657474936274,51.7
98.61937915262773,51.8
99.13486399149741,51.8
99.65304327664518,51.8
100.17393109197839,51.8
100.69754159502135,51.8
101.22388901729977,51.9
101.75298766472777,52.0
102.28485191799675,52.0
102.81949623296607,52.0
103.35693514105618,52.0
103.89718324964329,52.0
104.44025524245698,52.1
104.98616587997819,52.2
105.53492999984189,52.2
106.08656251723878,52.2
106.64107842532215,52.2
107.19849279561431,52.2
107.75882077841675,52.2
108.32207760322176,52.2
108.88827857912626,52.2
109.45743909524856,52.2
110.02957462114523,52.2
110.60470070723336,52.3
111.18283298521138,52.3
111.76398716848561,52.3
112.3481790525961,52.3
112.93542451564652,52.2
113.5257395187356,52.2
114.11914010639099,52.3
114.71564240700522,52.3
115.3152626332741,52.3
115.91801708263789,52.3
116.52392213772293,52.3
117.13299426678874,52.3
117.74525002417371,52.2
118.36070605074681,52.2
118.97937907435858,52.2
119.60128591029638,52.2
120.22644346174131,52.2
120.85486872022751,52.2
121.4865787661046,52.2
122.12159076900052,52.2
122.75992198829012,52.2
123.40158977356222,52.2
124.04661156509306,52.2
124.69500489431896,52.2
125.34678738431336,52.2
126.00197675026583,52.2
126.6605907999634,52.2
127.3226474342747,52.2
127.98816464763628,52.1
128.6571605285424,52.0
129.32965326003517,52.0
130.00566112020084,52.0
130.68520248266435,52.0
131.36829581709074,52.0
132.05495968968575,51.9
132.74521276370103,51.8
133.43907379994133,51.8
134.1365616572744,51.8
134.83769529314347,51.8
135.54249376408254,51.8
136.25097622623485,51.7
136.96316193587217,51.6
137.67907024992007,51.5
138.39872062648203,51.5
139.1221326253702,51.5
139.84932590863562,51.5
140.58032024110324,51.5
141.31513549090906,51.5
142.05379163003997,51.5
142.7963087348772,51.5
143.5427069867405,51.5
144.29300667243896,51.5
145.04722818481977,51.5
145.80539202332486,51.5
146.56751879454652,51.5
147.333629212788,51.5
148.1037441006266,51.5
148.87788438947953,51.5
149.65607112017267,51.5
150.43832544351253,51.5
151.2246686208618,51.5
152.01512202471548,51.5
152.80970713928414,51.5
153.6084455610754,51.5
154.41135899948313,51.5
155.218469277376,51.5
156.02979833169113,51.4
156.8453682140304,51.3
157.66520109125955,51.3
158.48931924611142,51.3
159.3177450777899,51.3
160.15050110258113,51.3
160.9876099544629,51.2
161.82909438572216,51.1
162.67497726757185,51.1
163.52528159077312,51.1
164.38003046626017,51.2
165.23924712576837,51.2
166.1029549224657,51.3
166.97117733158728,51.4
167.8439379510743,51.5
168.72126050221348,51.6
169.60316883028446,51.7
170.48968690520502,51.8
171.38083882218535,51.8
172.27664880238083,51.8
173.17714119355136,51.9
174.08234047072295,52.0
174.99227123685273,52.0
175.9069582234984,52.0
176.82642629148881,52.0
177.75070043160196,51.9
178.67980576524164,51.9
179.61376754512278,51.8
180.55261115595593,51.8
181.49636211513797,51.8
182.44504607344558,51.8
183.39868881573247,51.8
184.35731626163007,51.8
185.3209544662519,51.8
186.28962962090262,51.7
187.26336805378796,51.6
188.24219623073301,51.4
189.2261407558986,51.4
190.21522837250714,51.3
191.20948596356752,51.3
192.20894055260666,51.2
193.21361930440384,51.1
194.22354952572874,50.9
195.2387586660848,50.9
196.25927431845295,50.8
197.28512422004457,50.8
198.31633625305224,50.7
199.35293844541056,50.5
200.39495897155572,50.2
201.4424261531923,50.0
202.4953684600627,49.9
203.55381451072122,49.7
204.6177930733116,49.6
205.6873330663489,49.5
206.76246355950653,49.5
207.84321377440395,49.4
208.92961308540407,49.3
210.02169102040844,49.2
211.11947726166272,49.1
212.22300164656127,49.0
213.33229416845913,48.9
214.447384977487,48.9
215.5683043813707,48.9
216.69508284625502,48.9
217.8277509975314,48.9
218.9663396206716,48.9
220.1108796620618,49.0
221.26140222984722,49.1
222.41793859477394,49.2
223.5805201910423,49.3
224.74917861715863,49.3
225.9239456367954,49.4
227.10485317965416,49.5
228.29193334233327,49.6
229.48521838920135,49.6
230.68474075327168,49.6
231.89053303708724,49.6
233.102628013603,49.7
234.32105862708036,49.8
235.5458579939798,49.8
236.77705940386227,49.8
238.0146963202937,49.8
239.25880238175446,49.8
240.50941140255387,49.9
241.76655737374873,49.9
243.03027446406858,50.0
244.30059702084168,50.0
245.57755957093218,50.1
246.86119682167464,50.1
248.1515436618211,50.2
249.44863516248657,50.3
250.75250657810346,50.3
252.0631933473797,50.3
253.3807310942614,50.3
254.7051556289027,50.3
256.03650294863604,50.3
257.3748092389545,50.3
258.72011087449107,50.3
260.0724444200114,50.3
261.4318466314045,50.3
262.79835445668317,50.2
264.17200503698814,50.2
265.5528357075972,50.1
266.94088399894025,50.0
268.336187637619,50.0
269.7387845474336,49.9
271.1487128504106,49.9
272.56601086784315,49.8
273.9907171213279,49.8
275.4228703338166,49.8
276.86250943066517,49.7
278.30967354069315,49.6
279.764401997247,49.5
281.2267343392687,49.4
282.6967103123723,49.3
284.1743698699204,49.2
285.65975317411466,49.1
287.152900597083,48.9
288.6538527219809,48.7
290.16265034409145,48.4
291.67933447193553,48.1
293.203946328386,47.9
294.7365273517884,47.8
296.27711919708696,47.7
297.8257637369567,47.6
299.38250306294265,47.4
300.947379486601,47.1
302.52043554065347,46.9
304.1017139801383,46.8
305.69125778357716,46.7
307.2891101541398,46.6
308.8953145208197,46.4
310.5099145396145,46.2
312.1329540947119,46.1
313.76447729968413,46.0
315.40452849868336,45.9
317.0531522676519,45.7
318.71039341552853,45.5
320.3762969854716,45.3
322.05090825607795,45.1
323.7342727426186,45.0
325.4264361982722,44.9
327.1274446153702,44.7
328.83734422664674,44.6
330.55618150649445,44.4
332.28400317222986,44.2
334.02085618535915,44.0
335.76678775285944,43.8
337.52184532845695,43.6
339.28607661392135,43.4
341.0595295603587,43.2
342.84225236951676,42.8
344.63429349509414,42.3
346.4357016440579,42.0
348.24652577796684,41.8
350.06681511430224,41.7
351.8966191278073,41.5
353.7359875518278,41.3
355.5849703796693,41.2
357.44361786595016,41.2
359.3119805279728,41.1
361.1901091470929,41.1
363.0780547701014,41.1
364.9758687106112,41.1
366.8836025504522,41.1
368.80130814107446,41.1
370.72903760495365,41.0
372.66684333701346,41.0
374.6147780060434,41.0
376.57289455613636,41.0
378.54124620812286,40.9
380.5198864610201,40.9
382.50886909348526,40.8
384.5082481652772,40.8
386.51807801872604,40.7
388.53841328020957,40.6
390.56930886163985,40.5
392.6108199619517,40.4
394.6630020686084,40.3
396.7259109591041,40.2
398.7996027024853,40.1
400.8841336608706,40.0
402.9795604909844,40.0
405.0859401456969,39.9
407.20332987557106,39.9
409.331787230421,39.9
411.4713700608718,39.8
413.6221365199375,39.8
415.78414506459575,39.7
417.95745445738237,39.6
420.1421237679842,39.5
422.33821237484636,39.5
424.5457799667861,39.4
426.76488654461485,39.4
428.9955924227691,39.4
431.23795823094935,39.4
433.49204491576995,39.4
435.7579137424112,39.3
438.0356262962907,39.2
440.3252444847303,39.1
442.62683053864555,39.1
444.9404470142319,39.1
447.2661567946673,39.1
449.60402309182115,39.1
451.9541094479714,39.1
454.3164797375345,39.1
456.6911981687959,39.1
459.0783292856624,39.2
461.4779379694089,39.3
463.89008944044906,39.4
466.31484926010245,39.4
468.7522833323791,39.4
471.20245790577025,39.4
473.6654395750488,39.4
476.14129528307956,39.5
478.630092322638,39.5
481.1318983382419,39.6
483.6467813279844,39.6
486.1748096453894,39.7
488.7160520012619,39.8
491.27057746556244,39.8
493.8384554692794,39.9
496.4197558063182,40.0
499.01454863539806,40.1
501.6229044819588,40.2
504.24489424007766,40.4
506.88058917439554,40.5
509.53006092205686,40.6
512.1933814946506,40.7
514.8706232801756,40.7
517.5618590449992,40.8
520.2671619358439,40.9
522.9866054817683,40.9
525.7202635961694,41.0
528.4682105787901,41.0
531.230521117739,41.0
534.0072702915224,41.1
536.7985335710792,41.1
539.6043868218401,41.2
542.4249063057814,41.3
545.2601686835053,41.4
548.1102510163182,41.4
550.9752307683272,41.5
553.8551858085453,41.6
556.7501944130083,41.7
559.6603352669016,41.8
562.5856874666987,41.9
565.5263305223134,41.9
568.4823443592555,42.0
571.4538093208106,42.1
574.4408061702153,42.2
577.4434160928608,42.3
580.4617206984933,42.3
583.4958020234345,42.4
586.5457425328113,42.4
589.6116251227962,42.5
592.6935331228639,42.5
595.7915502980484,42.6
598.9057608512304,42.7
602.0362494254149,42.8
605.1831011060411,42.8
608.3464014232891,42.9
611.5262363544065,42.9
614.7226923260454,43.0
617.9358562166111,43.1
621.1658153586235,43.2
624.4126575410903,43.3
627.6764710118958,43.3
630.957344480193,43.4
634.2553671188238,43.5
637.5706285667327,43.5
640.9032189314127,43.6
644.2532287913472,43.6
647.6207491984753,43.7
651.0058716806659,43.7
654.4086882442045,43.7
657.8292913762976,43.7
661.2677740475787,43.7
664.7242297146454,43.8
668.1987523225889,43.8
671.6914363075575,43.9
675.2023765993158,44.0
678.7316686238282,44.1
682.2794083058518,44.3
685.8456920715438,44.4
689.4306168510824,44.4
693.0342800813003,44.4
696.6567797083366,44.4
700.2982141902914,44.4
703.9586824999124,44.5
707.6382841272731,44.6
711.3371190824884,44.6
715.0552878984242,44.7
718.7928916334344,44.7
722.5500318741055,44.8
726.3268107380181,44.8
730.123330876526,44.8
733.9396954775374,44.8
737.7760082683312,44.9
741.6323735183645,44.9
745.508896042117,44.9
749.4056812019327,44.9
753.3228349108862,44.9
757.2604636356614,45.0
761.2186743994453,45.0
765.1975747848361,45.1
769.1972729367671,45.1
773.2178775654501,45.1
777.2594979493206,45.1
781.3222439380205,45.2
785.406225955371,45.2
789.5115550023859,45.3
793.6383426602791,45.3
797.7867010935024,45.3
801.9567430527921,45.3
806.1485818782347,45.3
810.3623315023465,45.3
814.59810645317,45.3
818.8560218573906,45.3
823.1361934434566,45.4
827.4387375447371,45.5
831.7637711026708,45.6
836.1114116699566,45.6
840.4817774137397,45.6
844.8749871188272,45.6
849.2911601909162,45.6
853.7304166598383,45.6
858.1928771828257,45.6
862.6786630477819,45.6
867.1878961765907,45.7
871.7206991284164,45.8
876.2771951030477,45.8
880.8575079442367,45.8
885.4617621430697,45.8
890.0900828413493,45.8
894.742595834996,45.8
899.4194275774676,45.8
904.1207051831946,45.8
908.8465564310401,45.8
913.5971097677627,45.8
918.3724943115215,45.8
923.1728398553701,45.8
927.998276870799,45.8
932.8489365112713,45.8
937.7249506157918,45.8
942.6264517124897,45.8
947.5535730222193,45.8
952.5064484621864,45.8
957.4852126495767,45.8
962.4900009052299,45.8
967.5209492573013,45.7
972.5781944449744,45.6
977.6618739221665,45.6
982.772125861269,45.6
987.9090891569025,45.6
993.0729034296917,45.6
998.26370903006,45.6
1003.4816470420445,45.5
1008.7268592871307,45.4
1013.9994883281055,45.3
1019.2996774729368,45.3
1024.627570778662,45.3
1029.9833130553077,45.3
1035.3670498698243,45.2
1040.778927550043,45.2
1046.219093188652,45.1
1051.687694647196,45.1
1057.1848805600926,45.1
1062.7108003386745,45.1
1068.2656041752484,45.0
1073.849443047181,45.0
1079.4624687209969,44.9
1085.104833756507,44.9
1090.7766915109553,44.9
1096.4781961431852,44.9
1102.2095026178308,44.8
1107.9707667095288,44.8
1113.7621450071517,44.8
1119.5837949180645,44.7
1125.4358746724013,44.6
1131.3185433273702,44.6
1137.231960771571,44.6
1143.1762877293438,44.6
1149.1516857651375,44.6
1155.1583172879002,44.5
1161.1963455554942,44.4
1167.2659346791324,44.3
1173.3672496278396,44.2
1179.5004562329357,44.1
1185.6657211925422,44.0
1191.8632120761172,43.9
1198.0930973290035,43.8
1204.355546277011,43.8
1210.650729131018,43.7
1216.9788169915967,43.7
1223.3399818536654,43.6
1229.7343966111616,43.6
1236.162235061742,43.5
1242.6236719115057,43.5
1249.1188827797416,43.4
1255.6480442037073,43.3
1262.2113336434193,43.2
1268.8089294864806,43.1
1275.4410110529293,42.9
1282.1077586001115,42.8
1288.8093533275808,42.7
1295.5459773820237,42.6
1302.3178138622095,42.6
1309.1250468239675,42.5
1315.967861285188,42.4
1322.8464432308563,42.3
1329.7609796180998,42.2
1336.7116583812742,42.1
1343.6986684370715,42.1
1350.7221996896535,42.0
1357.782443035813,42.0
1364.879590370164,41.9
1372.0138345903551,41.8
1379.1853696023147,41.7
1386.3943903255179,41.7
1393.6410926982915,41.6
1400.9256736831292,41.5
1408.248331272053,41.4
1415.6092644919916,41.3
1423.0086734101894,41.2
1430.4467591396458,41.1
1437.9237238445805,41.0
1445.439770745928,40.9
1452.9951041268616,40.8
1460.589929338344,40.7
1468.224452804715,40.6
1475.898882029292,40.5
1483.6134256000173,40.5
1491.3682931951248,40.4
1499.1636955888393,40.3
1506.999844657106,40.2
1514.8769533833477,40.1
1522.7952358642551,40.0
1530.754907315605,40.0
1538.7561840781082,39.9
1546.799283623296,39.9
1554.8844245594228,39.9
1563.0118266374113,39.8
1571.181710756826,39.8
1579.3942989718767,39.8
1587.649814497453,39.8
1595.9484817151922,39.8
1604.2905261795772,39.7
1612.6761746240677,39.7
1621.1056549672617,39.6
1629.5791963190893,39.5
1638.097028987047,39.5
1646.6593844824454,39.4
1655.266495526711,39.4
1663.9185960577072,39.4
1672.6159212360947,39.4
1681.3587074517213,39.3
1690.1471923300487,39.2
1698.9816147386093,39.0
1707.8622147934998,39.0
1716.789233865905,38.9
1725.7629145886658,38.9
1734.7835008628629,38.9
1743.8512378644525,38.9
1752.9663720509295,38.8
1762.1291511680254,38.8
1771.3398242564415,38.7
1780.598641658619,38.7
1789.9058550255418,38.6
1799.2617173235774,38.6
1808.6664828413498,38.5
1818.1204071966588,38.5
1827.6237473434162,38.4
1837.1767615786375,38.4
1846.7797095494598,38.3
1856.4328522602,38.1
1866.1364520794475,37.9
1875.8907727471963,37.7
1885.6960793820124,37.7
1895.552638488241,37.6
1905.4607179632462,37.5
1915.4205871047022,37.4
1925.4325166178992,37.4
1935.4967786231095,37.3
1945.6136466629825,37.3
1955.783395709978,37.2
1966.006302173841,37.2
1976.282643909114,37.1
1986.6127002226892,37.1
1996.996751881399,37.0
2007.4350811196462,37.0
2017.927971647083,37.0
2028.4757086563097,37.0
2039.078578830634,37.0
2049.736870351861,36.9
2060.4508729081267,36.8
2071.22087770177,36.8
2082.0471774572497,36.8
2092.9300664290977,36.8
2103.8698404099196,36.8
2114.8667967384304,36.7
2125.9212343075446,36.6
2137.0334535724887,36.4
2148.2037565589744,36.4
2159.4324468714053,36.3
2170.71982970113,36.3
2182.0662118347364,36.3
2193.4719016623894,36.3
2204.937209186215,36.2
2216.4624460287228,36.2
2228.0479254412767,36.1
2239.6939623126154,36.1
2251.4008731773993,36.0
2263.168976224821,35.9
2274.9985913072546,35.7
2286.890039948944,35.7
2298.843645354747,35.6
2310.8597324189163,35.6
2322.9386277339318,35.5
2335.0806595993763,35.3
2347.2861580308577,35.1
2359.5554547689862,35.0
2371.8888832883777,34.9
2384.2867788067265,34.9
2396.7494782939148,34.8
2409.2773204811715,34.7
2421.8706458702773,34.5
2434.5297967428205,34.3
2447.2551171695004,34.1
2460.0469530194778,34.0
2472.905651969775,33.9
2485.8315635147337,33.9
2498.825038975499,33.9
2511.88643150958,33.9
2525.0160961204438,33.8
2538.2143896671673,33.7
2551.481670874133,33.7
2564.8183003407817,33.8
2578.224640551411,33.8
2591.7010558850307,33.9
2605.247912625263,33.9
2618.8655789702975,33.9
2632.5544250429093,33.9
2646.314822900502,33.9
2660.14714654523,33.8
2674.051771934164,33.7
2688.029076989506,33.7
2702.079441608862,33.7
2716.20324767557,33.7
2730.400879069075,33.7
2744.6727216753675,33.6
2759.0191633974646,33.6
2773.440594165967,33.5
2787.9374059496395,33.5
2802.509992766076,33.4
2817.1587506924047,33.4
2831.8840778760564,33.3
2846.686374545581,33.2
2861.5660430215316,33.2
2876.5234877273942,33.2
2891.5591152005823,33.2
2906.6733341034837,33.2
2921.8665552345788,33.1
2937.139191539587,33.0
2952.4916581227058,32.9
2967.9243722578863,32.9
2983.4377534001765,32.9
2999.0322231971227,32.9
3014.7082055002275,32.9
3030.466126376471,32.9
3046.306414119893,32.9
3062.229499263226,32.9
3078.2358145896155,33.0
3094.325795144359,33.1
3110.4998782467446,33.3
3126.7585035019356,33.4
3143.1021128129173,33.5
3159.5311503925072,33.6
3176.0460627754296,33.7
3192.6472988304513,33.8
3209.335309772584,33.9
3226.1105491753406,34.0
3242.973472983081,34.0
3259.924539523382,34.1
3276.9642095195077,34.1
3294.0929461029286,34.0
3311.311214825911,33.9
3328.6194836741684,33.9
3346.018223079582,33.9
3363.507905932988,33.9
3381.089007597027,33.9
3398.762005919066,33.9
3416.527381244194,33.9
3434.385616428264,33.9
3452.337196851022,33.9
3470.382610429304,33.9
3488.5223476302926,33.9
3506.7569014848486,33.9
3525.0867676009134,33.9
3543.512444176976,33.9
3562.034432015617,33.9
3580.6532345371147,33.8
3599.369357793143,33.7
3618.1833104805046,33.7
3637.095603954969,33.6
3656.1067522451726,33.6
3675.2172720665826,33.6
3694.4276828355482,33.6
3713.738506683413,33.6
3733.1502684707093,33.5
3752.6634958014215,33.5
3772.2787190373247,33.4
3791.9964713124127,33.4
3811.817288547367,33.5
3831.7417094641373,33.6
3851.7702756005806,33.6
3871.9035313251793,33.6
3892.1420238518376,33.6
3912.4863032547537,33.7
3932.936922483372,34.0
3953.4944373774106,34.4
3974.1594066819653,34.6
3994.9323920627126,34.7
4015.8139581211503,34.8
4036.8046724099613,34.9
4057.9051054484326,35.0
4079.115830737964,35.1
4100.437424777656,35.2
4121.870467079975,35.3
4143.41554018651,35.3
4165.0732296838005,35.3
4186.844124219257,35.3
4208.728815517151,35.3
4230.72789839472,35.3
4252.841970778305,35.3
4275.071633719623,35.3
4297.417491412092,35.3
4319.880151207261,35.3
4342.460223631314,35.3
4365.158322401661,35.3
4387.975064443623,35.2
4410.911069907196,35.1
4433.9669621839075,35.0
4457.1433679237725,34.9
4480.4409170523,34.9
4503.860242787635,34.8
4527.40198165776,34.7
4551.0667735177985,34.4
4574.855261567406,34.0
4598.768092368251,33.8
4622.80591586159,33.6
4646.969385385929,33.2
4671.25915769478,32.3
4695.675892974527,31.5
4720.220254862348,31.2
4744.892910464259,31.0
4769.694530373255,30.9
4794.625788687525,30.7
4819.68736302878,30.4
4844.87993456067,30.2
4870.204188007296,30.0
4895.660811671819,29.9
4921.250497455168,29.8
4946.973940874864,29.7
4972.8318410838865,29.6
4998.824900889706,29.4
5024.953826773381,29.2
5051.219328908747,29.0
5077.622121181736,28.8
5104.162921209768,28.5
5130.842450361258,28.3
5157.661433775227,28.1
5184.620600380999,27.9
5211.720682918039,27.7
5238.962417955835,27.4
5266.346545913939,27.1
5293.873811082085,26.9
5321.544961640422,26.7
5349.360749679845,26.5
5377.321931222439,26.2
5405.429266242027,25.8
5433.683518684824,25.5
5462.085456490198,25.4
5490.635851611563,25.2
5519.335480037329,25.1
5548.185121812011,24.7
5577.185561057427,24.3
5606.337585994012,24.1
5635.641988962242,24.0
5665.0995664441625,23.8
5694.7111190850455,23.7
5724.477451715144,23.5
5754.399373371566,23.0
5784.477697320285,22.4
5814.713241078208,22.2
5845.10682643542,22.1
5875.659279477514,22.0
5906.371430608045,21.9
5937.244114571097,21.8
5968.278170473975,21.7
5999.4744418100045,21.5
6030.833776481469,21.3
6062.357026822636,21.2
6094.045049622959,21.1
6125.898706150321,20.9
6157.918862174471,20.8
6190.106387990547,20.7
6222.462158442733,20.7
6254.987052948034,20.6
6287.681955520183,20.5
6320.547754793659,20.4
6353.585344047851,20.3
6386.795621231329,20.2
6420.179488986247,20.1
6453.7378546729,20.0
6487.471630394349,19.9
6521.381733021235,19.7
6555.469084216698,19.6
6589.734610461422,19.4
6624.179243078815,19.2
6658.80391826033,19.1
6693.609577090902,18.9
6728.597165574533,18.7
6763.767634659991,18.5
6799.1219402666875,18.4
6834.661043310619,17.5
6870.385909730507,16.5
6906.297510514049,16.2
6942.39682172431,16.0
6978.684824526248,15.6
7015.162505213385,14.7
7051.830855234612,13.7
7088.690871221135,13.2
7125.7435550135615,12.8
7162.989913689153,12.4
7200.430959589155,12.0
7238.067710346342,11.5
7275.901188912673,10.8
7313.932423587085,10.3
7352.162448043451,10.0
7390.59230135867,9.8
7429.22302804091,9.5
7468.055678057999,9.2
7507.091306865953,9.3
7546.330975437692,10.4
7585.775750291836,11.7
7625.426703521717,12.2
7665.284912824515,13.3
7705.351461530549,14.5
7745.627438632719,15.1
7786.113938816104,15.9
7826.81206248772,16.7
7867.722915806424,17.1
7908.847610712972,18.2
7950.187264960275,19.7
7991.743002143727,20.6
8033.515951731782,21.0
8075.507249096639,21.4
8117.718035545101,21.8
8160.149458349601,23.3
8202.80267077938,25.0
8245.67883213183,25.4
8288.77910776401,25.7
8332.104669124305,25.9
8375.656693784302,26.0
8419.436365470749,26.2
8463.444874097753,26.5
8507.683415799123,26.7
8552.153192960874,26.8
8596.855414253905,26.9
8641.791294666864,26.9
8686.962055539152,27.0
8732.36892459413,27.0
8778.01313597248,27.0
8823.895930265779,26.9
8870.018554550163,26.6
8916.382262420266,26.2
8962.988314023276,26.0
9009.83797609319,25.9
9056.932521985234,25.7
9104.273231710486,25.3
9151.861391970657,24.9
9199.698296193066,24.9
9247.785244565785,24.8
9296.12354407301,24.8
9344.714508530542,24.7
9393.559458621517,24.7
9442.659721932305,24.6
9492.016632988581,24.5
9541.631533291613,24.4
9591.505771354708,24.3
9641.64070273987,24.3
9692.037690094652,24.5
9742.698103189163,24.7
9793.623318953358,25.0
9844.814721514387,25.3
9896.27370223427,25.6
9948.001659747684,26.3
10000.0,27.0
10052.270136285486,27.3
10104.813489285681,27.5
10157.6314871081,27.6
10210.725565324987,27.7
10264.09716701231,27.8
10317.747742788988,27.8
10371.678750856474,27.9
10425.891657038128,27.9
10480.387934819217,27.8
10535.16906538697,27.7
10590.236537670813,27.5
10645.591848382772,27.3
10701.236502058211,27.2
10757.172011096769,27.1
10813.399895803414,26.6
10869.921684429703,25.8
10926.73891321545,25.2
10983.85312643042,24.8
11041.265876416248,24.4
11098.978723628681,24.0
11156.993236680037,23.3
11215.310992381786,21.9
11273.933575787378,20.7
11332.862580235347,20.1
11392.099607392682,19.7
11451.646267298307,19.3
11511.504178406769,18.3
11571.674967632372,16.7
11632.16027039332,15.6
11692.961730656129,15.4
11754.08100098034,15.0
11815.519742563505,14.3
11877.27962528627,13.7
11939.362327757724,12.4
12001.76953736107,10.3
12064.50295029953,9.1
12127.56427164241,8.2
12190.95521537136,6.7
12254.677504427105,6.8
12318.732870756214,8.0
12383.123055358106,8.3
12447.849808332432,8.8
12512.914888926687,9.4
12578.320065583976,9.8
12644.067115991029,10.1
12710.157827126544,10.4
12776.593995309939,10.8
12843.377426249857,11.2
12910.50993509343,11.9
12977.99334647565,12.6
13045.829494568892,13.0
13114.020223132724,13.2
13182.567385564074,13.6
13251.472844947652,14.1
13320.738474106534,14.7
13390.366155652993,16.7
13460.35778203982,18.6
13530.715255611682,19.1
13601.440488656775,19.7
13672.535403458849,20.4
13744.001932349513,21.1
13815.842017760702,21.9
13888.057612277411,23.2
13960.650678690825,24.4
14033.62319005172,24.9
14106.977129724035,25.5
14180.714491438697,26.0
14254.837279347976,26.4
14329.347508079869,27.5
14404.247202792812,28.4
14479.538399230763,28.5
14555.223143778607,28.6
14631.303493517702,28.7
14707.78151628175,28.7
14784.65929071304,28.7
14861.938906319014,28.6
14939.622463529,28.6
15017.712073751207,28.5
15096.209859430292,27.7
15175.117954104964,26.6
15254.438502465904,24.8
15334.173660414117,22.7
15414.325595119602,22.0
15494.896485080177,21.6
15575.88852018064,19.3
15657.303901752315,17.0
15739.1448426331,15.6
15821.413567227246,14.3
15904.112311566014,13.9
15987.243323368504,13.7
16070.808862102673,13.4
16154.811199046684,13.1
16239.252617350698,12.8
16324.135412099,12.6
16409.461890372313,12.5
16495.23437131044,12.5
16581.455186175313,12.5
16668.12667841462,12.4
16755.251203725067,12.1
