10.0,30.4
10.052270136285475,30.4
10.104813489285682,30.5
10.157631487108103,30.6
10.210725565324982,30.6
10.264097167012295,30.6
10.317747742789004,30.6
10.371678750856479,30.6
10.425891657038118,30.6
10.480387934819216,30.7
10.535169065386981,30.7
10.590236537670812,30.8
10.64559184838276,30.9
10.701236502058206,31.0
10.757172011096776,31.1
10.813399895803409,31.1
10.869921684429707,31.2
10.926738913215466,31.3
10.98385312643042,31.3
11.041265876416237,31.3
11.098978723628681,31.3
11.156993236680048,31.3
11.215310992381788,31.4
11.27393357578736,31.5
11.332862580235341,31.5
11.392099607392687,31.5
11.451646267298301,31.5
11.511504178406776,31.5
11.571674967632385,31.5
11.632160270393321,31.5
11.692961730656117,31.5
11.75408100098034,31.6
11.815519742563518,31.6
11.87727962528627,31.6
11.939362327757706,31.6
12.001769537361062,31.7
12.064502950299536,31.8
12.127564271642404,31.8
12.190955215371359,31.8
12.254677504427118,31.8
12.318732870756214,31.9
12.383123055358094,31.9
12.447849808332432,32.0
12.5129148889267,32.0
12.578320065583968,32.0
12.644067115991009,32.0
12.710157827126565,32.0
12.776593995309947,32.0
12.843377426249843,32.0
12.910509935093431,32.2
12.977993346475664,32.3
13.045829494568892,32.3
13.11402022313271,32.3
13.182567385564074,32.3
13.251472844947658,32.3
13.320738474106527,32.4
13.390366155653,32.5
13.460357782039841,32.5
13.530715255611682,32.5
13.601440488656761,32.5
13.672535403458848,32.6
13.744001932349526,32.7
13.815842017760701,32.7
13.888057612277397,32.7
13.960650678690818,32.7
14.033623190051728,32.7
14.10697712972403,32.7
14.180714491438705,32.7
14.25483727934799,32.7
14.32934750807987,32.8
14.404247202792797,32.8
14.479538399230764,32.8
14.55522314377862,32.8
14.631303493517702,32.8
14.707781516281727,32.9
14.784659290713032,33.0
14.861938906319022,33.0
14.939622463528993,33.0
15.017712073751214,33.0
15.096209859430308,33.0
15.175117954104964,33.0
15.254438502465888,33.0
15.334173660414118,33.0
15.414325595119617,33.0
15.494896485080169,33.0
15.575888520180618,33.1
15.65730390175234,33.2
15.73914484263311,33.2
15.821413567227237,33.2
15.904112311566013,33.2
15.98724332336852,33.2
16.070808862102673,33.2
16.154811199046666,33.2
16.239252617350697,33.3
16.324135412099007,33.4
16.409461890372306,33.4
16.495234371310413,33.4
16.58145518617534,33.4
16.668126678414627,33.4
16.755251203725052,33.4
16.84283113011666,33.6
16.930868837977105,33.7
17.01936672013636,33.7
17.108327181931763,33.7
17.197752641273365,33.7
17.28764552870969,33.7
17.378008287493753,33.7
17.4688433736495,33.7
17.560153256038525,33.7
17.651940416427212,33.7
17.744207349554188,33.8
17.836956563198083,33.9
17.93019057824573,33.9
18.023911928760675,33.9
18.118123162052047,33.9
18.21282683874379,33.9
18.30802553284428,33.9
18.403721831816252,33.9
18.499918336647156,33.9
18.59661766191982,33.9
18.69382243588356,33.9
18.791535300525574,33.9
18.889758911642755,34.0
18.98849593891389,34.1
19.08774906597221,34.1
19.187520990478333,34.1
19.287814424193606,34.1
19.388632093053765,34.1
19.48997673724305,34.1
19.591851111268685,34.1
19.69425798403576,34.1
19.79720013892245,34.1
19.90068037385568,34.1
20.004701501387192,34.1
20.109266348769967,34.1
20.214377758035074,34.2
20.320038586068932,34.2
20.426251704690927,34.2
20.533020000731486,34.2
20.64034637611054,34.2
20.748233747916412,34.2
20.856685048485062,34.2
20.965703225479817,34.2
21.075291241971485,34.2
21.185452076518878,34.2
21.296188723249774,34.2
21.407504191942323,34.2
21.519401508106792,34.2
21.631883713067854,34.2
21.744953864047204,34.2
21.858615034246718,34.3
21.972870312931903,34.4
22.087722805515906,34.4
22.203175633643916,34.4
22.319231935278008,34.4
22.435894864782412,34.4
22.553167593009288,34.4
22.671053307384867,34.4
22.789555211996095,34.4
22.908676527677724,34.4
23.028420492099883,34.4
23.148790359856015,34.4
23.26978940255137,34.4
23.391420908891938,34.4
23.51368818477381,34.4
23.63659455337303,34.4
23.760143355235964,34.4
23.884337948370025,34.4
24.009181708334992,34.4
24.134678028334722,34.5
24.260830319309434,34.6
24.387642010028344,34.6
24.515116547182902,34.6
24.64325739548046,34.6
24.772068037738443,34.6
24.901551974979007,34.6
25.031712726524198,34.6
25.162553830091625,34.6
25.294078841890578,34.6
25.426291336718684,34.6
25.559194908059133,34.6
25.692793168178262,34.6
25.827089748223784,34.6
25.96208829832347,34.6
26.097792487684362,34.6
26.234206004692496,34.6
26.371332557013133,34.6
26.5091758716916,34.6
26.647739695254497,34.6
26.787027793811582,34.6
26.9270439531581,34.6
27.06779197887776,34.6
27.209275696446046,34.6
27.351498951334275,34.6
27.494465609114105,34.6
27.638179555562576,34.6
27.782644696767733,34.6
27.92786495923483,34.6
28.07384428999299,34.7
28.220586656702505,34.8
28.368096047762684,34.9
28.516376472420284,34.9
28.66543196087842,34.9
28.815266564406134,34.9
28.965884355448516,34.9
29.11728942773738,34.9
29.26948589640251,34.9
29.42247789808359,34.9
29.57626959104251,34.9
29.730865155276486,34.9
29.88626879263161,34.9
30.04248472691713,34.9
30.19951720402016,34.9
30.357370492021133,34.9
30.516048881309793,34.9
30.675556684701824,34.9
30.835898237556027,34.9
30.99707789789224,34.9
31.15910004650967,34.9
31.321969087106055,34.9
31.485689446397288,34.9
31.650265574237824,34.9
31.815701943741516,34.9
31.98200305140326,34.9
32.14917341722119,34.9
32.31721758481955,34.9
32.486140121572134,34.9
32.655945618726484,34.9
32.82663869152868,34.9
32.99822397934869,34.9
33.170706145806605,34.9
33.34408987889928,34.9
33.51837989112781,34.9
33.69358091962557,34.9
33.86969772628702,34.9
34.04673509789711,34.9
34.224697846261364,34.9
34.40359080833668,34.9
34.58341884636283,34.8
34.764186847994516,34.7
34.94589972643436,34.6
35.12856242056629,34.6
35.312179895089876,34.6
35.496757140655234,34.6
35.68229917399868,34.6
35.86881103807908,34.6
36.05629780221492,34.6
36.24476456222205,34.6
36.434216440552284,34.6
36.6246585864325,34.6
36.81609617600466,34.6
37.00853441246656,34.6
37.2019785262131,34.6
37.39643377497855,34.6
37.591905443979435,34.6
37.788398846058186,34.6
37.985919321827524,34.6
38.184472239815605,34.6
38.384062996612016,34.6
38.584697017014335,34.6
38.786379754175634,34.6
38.98911668975273,34.6
39.1929133340551,34.6
39.39777522619469,34.6
39.60370793423646,34.6
39.810717055349734,34.6
40.0188082159603,34.6
40.227987071903335,34.6
40.43825930857721,34.6
40.64963064109788,34.6
40.8621068144543,34.6
41.075693603664625,34.5
41.29039681393302,34.4
41.506222280807584,34.4
41.72317587033889,34.4
41.94126347923944,34.4
42.16049103504393,34.4
42.38086449627034,34.4
42.60238985258197,34.4
42.825073124950116,34.4
43.04892036581776,34.4
43.27393765926414,34.4
43.500131121170035,34.4
43.727506899384,34.4
43.956071173889484,34.4
44.18583015697281,34.4
44.416790093392,34.4
44.648957260546474,34.4
44.88233796864779,34.4
45.116938560890986,34.4
45.35276541362708,34.4
45.58982493653644,34.4
45.82812357280281,34.4
46.067667799288614,34.4
46.308464126710895,34.4
46.55051909981832,34.4
46.793839297569036,34.4
47.03843133330949,34.4
47.28430185495417,34.4
47.531457545166376,34.4
47.77990512153967,34.4
48.02965133678067,34.4
48.28070297889241,34.4
48.53306687135893,34.4
48.78674987333074,34.3
49.041758879811184,34.2
49.298100821843896,34.2
49.55578266670119,34.2
49.81481141807335,34.2
50.07519411625915,34.1
50.336937838356974,34.0
50.60004969845742,34.0
50.86453684783644,34.0
51.13040647514984,34.0
51.39766580662862,34.0
51.66632210627541,33.9
51.93638267606184,33.9
52.20785485612707,33.9
52.48074602497726,33.9
52.75506359968615,33.9
53.030815036096584,33.9
53.308007829023246,33.9
53.58664951245627,33.9
53.866747659766084,33.9
54.148309883909214,33.9
54.431343837635225,33.9
54.7158572136947,33.9
55.00185774504835,33.9
55.28935320507712,33.9
55.57835140779364,33.9
55.86886020805435,33.9
56.160887501773274,33.9
56.45444122613637,33.9
56.74952935981742,34.0
57.04615992319485,34.0
57.34434097856969,34.0
57.64408063038476,34.0
57.94538702544487,34.0
58.24826835313831,34.0
58.552732845659456,34.0
58.85878877823242,34.0
59.166444469336014,34.0
59.475708280929936,34.0
59.786588618681876,34.0
60.0990939321961,34.0
60.41323271524305,34.0
60.72901350599024,34.0
61.046444887234294,34.0
61.365535486634215,34.0
61.686293976945976,34.0
62.008729076258064,34.0
62.332849548228545,34.0
62.658664202323344,34.0
62.98618189405547,34.0
63.315411525225876,33.9
63.64636204416533,33.9
63.979042445977655,33.8
64.31346177278421,33.8
64.64962911396958,33.7
64.98755360642885,33.7
65.32724443481563,33.6
65.66871083179183,33.6
66.01196207827876,33.5
66.35700750370908,33.5
66.7038564862806,33.5
67.05251845321108,33.4
67.40300288099445,33.4
67.75531929565844,33.3
68.1094772730234,33.3
68.46548643896274,33.2
68.82335646966433,33.2
69.18309709189363,33.1
69.54471808325809,33.1
69.90822927247277,33.0
70.27364053962762,33.0
70.6409618164559,32.9
71.01020308660422,32.9
71.38137438590384,32.8
71.75448580264342,32.8
72.12954747784322,32.8
72.50656960553087,32.8
72.88556243301818,32.7
73.26653626117992,32.7
73.64950144473359,32.7
74.03446839252094,32.7
74.42144756779092,32.7
74.810449488484,32.7
75.20148472751808,32.7
75.59456391307583,32.7
75.98969772889355,32.6
76.38689691455168,32.5
76.78617226576647,32.5
77.18753463468363,32.5
77.59099493017311,32.5
77.99656411812569,32.5
78.404253221751,32.5
78.8140733218772,32.5
79.226035557252,32.5
79.64015112484554,32.5
80.05643128015467,32.5
80.47488733750892,32.5
80.89553067037787,32.5
81.31837271168051,32.6
81.74342495409579,32.7
82.170698950375,32.7
82.60020631365589,32.7
83.03195871777821,32.7
83.46596789760103,32.7
83.90224564932171,32.7
84.34080383079642,32.7
84.78165436186265,32.7
85.22480922466286,32.7
85.67028046397054,32.7
86.11808018751721,32.7
86.56822056632171,32.7
87.020713835021,32.7
87.47557229220259,32.7
87.93280830073893,32.7
88.39243428812335,32.7
88.85446274680783,32.7
89.31890623454267,32.7
89.78577737471758,32.6
90.25508885670492,32.6
90.72685343620469,32.5
91.20108393559097,32.5
91.67779324426061,32.4
92.15699431898352,32.4
92.63870018425483,32.3
93.12292393264887,32.3
93.60967872517497,32.3
94.09897779163542,32.3
94.5908344309847,32.3
95.0852620116911,32.3
95.58227397210023,32.3
96.08188382079996,32.3
96.5841051369878,32.3
97.08895157083991,32.3
97.59643684388209,32.3
98.10657474936274,32.3
98.61937915262773,32.3
99.13486399149741,32.3
99.65304327664518,32.3
100.17393109197839,32.3
100.69754159502135,32.3
101.22388901729977,32.3
101.75298766472777,32.3
102.28485191799675,32.3
102.81949623296607,32.3
103.35693514105618,32.3
103.89718324964329,32.3
104.44025524245698,32.3
104.98616587997819,32.3
105.53492999984189,32.3
106.08656251723878,32.3
106.64107842532215,32.3
107.19849279561431,32.3
107.75882077841675,32.3
108.32207760322176,32.3
108.88827857912626,32.3
109.45743909524856,32.3
110.02957462114523,32.3
110.60470070723336,32.3
111.18283298521138,32.3
111.76398716848561,32.3
112.3481790525961,32.3
112.93542451564652,32.3
113.5257395187356,32.3
114.11914010639099,32.3
114.71564240700522,32.4
115.3152626332741,32.4
115.91801708263789,32.3
116.52392213772293,32.3
117.13299426678874,32.3
117.74525002417371,32.3
118.36070605074681,32.3
118.97937907435858,32.3
119.60128591029638,32.2
120.22644346174131,32.1
120.85486872022751,32.0
121.4865787661046,32.0
122.12159076900052,32.0
122.75992198829012,32.0
123.40158977356222,32.0
124.04661156509306,32.0
124.69500489431896,32.0
125.34678738431336,32.0
126.00197675026583,31.9
126.6605907999634,31.9
127.3226474342747,31.8
127.98816464763628,31.8
128.6571605285424,31.8
129.32965326003517,31.8
130.00566112020084,31.8
130.68520248266435,31.8
131.36829581709074,31.8
132.05495968968575,31.8
132.74521276370103,31.8
133.43907379994133,31.7
134.1365616572744,31.6
134.83769529314347,31.6
135.54249376408254,31.6
136.25097622623485,31.6
136.96316193587217,31.6
137.67907024992007,31.6
138.39872062648203,31.6
139.1221326253702,31.6
139.84932590863562,31.6
140.58032024110324,31.6
141.31513549090906,31.6
142.05379163003997,31.6
142.7963087348772,31.6
143.5427069867405,31.6
144.29300667243896,31.6
145.04722818481977,31.6
145.80539202332486,31.6
146.56751879454652,31.5
147.333629212788,31.5
148.1037441006266,31.5
148.87788438947953,31.5
149.65607112017267,31.5
150.43832544351253,31.5
151.2246686208618,31.5
152.01512202471548,31.5
152.80970713928414,31.5
153.6084455610754,31.5
154.41135899948313,31.4
155.218469277376,31.3
156.02979833169113,31.3
156.8453682140304,31.3
157.66520109125955,31.2
158.48931924611142,31.1
159.3177450777899,31.0
160.15050110258113,30.9
160.9876099544629,30.9
161.82909438572216,30.8
162.67497726757185,30.8
163.52528159077312,30.9
164.38003046626017,30.9
165.23924712576837,31.1
166.1029549224657,31.3
166.97117733158728,31.5
167.8439379510743,31.7
168.72126050221348,31.8
169.60316883028446,32.0
170.48968690520502,32.1
171.38083882218535,32.3
172.27664880238083,32.4
173.17714119355136,32.5
174.08234047072295,32.5
174.99227123685273,32.6
175.9069582234984,32.6
176.82642629148881,32.7
177.75070043160196,32.7
178.67980576524164,32.7
179.61376754512278,32.7
180.55261115595593,32.7
181.49636211513797,32.7
182.44504607344558,32.7
183.39868881573247,32.7
184.35731626163007,32.7
185.3209544662519,32.7
186.28962962090262,32.8
187.26336805378796,32.8
188.24219623073301,32.8
189.2261407558986,32.8
190.21522837250714,32.8
191.20948596356752,32.8
192.20894055260666,32.8
193.21361930440384,32.8
194.22354952572874,32.8
195.2387586660848,32.8
196.25927431845295,32.8
197.28512422004457,32.8
198.31633625305224,32.8
199.35293844541056,32.8
200.39495897155572,32.8
201.4424261531923,32.8
202.4953684600627,32.8
203.55381451072122,32.8
204.6177930733116,32.8
205.6873330663489,32.9
206.76246355950653,33.0
207.84321377440395,33.0
208.92961308540407,33.0
210.02169102040844,33.0
211.11947726166272,33.0
212.22300164656127,33.0
213.33229416845913,33.0
214.447384977487,33.0
215.5683043813707,33.0
216.69508284625502,33.0
217.8277509975314,33.0
218.9663396206716,33.1
220.1108796620618,33.1
221.26140222984722,33.2
222.41793859477394,33.2
223.5805201910423,33.2
224.74917861715863,33.2
225.9239456367954,33.2
227.10485317965416,33.2
228.29193334233327,33.2
229.48521838920135,33.3
230.68474075327168,33.4
231.89053303708724,33.4
233.102628013603,33.4
234.32105862708036,33.4
235.5458579939798,33.4
236.77705940386227,33.4
238.0146963202937,33.4
239.25880238175446,33.4
240.50941140255387,33.4
241.76655737374873,33.4
243.03027446406858,33.4
244.30059702084168,33.4
245.57755957093218,33.4
246.86119682167464,33.4
248.1515436618211,33.4
249.44863516248657,33.4
250.75250657810346,33.4
252.0631933473797,33.4
253.3807310942614,33.4
254.7051556289027,33.4
256.03650294863604,33.4
257.3748092389545,33.4
258.72011087449107,33.6
260.0724444200114,33.7
261.4318466314045,33.7
262.79835445668317,33.7
264.17200503698814,33.7
265.5528357075972,33.7
266.94088399894025,33.7
268.336187637619,33.7
269.7387845474336,33.7
271.1487128504106,33.7
272.56601086784315,33.7
273.9907171213279,33.7
275.4228703338166,33.7
276.86250943066517,33.7
278.30967354069315,33.7
279.764401997247,33.7
281.2267343392687,33.7
282.6967103123723,33.7
284.1743698699204,33.7
285.65975317411466,33.7
287.152900597083,33.7
288.6538527219809,33.7
290.16265034409145,33.7
291.67933447193553,33.7
293.203946328386,33.7
294.7365273517884,33.7
296.27711919708696,33.7
297.8257637369567,33.7
299.38250306294265,33.8
300.947379486601,33.9
302.52043554065347,33.9
304.1017139801383,33.9
305.69125778357716,33.9
307.2891101541398,33.9
308.8953145208197,33.9
310.5099145396145,33.9
312.1329540947119,33.9
313.76447729968413,33.9
315.40452849868336,33.9
317.0531522676519,33.9
318.71039341552853,33.9
320.3762969854716,33.9
322.05090825607795,33.9
323.7342727426186,33.9
325.4264361982722,33.9
327.1274446153702,33.9
328.83734422664674,33.9
330.55618150649445,33.9
332.28400317222986,33.9
334.02085618535915,33.9
335.76678775285944,33.9
337.52184532845695,33.8
339.28607661392135,33.7
341.0595295603587,33.7
342.84225236951676,33.7
344.63429349509414,33.7
346.4357016440579,33.7
348.24652577796684,33.7
350.06681511430224,33.6
351.8966191278073,33.6
353.7359875518278,33.5
355.5849703796693,33.4
357.44361786595016,33.3
359.3119805279728,33.3
361.1901091470929,33.2
363.0780547701014,33.2
364.9758687106112,33.2
366.8836025504522,33.2
368.80130814107446,33.1
370.72903760495365,33.0
372.66684333701346,32.8
374.6147780060434,32.8
376.57289455613636,32.7
378.54124620812286,32.7
380.5198864610201,32.6
382.50886909348526,32.6
384.5082481652772,32.5
386.51807801872604,32.4
388.53841328020957,32.4
390.56930886163985,32.3
392.6108199619517,32.3
394.6630020686084,32.4
396.7259109591041,32.5
398.7996027024853,32.5
400.8841336608706,32.5
402.9795604909844,32.5
405.0859401456969,32.5
407.20332987557106,32.6
409.331787230421,32.7
411.4713700608718,32.7
413.6221365199375,32.7
415.78414506459575,32.7
417.95745445738237,32.7
420.1421237679842,32.7
422.33821237484636,32.7
424.5457799667861,32.7
426.76488654461485,32.7
428.9955924227691,32.7
431.23795823094935,32.7
433.49204491576995,32.7
435.7579137424112,32.7
438.0356262962907,32.7
440.3252444847303,32.7
442.62683053864555,32.7
444.9404470142319,32.7
447.2661567946673,32.7
449.60402309182115,32.7
451.9541094479714,32.7
454.3164797375345,32.7
456.6911981687959,32.7
459.0783292856624,32.7
461.4779379694089,32.7
463.89008944044906,32.7
466.31484926010245,32.8
468.7522833323791,32.8
471.20245790577025,32.8
473.6654395750488,32.8
476.14129528307956,32.8
478.630092322638,32.8
481.1318983382419,32.9
483.6467813279844,33.0
486.1748096453894,33.0
488.7160520012619,33.0
491.27057746556244,33.0
493.8384554692794,33.0
496.4197558063182,33.0
499.01454863539806,33.0
501.6229044819588,33.0
504.24489424007766,33.0
506.88058917439554,33.0
509.53006092205686,33.0
512.1933814946506,33.0
514.8706232801756,33.0
517.5618590449992,33.0
520.2671619358439,32.9
522.9866054817683,32.8
525.7202635961694,32.8
528.4682105787901,32.8
531.230521117739,32.9
534.0072702915224,33.0
536.7985335710792,33.0
539.6043868218401,33.0
542.4249063057814,33.0
545.2601686835053,33.1
548.1102510163182,33.2
550.9752307683272,33.2
553.8551858085453,33.3
556.7501944130083,33.4
559.6603352669016,33.5
562.5856874666987,33.6
565.5263305223134,33.7
568.4823443592555,33.8
571.4538093208106,33.9
574.4408061702153,34.0
577.4434160928608,34.1
580.4617206984933,34.1
583.4958020234345,34.2
586.5457425328113,34.2
589.6116251227962,34.2
592.6935331228639,34.2
595.7915502980484,34.2
598.9057608512304,34.2
602.0362494254149,34.1
605.1831011060411,34.1
608.3464014232891,34.0
611.5262363544065,34.0
614.7226923260454,33.9
617.9358562166111,33.8
621.1658153586235,33.6
624.4126575410903,33.3
627.6764710118958,33.1
630.957344480193,33.0
634.2553671188238,32.5
637.5706285667327,32.0
640.9032189314127,31.6
644.2532287913472,31.2
647.6207491984753,30.7
651.0058716806659,30.4
654.4086882442045,30.3
657.8292913762976,30.3
661.2677740475787,30.3
664.7242297146454,30.3
668.1987523225889,30.2
671.6914363075575,30.3
675.2023765993158,30.4
678.7316686238282,30.6
682.2794083058518,30.7
685.8456920715438,30.8
689.4306168510824,30.9
693.0342800813003,31.0
696.6567797083366,31.1
700.2982141902914,31.2
703.9586824999124,31.3
707.6382841272731,31.4
711.3371190824884,31.4
715.0552878984242,31.5
718.7928916334344,31.5
722.5500318741055,31.5
726.3268107380181,31.5
730.123330876526,31.6
733.9396954775374,31.6
737.7760082683312,31.6
741.6323735183645,31.6
745.508896042117,31.6
749.4056812019327,31.6
753.3228349108862,31.6
757.2604636356614,31.6
761.2186743994453,31.6
765.1975747848361,31.6
769.1972729367671,31.6
773.2178775654501,31.7
777.2594979493206,31.8
781.3222439380205,31.8
785.406225955371,31.8
789.5115550023859,31.8
793.6383426602791,31.8
797.7867010935024,31.8
801.9567430527921,31.8
806.1485818782347,31.7
810.3623315023465,31.7
814.59810645317,31.6
818.8560218573906,31.6
823.1361934434566,31.6
827.4387375447371,31.5
831.7637711026708,31.4
836.1114116699566,31.3
840.4817774137397,31.2
844.8749871188272,31.1
849.2911601909162,31.2
853.7304166598383,31.2
858.1928771828257,31.2
862.6786630477819,31.3
867.1878961765907,31.3
871.7206991284164,31.3
876.2771951030477,31.3
880.8575079442367,31.3
885.4617621430697,31.4
890.0900828413493,31.4
894.742595834996,31.5
899.4194275774676,31.5
904.1207051831946,31.5
908.8465564310401,31.6
913.5971097677627,31.7
918.3724943115215,31.8
923.1728398553701,31.9
927.998276870799,32.0
932.8489365112713,32.1
937.7249506157918,32.2
942.6264517124897,32.3
947.5535730222193,32.4
952.5064484621864,32.4
957.4852126495767,32.4
962.4900009052299,32.4
967.5209492573013,32.5
972.5781944449744,32.5
977.6618739221665,32.6
982.772125861269,32.5
987.9090891569025,32.4
993.0729034296917,32.4
998.26370903006,32.3
1003.4816470420445,32.3
1008.7268592871307,32.2
1013.9994883281055,32.1
1019.2996774729368,32.0
1024.627570778662,32.0
1029.9833130553077,32.0
1035.3670498698243,31.9
1040.778927550043,31.8
1046.219093188652,31.8
1051.687694647196,31.9
1057.1848805600926,31.9
1062.7108003386745,31.9
1068.2656041752484,32.0
1073.849443047181,32.0
1079.4624687209969,32.0
1085.104833756507,32.0
1090.7766915109553,32.0
1096.4781961431852,32.0
1102.2095026178308,32.0
1107.9707667095288,31.9
1113.7621450071517,31.8
1119.5837949180645,31.8
1125.4358746724013,31.8
1131.3185433273702,31.8
1137.231960771571,31.8
1143.1762877293438,31.8
1149.1516857651375,31.8
1155.1583172879002,31.8
1161.1963455554942,31.8
1167.2659346791324,31.8
1173.3672496278396,31.8
1179.5004562329357,31.8
1185.6657211925422,31.8
1191.8632120761172,31.7
1198.0930973290035,31.5
1204.355546277011,31.3
1210.650729131018,31.1
1216.9788169915967,30.9
1223.3399818536654,30.7
1229.7343966111616,30.5
1236.162235061742,30.1
1242.6236719115057,29.7
1249.1188827797416,29.6
1255.6480442037073,29.5
1262.2113336434193,29.5
1268.8089294864806,29.5
1275.4410110529293,29.4
1282.1077586001115,29.4
1288.8093533275808,29.4
1295.5459773820237,29.4
1302.3178138622095,29.4
1309.1250468239675,29.3
1315.967861285188,29.2
1322.8464432308563,29.2
1329.7609796180998,29.2
1336.7116583812742,29.2
1343.6986684370715,29.2
1350.7221996896535,29.1
1357.782443035813,29.1
1364.879590370164,29.1
1372.0138345903551,29.1
1379.1853696023147,29.1
1386.3943903255179,29.1
1393.6410926982915,29.1
1400.9256736831292,29.1
1408.248331272053,29.1
1415.6092644919916,29.1
1423.0086734101894,29.0
1430.4467591396458,28.9
1437.9237238445805,28.9
1445.439770745928,28.8
1452.9951041268616,28.8
1460.589929338344,28.7
1468.224452804715,28.6
1475.898882029292,28.5
1483.6134256000173,28.4
1491.3682931951248,28.1
1499.1636955888393,27.7
1506.999844657106,27.5
1514.8769533833477,27.5
1522.7952358642551,27.4
1530.754907315605,27.3
1538.7561840781082,27.1
1546.799283623296,26.7
1554.8844245594228,26.5
1563.0118266374113,26.4
1571.181710756826,26.3
1579.3942989718767,26.3
1587.649814497453,26.3
1595.9484817151922,26.2
1604.2905261795772,26.1
1612.6761746240677,26.1
1621.1056549672617,26.1
1629.5791963190893,26.2
1638.097028987047,26.3
1646.6593844824454,26.3
1655.266495526711,26.3
1663.9185960577072,26.3
1672.6159212360947,26.3
1681.3587074517213,26.3
1690.1471923300487,26.3
1698.9816147386093,26.3
1707.8622147934998,26.3
1716.789233865905,26.3
1725.7629145886658,26.3
1734.7835008628629,26.3
1743.8512378644525,26.3
1752.9663720509295,26.3
1762.1291511680254,26.2
1771.3398242564415,26.1
1780.598641658619,26.1
1789.9058550255418,26.0
1799.2617173235774,26.0
1808.6664828413498,25.9
1818.1204071966588,25.9
1827.6237473434162,25.8
1837.1767615786375,25.8
1846.7797095494598,25.7
1856.4328522602,25.7
1866.1364520794475,25.6
1875.8907727471963,25.5
1885.6960793820124,25.4
1895.552638488241,25.3
1905.4607179632462,25.2
1915.4205871047022,25.1
1925.4325166178992,25.1
1935.4967786231095,25.2
1945.6136466629825,25.3
1955.783395709978,25.3
1966.006302173841,25.3
1976.282643909114,25.3
1986.6127002226892,25.3
1996.996751881399,25.3
2007.4350811196462,25.3
2017.927971647083,25.3
2028.4757086563097,25.3
2039.078578830634,25.3
2049.736870351861,25.3
2060.4508729081267,25.3
2071.22087770177,25.3
2082.0471774572497,25.3
2092.9300664290977,25.2
2103.8698404099196,25.1
2114.8667967384304,25.1
2125.9212343075446,25.1
2137.0334535724887,25.1
2148.2037565589744,25.0
2159.4324468714053,24.8
2170.71982970113,24.6
2182.0662118347364,24.6
2193.4719016623894,24.6
2204.937209186215,24.5
2216.4624460287228,24.4
2228.0479254412767,24.1
2239.6939623126154,23.9
2251.4008731773993,23.7
2263.168976224821,23.6
2274.9985913072546,23.5
2286.890039948944,23.4
2298.843645354747,23.3
2310.8597324189163,23.2
2322.9386277339318,23.2
2335.0806595993763,23.2
2347.2861580308577,23.2
2359.5554547689862,23.2
2371.8888832883777,23.2
2384.2867788067265,23.2
2396.7494782939148,23.3
2409.2773204811715,23.3
2421.8706458702773,23.4
2434.5297967428205,23.5
2447.2551171695004,23.6
2460.0469530194778,23.6
2472.905651969775,23.7
2485.8315635147337,23.7
2498.825038975499,23.8
2511.88643150958,23.8
2525.0160961204438,23.9
2538.2143896671673,23.9
2551.481670874133,23.9
2564.8183003407817,23.9
2578.224640551411,23.9
2591.7010558850307,23.8
2605.247912625263,23.8
2618.8655789702975,23.7
2632.5544250429093,23.7
2646.314822900502,23.7
2660.14714654523,23.7
2674.051771934164,23.7
2688.029076989506,23.7
2702.079441608862,23.7
2716.20324767557,23.7
2730.400879069075,23.7
2744.6727216753675,23.7
2759.0191633974646,23.7
2773.440594165967,23.7
2787.9374059496395,23.7
2802.509992766076,23.7
2817.1587506924047,23.7
2831.8840778760564,23.7
2846.686374545581,23.7
2861.5660430215316,23.7
2876.5234877273942,23.7
2891.5591152005823,23.7
2906.6733341034837,23.6
2921.8665552345788,23.5
2937.139191539587,23.4
2952.4916581227058,23.4
2967.9243722578863,23.4
2983.4377534001765,23.4
2999.0322231971227,23.5
3014.7082055002275,23.6
3030.466126376471,23.7
3046.306414119893,23.8
3062.229499263226,23.8
3078.2358145896155,23.9
3094.325795144359,23.9
3110.4998782467446,24.0
3126.7585035019356,24.1
3143.1021128129173,24.1
3159.5311503925072,24.1
3176.0460627754296,24.2
3192.6472988304513,24.2
3209.335309772584,24.2
3226.1105491753406,24.2
3242.973472983081,24.2
3259.924539523382,24.2
3276.9642095195077,24.2
3294.0929461029286,24.2
3311.311214825911,24.1
3328.6194836741684,24.1
3346.018223079582,24.0
3363.507905932988,24.0
3381.089007597027,23.9
3398.762005919066,23.9
3416.527381244194,23.8
3434.385616428264,23.6
3452.337196851022,23.4
3470.382610429304,23.3
3488.5223476302926,23.2
3506.7569014848486,23.2
3525.0867676009134,23.2
3543.512444176976,23.1
3562.034432015617,23.1
3580.6532345371147,23.0
3599.369357793143,22.9
3618.1833104805046,22.8
3637.095603954969,22.7
3656.1067522451726,22.6
3675.2172720665826,22.5
3694.4276828355482,22.4
3713.738506683413,22.3
3733.1502684707093,22.1
3752.6634958014215,22.0
3772.2787190373247,21.8
3791.9964713124127,21.6
3811.817288547367,21.5
3831.7417094641373,21.4
3851.7702756005806,21.3
3871.9035313251793,21.2
3892.1420238518376,21.1
3912.4863032547537,20.9
3932.936922483372,20.8
3953.4944373774106,20.7
3974.1594066819653,20.7
3994.9323920627126,20.6
4015.8139581211503,20.5
4036.8046724099613,20.4
4057.9051054484326,20.3
4079.115830737964,20.2
4100.437424777656,20.2
4121.870467079975,20.1
4143.41554018651,20.0
4165.0732296838005,20.0
4186.844124219257,20.0
4208.728815517151,19.9
4230.72789839472,19.9
4252.841970778305,19.9
4275.071633719623,20.0
4297.417491412092,20.0
4319.880151207261,20.1
4342.460223631314,20.1
4365.158322401661,20.0
4387.975064443623,20.0
4410.911069907196,19.9
4433.9669621839075,19.9
4457.1433679237725,19.8
4480.4409170523,19.7
4503.860242787635,19.6
4527.40198165776,19.5
4551.0667735177985,19.5
4574.855261567406,19.4
4598.768092368251,19.4
4622.80591586159,19.4
4646.969385385929,19.4
4671.25915769478,19.4
4695.675892974527,19.4
4720.220254862348,19.4
4744.892910464259,19.4
4769.694530373255,19.4
4794.625788687525,19.4
4819.68736302878,19.4
4844.87993456067,19.4
4870.204188007296,19.4
4895.660811671819,19.5
4921.250497455168,19.5
4946.973940874864,19.6
4972.8318410838865,19.7
4998.824900889706,19.8
5024.953826773381,19.9
5051.219328908747,20.0
5077.622121181736,20.0
5104.162921209768,20.1
5130.842450361258,20.1
5157.661433775227,20.1
5184.620600380999,20.2
5211.720682918039,20.2
5238.962417955835,20.3
5266.346545913939,20.3
5293.873811082085,20.4
5321.544961640422,20.5
5349.360749679845,20.8
5377.321931222439,21.2
5405.429266242027,21.3
5433.683518684824,21.4
5462.085456490198,21.5
5490.635851611563,21.6
5519.335480037329,21.7
5548.185121812011,21.9
5577.185561057427,22.2
5606.337585994012,22.4
5635.641988962242,22.6
5665.0995664441625,22.7
5694.7111190850455,23.0
5724.477451715144,23.4
5754.399373371566,23.6
5784.477697320285,23.8
5814.713241078208,24.0
5845.10682643542,24.1
5875.659279477514,24.2
5906.371430608045,24.4
5937.244114571097,24.7
5968.278170473975,24.9
5999.4744418100045,25.0
6030.833776481469,25.1
6062.357026822636,25.2
6094.045049622959,25.3
6125.898706150321,25.4
6157.918862174471,25.5
6190.106387990547,25.5
6222.462158442733,25.6
6254.987052948034,25.6
6287.681955520183,25.6
6320.547754793659,25.6
6353.585344047851,25.6
6386.795621231329,25.6
6420.179488986247,25.6
6453.7378546729,25.5
6487.471630394349,25.4
6521.381733021235,25.3
6555.469084216698,25.2
6589.734610461422,25.2
6624.179243078815,25.1
6658.80391826033,25.0
6693.609577090902,24.9
6728.597165574533,24.7
6763.767634659991,24.6
6799.1219402666875,24.5
6834.661043310619,24.4
6870.385909730507,24.3
6906.297510514049,24.2
6942.39682172431,24.1
6978.684824526248,24.1
7015.162505213385,24.1
7051.830855234612,24.0
7088.690871221135,23.9
7125.7435550135615,23.8
7162.989913689153,23.8
7200.430959589155,23.7
7238.067710346342,23.7
7275.901188912673,23.6
7313.932423587085,23.5
7352.162448043451,23.4
7390.59230135867,23.2
7429.22302804091,23.1
7468.055678057999,23.0
7507.091306865953,22.8
7546.330975437692,22.7
7585.775750291836,22.6
7625.426703521717,22.5
7665.284912824515,22.4
7705.351461530549,22.3
7745.627438632719,22.1
7786.113938816104,22.0
7826.81206248772,21.9
7867.722915806424,21.8
7908.847610712972,21.5
7950.187264960275,21.2
7991.743002143727,21.0
8033.515951731782,21.0
8075.507249096639,21.0
8117.718035545101,21.0
8160.149458349601,21.0
8202.80267077938,21.0
8245.67883213183,21.0
8288.77910776401,21.3
8332.104669124305,21.8
8375.656693784302,21.9
8419.436365470749,22.0
8463.444874097753,22.2
8507.683415799123,22.4
8552.153192960874,22.7
8596.855414253905,22.9
8641.791294666864,23.0
8686.962055539152,23.1
8732.36892459413,23.1
8778.01313597248,23.2
8823.895930265779,23.3
8870.018554550163,23.4
8916.382262420266,23.4
8962.988314023276,23.4
9009.83797609319,23.4
9056.932521985234,23.4
9104.273231710486,23.3
9151.861391970657,23.3
9199.698296193066,23.2
9247.785244565785,23.1
9296.12354407301,23.1
9344.714508530542,23.0
9393.559458621517,22.9
9442.659721932305,22.8
9492.016632988581,22.6
9541.631533291613,22.4
9591.505771354708,22.1
9641.64070273987,21.8
9692.037690094652,21.3
9742.698103189163,20.5
9793.623318953358,19.8
9844.814721514387,19.6
9896.27370223427,20.0
9948.001659747684,19.8
10000.0,19.6
10052.270136285486,19.4
10104.813489285681,19.3
10157.6314871081,19.2
10210.725565324987,19.2
10264.09716701231,19.1
10317.747742788988,19.0
10371.678750856474,18.9
10425.891657038128,18.7
10480.387934819217,18.5
10535.16906538697,18.3
10590.236537670813,17.7
10645.591848382772,16.7
10701.236502058211,15.8
10757.172011096769,15.2
10813.399895803414,14.8
10869.921684429703,14.4
10926.73891321545,14.1
10983.85312643042,13.6
11041.265876416248,13.0
11098.978723628681,12.4
11156.993236680037,12.0
11215.310992381786,11.7
11273.933575787378,11.4
11332.862580235347,11.1
11392.099607392682,10.6
11451.646267298307,10.2
11511.504178406769,9.8
11571.674967632372,9.5
11632.16027039332,9.3
11692.961730656129,9.0
11754.08100098034,8.6
11815.519742563505,8.2
11877.27962528627,7.8
11939.362327757724,7.3
12001.76953736107,6.8
12064.50295029953,6.0
12127.56427164241,5.3
12190.95521537136,5.2
12254.677504427105,4.3
12318.732870756214,3.2
12383.123055358106,2.8
12447.849808332432,2.6
12512.914888926687,2.7
12578.320065583976,3.2
12644.067115991029,3.7
12710.157827126544,4.9
12776.593995309939,6.7
12843.377426249857,7.8
12910.50993509343,8.6
12977.99334647565,9.3
13045.829494568892,9.7
13114.020223132724,10.3
13182.567385564074,10.8
13251.472844947652,10.9
13320.738474106534,11.1
13390.366155652993,11.2
13460.35778203982,11.4
13530.715255611682,11.9
13601.440488656775,12.3
13672.535403458849,12.4
13744.001932349513,12.6
13815.842017760702,12.9
13888.057612277411,13.2
13960.650678690825,13.5
14033.62319005172,14.0
14106.977129724035,14.3
14180.714491438697,14.5
14254.837279347976,14.6
14329.347508079869,14.7
14404.247202792812,14.8
14479.538399230763,14.9
14555.223143778607,14.9
14631.303493517702,14.9
14707.78151628175,14.8
14784.65929071304,14.4
14861.938906319014,14.0
14939.622463529,13.7
15017.712073751207,13.2
15096.209859430292,12.8
15175.117954104964,12.3
15254.438502465904,11.8
15334.173660414117,11.3
15414.325595119602,9.8
15494.896485080177,7.8
15575.88852018064,6.8
15657.303901752315,5.7
15739.1448426331,5.0
15821.413567227246,4.9
15904.112311566014,4.0
15987.243323368504,3.7
16070.808862102673,4.7
16154.811199046684,5.6
16239.252617350698,5.9
16324.135412099,6.1
16409.461890372313,6.3
16495.23437131044,6.4
16581.455186175313,6.7
16668.12667841462,7.0
16755.251203725067,7.2
