10.0,31.8
10.052270136285475,31.8
10.104813489285682,31.8
10.157631487108103,31.8
10.210725565324982,31.8
10.264097167012295,32.0
10.317747742789004,32.1
10.371678750856479,32.1
10.425891657038118,32.1
10.480387934819216,32.1
10.535169065386981,32.1
10.590236537670812,32.1
10.64559184838276,32.1
10.701236502058206,32.2
10.757172011096776,32.3
10.813399895803409,32.3
10.869921684429707,32.3
10.926738913215466,32.3
10.98385312643042,32.3
11.041265876416237,32.4
11.098978723628681,32.5
11.156993236680048,32.5
11.215310992381788,32.5
11.27393357578736,32.5
11.332862580235341,32.5
11.392099607392687,32.5
11.451646267298301,32.5
11.511504178406776,32.5
11.571674967632385,32.5
11.632160270393321,32.6
11.692961730656117,32.6
11.75408100098034,32.6
11.815519742563518,32.6
11.87727962528627,32.6
11.939362327757706,32.6
12.001769537361062,32.6
12.064502950299536,32.6
12.127564271642404,32.6
12.190955215371359,32.6
12.254677504427118,32.7
12.318732870756214,32.8
12.383123055358094,32.8
12.447849808332432,32.9
12.5129148889267,33.0
12.578320065583968,33.0
12.644067115991009,33.0
12.710157827126565,33.0
12.776593995309947,33.0
12.843377426249843,33.0
12.910509935093431,33.0
12.977993346475664,33.0
13.045829494568892,33.0
13.11402022313271,33.0
13.182567385564074,33.0
13.251472844947658,33.0
13.320738474106527,33.0
13.390366155653,33.1
13.460357782039841,33.2
13.530715255611682,33.3
13.601440488656761,33.3
13.672535403458848,33.3
13.744001932349526,33.3
13.815842017760701,33.3
13.888057612277397,33.4
13.960650678690818,33.5
14.033623190051728,33.5
14.10697712972403,33.5
14.180714491438705,33.5
14.25483727934799,33.5
14.32934750807987,33.5
14.404247202792797,33.5
14.479538399230764,33.5
14.55522314377862,33.5
14.631303493517702,33.5
14.707781516281727,33.5
14.784659290713032,33.5
14.861938906319022,33.5
14.939622463528993,33.6
15.017712073751214,33.7
15.096209859430308,33.7
15.175117954104964,33.7
15.254438502465888,33.7
15.334173660414118,33.7
15.414325595119617,33.7
15.494896485080169,33.7
15.575888520180618,33.7
15.65730390175234,33.7
15.73914484263311,33.7
15.821413567227237,33.7
15.904112311566013,33.7
15.98724332336852,33.7
16.070808862102673,33.8
16.154811199046666,33.8
16.239252617350697,33.8
16.324135412099007,33.8
16.409461890372306,33.8
16.495234371310413,33.8
16.58145518617534,33.8
16.668126678414627,33.8
16.755251203725052,33.8
16.84283113011666,33.8
16.930868837977105,33.8
17.01936672013636,33.8
17.108327181931763,33.8
17.197752641273365,33.8
17.28764552870969,33.9
17.378008287493753,33.9
17.4688433736495,34.0
17.560153256038525,34.0
17.651940416427212,34.0
17.744207349554188,34.0
17.836956563198083,34.0
17.93019057824573,34.0
18.023911928760675,34.0
18.118123162052047,34.0
18.21282683874379,34.0
18.30802553284428,34.0
18.403721831816252,34.0
18.499918336647156,34.0
18.59661766191982,34.0
18.69382243588356,34.0
18.791535300525574,34.0
18.889758911642755,34.0
18.98849593891389,34.0
19.08774906597221,34.0
19.187520990478333,34.0
19.287814424193606,34.1
19.388632093053765,34.1
19.48997673724305,34.2
19.591851111268685,34.2
19.69425798403576,34.2
19.79720013892245,34.2
19.90068037385568,34.2
20.004701501387192,34.2
20.109266348769967,34.2
20.214377758035074,34.2
20.320038586068932,34.2
20.426251704690927,34.2
20.533020000731486,34.2
20.64034637611054,34.2
20.748233747916412,34.2
20.856685048485062,34.2
20.965703225479817,34.2
21.075291241971485,34.2
21.185452076518878,34.2
21.296188723249774,34.2
21.407504191942323,34.2
21.519401508106792,34.2
21.631883713067854,34.2
21.744953864047204,34.2
21.858615034246718,34.2
21.972870312931903,34.2
22.087722805515906,34.2
22.203175633643916,34.2
22.319231935278008,34.2
22.435894864782412,34.2
22.553167593009288,34.2
22.671053307384867,34.2
22.789555211996095,34.2
22.908676527677724,34.2
23.028420492099883,34.2
23.148790359856015,34.2
23.26978940255137,34.2
23.391420908891938,34.2
23.51368818477381,34.2
23.63659455337303,34.2
23.760143355235964,34.2
23.884337948370025,34.2
24.009181708334992,34.2
24.134678028334722,34.2
24.260830319309434,34.2
24.387642010028344,34.2
24.515116547182902,34.2
24.64325739548046,34.2
24.772068037738443,34.2
24.901551974979007,34.2
25.031712726524198,34.2
25.162553830091625,34.2
25.294078841890578,34.2
25.426291336718684,34.2
25.559194908059133,34.2
25.692793168178262,34.2
25.827089748223784,34.2
25.96208829832347,34.2
26.097792487684362,34.2
26.234206004692496,34.2
26.371332557013133,34.2
26.5091758716916,34.2
26.647739695254497,34.2
26.787027793811582,34.2
26.9270439531581,34.2
27.06779197887776,34.2
27.209275696446046,34.2
27.351498951334275,34.2
27.494465609114105,34.2
27.638179555562576,34.2
27.782644696767733,34.2
27.92786495923483,34.2
28.07384428999299,34.2
28.220586656702505,34.1
28.368096047762684,34.0
28.516376472420284,34.0
28.66543196087842,34.0
28.815266564406134,34.0
28.965884355448516,34.0
29.11728942773738,34.0
29.26948589640251,34.0
29.42247789808359,34.0
29.57626959104251,34.0
29.730865155276486,34.0
29.88626879263161,34.0
30.04248472691713,34.0
30.19951720402016,34.0
30.357370492021133,33.9
30.516048881309793,33.8
30.675556684701824,33.8
30.835898237556027,33.8
30.99707789789224,33.8
31.15910004650967,33.8
31.321969087106055,33.8
31.485689446397288,33.8
31.650265574237824,33.7
31.815701943741516,33.7
31.98200305140326,33.7
32.14917341722119,33.7
32.31721758481955,33.7
32.486140121572134,33.7
32.655945618726484,33.7
32.82663869152868,33.7
32.99822397934869,33.7
33.170706145806605,33.7
33.34408987889928,33.7
33.51837989112781,33.7
33.69358091962557,33.7
33.86969772628702,33.7
34.04673509789711,33.7
34.224697846261364,33.7
34.40359080833668,33.7
34.58341884636283,33.6
34.764186847994516,33.6
34.94589972643436,33.5
35.12856242056629,33.5
35.312179895089876,33.5
35.496757140655234,33.4
35.68229917399868,33.3
35.86881103807908,33.3
36.05629780221492,33.3
36.24476456222205,33.3
36.434216440552284,33.3
36.6246585864325,33.3
36.81609617600466,33.3
37.00853441246656,33.3
37.2019785262131,33.4
37.39643377497855,33.4
37.591905443979435,33.5
37.788398846058186,33.5
37.985919321827524,33.6
38.184472239815605,33.7
38.384062996612016,33.7
38.584697017014335,33.7
38.786379754175634,33.7
38.98911668975273,33.7
39.1929133340551,33.7
39.39777522619469,33.7
39.60370793423646,33.6
39.810717055349734,33.6
40.0188082159603,33.5
40.227987071903335,33.4
40.43825930857721,33.4
40.64963064109788,33.3
40.8621068144543,33.3
41.075693603664625,33.2
41.29039681393302,33.1
41.506222280807584,33.0
41.72317587033889,32.7
41.94126347923944,32.6
42.16049103504393,32.5
42.38086449627034,32.5
42.60238985258197,32.5
42.825073124950116,32.5
43.04892036581776,32.5
43.27393765926414,32.5
43.500131121170035,32.5
43.727506899384,32.5
43.956071173889484,32.5
44.18583015697281,32.7
44.416790093392,32.9
44.648957260546474,33.0
44.88233796864779,33.1
45.116938560890986,33.1
45.35276541362708,33.1
45.58982493653644,33.2
45.82812357280281,33.3
46.067667799288614,33.4
46.308464126710895,33.5
46.55051909981832,33.5
46.793839297569036,33.5
47.03843133330949,33.5
47.28430185495417,33.5
47.531457545166376,33.5
47.77990512153967,33.6
48.02965133678067,33.7
48.28070297889241,33.7
48.53306687135893,33.7
48.78674987333074,33.7
49.041758879811184,33.7
49.298100821843896,33.7
49.55578266670119,33.7
49.81481141807335,33.7
50.07519411625915,33.7
50.336937838356974,33.7
50.60004969845742,33.6
50.86453684783644,33.5
51.13040647514984,33.5
51.39766580662862,33.5
51.66632210627541,33.5
51.93638267606184,33.5
52.20785485612707,33.5
52.48074602497726,33.5
52.75506359968615,33.5
53.030815036096584,33.5
53.308007829023246,33.5
53.58664951245627,33.5
53.866747659766084,33.4
54.148309883909214,33.3
54.431343837635225,33.3
54.7158572136947,33.3
55.00185774504835,33.3
55.28935320507712,33.3
55.57835140779364,33.3
55.86886020805435,33.3
56.160887501773274,33.2
56.45444122613637,33.1
56.74952935981742,33.0
57.04615992319485,33.0
57.34434097856969,33.0
57.64408063038476,33.0
57.94538702544487,33.0
58.24826835313831,32.9
58.552732845659456,32.8
58.85878877823242,32.7
59.166444469336014,32.7
59.475708280929936,32.6
59.786588618681876,32.6
60.0990939321961,32.5
60.41323271524305,32.5
60.72901350599024,32.4
61.046444887234294,32.3
61.365535486634215,32.1
61.686293976945976,32.0
62.008729076258064,31.9
62.332849548228545,31.8
62.658664202323344,31.8
62.98618189405547,31.7
63.315411525225876,31.6
63.64636204416533,31.5
63.979042445977655,31.5
64.31346177278421,31.4
64.64962911396958,31.4
64.98755360642885,31.4
65.32724443481563,31.4
65.66871083179183,31.4
66.01196207827876,31.4
66.35700750370908,31.4
66.7038564862806,31.4
67.05251845321108,31.3
67.40300288099445,31.2
67.75531929565844,31.2
68.1094772730234,31.2
68.46548643896274,31.2
68.82335646966433,31.2
69.18309709189363,31.3
69.54471808325809,31.3
69.90822927247277,31.4
70.27364053962762,31.4
70.6409618164559,31.5
71.01020308660422,31.5
71.38137438590384,31.6
71.75448580264342,31.7
72.12954747784322,31.8
72.50656960553087,31.9
72.88556243301818,32.0
73.26653626117992,32.1
73.64950144473359,32.2
74.03446839252094,32.2
74.42144756779092,32.3
74.810449488484,32.4
75.20148472751808,32.4
75.59456391307583,32.5
75.98969772889355,32.5
76.38689691455168,32.6
76.78617226576647,32.6
77.18753463468363,32.7
77.59099493017311,32.7
77.99656411812569,32.8
78.404253221751,32.9
78.8140733218772,32.9
79.226035557252,33.0
79.64015112484554,33.0
80.05643128015467,33.0
80.47488733750892,33.0
80.89553067037787,33.0
81.31837271168051,33.0
81.74342495409579,33.0
82.170698950375,33.0
82.60020631365589,33.0
83.03195871777821,33.0
83.46596789760103,33.0
83.90224564932171,33.0
84.34080383079642,33.0
84.78165436186265,33.0
85.22480922466286,32.9
85.67028046397054,32.8
86.11808018751721,32.6
86.56822056632171,32.5
87.020713835021,32.4
87.47557229220259,32.3
87.93280830073893,32.2
88.39243428812335,32.1
88.85446274680783,31.9
89.31890623454267,31.8
89.78577737471758,31.8
90.25508885670492,31.8
90.72685343620469,31.8
91.20108393559097,31.9
91.67779324426061,32.1
92.15699431898352,32.2
92.63870018425483,32.3
93.12292393264887,32.3
93.60967872517497,32.4
94.09897779163542,32.4
94.5908344309847,32.4
95.0852620116911,32.6
95.58227397210023,32.7
96.08188382079996,32.8
96.5841051369878,32.8
97.08895157083991,32.8
97.59643684388209,32.8
98.10657474936274,32.8
98.61937915262773,32.9
99.13486399149741,33.0
99.65304327664518,33.0
100.17393109197839,33.0
100.69754159502135,33.0
101.22388901729977,33.0
101.75298766472777,33.0
102.28485191799675,33.0
102.81949623296607,32.9
103.35693514105618,32.9
103.89718324964329,32.8
104.44025524245698,32.8
104.98616587997819,32.8
105.53492999984189,32.8
106.08656251723878,32.8
106.64107842532215,32.8
107.19849279561431,32.8
107.75882077841675,32.8
108.32207760322176,32.7
108.88827857912626,32.6
109.45743909524856,32.6
110.02957462114523,32.6
110.60470070723336,32.6
111.18283298521138,32.6
111.76398716848561,32.6
112.3481790525961,32.6
112.93542451564652,32.6
113.5257395187356,32.5
114.11914010639099,32.5
114.71564240700522,32.5
115.3152626332741,32.4
115.91801708263789,32.3
116.52392213772293,32.3
117.13299426678874,32.3
117.74525002417371,32.3
118.36070605074681,32.3
118.97937907435858,32.3
119.60128591029638,32.3
120.22644346174131,32.3
120.85486872022751,32.3
121.4865787661046,32.3
122.12159076900052,32.3
122.75992198829012,32.3
123.40158977356222,32.3
124.04661156509306,32.3
124.69500489431896,32.3
125.34678738431336,32.3
126.00197675026583,32.3
126.6605907999634,32.3
127.3226474342747,32.3
127.98816464763628,32.3
128.6571605285424,32.3
129.32965326003517,32.3
130.00566112020084,32.3
130.68520248266435,32.3
131.36829581709074,32.3
132.05495968968575,32.3
132.74521276370103,32.2
133.43907379994133,32.1
134.1365616572744,32.1
134.83769529314347,32.0
135.54249376408254,31.9
136.25097622623485,31.8
136.96316193587217,31.8
137.67907024992007,31.8
138.39872062648203,31.8
139.1221326253702,31.8
139.84932590863562,31.8
140.58032024110324,31.8
141.31513549090906,31.8
142.05379163003997,31.8
142.7963087348772,31.8
143.5427069867405,31.8
144.29300667243896,31.7
145.04722818481977,31.7
145.80539202332486,31.7
146.56751879454652,31.6
147.333629212788,31.5
148.1037441006266,31.5
148.87788438947953,31.4
149.65607112017267,31.4
150.43832544351253,31.4
151.2246686208618,31.4
152.01512202471548,31.4
152.80970713928414,31.3
153.6084455610754,31.3
154.41135899948313,31.2
155.218469277376,31.2
156.02979833169113,31.2
156.8453682140304,31.1
157.66520109125955,31.0
158.48931924611142,30.8
159.3177450777899,30.7
160.15050110258113,30.6
160.9876099544629,30.6
161.82909438572216,30.5
162.67497726757185,30.5
163.52528159077312,30.5
164.38003046626017,30.6
165.23924712576837,30.7
166.1029549224657,30.8
166.97117733158728,31.0
167.8439379510743,31.4
168.72126050221348,31.8
169.60316883028446,32.0
170.48968690520502,32.1
171.38083882218535,32.1
172.27664880238083,32.2
173.17714119355136,32.2
174.08234047072295,32.3
174.99227123685273,32.3
175.9069582234984,32.3
176.82642629148881,32.3
177.75070043160196,32.4
178.67980576524164,32.4
179.61376754512278,32.5
180.55261115595593,32.5
181.49636211513797,32.5
182.44504607344558,32.5
183.39868881573247,32.5
184.35731626163007,32.5
185.3209544662519,32.5
186.28962962090262,32.5
187.26336805378796,32.5
188.24219623073301,32.5
189.2261407558986,32.5
190.21522837250714,32.5
191.20948596356752,32.5
192.20894055260666,32.5
193.21361930440384,32.5
194.22354952572874,32.5
195.2387586660848,32.5
196.25927431845295,32.5
197.28512422004457,32.5
198.31633625305224,32.5
199.35293844541056,32.5
200.39495897155572,32.5
201.4424261531923,32.6
202.4953684600627,32.6
203.55381451072122,32.6
204.6177930733116,32.7
205.6873330663489,32.8
206.76246355950653,32.8
207.84321377440395,32.8
208.92961308540407,32.8
210.02169102040844,32.8
211.11947726166272,32.8
212.22300164656127,32.8
213.33229416845913,32.8
214.447384977487,32.8
215.5683043813707,32.8
216.69508284625502,32.8
217.8277509975314,32.8
218.9663396206716,32.8
220.1108796620618,32.8
221.26140222984722,32.8
222.41793859477394,32.8
223.5805201910423,32.8
224.74917861715863,32.8
225.9239456367954,32.9
227.10485317965416,32.9
228.29193334233327,33.0
229.48521838920135,33.0
230.68474075327168,33.0
231.89053303708724,33.0
233.102628013603,33.0
234.32105862708036,33.0
235.5458579939798,33.0
236.77705940386227,33.0
238.0146963202937,33.0
239.25880238175446,33.0
240.50941140255387,33.0
241.76655737374873,33.0
243.03027446406858,33.2
244.30059702084168,33.3
245.57755957093218,33.3
246.86119682167464,33.3
248.1515436618211,33.3
249.44863516248657,33.3
250.75250657810346,33.3
252.0631933473797,33.3
253.3807310942614,33.3
254.7051556289027,33.3
256.03650294863604,33.3
257.3748092389545,33.3
258.72011087449107,33.3
260.0724444200114,33.3
261.4318466314045,33.3
262.79835445668317,33.3
264.17200503698814,33.3
265.5528357075972,33.3
266.94088399894025,33.3
268.336187637619,33.3
269.7387845474336,33.3
271.1487128504106,33.3
272.56601086784315,33.3
273.9907171213279,33.3
275.4228703338166,33.3
276.86250943066517,33.3
278.30967354069315,33.3
279.764401997247,33.3
281.2267343392687,33.3
282.6967103123723,33.3
284.1743698699204,33.3
285.65975317411466,33.3
287.152900597083,33.3
288.6538527219809,33.3
290.16265034409145,33.3
291.67933447193553,33.3
293.203946328386,33.3
294.7365273517884,33.3
296.27711919708696,33.3
297.8257637369567,33.3
299.38250306294265,33.3
300.947379486601,33.3
302.52043554065347,33.3
304.1017139801383,33.3
305.69125778357716,33.3
307.2891101541398,33.3
308.8953145208197,33.3
310.5099145396145,33.3
312.1329540947119,33.3
313.76447729968413,33.3
315.40452849868336,33.3
317.0531522676519,33.3
318.71039341552853,33.3
320.3762969854716,33.3
322.05090825607795,33.3
323.7342727426186,33.3
325.4264361982722,33.3
327.1274446153702,33.3
328.83734422664674,33.3
330.55618150649445,33.3
332.28400317222986,33.3
334.02085618535915,33.3
335.76678775285944,33.3
337.52184532845695,33.3
339.28607661392135,33.3
341.0595295603587,33.3
342.84225236951676,33.3
344.63429349509414,33.3
346.4357016440579,33.3
348.24652577796684,33.3
350.06681511430224,33.3
351.8966191278073,33.3
353.7359875518278,33.2
355.5849703796693,33.1
357.44361786595016,33.0
359.3119805279728,33.0
361.1901091470929,33.0
363.0780547701014,33.0
364.9758687106112,33.0
366.8836025504522,33.0
368.80130814107446,33.0
370.72903760495365,33.0
372.66684333701346,33.0
374.6147780060434,33.0
376.57289455613636,33.0
378.54124620812286,33.0
380.5198864610201,33.0
382.50886909348526,32.9
384.5082481652772,32.8
386.51807801872604,32.8
388.53841328020957,32.8
390.56930886163985,32.8
392.6108199619517,32.8
394.6630020686084,32.7
396.7259109591041,32.6
398.7996027024853,32.6
400.8841336608706,32.6
402.9795604909844,32.6
405.0859401456969,32.6
407.20332987557106,32.6
409.331787230421,32.5
411.4713700608718,32.5
413.6221365199375,32.5
415.78414506459575,32.5
417.95745445738237,32.5
420.1421237679842,32.5
422.33821237484636,32.5
424.5457799667861,32.4
426.76488654461485,32.4
428.9955924227691,32.3
431.23795823094935,32.3
433.49204491576995,32.3
435.7579137424112,32.3
438.0356262962907,32.3
440.3252444847303,32.3
442.62683053864555,32.3
444.9404470142319,32.3
447.2661567946673,32.3
449.60402309182115,32.3
451.9541094479714,32.3
454.3164797375345,32.3
456.6911981687959,32.3
459.0783292856624,32.3
461.4779379694089,32.3
463.89008944044906,32.3
466.31484926010245,32.3
468.7522833323791,32.3
471.20245790577025,32.3
473.6654395750488,32.3
476.14129528307956,32.3
478.630092322638,32.2
481.1318983382419,32.1
483.6467813279844,32.1
486.1748096453894,32.1
488.7160520012619,32.1
491.27057746556244,32.1
493.8384554692794,32.1
496.4197558063182,32.1
499.01454863539806,32.1
501.6229044819588,32.1
504.24489424007766,32.1
506.88058917439554,32.1
509.53006092205686,32.1
512.1933814946506,32.1
514.8706232801756,32.1
517.5618590449992,32.1
520.2671619358439,32.1
522.9866054817683,32.1
525.7202635961694,32.1
528.4682105787901,32.1
531.230521117739,32.1
534.0072702915224,32.1
536.7985335710792,32.1
539.6043868218401,32.1
542.4249063057814,32.1
545.2601686835053,32.1
548.1102510163182,32.1
550.9752307683272,32.2
553.8551858085453,32.3
556.7501944130083,32.3
559.6603352669016,32.3
562.5856874666987,32.3
565.5263305223134,32.3
568.4823443592555,32.4
571.4538093208106,32.5
574.4408061702153,32.5
577.4434160928608,32.5
580.4617206984933,32.5
583.4958020234345,32.5
586.5457425328113,32.5
589.6116251227962,32.5
592.6935331228639,32.5
595.7915502980484,32.5
598.9057608512304,32.5
602.0362494254149,32.5
605.1831011060411,32.5
608.3464014232891,32.5
611.5262363544065,32.6
614.7226923260454,32.6
617.9358562166111,32.6
621.1658153586235,32.6
624.4126575410903,32.6
627.6764710118958,32.6
630.957344480193,32.6
634.2553671188238,32.6
637.5706285667327,32.6
640.9032189314127,32.6
644.2532287913472,32.6
647.6207491984753,32.6
651.0058716806659,32.6
654.4086882442045,32.6
657.8292913762976,32.6
661.2677740475787,32.6
664.7242297146454,32.6
668.1987523225889,32.6
671.6914363075575,32.6
675.2023765993158,32.6
678.7316686238282,32.6
682.2794083058518,32.6
685.8456920715438,32.6
689.4306168510824,32.6
693.0342800813003,32.6
696.6567797083366,32.7
700.2982141902914,32.8
703.9586824999124,32.8
707.6382841272731,32.8
711.3371190824884,32.8
715.0552878984242,32.8
718.7928916334344,32.8
722.5500318741055,32.8
726.3268107380181,32.8
730.123330876526,32.8
733.9396954775374,32.8
737.7760082683312,32.9
741.6323735183645,32.9
745.508896042117,33.0
749.4056812019327,33.0
753.3228349108862,33.0
757.2604636356614,33.0
761.2186743994453,33.1
765.1975747848361,33.2
769.1972729367671,33.3
773.2178775654501,33.3
777.2594979493206,33.3
781.3222439380205,33.3
785.406225955371,33.4
789.5115550023859,33.5
793.6383426602791,33.5
797.7867010935024,33.5
801.9567430527921,33.5
806.1485818782347,33.5
810.3623315023465,33.5
814.59810645317,33.6
818.8560218573906,33.7
823.1361934434566,33.7
827.4387375447371,33.7
831.7637711026708,33.8
836.1114116699566,33.8
840.4817774137397,33.9
844.8749871188272,34.0
849.2911601909162,34.1
853.7304166598383,34.2
858.1928771828257,34.2
862.6786630477819,34.4
867.1878961765907,34.5
871.7206991284164,34.6
876.2771951030477,34.6
880.8575079442367,34.7
885.4617621430697,34.8
890.0900828413493,34.9
894.742595834996,35.1
899.4194275774676,35.2
904.1207051831946,35.3
908.8465564310401,35.3
913.5971097677627,35.3
918.3724943115215,35.3
923.1728398553701,35.3
927.998276870799,35.3
932.8489365112713,35.2
937.7249506157918,35.2
942.6264517124897,35.1
947.5535730222193,35.1
952.5064484621864,35.0
957.4852126495767,34.9
962.4900009052299,34.9
967.5209492573013,34.9
972.5781944449744,34.9
977.6618739221665,34.9
982.772125861269,34.9
987.9090891569025,34.8
993.0729034296917,34.8
998.26370903006,34.8
1003.4816470420445,34.8
1008.7268592871307,34.8
1013.9994883281055,34.8
1019.2996774729368,34.7
1024.627570778662,34.6
1029.9833130553077,34.6
1035.3670498698243,34.6
1040.778927550043,34.6
1046.219093188652,34.6
1051.687694647196,34.6
1057.1848805600926,34.6
1062.7108003386745,34.6
1068.2656041752484,34.6
1073.849443047181,34.5
1079.4624687209969,34.4
1085.104833756507,34.3
1090.7766915109553,34.2
1096.4781961431852,34.2
1102.2095026178308,34.2
1107.9707667095288,34.1
1113.7621450071517,34.0
1119.5837949180645,33.9
1125.4358746724013,33.9
1131.3185433273702,33.9
1137.231960771571,33.8
1143.1762877293438,33.8
1149.1516857651375,33.7
1155.1583172879002,33.7
1161.1963455554942,33.7
1167.2659346791324,33.7
1173.3672496278396,33.7
1179.5004562329357,33.7
1185.6657211925422,33.7
1191.8632120761172,33.6
1198.0930973290035,33.6
1204.355546277011,33.5
1210.650729131018,33.5
1216.9788169915967,33.5
1223.3399818536654,33.5
1229.7343966111616,33.5
1236.162235061742,33.5
1242.6236719115057,33.5
1249.1188827797416,33.4
1255.6480442037073,33.3
1262.2113336434193,33.2
1268.8089294864806,33.1
1275.4410110529293,33.1
1282.1077586001115,33.1
1288.8093533275808,33.0
1295.5459773820237,33.0
1302.3178138622095,33.0
1309.1250468239675,32.9
1315.967861285188,32.9
1322.8464432308563,32.8
1329.7609796180998,32.8
1336.7116583812742,32.7
1343.6986684370715,32.6
1350.7221996896535,32.3
1357.782443035813,32.1
1364.879590370164,32.1
1372.0138345903551,32.1
1379.1853696023147,32.1
1386.3943903255179,32.1
1393.6410926982915,32.1
1400.9256736831292,32.1
1408.248331272053,32.1
1415.6092644919916,32.1
1423.0086734101894,32.1
1430.4467591396458,32.1
1437.9237238445805,32.1
1445.439770745928,32.1
1452.9951041268616,32.1
1460.589929338344,32.0
1468.224452804715,31.9
1475.898882029292,31.8
1483.6134256000173,31.8
1491.3682931951248,31.8
1499.1636955888393,31.8
1506.999844657106,31.8
1514.8769533833477,31.9
1522.7952358642551,31.9
1530.754907315605,32.0
1538.7561840781082,32.1
1546.799283623296,32.2
1554.8844245594228,32.3
1563.0118266374113,32.3
1571.181710756826,32.3
1579.3942989718767,32.3
1587.649814497453,32.2
1595.9484817151922,32.1
1604.2905261795772,31.9
1612.6761746240677,31.7
1621.1056549672617,31.6
1629.5791963190893,31.4
1638.097028987047,31.4
1646.6593844824454,31.4
1655.266495526711,31.4
1663.9185960577072,31.4
1672.6159212360947,31.4
1681.3587074517213,31.5
1690.1471923300487,31.5
1698.9816147386093,31.6
1707.8622147934998,31.7
1716.789233865905,31.8
1725.7629145886658,31.8
1734.7835008628629,31.8
1743.8512378644525,31.8
1752.9663720509295,31.8
1762.1291511680254,31.7
1771.3398242564415,31.6
1780.598641658619,31.6
1789.9058550255418,31.5
1799.2617173235774,31.5
1808.6664828413498,31.4
1818.1204071966588,31.3
1827.6237473434162,31.1
1837.1767615786375,31.0
1846.7797095494598,31.0
1856.4328522602,30.9
1866.1364520794475,30.8
1875.8907727471963,30.7
1885.6960793820124,30.5
1895.552638488241,30.3
1905.4607179632462,30.2
1915.4205871047022,30.1
1925.4325166178992,29.9
1935.4967786231095,29.7
1945.6136466629825,29.5
1955.783395709978,29.5
1966.006302173841,29.4
1976.282643909114,29.4
1986.6127002226892,29.5
1996.996751881399,29.5
2007.4350811196462,29.5
2017.927971647083,29.6
2028.4757086563097,29.7
2039.078578830634,29.8
2049.736870351861,29.7
2060.4508729081267,29.7
2071.22087770177,29.6
2082.0471774572497,29.6
2092.9300664290977,29.5
2103.8698404099196,29.5
2114.8667967384304,29.4
2125.9212343075446,29.3
2137.0334535724887,29.2
2148.2037565589744,29.0
2159.4324468714053,29.0
2170.71982970113,29.0
2182.0662118347364,29.0
2193.4719016623894,29.0
2204.937209186215,28.9
2216.4624460287228,28.9
2228.0479254412767,28.9
2239.6939623126154,28.9
2251.4008731773993,28.9
2263.168976224821,28.9
2274.9985913072546,28.9
2286.890039948944,28.9
2298.843645354747,28.8
2310.8597324189163,28.6
2322.9386277339318,28.4
2335.0806595993763,28.2
2347.2861580308577,28.0
2359.5554547689862,27.9
2371.8888832883777,27.8
2384.2867788067265,27.7
2396.7494782939148,27.7
2409.2773204811715,27.7
2421.8706458702773,27.7
2434.5297967428205,27.7
2447.2551171695004,27.6
2460.0469530194778,27.6
2472.905651969775,27.5
2485.8315635147337,27.4
2498.825038975499,27.3
2511.88643150958,27.2
2525.0160961204438,27.1
2538.2143896671673,27.0
2551.481670874133,26.9
2564.8183003407817,27.0
2578.224640551411,27.1
2591.7010558850307,27.1
2605.247912625263,27.1
2618.8655789702975,27.1
2632.5544250429093,27.1
2646.314822900502,27.1
2660.14714654523,27.1
2674.051771934164,27.1
2688.029076989506,27.1
2702.079441608862,27.1
2716.20324767557,27.1
2730.400879069075,27.1
2744.6727216753675,27.0
2759.0191633974646,26.9
2773.440594165967,26.9
2787.9374059496395,26.8
2802.509992766076,26.8
2817.1587506924047,26.7
2831.8840778760564,26.7
2846.686374545581,26.6
2861.5660430215316,26.6
2876.5234877273942,26.5
2891.5591152005823,26.5
2906.6733341034837,26.4
2921.8665552345788,26.4
2937.139191539587,26.4
2952.4916581227058,26.4
2967.9243722578863,26.5
2983.4377534001765,26.7
2999.0322231971227,26.8
3014.7082055002275,26.9
3030.466126376471,26.9
3046.306414119893,26.9
3062.229499263226,27.0
3078.2358145896155,27.0
3094.325795144359,27.1
3110.4998782467446,27.1
3126.7585035019356,27.1
3143.1021128129173,27.1
3159.5311503925072,27.1
3176.0460627754296,27.1
3192.6472988304513,27.1
3209.335309772584,27.1
3226.1105491753406,27.2
3242.973472983081,27.3
3259.924539523382,27.4
3276.9642095195077,27.5
3294.0929461029286,27.5
3311.311214825911,27.5
3328.6194836741684,27.5
3346.018223079582,27.5
3363.507905932988,27.5
3381.089007597027,27.5
3398.762005919066,27.5
3416.527381244194,27.5
3434.385616428264,27.5
3452.337196851022,27.5
3470.382610429304,27.5
3488.5223476302926,27.4
3506.7569014848486,27.3
3525.0867676009134,27.2
3543.512444176976,27.1
3562.034432015617,27.0
3580.6532345371147,26.9
3599.369357793143,26.9
3618.1833104805046,26.8
3637.095603954969,26.7
3656.1067522451726,26.6
3675.2172720665826,26.6
3694.4276828355482,26.5
3713.738506683413,26.4
3733.1502684707093,26.3
3752.6634958014215,26.2
3772.2787190373247,26.0
3791.9964713124127,25.5
3811.817288547367,25.2
3831.7417094641373,25.2
3851.7702756005806,25.3
3871.9035313251793,25.4
3892.1420238518376,25.5
3912.4863032547537,25.6
3932.936922483372,25.6
3953.4944373774106,25.7
3974.1594066819653,25.6
3994.9323920627126,25.5
4015.8139581211503,25.3
4036.8046724099613,25.2
4057.9051054484326,25.2
4079.115830737964,25.2
4100.437424777656,25.2
4121.870467079975,25.2
4143.41554018651,25.2
4165.0732296838005,25.2
4186.844124219257,25.2
4208.728815517151,25.1
4230.72789839472,25.0
4252.841970778305,24.9
4275.071633719623,24.7
4297.417491412092,24.6
4319.880151207261,24.4
4342.460223631314,24.1
4365.158322401661,23.9
4387.975064443623,23.7
4410.911069907196,23.6
4433.9669621839075,23.3
4457.1433679237725,23.0
4480.4409170523,23.0
4503.860242787635,23.0
4527.40198165776,23.0
4551.0667735177985,23.0
4574.855261567406,22.9
4598.768092368251,22.7
4622.80591586159,22.5
4646.969385385929,22.3
4671.25915769478,22.0
4695.675892974527,21.8
4720.220254862348,21.6
4744.892910464259,21.3
4769.694530373255,20.8
4794.625788687525,20.5
4819.68736302878,20.4
4844.87993456067,20.4
4870.204188007296,20.3
4895.660811671819,20.1
4921.250497455168,19.8
4946.973940874864,19.5
4972.8318410838865,19.5
4998.824900889706,19.4
5024.953826773381,19.3
5051.219328908747,19.2
5077.622121181736,19.0
5104.162921209768,18.5
5130.842450361258,18.2
5157.661433775227,17.6
5184.620600380999,17.1
5211.720682918039,17.0
5238.962417955835,16.9
5266.346545913939,16.8
5293.873811082085,16.7
5321.544961640422,16.6
5349.360749679845,16.3
5377.321931222439,15.9
5405.429266242027,15.5
5433.683518684824,15.2
5462.085456490198,15.0
5490.635851611563,14.8
5519.335480037329,14.7
5548.185121812011,14.6
5577.185561057427,14.4
5606.337585994012,14.4
5635.641988962242,14.3
5665.0995664441625,14.2
5694.7111190850455,14.1
5724.477451715144,13.9
5754.399373371566,13.8
5784.477697320285,13.7
5814.713241078208,13.7
5845.10682643542,13.6
5875.659279477514,13.6
5906.371430608045,13.6
5937.244114571097,13.6
5968.278170473975,13.6
5999.4744418100045,13.5
6030.833776481469,13.4
6062.357026822636,13.4
6094.045049622959,13.4
6125.898706150321,13.4
6157.918862174471,13.6
6190.106387990547,13.8
6222.462158442733,14.0
6254.987052948034,14.2
6287.681955520183,14.3
6320.547754793659,14.4
6353.585344047851,14.4
6386.795621231329,14.6
6420.179488986247,14.8
6453.7378546729,14.9
6487.471630394349,15.0
6521.381733021235,15.1
6555.469084216698,15.2
6589.734610461422,15.3
6624.179243078815,15.4
6658.80391826033,15.4
6693.609577090902,15.4
6728.597165574533,15.4
6763.767634659991,15.4
6799.1219402666875,15.5
6834.661043310619,15.6
6870.385909730507,15.6
6906.297510514049,15.6
6942.39682172431,15.6
6978.684824526248,15.6
7015.162505213385,15.6
7051.830855234612,15.6
7088.690871221135,15.6
7125.7435550135615,16.0
7162.989913689153,16.4
7200.430959589155,16.7
7238.067710346342,16.8
7275.901188912673,16.9
7313.932423587085,17.0
7352.162448043451,17.1
7390.59230135867,17.2
7429.22302804091,17.2
7468.055678057999,17.3
7507.091306865953,17.4
7546.330975437692,17.5
7585.775750291836,17.6
7625.426703521717,17.6
7665.284912824515,17.7
7705.351461530549,18.1
7745.627438632719,18.4
7786.113938816104,18.5
7826.81206248772,18.7
7867.722915806424,18.9
7908.847610712972,19.0
7950.187264960275,19.2
7991.743002143727,19.6
8033.515951731782,20.0
8075.507249096639,20.3
8117.718035545101,20.5
8160.149458349601,20.6
8202.80267077938,20.8
8245.67883213183,21.0
8288.77910776401,21.3
8332.104669124305,21.6
8375.656693784302,21.8
8419.436365470749,21.9
8463.444874097753,21.9
8507.683415799123,21.9
8552.153192960874,21.9
8596.855414253905,21.9
8641.791294666864,21.9
8686.962055539152,21.9
8732.36892459413,21.8
8778.01313597248,21.8
8823.895930265779,21.8
8870.018554550163,21.8
8916.382262420266,21.8
8962.988314023276,21.8
9009.83797609319,21.7
9056.932521985234,21.7
9104.273231710486,21.6
9151.861391970657,21.5
9199.698296193066,21.5
9247.785244565785,21.4
9296.12354407301,21.4
9344.714508530542,21.3
9393.559458621517,21.2
9442.659721932305,21.1
9492.016632988581,21.0
9541.631533291613,20.7
9591.505771354708,20.4
9641.64070273987,20.4
9692.037690094652,20.4
9742.698103189163,20.4
9793.623318953358,20.3
9844.814721514387,20.1
9896.27370223427,19.9
9948.001659747684,19.8
10000.0,19.9
10052.270136285486,20.1
10104.813489285681,20.2
10157.6314871081,20.2
10210.725565324987,20.2
10264.09716701231,20.1
10317.747742788988,20.1
10371.678750856474,20.0
10425.891657038128,20.0
10480.387934819217,20.0
10535.16906538697,19.9
10590.236537670813,19.9
10645.591848382772,19.8
10701.236502058211,19.6
10757.172011096769,19.3
10813.399895803414,19.0
10869.921684429703,18.8
10926.73891321545,18.6
10983.85312643042,18.4
11041.265876416248,18.2
11098.978723628681,17.8
11156.993236680037,17.3
11215.310992381786,17.0
11273.933575787378,16.8
11332.862580235347,16.6
11392.099607392682,16.4
11451.646267298307,16.0
11511.504178406769,14.5
11571.674967632372,13.1
11632.16027039332,12.8
11692.961730656129,12.6
11754.08100098034,12.4
11815.519742563505,12.3
11877.27962528627,12.1
11939.362327757724,11.3
12001.76953736107,10.6
12064.50295029953,10.4
12127.56427164241,10.3
12190.95521537136,10.1
12254.677504427105,9.8
12318.732870756214,9.6
12383.123055358106,9.5
12447.849808332432,9.3
12512.914888926687,9.0
12578.320065583976,8.8
12644.067115991029,8.7
12710.157827126544,8.6
12776.593995309939,8.6
12843.377426249857,8.6
12910.50993509343,8.8
12977.99334647565,8.9
13045.829494568892,9.1
13114.020223132724,9.4
13182.567385564074,9.8
13251.472844947652,10.0
13320.738474106534,10.2
13390.366155652993,10.4
13460.35778203982,10.5
13530.715255611682,10.7
13601.440488656775,11.0
13672.535403458849,11.3
13744.001932349513,11.6
13815.842017760702,12.0
13888.057612277411,12.3
13960.650678690825,12.5
14033.62319005172,12.7
14106.977129724035,12.8
14180.714491438697,12.9
14254.837279347976,13.0
14329.347508079869,13.0
14404.247202792812,13.1
14479.538399230763,13.0
14555.223143778607,12.8
14631.303493517702,12.4
14707.78151628175,12.0
14784.65929071304,11.6
14861.938906319014,11.3
14939.622463529,11.0
15017.712073751207,10.5
15096.209859430292,9.7
15175.117954104964,8.9
15254.438502465904,8.2
15334.173660414117,7.7
15414.325595119602,7.2
15494.896485080177,6.8
15575.88852018064,5.9
15657.303901752315,3.7
15739.1448426331,1.8
15821.413567227246,1.4
15904.112311566014,1.0
15987.243323368504,0.7
16070.808862102673,0.5
16154.811199046684,0.8
16239.252617350698,1.0
16324.135412099,1.5
16409.461890372313,1.9
16495.23437131044,2.2
16581.455186175313,2.9
16668.12667841462,3.5
16755.251203725067,3.7
