10.0,17.9
10.052270136285475,17.9
10.104813489285682,17.9
10.157631487108103,17.9
10.210725565324982,17.9
10.264097167012295,18.0
10.317747742789004,18.1
10.371678750856479,18.1
10.425891657038118,18.1
10.480387934819216,18.1
10.535169065386981,18.1
10.590236537670812,18.1
10.64559184838276,18.1
10.701236502058206,18.1
10.757172011096776,18.1
10.813399895803409,18.2
10.869921684429707,18.2
10.926738913215466,18.2
10.98385312643042,18.2
11.041265876416237,18.2
11.098978723628681,18.2
11.156993236680048,18.2
11.215310992381788,18.3
11.27393357578736,18.4
11.332862580235341,18.4
11.392099607392687,18.4
11.451646267298301,18.4
11.511504178406776,18.4
11.571674967632385,18.4
11.632160270393321,18.4
11.692961730656117,18.5
11.75408100098034,18.6
11.815519742563518,18.6
11.87727962528627,18.6
11.939362327757706,18.6
12.001769537361062,18.6
12.064502950299536,18.6
12.127564271642404,18.6
12.190955215371359,18.6
12.254677504427118,18.6
12.318732870756214,18.7
12.383123055358094,18.8
12.447849808332432,18.9
12.5129148889267,18.9
12.578320065583968,18.9
12.644067115991009,18.9
12.710157827126565,18.9
12.776593995309947,18.9
12.843377426249843,18.9
12.910509935093431,18.9
12.977993346475664,18.9
13.045829494568892,18.9
13.11402022313271,19.0
13.182567385564074,19.1
13.251472844947658,19.1
13.320738474106527,19.1
13.390366155653,19.1
13.460357782039841,19.1
13.530715255611682,19.1
13.601440488656761,19.1
13.672535403458848,19.1
13.744001932349526,19.1
13.815842017760701,19.1
13.888057612277397,19.1
13.960650678690818,19.1
14.033623190051728,19.2
14.10697712972403,19.3
14.180714491438705,19.3
14.25483727934799,19.3
14.32934750807987,19.3
14.404247202792797,19.3
14.479538399230764,19.3
14.55522314377862,19.3
14.631303493517702,19.3
14.707781516281727,19.3
14.784659290713032,19.4
14.861938906319022,19.4
14.939622463528993,19.4
15.017712073751214,19.4
15.096209859430308,19.4
15.175117954104964,19.4
15.254438502465888,19.4
15.334173660414118,19.4
15.414325595119617,19.4
15.494896485080169,19.4
15.575888520180618,19.4
15.65730390175234,19.4
15.73914484263311,19.4
15.821413567227237,19.4
15.904112311566013,19.4
15.98724332336852,19.5
16.070808862102673,19.5
16.154811199046666,19.6
16.239252617350697,19.6
16.324135412099007,19.6
16.409461890372306,19.6
16.495234371310413,19.6
16.58145518617534,19.6
16.668126678414627,19.6
16.755251203725052,19.6
16.84283113011666,19.6
16.930868837977105,19.6
17.01936672013636,19.6
17.108327181931763,19.6
17.197752641273365,19.7
17.28764552870969,19.7
17.378008287493753,19.8
17.4688433736495,19.8
17.560153256038525,19.8
17.651940416427212,19.8
17.744207349554188,19.8
17.836956563198083,19.8
17.93019057824573,19.8
18.023911928760675,19.8
18.118123162052047,19.8
18.21282683874379,19.8
18.30802553284428,19.8
18.403721831816252,19.8
18.499918336647156,19.8
18.59661766191982,19.8
18.69382243588356,19.8
18.791535300525574,19.8
18.889758911642755,19.8
18.98849593891389,19.8
19.08774906597221,20.0
19.187520990478333,20.1
19.287814424193606,20.1
19.388632093053765,20.1
19.48997673724305,20.1
19.591851111268685,20.1
19.69425798403576,20.1
19.79720013892245,20.1
19.90068037385568,20.1
20.004701501387192,20.1
20.109266348769967,20.1
20.214377758035074,20.1
20.320038586068932,20.1
20.426251704690927,20.1
20.533020000731486,20.1
20.64034637611054,20.1
20.748233747916412,20.1
20.856685048485062,20.1
20.965703225479817,20.1
21.075291241971485,20.1
21.185452076518878,20.1
21.296188723249774,20.1
21.407504191942323,20.1
21.519401508106792,20.1
21.631883713067854,20.2
21.744953864047204,20.2
21.858615034246718,20.3
21.972870312931903,20.3
22.087722805515906,20.3
22.203175633643916,20.3
22.319231935278008,20.3
22.435894864782412,20.3
22.553167593009288,20.3
22.671053307384867,20.3
22.789555211996095,20.3
22.908676527677724,20.3
23.028420492099883,20.3
23.148790359856015,20.3
23.26978940255137,20.3
23.391420908891938,20.3
23.51368818477381,20.3
23.63659455337303,20.3
23.760143355235964,20.3
23.884337948370025,20.3
24.009181708334992,20.3
24.134678028334722,20.3
24.260830319309434,20.3
24.387642010028344,20.3
24.515116547182902,20.3
24.64325739548046,20.3
24.772068037738443,20.3
24.901551974979007,20.3
25.031712726524198,20.3
25.162553830091625,20.3
25.294078841890578,20.3
25.426291336718684,20.3
25.559194908059133,20.3
25.692793168178262,20.3
25.827089748223784,20.3
25.96208829832347,20.3
26.097792487684362,20.3
26.234206004692496,20.3
26.371332557013133,20.3
26.5091758716916,20.3
26.647739695254497,20.4
26.787027793811582,20.5
26.9270439531581,20.5
27.06779197887776,20.5
27.209275696446046,20.5
27.351498951334275,20.5
27.494465609114105,20.5
27.638179555562576,20.5
27.782644696767733,20.5
27.92786495923483,20.5
28.07384428999299,20.5
28.220586656702505,20.5
28.368096047762684,20.5
28.516376472420284,20.5
28.66543196087842,20.5
28.815266564406134,20.5
28.965884355448516,20.5
29.11728942773738,20.5
29.26948589640251,20.5
29.42247789808359,20.5
29.57626959104251,20.5
29.730865155276486,20.5
29.88626879263161,20.5
30.04248472691713,20.5
30.19951720402016,20.5
30.357370492021133,20.5
30.516048881309793,20.5
30.675556684701824,20.5
30.835898237556027,20.5
30.99707789789224,20.5
31.15910004650967,20.5
31.321969087106055,20.5
31.485689446397288,20.5
31.650265574237824,20.5
31.815701943741516,20.5
31.98200305140326,20.5
32.14917341722119,20.5
32.31721758481955,20.5
32.486140121572134,20.5
32.655945618726484,20.5
32.82663869152868,20.5
32.99822397934869,20.5
33.170706145806605,20.5
33.34408987889928,20.5
33.51837989112781,20.5
33.69358091962557,20.5
33.86969772628702,20.5
34.04673509789711,20.5
34.224697846261364,20.5
34.40359080833668,20.5
34.58341884636283,20.5
34.764186847994516,20.5
34.94589972643436,20.5
35.12856242056629,20.5
35.312179895089876,20.5
35.496757140655234,20.5
35.68229917399868,20.5
35.86881103807908,20.5
36.05629780221492,20.5
36.24476456222205,20.5
36.434216440552284,20.5
36.6246585864325,20.5
36.81609617600466,20.5
37.00853441246656,20.5
37.2019785262131,20.5
37.39643377497855,20.5
37.591905443979435,20.5
37.788398846058186,20.5
37.985919321827524,20.5
38.184472239815605,20.5
38.384062996612016,20.5
38.584697017014335,20.5
38.786379754175634,20.5
38.98911668975273,20.5
39.1929133340551,20.5
39.39777522619469,20.5
39.60370793423646,20.5
39.810717055349734,20.4
40.0188082159603,20.4
40.227987071903335,20.3
40.43825930857721,20.3
40.64963064109788,20.3
40.8621068144543,20.3
41.075693603664625,20.3
41.29039681393302,20.3
41.506222280807584,20.3
41.72317587033889,20.3
41.94126347923944,20.3
42.16049103504393,20.3
42.38086449627034,20.3
42.60238985258197,20.3
42.825073124950116,20.3
43.04892036581776,20.3
43.27393765926414,20.3
43.500131121170035,20.3
43.727506899384,20.3
43.956071173889484,20.3
44.18583015697281,20.3
44.416790093392,20.3
44.648957260546474,20.3
44.88233796864779,20.3
45.116938560890986,20.3
45.35276541362708,20.3
45.58982493653644,20.3
45.82812357280281,20.3
46.067667799288614,20.3
46.308464126710895,20.3
46.55051909981832,20.3
46.793839297569036,20.3
47.03843133330949,20.3
47.28430185495417,20.3
47.531457545166376,20.3
47.77990512153967,20.3
48.02965133678067,20.3
48.28070297889241,20.3
48.53306687135893,20.3
48.78674987333074,20.3
49.041758879811184,20.3
49.298100821843896,20.3
49.55578266670119,20.3
49.81481141807335,20.3
50.07519411625915,20.3
50.336937838356974,20.3
50.60004969845742,20.3
50.86453684783644,20.3
51.13040647514984,20.3
51.39766580662862,20.3
51.66632210627541,20.3
51.93638267606184,20.4
52.20785485612707,20.5
52.48074602497726,20.5
52.75506359968615,20.5
53.030815036096584,20.5
53.308007829023246,20.6
53.58664951245627,20.6
53.866747659766084,20.6
54.148309883909214,20.7
54.431343837635225,20.7
54.7158572136947,20.8
55.00185774504835,20.8
55.28935320507712,20.9
55.57835140779364,21.0
55.86886020805435,21.0
56.160887501773274,21.1
56.45444122613637,21.2
56.74952935981742,21.2
57.04615992319485,21.3
57.34434097856969,21.3
57.64408063038476,21.4
57.94538702544487,21.5
58.24826835313831,21.5
58.552732845659456,21.6
58.85878877823242,21.6
59.166444469336014,21.7
59.475708280929936,21.7
59.786588618681876,21.8
60.0990939321961,21.8
60.41323271524305,21.9
60.72901350599024,21.9
61.046444887234294,21.9
61.365535486634215,22.0
61.686293976945976,22.0
62.008729076258064,22.1
62.332849548228545,22.1
62.658664202323344,22.2
62.98618189405547,22.2
63.315411525225876,22.2
63.64636204416533,22.3
63.979042445977655,22.4
64.31346177278421,22.4
64.64962911396958,22.4
64.98755360642885,22.4
65.32724443481563,22.4
65.66871083179183,22.4
66.01196207827876,22.4
66.35700750370908,22.4
66.7038564862806,22.4
67.05251845321108,22.4
67.40300288099445,22.4
67.75531929565844,22.4
68.1094772730234,22.4
68.46548643896274,22.4
68.82335646966433,22.4
69.18309709189363,22.4
69.54471808325809,22.4
69.90822927247277,22.4
70.27364053962762,22.4
70.6409618164559,22.3
71.01020308660422,22.2
71.38137438590384,22.2
71.75448580264342,22.2
72.12954747784322,22.2
72.50656960553087,22.2
72.88556243301818,22.2
73.26653626117992,22.2
73.64950144473359,22.2
74.03446839252094,22.2
74.42144756779092,22.2
74.810449488484,22.2
75.20148472751808,22.2
75.59456391307583,22.2
75.98969772889355,22.1
76.38689691455168,22.0
76.78617226576647,22.0
77.18753463468363,22.0
77.59099493017311,22.0
77.99656411812569,22.0
78.404253221751,22.0
78.8140733218772,22.0
79.226035557252,22.0
79.64015112484554,22.0
80.05643128015467,21.9
80.47488733750892,21.9
80.89553067037787,21.9
81.31837271168051,21.9
81.74342495409579,21.9
82.170698950375,21.9
82.60020631365589,21.9
83.03195871777821,21.9
83.46596789760103,21.9
83.90224564932171,21.9
84.34080383079642,21.9
84.78165436186265,21.9
85.22480922466286,21.8
85.67028046397054,21.7
86.11808018751721,21.7
86.56822056632171,21.7
87.020713835021,21.7
87.47557229220259,21.7
87.93280830073893,21.7
88.39243428812335,21.7
88.85446274680783,21.7
89.31890623454267,21.7
89.78577737471758,21.7
90.25508885670492,21.7
90.72685343620469,21.7
91.20108393559097,21.8
91.67779324426061,21.9
92.15699431898352,21.9
92.63870018425483,21.9
93.12292393264887,21.9
93.60967872517497,21.9
94.09897779163542,21.9
94.5908344309847,21.9
95.0852620116911,21.9
95.58227397210023,21.9
96.08188382079996,21.9
96.5841051369878,22.0
97.08895157083991,22.0
97.59643684388209,22.0
98.10657474936274,22.0
98.61937915262773,22.0
99.13486399149741,22.0
99.65304327664518,22.0
100.17393109197839,22.0
100.69754159502135,22.0
101.22388901729977,22.0
101.75298766472777,22.1
102.28485191799675,22.1
102.81949623296607,22.1
103.35693514105618,22.1
103.89718324964329,22.1
104.44025524245698,22.1
104.98616587997819,22.1
105.53492999984189,22.1
106.08656251723878,22.1
106.64107842532215,22.1
107.19849279561431,22.1
107.75882077841675,22.1
108.32207760322176,22.1
108.88827857912626,22.1
109.45743909524856,22.1
110.02957462114523,22.1
110.60470070723336,22.2
111.18283298521138,22.2
111.76398716848561,22.2
112.3481790525961,22.2
112.93542451564652,22.2
113.5257395187356,22.2
114.11914010639099,22.2
114.71564240700522,22.2
115.3152626332741,22.2
115.91801708263789,22.2
116.52392213772293,22.2
117.13299426678874,22.2
117.74525002417371,22.2
118.36070605074681,22.2
118.97937907435858,22.2
119.60128591029638,22.2
120.22644346174131,22.2
120.85486872022751,22.2
121.4865787661046,22.2
122.12159076900052,22.2
122.75992198829012,22.2
123.40158977356222,22.2
124.04661156509306,22.2
124.69500489431896,22.2
125.34678738431336,22.2
126.00197675026583,22.2
126.6605907999634,22.2
127.3226474342747,22.2
127.98816464763628,22.2
128.6571605285424,22.2
129.32965326003517,22.2
130.00566112020084,22.2
130.68520248266435,22.2
131.36829581709074,22.2
132.05495968968575,22.2
132.74521276370103,22.2
133.43907379994133,22.2
134.1365616572744,22.2
134.83769529314347,22.2
135.54249376408254,22.2
136.25097622623485,22.2
136.96316193587217,22.2
137.67907024992007,22.2
138.39872062648203,22.2
139.1221326253702,22.2
139.84932590863562,22.2
140.58032024110324,22.2
141.31513549090906,22.2
142.05379163003997,22.2
142.7963087348772,22.2
143.5427069867405,22.2
144.29300667243896,22.2
145.04722818481977,22.2
145.80539202332486,22.2
146.56751879454652,22.2
147.333629212788,22.2
148.1037441006266,22.2
148.87788438947953,22.2
149.65607112017267,22.2
150.43832544351253,22.2
151.2246686208618,22.2
152.01512202471548,22.2
152.80970713928414,22.2
153.6084455610754,22.2
154.41135899948313,22.2
155.218469277376,22.1
156.02979833169113,22.1
156.8453682140304,22.1
157.66520109125955,22.1
158.48931924611142,22.0
159.3177450777899,22.0
160.15050110258113,22.0
160.9876099544629,22.0
161.82909438572216,21.9
162.67497726757185,21.9
163.52528159077312,21.9
164.38003046626017,21.9
165.23924712576837,21.9
166.1029549224657,21.9
166.97117733158728,21.9
167.8439379510743,21.9
168.72126050221348,22.0
169.60316883028446,22.0
170.48968690520502,22.0
171.38083882218535,22.0
172.27664880238083,22.1
173.17714119355136,22.1
174.08234047072295,22.1
174.99227123685273,22.1
175.9069582234984,22.2
176.82642629148881,22.2
177.75070043160196,22.2
178.67980576524164,22.2
179.61376754512278,22.3
180.55261115595593,22.3
181.49636211513797,22.4
182.44504607344558,22.4
183.39868881573247,22.4
184.35731626163007,22.4
185.3209544662519,22.4
186.28962962090262,22.4
187.26336805378796,22.4
188.24219623073301,22.4
189.2261407558986,22.4
190.21522837250714,22.4
191.20948596356752,22.4
192.20894055260666,22.4
193.21361930440384,22.4
194.22354952572874,22.4
195.2387586660848,22.3
196.25927431845295,22.3
197.28512422004457,22.2
198.31633625305224,22.2
199.35293844541056,22.2
200.39495897155572,22.2
201.4424261531923,22.2
202.4953684600627,22.2
203.55381451072122,22.2
204.6177930733116,22.2
205.6873330663489,22.2
206.76246355950653,22.2
207.84321377440395,22.2
208.92961308540407,22.2
210.02169102040844,22.2
211.11947726166272,22.2
212.22300164656127,22.2
213.33229416845913,22.2
214.447384977487,22.2
215.5683043813707,22.2
216.69508284625502,22.2
217.8277509975314,22.2
218.9663396206716,22.2
220.1108796620618,22.2
221.26140222984722,22.2
222.41793859477394,22.2
223.5805201910423,22.2
224.74917861715863,22.2
225.9239456367954,22.2
227.10485317965416,22.2
228.29193334233327,22.2
229.48521838920135,22.2
230.68474075327168,22.2
231.89053303708724,22.2
233.102628013603,22.2
234.32105862708036,22.2
235.5458579939798,22.2
236.77705940386227,22.2
238.0146963202937,22.2
239.25880238175446,22.2
240.50941140255387,22.2
241.76655737374873,22.2
243.03027446406858,22.2
244.30059702084168,22.2
245.57755957093218,22.2
246.86119682167464,22.2
248.1515436618211,22.2
249.44863516248657,22.2
250.75250657810346,22.2
252.0631933473797,22.2
253.3807310942614,22.2
254.7051556289027,22.2
256.03650294863604,22.2
257.3748092389545,22.2
258.72011087449107,22.3
260.0724444200114,22.4
261.4318466314045,22.4
262.79835445668317,22.4
264.17200503698814,22.4
265.5528357075972,22.4
266.94088399894025,22.4
268.336187637619,22.4
269.7387845474336,22.4
271.1487128504106,22.4
272.56601086784315,22.4
273.9907171213279,22.4
275.4228703338166,22.4
276.86250943066517,22.4
278.30967354069315,22.4
279.764401997247,22.4
281.2267343392687,22.4
282.6967103123723,22.4
284.1743698699204,22.4
285.65975317411466,22.4
287.152900597083,22.4
288.6538527219809,22.4
290.16265034409145,22.4
291.67933447193553,22.4
293.203946328386,22.4
294.7365273517884,22.4
296.27711919708696,22.4
297.8257637369567,22.4
299.38250306294265,22.4
300.947379486601,22.4
302.52043554065347,22.4
304.1017139801383,22.4
305.69125778357716,22.4
307.2891101541398,22.4
308.8953145208197,22.4
310.5099145396145,22.4
312.1329540947119,22.4
313.76447729968413,22.4
315.40452849868336,22.4
317.0531522676519,22.4
318.71039341552853,22.4
320.3762969854716,22.4
322.05090825607795,22.4
323.7342727426186,22.4
325.4264361982722,22.4
327.1274446153702,22.4
328.83734422664674,22.4
330.55618150649445,22.4
332.28400317222986,22.4
334.02085618535915,22.4
335.76678775285944,22.4
337.52184532845695,22.4
339.28607661392135,22.4
341.0595295603587,22.4
342.84225236951676,22.4
344.63429349509414,22.4
346.4357016440579,22.4
348.24652577796684,22.4
350.06681511430224,22.4
351.8966191278073,22.4
353.7359875518278,22.4
355.5849703796693,22.4
357.44361786595016,22.4
359.3119805279728,22.4
361.1901091470929,22.4
363.0780547701014,22.4
364.9758687106112,22.4
366.8836025504522,22.4
368.80130814107446,22.4
370.72903760495365,22.4
372.66684333701346,22.4
374.6147780060434,22.4
376.57289455613636,22.4
378.54124620812286,22.4
380.5198864610201,22.4
382.50886909348526,22.4
384.5082481652772,22.4
386.51807801872604,22.4
388.53841328020957,22.4
390.56930886163985,22.4
392.6108199619517,22.4
394.6630020686084,22.4
396.7259109591041,22.4
398.7996027024853,22.4
400.8841336608706,22.4
402.9795604909844,22.4
405.0859401456969,22.4
407.20332987557106,22.4
409.331787230421,22.4
411.4713700608718,22.4
413.6221365199375,22.4
415.78414506459575,22.4
417.95745445738237,22.4
420.1421237679842,22.4
422.33821237484636,22.4
424.5457799667861,22.4
426.76488654461485,22.4
428.9955924227691,22.4
431.23795823094935,22.4
433.49204491576995,22.4
435.7579137424112,22.4
438.0356262962907,22.4
440.3252444847303,22.4
442.62683053864555,22.4
444.9404470142319,22.4
447.2661567946673,22.4
449.60402309182115,22.4
451.9541094479714,22.4
454.3164797375345,22.4
456.6911981687959,22.4
459.0783292856624,22.4
461.4779379694089,22.4
463.89008944044906,22.4
466.31484926010245,22.4
468.7522833323791,22.4
471.20245790577025,22.3
473.6654395750488,22.2
476.14129528307956,22.2
478.630092322638,22.1
481.1318983382419,22.1
483.6467813279844,22.0
486.1748096453894,22.0
488.7160520012619,22.0
491.27057746556244,22.0
493.8384554692794,22.0
496.4197558063182,21.9
499.01454863539806,21.9
501.6229044819588,21.9
504.24489424007766,21.9
506.88058917439554,21.9
509.53006092205686,21.9
512.1933814946506,21.9
514.8706232801756,21.9
517.5618590449992,21.9
520.2671619358439,21.9
522.9866054817683,21.9
525.7202635961694,21.9
528.4682105787901,21.9
531.230521117739,21.9
534.0072702915224,21.9
536.7985335710792,21.9
539.6043868218401,21.9
542.4249063057814,21.9
545.2601686835053,21.8
548.1102510163182,21.7
550.9752307683272,21.7
553.8551858085453,21.8
556.7501944130083,21.8
559.6603352669016,21.9
562.5856874666987,21.9
565.5263305223134,21.9
568.4823443592555,21.9
571.4538093208106,21.8
574.4408061702153,21.8
577.4434160928608,21.7
580.4617206984933,21.7
583.4958020234345,21.7
586.5457425328113,21.7
589.6116251227962,21.7
592.6935331228639,21.7
595.7915502980484,21.7
598.9057608512304,21.7
602.0362494254149,21.7
605.1831011060411,21.7
608.3464014232891,21.6
611.5262363544065,21.6
614.7226923260454,21.5
617.9358562166111,21.5
621.1658153586235,21.5
624.4126575410903,21.5
627.6764710118958,21.5
630.957344480193,21.5
634.2553671188238,21.5
637.5706285667327,21.5
640.9032189314127,21.4
644.2532287913472,21.3
647.6207491984753,21.2
651.0058716806659,21.2
654.4086882442045,21.2
657.8292913762976,21.2
661.2677740475787,21.1
664.7242297146454,21.1
668.1987523225889,21.0
671.6914363075575,21.0
675.2023765993158,21.0
678.7316686238282,20.9
682.2794083058518,20.9
685.8456920715438,20.8
689.4306168510824,20.8
693.0342800813003,20.7
696.6567797083366,20.6
700.2982141902914,20.4
703.9586824999124,20.3
707.6382841272731,20.2
711.3371190824884,20.2
715.0552878984242,20.1
718.7928916334344,20.0
722.5500318741055,19.9
726.3268107380181,19.9
730.123330876526,19.9
733.9396954775374,19.9
737.7760082683312,19.9
741.6323735183645,19.9
745.508896042117,19.9
749.4056812019327,19.9
753.3228349108862,19.9
757.2604636356614,20.0
761.2186743994453,20.1
765.1975747848361,20.2
769.1972729367671,20.3
773.2178775654501,20.4
777.2594979493206,20.5
781.3222439380205,20.6
785.406225955371,20.7
789.5115550023859,20.8
793.6383426602791,20.9
797.7867010935024,21.0
801.9567430527921,21.1
806.1485818782347,21.1
810.3623315023465,21.2
814.59810645317,21.3
818.8560218573906,21.4
823.1361934434566,21.5
827.4387375447371,21.5
831.7637711026708,21.5
836.1114116699566,21.5
840.4817774137397,21.5
844.8749871188272,21.5
849.2911601909162,21.5
853.7304166598383,21.5
858.1928771828257,21.5
862.6786630477819,21.5
867.1878961765907,21.5
871.7206991284164,21.5
876.2771951030477,21.5
880.8575079442367,21.5
885.4617621430697,21.6
890.0900828413493,21.6
894.742595834996,21.7
899.4194275774676,21.7
904.1207051831946,21.7
908.8465564310401,21.7
913.5971097677627,21.7
918.3724943115215,21.8
923.1728398553701,21.8
927.998276870799,21.9
932.8489365112713,21.9
937.7249506157918,22.0
942.6264517124897,22.1
947.5535730222193,22.2
952.5064484621864,22.3
957.4852126495767,22.4
962.4900009052299,22.5
967.5209492573013,22.6
972.5781944449744,22.7
977.6618739221665,22.6
982.772125861269,22.3
987.9090891569025,21.9
993.0729034296917,21.8
998.26370903006,21.8
1003.4816470420445,21.7
1008.7268592871307,21.5
1013.9994883281055,21.3
1019.2996774729368,21.4
1024.627570778662,21.3
1029.9833130553077,21.3
1035.3670498698243,21.2
1040.778927550043,21.1
1046.219093188652,21.0
1051.687694647196,20.9
1057.1848805600926,20.9
1062.7108003386745,20.8
1068.2656041752484,20.8
1073.849443047181,20.8
1079.4624687209969,20.9
1085.104833756507,20.9
1090.7766915109553,20.9
1096.4781961431852,20.9
1102.2095026178308,20.9
1107.9707667095288,20.9
1113.7621450071517,21.0
1119.5837949180645,21.0
1125.4358746724013,21.0
1131.3185433273702,21.0
1137.231960771571,20.9
1143.1762877293438,20.9
1149.1516857651375,20.8
1155.1583172879002,20.8
1161.1963455554942,20.8
1167.2659346791324,20.8
1173.3672496278396,20.8
1179.5004562329357,20.8
1185.6657211925422,20.8
1191.8632120761172,20.7
1198.0930973290035,20.6
1204.355546277011,20.6
1210.650729131018,20.5
1216.9788169915967,20.5
1223.3399818536654,20.5
1229.7343966111616,20.5
1236.162235061742,20.5
1242.6236719115057,20.5
1249.1188827797416,20.5
1255.6480442037073,20.5
1262.2113336434193,20.6
1268.8089294864806,20.6
1275.4410110529293,20.5
1282.1077586001115,20.5
1288.8093533275808,20.4
1295.5459773820237,20.3
1302.3178138622095,20.2
1309.1250468239675,20.1
1315.967861285188,19.6
1322.8464432308563,19.2
1329.7609796180998,19.2
1336.7116583812742,19.1
1343.6986684370715,19.0
1350.7221996896535,18.9
1357.782443035813,18.9
1364.879590370164,18.8
1372.0138345903551,18.7
1379.1853696023147,18.6
1386.3943903255179,18.6
1393.6410926982915,18.5
1400.9256736831292,18.4
1408.248331272053,18.4
1415.6092644919916,18.4
1423.0086734101894,18.4
1430.4467591396458,18.4
1437.9237238445805,18.3
1445.439770745928,18.2
1452.9951041268616,18.0
1460.589929338344,17.9
1468.224452804715,17.8
1475.898882029292,17.8
1483.6134256000173,17.7
1491.3682931951248,17.6
1499.1636955888393,17.5
1506.999844657106,17.4
1514.8769533833477,17.4
1522.7952358642551,17.4
1530.754907315605,17.4
1538.7561840781082,17.4
1546.799283623296,17.4
1554.8844245594228,17.5
1563.0118266374113,17.6
1571.181710756826,17.8
1579.3942989718767,18.1
1587.649814497453,18.2
1595.9484817151922,18.3
1604.2905261795772,18.4
1612.6761746240677,18.5
1621.1056549672617,18.5
1629.5791963190893,18.6
1638.097028987047,18.6
1646.6593844824454,18.5
1655.266495526711,18.4
1663.9185960577072,18.3
1672.6159212360947,18.3
1681.3587074517213,18.2
1690.1471923300487,18.2
1698.9816147386093,18.2
1707.8622147934998,18.2
1716.789233865905,18.2
1725.7629145886658,18.2
1734.7835008628629,18.3
1743.8512378644525,18.3
1752.9663720509295,18.4
1762.1291511680254,18.4
1771.3398242564415,18.4
1780.598641658619,18.4
1789.9058550255418,18.4
1799.2617173235774,18.5
1808.6664828413498,18.6
1818.1204071966588,18.6
1827.6237473434162,18.6
1837.1767615786375,18.6
1846.7797095494598,18.6
1856.4328522602,18.6
1866.1364520794475,18.6
1875.8907727471963,18.6
1885.6960793820124,18.6
1895.552638488241,18.6
1905.4607179632462,18.6
1915.4205871047022,18.6
1925.4325166178992,18.6
1935.4967786231095,18.6
1945.6136466629825,18.6
1955.783395709978,18.6
1966.006302173841,18.6
1976.282643909114,18.5
1986.6127002226892,18.4
1996.996751881399,18.4
2007.4350811196462,18.4
2017.927971647083,18.4
2028.4757086563097,18.4
2039.078578830634,18.4
2049.736870351861,18.4
2060.4508729081267,18.4
2071.22087770177,18.3
2082.0471774572497,18.4
2092.9300664290977,18.4
2103.8698404099196,18.5
2114.8667967384304,18.6
2125.9212343075446,18.6
2137.0334535724887,18.6
2148.2037565589744,18.6
2159.4324468714053,18.6
2170.71982970113,18.6
2182.0662118347364,18.6
2193.4719016623894,18.6
2204.937209186215,18.6
2216.4624460287228,18.6
2228.0479254412767,18.6
2239.6939623126154,18.6
2251.4008731773993,18.6
2263.168976224821,18.6
2274.9985913072546,18.5
2286.890039948944,18.4
2298.843645354747,18.4
2310.8597324189163,18.4
2322.9386277339318,18.6
2335.0806595993763,18.8
2347.2861580308577,18.9
2359.5554547689862,18.8
2371.8888832883777,18.7
2384.2867788067265,18.6
2396.7494782939148,18.5
2409.2773204811715,18.5
2421.8706458702773,18.4
2434.5297967428205,18.4
2447.2551171695004,18.4
2460.0469530194778,18.4
2472.905651969775,18.3
2485.8315635147337,18.2
2498.825038975499,18.1
2511.88643150958,18.0
2525.0160961204438,17.9
2538.2143896671673,17.8
2551.481670874133,17.7
2564.8183003407817,17.4
2578.224640551411,16.9
2591.7010558850307,16.6
2605.247912625263,16.4
2618.8655789702975,16.3
2632.5544250429093,16.4
2646.314822900502,16.5
2660.14714654523,16.6
2674.051771934164,16.7
2688.029076989506,16.7
2702.079441608862,16.7
2716.20324767557,16.6
2730.400879069075,16.3
2744.6727216753675,15.9
2759.0191633974646,15.7
2773.440594165967,15.6
2787.9374059496395,15.4
2802.509992766076,15.3
2817.1587506924047,15.4
2831.8840778760564,15.4
2846.686374545581,15.5
2861.5660430215316,15.5
2876.5234877273942,15.6
2891.5591152005823,15.6
2906.6733341034837,15.5
2921.8665552345788,15.4
2937.139191539587,15.5
2952.4916581227058,15.6
2967.9243722578863,15.7
2983.4377534001765,15.8
2999.0322231971227,15.9
3014.7082055002275,16.0
3030.466126376471,16.1
3046.306414119893,16.2
3062.229499263226,16.2
3078.2358145896155,16.2
3094.325795144359,16.2
3110.4998782467446,16.1
3126.7585035019356,15.9
3143.1021128129173,15.6
3159.5311503925072,15.6
3176.0460627754296,15.6
3192.6472988304513,15.7
3209.335309772584,15.8
3226.1105491753406,15.8
3242.973472983081,15.9
3259.924539523382,16.0
3276.9642095195077,16.4
3294.0929461029286,16.6
3311.311214825911,16.7
3328.6194836741684,16.8
3346.018223079582,16.9
3363.507905932988,16.9
3381.089007597027,17.0
3398.762005919066,17.0
3416.527381244194,16.9
3434.385616428264,16.9
3452.337196851022,16.9
3470.382610429304,16.9
3488.5223476302926,16.9
3506.7569014848486,16.9
3525.0867676009134,16.9
3543.512444176976,16.9
3562.034432015617,16.9
3580.6532345371147,16.9
3599.369357793143,16.9
3618.1833104805046,16.9
3637.095603954969,16.9
3656.1067522451726,16.8
3675.2172720665826,16.6
3694.4276828355482,16.4
3713.738506683413,16.2
3733.1502684707093,16.0
3752.6634958014215,15.9
3772.2787190373247,15.8
3791.9964713124127,15.6
3811.817288547367,15.5
3831.7417094641373,15.4
3851.7702756005806,15.4
3871.9035313251793,15.3
3892.1420238518376,15.2
3912.4863032547537,15.2
3932.936922483372,15.1
3953.4944373774106,15.1
3974.1594066819653,15.1
3994.9323920627126,15.1
4015.8139581211503,15.1
4036.8046724099613,15.2
4057.9051054484326,15.3
4079.115830737964,15.4
4100.437424777656,15.4
4121.870467079975,15.5
4143.41554018651,15.5
4165.0732296838005,15.5
4186.844124219257,15.5
4208.728815517151,15.5
4230.72789839472,15.5
4252.841970778305,15.5
4275.071633719623,15.5
4297.417491412092,15.4
4319.880151207261,15.3
4342.460223631314,15.0
4365.158322401661,14.8
4387.975064443623,14.8
4410.911069907196,14.8
4433.9669621839075,14.7
4457.1433679237725,14.6
4480.4409170523,14.3
4503.860242787635,14.0
4527.40198165776,13.9
4551.0667735177985,13.7
4574.855261567406,13.4
4598.768092368251,13.2
4622.80591586159,12.8
4646.969385385929,12.4
4671.25915769478,12.3
4695.675892974527,12.3
4720.220254862348,12.2
4744.892910464259,12.2
4769.694530373255,12.2
4794.625788687525,12.2
4819.68736302878,12.1
4844.87993456067,12.1
4870.204188007296,12.0
4895.660811671819,11.9
4921.250497455168,11.8
4946.973940874864,11.8
4972.8318410838865,11.9
4998.824900889706,12.0
5024.953826773381,12.0
5051.219328908747,12.0
5077.622121181736,12.0
5104.162921209768,12.0
5130.842450361258,11.9
5157.661433775227,11.6
5184.620600380999,11.2
5211.720682918039,11.0
5238.962417955835,11.0
5266.346545913939,11.0
5293.873811082085,10.9
5321.544961640422,10.7
5349.360749679845,10.6
5377.321931222439,10.6
5405.429266242027,10.5
5433.683518684824,10.4
5462.085456490198,10.1
5490.635851611563,9.8
5519.335480037329,9.8
5548.185121812011,10.0
5577.185561057427,10.1
5606.337585994012,10.2
5635.641988962242,10.3
5665.0995664441625,10.2
5694.7111190850455,10.2
5724.477451715144,10.1
5754.399373371566,10.0
5784.477697320285,9.8
5814.713241078208,9.3
5845.10682643542,8.9
5875.659279477514,8.7
5906.371430608045,8.6
5937.244114571097,8.4
5968.278170473975,8.3
5999.4744418100045,8.2
6030.833776481469,8.1
6062.357026822636,8.1
6094.045049622959,8.2
6125.898706150321,8.4
6157.918862174471,8.8
6190.106387990547,9.3
6222.462158442733,9.7
6254.987052948034,10.0
6287.681955520183,10.2
6320.547754793659,10.3
6353.585344047851,10.4
6386.795621231329,10.5
6420.179488986247,10.6
6453.7378546729,10.5
6487.471630394349,10.2
6521.381733021235,9.6
6555.469084216698,9.3
6589.734610461422,9.2
6624.179243078815,9.0
6658.80391826033,8.9
6693.609577090902,8.5
6728.597165574533,8.3
6763.767634659991,8.2
6799.1219402666875,8.1
6834.661043310619,8.1
6870.385909730507,8.0
6906.297510514049,7.5
6942.39682172431,6.7
6978.684824526248,6.3
7015.162505213385,5.8
7051.830855234612,5.4
7088.690871221135,4.5
7125.7435550135615,3.7
7162.989913689153,3.4
7200.430959589155,3.3
7238.067710346342,3.4
7275.901188912673,3.3
7313.932423587085,3.1
7352.162448043451,2.9
7390.59230135867,2.9
7429.22302804091,2.8
7468.055678057999,2.8
7507.091306865953,2.7
7546.330975437692,2.7
7585.775750291836,2.8
7625.426703521717,2.9
7665.284912824515,3.0
7705.351461530549,3.2
7745.627438632719,3.8
7786.113938816104,4.3
7826.81206248772,4.5
7867.722915806424,4.6
7908.847610712972,4.7
7950.187264960275,4.8
7991.743002143727,5.1
8033.515951731782,5.6
8075.507249096639,6.1
8117.718035545101,6.5
8160.149458349601,6.9
8202.80267077938,7.3
8245.67883213183,8.7
8288.77910776401,10.3
8332.104669124305,11.1
8375.656693784302,11.8
8419.436365470749,12.3
8463.444874097753,12.7
8507.683415799123,13.9
8552.153192960874,15.1
8596.855414253905,15.4
8641.791294666864,15.5
8686.962055539152,15.6
8732.36892459413,15.8
8778.01313597248,16.0
8823.895930265779,16.4
8870.018554550163,16.8
8916.382262420266,16.9
8962.988314023276,16.9
9009.83797609319,17.0
9056.932521985234,17.0
9104.273231710486,17.0
9151.861391970657,17.0
9199.698296193066,17.0
9247.785244565785,16.9
9296.12354407301,16.6
9344.714508530542,16.3
9393.559458621517,16.1
9442.659721932305,15.7
9492.016632988581,15.2
9541.631533291613,14.6
9591.505771354708,14.1
9641.64070273987,13.6
9692.037690094652,13.0
9742.698103189163,12.2
9793.623318953358,11.7
9844.814721514387,11.4
9896.27370223427,10.6
9948.001659747684,10.0
10000.0,9.8
10052.270136285486,9.8
10104.813489285681,10.3
10157.6314871081,10.5
10210.725565324987,10.6
10264.09716701231,10.7
10317.747742788988,10.8
10371.678750856474,10.8
10425.891657038128,10.8
10480.387934819217,10.8
10535.16906538697,10.7
10590.236537670813,10.6
10645.591848382772,9.8
10701.236502058211,9.1
10757.172011096769,8.7
10813.399895803414,8.6
10869.921684429703,8.9
10926.73891321545,9.2
10983.85312643042,9.3
11041.265876416248,9.2
11098.978723628681,8.9
11156.993236680037,8.3
11215.310992381786,7.9
11273.933575787378,7.6
11332.862580235347,7.2
11392.099607392682,6.6
11451.646267298307,6.0
11511.504178406769,5.6
11571.674967632372,5.3
11632.16027039332,4.7
11692.961730656129,3.8
11754.08100098034,3.1
11815.519742563505,3.0
11877.27962528627,2.6
11939.362327757724,2.1
12001.76953736107,1.8
12064.50295029953,1.7
12127.56427164241,1.7
12190.95521537136,1.9
12254.677504427105,2.1
12318.732870756214,2.3
12383.123055358106,2.5
12447.849808332432,2.7
12512.914888926687,2.9
12578.320065583976,3.1
12644.067115991029,3.3
12710.157827126544,3.5
12776.593995309939,3.8
12843.377426249857,4.1
12910.50993509343,4.1
12977.99334647565,4.0
13045.829494568892,3.6
13114.020223132724,3.2
13182.567385564074,2.8
13251.472844947652,2.4
13320.738474106534,2.0
13390.366155652993,1.2
13460.35778203982,0.9
13530.715255611682,2.1
13601.440488656775,3.2
13672.535403458849,3.4
13744.001932349513,3.9
13815.842017760702,4.5
13888.057612277411,4.9
13960.650678690825,5.1
14033.62319005172,5.6
14106.977129724035,6.0
14180.714491438697,6.2
14254.837279347976,6.4
14329.347508079869,6.5
14404.247202792812,6.6
14479.538399230763,6.9
14555.223143778607,7.2
14631.303493517702,7.4
14707.78151628175,7.6
14784.65929071304,7.8
14861.938906319014,7.7
14939.622463529,7.8
15017.712073751207,7.9
15096.209859430292,8.1
15175.117954104964,8.2
15254.438502465904,8.2
15334.173660414117,8.1
15414.325595119602,7.6
15494.896485080177,7.0
15575.88852018064,6.9
15657.303901752315,6.9
15739.1448426331,6.9
15821.413567227246,6.8
15904.112311566014,6.4
15987.243323368504,5.9
16070.808862102673,5.6
16154.811199046684,5.4
16239.252617350698,5.1
16324.135412099,4.6
16409.461890372313,4.0
16495.23437131044,3.5
16581.455186175313,3.3
16668.12667841462,3.1
16755.251203725067,3.0
