10.0,25.1
10.052270136285475,25.1
10.104813489285682,25.0
10.157631487108103,24.9
10.210725565324982,24.9
10.264097167012295,24.9
10.317747742789004,24.9
10.371678750856479,24.9
10.425891657038118,25.0
10.480387934819216,25.0
10.535169065386981,25.1
10.590236537670812,25.1
10.64559184838276,25.1
10.701236502058206,25.1
10.757172011096776,25.1
10.813399895803409,25.1
10.869921684429707,25.1
10.926738913215466,25.1
10.98385312643042,25.1
11.041265876416237,25.1
11.098978723628681,25.1
11.156993236680048,25.1
11.215310992381788,25.1
11.27393357578736,25.1
11.332862580235341,25.1
11.392099607392687,25.1
11.451646267298301,25.1
11.511504178406776,25.1
11.571674967632385,25.1
11.632160270393321,25.2
11.692961730656117,25.2
11.75408100098034,25.2
11.815519742563518,25.2
11.87727962528627,25.2
11.939362327757706,25.2
12.001769537361062,25.2
12.064502950299536,25.2
12.127564271642404,25.2
12.190955215371359,25.2
12.254677504427118,25.2
12.318732870756214,25.2
12.383123055358094,25.2
12.447849808332432,25.2
12.5129148889267,25.2
12.578320065583968,25.2
12.644067115991009,25.2
12.710157827126565,25.2
12.776593995309947,25.2
12.843377426249843,25.2
12.910509935093431,25.3
12.977993346475664,25.3
13.045829494568892,25.3
13.11402022313271,25.3
13.182567385564074,25.4
13.251472844947658,25.4
13.320738474106527,25.4
13.390366155653,25.4
13.460357782039841,25.4
13.530715255611682,25.4
13.601440488656761,25.4
13.672535403458848,25.4
13.744001932349526,25.4
13.815842017760701,25.4
13.888057612277397,25.4
13.960650678690818,25.4
14.033623190051728,25.4
14.10697712972403,25.4
14.180714491438705,25.4
14.25483727934799,25.4
14.32934750807987,25.4
14.404247202792797,25.4
14.479538399230764,25.4
14.55522314377862,25.4
14.631303493517702,25.4
14.707781516281727,25.4
14.784659290713032,25.4
14.861938906319022,25.4
14.939622463528993,25.4
15.017712073751214,25.5
15.096209859430308,25.6
15.175117954104964,25.6
15.254438502465888,25.6
15.334173660414118,25.6
15.414325595119617,25.6
15.494896485080169,25.6
15.575888520180618,25.6
15.65730390175234,25.6
15.73914484263311,25.6
15.821413567227237,25.6
15.904112311566013,25.6
15.98724332336852,25.6
16.070808862102673,25.6
16.154811199046666,25.6
16.239252617350697,25.6
16.324135412099007,25.6
16.409461890372306,25.6
16.495234371310413,25.6
16.58145518617534,25.6
16.668126678414627,25.6
16.755251203725052,25.6
16.84283113011666,25.6
16.930868837977105,25.6
17.01936672013636,25.6
17.108327181931763,25.6
17.197752641273365,25.6
17.28764552870969,25.6
17.378008287493753,25.6
17.4688433736495,25.6
17.560153256038525,25.6
17.651940416427212,25.6
17.744207349554188,25.6
17.836956563198083,25.6
17.93019057824573,25.6
18.023911928760675,25.6
18.118123162052047,25.7
18.21282683874379,25.8
18.30802553284428,25.8
18.403721831816252,25.8
18.499918336647156,25.8
18.59661766191982,25.8
18.69382243588356,25.8
18.791535300525574,25.8
18.889758911642755,25.8
18.98849593891389,25.8
19.08774906597221,25.8
19.187520990478333,25.8
19.287814424193606,25.8
19.388632093053765,25.8
19.48997673724305,25.8
19.591851111268685,25.8
19.69425798403576,25.8
19.79720013892245,25.8
19.90068037385568,25.8
20.004701501387192,25.8
20.109266348769967,25.8
20.214377758035074,25.8
20.320038586068932,25.8
20.426251704690927,25.8
20.533020000731486,25.8
20.64034637611054,25.8
20.748233747916412,25.8
20.856685048485062,25.8
20.965703225479817,25.8
21.075291241971485,25.8
21.185452076518878,25.8
21.296188723249774,25.8
21.407504191942323,25.8
21.519401508106792,25.8
21.631883713067854,25.8
21.744953864047204,25.8
21.858615034246718,25.8
21.972870312931903,25.8
22.087722805515906,25.8
22.203175633643916,25.8
22.319231935278008,25.8
22.435894864782412,25.8
22.553167593009288,25.8
22.671053307384867,25.8
22.789555211996095,25.8
22.908676527677724,25.8
23.028420492099883,25.8
23.148790359856015,25.8
23.26978940255137,25.8
23.391420908891938,25.8
23.51368818477381,25.8
23.63659455337303,25.8
23.760143355235964,25.8
23.884337948370025,25.8
24.009181708334992,25.8
24.134678028334722,25.8
24.260830319309434,25.8
24.387642010028344,25.8
24.515116547182902,25.8
24.64325739548046,25.8
24.772068037738443,25.8
24.901551974979007,25.8
25.031712726524198,25.8
25.162553830091625,25.8
25.294078841890578,25.8
25.426291336718684,25.8
25.559194908059133,25.8
25.692793168178262,25.8
25.827089748223784,25.8
25.96208829832347,25.8
26.097792487684362,25.8
26.234206004692496,25.8
26.371332557013133,25.8
26.5091758716916,25.8
26.647739695254497,25.8
26.787027793811582,25.8
26.9270439531581,25.8
27.06779197887776,25.8
27.209275696446046,25.9
27.351498951334275,25.9
27.494465609114105,25.9
27.638179555562576,25.9
27.782644696767733,25.9
27.92786495923483,25.9
28.07384428999299,25.9
28.220586656702505,25.9
28.368096047762684,25.8
28.516376472420284,25.8
28.66543196087842,25.8
28.815266564406134,25.8
28.965884355448516,25.8
29.11728942773738,25.8
29.26948589640251,25.8
29.42247789808359,25.8
29.57626959104251,25.8
29.730865155276486,25.8
29.88626879263161,25.8
30.04248472691713,25.8
30.19951720402016,25.8
30.357370492021133,25.7
30.516048881309793,25.6
30.675556684701824,25.6
30.835898237556027,25.6
30.99707789789224,25.6
31.15910004650967,25.6
31.321969087106055,25.6
31.485689446397288,25.7
31.650265574237824,25.8
31.815701943741516,25.8
31.98200305140326,25.8
32.14917341722119,25.8
32.31721758481955,25.8
32.486140121572134,25.8
32.655945618726484,25.8
32.82663869152868,25.8
32.99822397934869,25.8
33.170706145806605,25.8
33.34408987889928,25.8
33.51837989112781,25.8
33.69358091962557,25.8
33.86969772628702,25.8
34.04673509789711,25.8
34.224697846261364,25.8
34.40359080833668,25.8
34.58341884636283,25.8
34.764186847994516,25.8
34.94589972643436,25.8
35.12856242056629,25.8
35.312179895089876,25.7
35.496757140655234,25.6
35.68229917399868,25.6
35.86881103807908,25.6
36.05629780221492,25.6
36.24476456222205,25.6
36.434216440552284,25.6
36.6246585864325,25.6
36.81609617600466,25.6
37.00853441246656,25.6
37.2019785262131,25.6
37.39643377497855,25.6
37.591905443979435,25.6
37.788398846058186,25.6
37.985919321827524,25.6
38.184472239815605,25.6
38.384062996612016,25.6
38.584697017014335,25.6
38.786379754175634,25.6
38.98911668975273,25.6
39.1929133340551,25.6
39.39777522619469,25.6
39.60370793423646,25.6
39.810717055349734,25.5
40.0188082159603,25.5
40.227987071903335,25.5
40.43825930857721,25.5
40.64963064109788,25.4
40.8621068144543,25.4
41.075693603664625,25.4
41.29039681393302,25.4
41.506222280807584,25.4
41.72317587033889,25.4
41.94126347923944,25.4
42.16049103504393,25.4
42.38086449627034,25.4
42.60238985258197,25.4
42.825073124950116,25.4
43.04892036581776,25.4
43.27393765926414,25.4
43.500131121170035,25.4
43.727506899384,25.5
43.956071173889484,25.5
44.18583015697281,25.6
44.416790093392,25.6
44.648957260546474,25.6
44.88233796864779,25.6
45.116938560890986,25.6
45.35276541362708,25.6
45.58982493653644,25.6
45.82812357280281,25.5
46.067667799288614,25.4
46.308464126710895,25.4
46.55051909981832,25.4
46.793839297569036,25.4
47.03843133330949,25.4
47.28430185495417,25.4
47.531457545166376,25.4
47.77990512153967,25.4
48.02965133678067,25.4
48.28070297889241,25.4
48.53306687135893,25.4
48.78674987333074,25.4
49.041758879811184,25.4
49.298100821843896,25.3
49.55578266670119,25.3
49.81481141807335,25.3
50.07519411625915,25.3
50.336937838356974,25.2
50.60004969845742,25.2
50.86453684783644,25.2
51.13040647514984,25.2
51.39766580662862,25.2
51.66632210627541,25.2
51.93638267606184,25.2
52.20785485612707,25.2
52.48074602497726,25.2
52.75506359968615,25.2
53.030815036096584,25.2
53.308007829023246,25.2
53.58664951245627,25.1
53.866747659766084,25.1
54.148309883909214,25.1
54.431343837635225,25.0
54.7158572136947,24.9
55.00185774504835,24.8
55.28935320507712,24.8
55.57835140779364,24.8
55.86886020805435,24.8
56.160887501773274,24.7
56.45444122613637,24.6
56.74952935981742,24.6
57.04615992319485,24.6
57.34434097856969,24.6
57.64408063038476,24.6
57.94538702544487,24.6
58.24826835313831,24.6
58.552732845659456,24.6
58.85878877823242,24.5
59.166444469336014,24.4
59.475708280929936,24.4
59.786588618681876,24.4
60.0990939321961,24.3
60.41323271524305,24.3
60.72901350599024,24.3
61.046444887234294,24.3
61.365535486634215,24.3
61.686293976945976,24.3
62.008729076258064,24.3
62.332849548228545,24.3
62.658664202323344,24.2
62.98618189405547,24.1
63.315411525225876,24.1
63.64636204416533,24.1
63.979042445977655,24.1
64.31346177278421,24.1
64.64962911396958,24.1
64.98755360642885,24.1
65.32724443481563,24.1
65.66871083179183,24.1
66.01196207827876,24.1
66.35700750370908,24.1
66.7038564862806,24.2
67.05251845321108,24.2
67.40300288099445,24.2
67.75531929565844,24.2
68.1094772730234,24.2
68.46548643896274,24.2
68.82335646966433,24.2
69.18309709189363,24.2
69.54471808325809,24.3
69.90822927247277,24.3
70.27364053962762,24.3
70.6409618164559,24.4
71.01020308660422,24.4
71.38137438590384,24.4
71.75448580264342,24.4
72.12954747784322,24.4
72.50656960553087,24.4
72.88556243301818,24.5
73.26653626117992,24.6
73.64950144473359,24.6
74.03446839252094,24.6
74.42144756779092,24.6
74.810449488484,24.6
75.20148472751808,24.6
75.59456391307583,24.6
75.98969772889355,24.6
76.38689691455168,24.7
76.78617226576647,24.8
77.18753463468363,24.8
77.59099493017311,24.8
77.99656411812569,24.8
78.404253221751,24.8
78.8140733218772,24.8
79.226035557252,24.8
79.64015112484554,24.8
80.05643128015467,24.8
80.47488733750892,24.8
80.89553067037787,24.8
81.31837271168051,24.8
81.74342495409579,24.8
82.170698950375,24.8
82.60020631365589,24.8
83.03195871777821,24.8
83.46596789760103,24.8
83.90224564932171,24.9
84.34080383079642,25.0
84.78165436186265,25.1
85.22480922466286,25.1
85.67028046397054,25.1
86.11808018751721,25.1
86.56822056632171,25.1
87.020713835021,25.1
87.47557229220259,25.1
87.93280830073893,25.0
88.39243428812335,24.9
88.85446274680783,24.8
89.31890623454267,24.8
89.78577737471758,24.8
90.25508885670492,24.8
90.72685343620469,24.8
91.20108393559097,24.8
91.67779324426061,24.8
92.15699431898352,24.8
92.63870018425483,24.8
93.12292393264887,24.8
93.60967872517497,24.8
94.09897779163542,24.8
94.5908344309847,24.8
95.0852620116911,24.7
95.58227397210023,24.6
96.08188382079996,24.6
96.5841051369878,24.6
97.08895157083991,24.6
97.59643684388209,24.6
98.10657474936274,24.5
98.61937915262773,24.4
99.13486399149741,24.4
99.65304327664518,24.4
100.17393109197839,24.4
100.69754159502135,24.4
101.22388901729977,24.4
101.75298766472777,24.4
102.28485191799675,24.3
102.81949623296607,24.3
103.35693514105618,24.2
103.89718324964329,24.2
104.44025524245698,24.2
104.98616587997819,24.1
105.53492999984189,24.1
106.08656251723878,24.0
106.64107842532215,24.0
107.19849279561431,24.0
107.75882077841675,23.9
108.32207760322176,23.9
108.88827857912626,23.9
109.45743909524856,23.9
110.02957462114523,23.9
110.60470070723336,23.8
111.18283298521138,23.7
111.76398716848561,23.7
112.3481790525961,23.7
112.93542451564652,23.7
113.5257395187356,23.6
114.11914010639099,23.6
114.71564240700522,23.6
115.3152626332741,23.6
115.91801708263789,23.6
116.52392213772293,23.6
117.13299426678874,23.6
117.74525002417371,23.6
118.36070605074681,23.5
118.97937907435858,23.5
119.60128591029638,23.4
120.22644346174131,23.4
120.85486872022751,23.3
121.4865787661046,23.3
122.12159076900052,23.3
122.75992198829012,23.3
123.40158977356222,23.3
124.04661156509306,23.3
124.69500489431896,23.2
125.34678738431336,23.1
126.00197675026583,23.1
126.6605907999634,23.1
127.3226474342747,23.1
127.98816464763628,23.1
128.6571605285424,23.0
129.32965326003517,22.9
130.00566112020084,22.9
130.68520248266435,22.9
131.36829581709074,22.9
132.05495968968575,22.9
132.74521276370103,22.9
133.43907379994133,22.8
134.1365616572744,22.8
134.83769529314347,22.8
135.54249376408254,22.7
136.25097622623485,22.6
136.96316193587217,22.6
137.67907024992007,22.6
138.39872062648203,22.6
139.1221326253702,22.6
139.84932590863562,22.6
140.58032024110324,22.5
141.31513549090906,22.4
142.05379163003997,22.4
142.7963087348772,22.4
143.5427069867405,22.4
144.29300667243896,22.4
145.04722818481977,22.4
145.80539202332486,22.3
146.56751879454652,22.3
147.333629212788,22.2
148.1037441006266,22.2
148.87788438947953,22.1
149.65607112017267,22.1
150.43832544351253,22.0
151.2246686208618,22.0
152.01512202471548,21.9
152.80970713928414,21.9
153.6084455610754,21.9
154.41135899948313,22.0
155.218469277376,22.0
156.02979833169113,22.0
156.8453682140304,22.1
157.66520109125955,22.1
158.48931924611142,22.2
159.3177450777899,22.2
160.15050110258113,22.2
160.9876099544629,22.3
161.82909438572216,22.3
162.67497726757185,22.3
163.52528159077312,22.4
164.38003046626017,22.4
165.23924712576837,22.5
166.1029549224657,22.5
166.97117733158728,22.5
167.8439379510743,22.6
168.72126050221348,22.6
169.60316883028446,22.6
170.48968690520502,22.7
171.38083882218535,22.7
172.27664880238083,22.7
173.17714119355136,22.8
174.08234047072295,22.8
174.99227123685273,22.9
175.9069582234984,22.9
176.82642629148881,22.9
177.75070043160196,23.0
178.67980576524164,23.0
179.61376754512278,23.0
180.55261115595593,23.0
181.49636211513797,23.0
182.44504607344558,23.0
183.39868881573247,23.0
184.35731626163007,23.0
185.3209544662519,23.0
186.28962962090262,23.0
187.26336805378796,22.9
188.24219623073301,22.9
189.2261407558986,22.9
190.21522837250714,22.9
191.20948596356752,22.8
192.20894055260666,22.8
193.21361930440384,22.8
194.22354952572874,22.8
195.2387586660848,22.8
196.25927431845295,22.8
197.28512422004457,22.8
198.31633625305224,22.8
199.35293844541056,22.8
200.39495897155572,22.8
201.4424261531923,22.8
202.4953684600627,22.9
203.55381451072122,22.9
204.6177930733116,23.0
205.6873330663489,23.0
206.76246355950653,23.0
207.84321377440395,23.0
208.92961308540407,23.0
210.02169102040844,23.0
211.11947726166272,23.0
212.22300164656127,23.0
213.33229416845913,23.0
214.447384977487,23.0
215.5683043813707,23.0
216.69508284625502,23.0
217.8277509975314,23.0
218.9663396206716,23.0
220.1108796620618,23.0
221.26140222984722,23.0
222.41793859477394,23.0
223.5805201910423,23.0
224.74917861715863,23.0
225.9239456367954,23.0
227.10485317965416,23.0
228.29193334233327,23.0
229.48521838920135,23.0
230.68474075327168,23.0
231.89053303708724,23.0
233.102628013603,23.0
234.32105862708036,23.0
235.5458579939798,23.0
236.77705940386227,23.0
238.0146963202937,23.0
239.25880238175446,23.0
240.50941140255387,23.0
241.76655737374873,23.0
243.03027446406858,23.0
244.30059702084168,23.0
245.57755957093218,23.0
246.86119682167464,23.0
248.1515436618211,23.0
249.44863516248657,23.0
250.75250657810346,23.0
252.0631933473797,23.0
253.3807310942614,23.0
254.7051556289027,23.0
256.03650294863604,23.0
257.3748092389545,23.0
258.72011087449107,23.0
260.0724444200114,23.0
261.4318466314045,23.0
262.79835445668317,23.0
264.17200503698814,23.0
265.5528357075972,23.0
266.94088399894025,23.0
268.336187637619,23.0
269.7387845474336,23.0
271.1487128504106,23.0
272.56601086784315,23.0
273.9907171213279,23.0
275.4228703338166,23.0
276.86250943066517,23.0
278.30967354069315,23.0
279.764401997247,23.0
281.2267343392687,23.1
282.6967103123723,23.2
284.1743698699204,23.2
285.65975317411466,23.2
287.152900597083,23.2
288.6538527219809,23.2
290.16265034409145,23.2
291.67933447193553,23.2
293.203946328386,23.2
294.7365273517884,23.2
296.27711919708696,23.2
297.8257637369567,23.2
299.38250306294265,23.2
300.947379486601,23.2
302.52043554065347,23.2
304.1017139801383,23.2
305.69125778357716,23.2
307.2891101541398,23.2
308.8953145208197,23.2
310.5099145396145,23.2
312.1329540947119,23.2
313.76447729968413,23.2
315.40452849868336,23.2
317.0531522676519,23.2
318.71039341552853,23.2
320.3762969854716,23.2
322.05090825607795,23.2
323.7342727426186,23.2
325.4264361982722,23.2
327.1274446153702,23.2
328.83734422664674,23.3
330.55618150649445,23.3
332.28400317222986,23.3
334.02085618535915,23.3
335.76678775285944,23.3
337.52184532845695,23.3
339.28607661392135,23.3
341.0595295603587,23.3
342.84225236951676,23.3
344.63429349509414,23.3
346.4357016440579,23.3
348.24652577796684,23.3
350.06681511430224,23.3
351.8966191278073,23.4
353.7359875518278,23.5
355.5849703796693,23.5
357.44361786595016,23.5
359.3119805279728,23.5
361.1901091470929,23.5
363.0780547701014,23.5
364.9758687106112,23.5
366.8836025504522,23.5
368.80130814107446,23.5
370.72903760495365,23.5
372.66684333701346,23.5
374.6147780060434,23.5
376.57289455613636,23.5
378.54124620812286,23.5
380.5198864610201,23.5
382.50886909348526,23.6
384.5082481652772,23.6
386.51807801872604,23.6
388.53841328020957,23.6
390.56930886163985,23.6
392.6108199619517,23.6
394.6630020686084,23.6
396.7259109591041,23.6
398.7996027024853,23.6
400.8841336608706,23.6
402.9795604909844,23.6
405.0859401456969,23.6
407.20332987557106,23.7
409.331787230421,23.8
411.4713700608718,23.9
413.6221365199375,23.9
415.78414506459575,23.9
417.95745445738237,23.9
420.1421237679842,23.9
422.33821237484636,23.9
424.5457799667861,23.9
426.76488654461485,23.9
428.9955924227691,23.9
431.23795823094935,23.9
433.49204491576995,23.9
435.7579137424112,23.9
438.0356262962907,23.9
440.3252444847303,23.9
442.62683053864555,23.9
444.9404470142319,24.0
447.2661567946673,24.1
449.60402309182115,24.1
451.9541094479714,24.1
454.3164797375345,24.1
456.6911981687959,24.1
459.0783292856624,24.1
461.4779379694089,24.1
463.89008944044906,24.1
466.31484926010245,24.2
468.7522833323791,24.2
471.20245790577025,24.3
473.6654395750488,24.3
476.14129528307956,24.3
478.630092322638,24.3
481.1318983382419,24.4
483.6467813279844,24.4
486.1748096453894,24.4
488.7160520012619,24.4
491.27057746556244,24.4
493.8384554692794,24.4
496.4197558063182,24.4
499.01454863539806,24.4
501.6229044819588,24.4
504.24489424007766,24.4
506.88058917439554,24.4
509.53006092205686,24.4
512.1933814946506,24.4
514.8706232801756,24.4
517.5618590449992,24.5
520.2671619358439,24.6
522.9866054817683,24.6
525.7202635961694,24.6
528.4682105787901,24.6
531.230521117739,24.6
534.0072702915224,24.6
536.7985335710792,24.6
539.6043868218401,24.6
542.4249063057814,24.6
545.2601686835053,24.6
548.1102510163182,24.6
550.9752307683272,24.6
553.8551858085453,24.6
556.7501944130083,24.5
559.6603352669016,24.5
562.5856874666987,24.4
565.5263305223134,24.4
568.4823443592555,24.4
571.4538093208106,24.4
574.4408061702153,24.4
577.4434160928608,24.4
580.4617206984933,24.4
583.4958020234345,24.4
586.5457425328113,24.4
589.6116251227962,24.3
592.6935331228639,24.3
595.7915502980484,24.3
598.9057608512304,24.3
602.0362494254149,24.2
605.1831011060411,24.2
608.3464014232891,24.1
611.5262363544065,24.1
614.7226923260454,24.1
617.9358562166111,24.1
621.1658153586235,24.1
624.4126575410903,24.0
627.6764710118958,23.9
630.957344480193,23.9
634.2553671188238,23.9
637.5706285667327,23.9
640.9032189314127,23.9
644.2532287913472,23.9
647.6207491984753,23.8
651.0058716806659,23.8
654.4086882442045,23.8
657.8292913762976,23.8
661.2677740475787,23.8
664.7242297146454,23.9
668.1987523225889,23.9
671.6914363075575,23.9
675.2023765993158,23.9
678.7316686238282,23.9
682.2794083058518,23.9
685.8456920715438,23.9
689.4306168510824,23.8
693.0342800813003,23.8
696.6567797083366,23.8
700.2982141902914,23.8
703.9586824999124,23.8
707.6382841272731,23.8
711.3371190824884,23.8
715.0552878984242,23.8
718.7928916334344,23.8
722.5500318741055,23.8
726.3268107380181,23.9
730.123330876526,23.9
733.9396954775374,23.9
737.7760082683312,23.9
741.6323735183645,23.9
745.508896042117,23.9
749.4056812019327,23.9
753.3228349108862,23.9
757.2604636356614,23.9
761.2186743994453,23.9
765.1975747848361,23.9
769.1972729367671,23.9
773.2178775654501,23.9
777.2594979493206,23.9
781.3222439380205,23.9
785.406225955371,23.9
789.5115550023859,23.9
793.6383426602791,23.9
797.7867010935024,23.9
801.9567430527921,23.9
806.1485818782347,23.9
810.3623315023465,23.9
814.59810645317,23.9
818.8560218573906,23.9
823.1361934434566,23.8
827.4387375447371,23.7
831.7637711026708,23.6
836.1114116699566,23.6
840.4817774137397,23.5
844.8749871188272,23.6
849.2911601909162,23.6
853.7304166598383,23.6
858.1928771828257,23.6
862.6786630477819,23.6
867.1878961765907,23.5
871.7206991284164,23.5
876.2771951030477,23.5
880.8575079442367,23.4
885.4617621430697,23.4
890.0900828413493,23.3
894.742595834996,23.3
899.4194275774676,23.3
904.1207051831946,23.3
908.8465564310401,23.2
913.5971097677627,23.2
918.3724943115215,23.2
923.1728398553701,23.1
927.998276870799,23.0
932.8489365112713,23.0
937.7249506157918,23.0
942.6264517124897,23.0
947.5535730222193,23.0
952.5064484621864,23.0
957.4852126495767,22.9
962.4900009052299,22.8
967.5209492573013,22.7
972.5781944449744,22.7
977.6618739221665,22.6
982.772125861269,22.5
987.9090891569025,22.4
993.0729034296917,22.4
998.26370903006,22.4
1003.4816470420445,22.3
1008.7268592871307,22.2
1013.9994883281055,22.1
1019.2996774729368,22.0
1024.627570778662,21.9
1029.9833130553077,21.9
1035.3670498698243,22.3
1040.778927550043,22.8
1046.219093188652,22.9
1051.687694647196,23.0
1057.1848805600926,23.1
1062.7108003386745,23.2
1068.2656041752484,23.2
1073.849443047181,23.3
1079.4624687209969,23.4
1085.104833756507,23.5
1090.7766915109553,23.5
1096.4781961431852,23.5
1102.2095026178308,23.5
1107.9707667095288,23.5
1113.7621450071517,23.6
1119.5837949180645,23.6
1125.4358746724013,23.6
1131.3185433273702,23.6
1137.231960771571,23.6
1143.1762877293438,23.8
1149.1516857651375,23.9
1155.1583172879002,23.9
1161.1963455554942,23.9
1167.2659346791324,23.9
1173.3672496278396,23.9
1179.5004562329357,23.9
1185.6657211925422,23.9
1191.8632120761172,23.9
1198.0930973290035,23.8
1204.355546277011,23.7
1210.650729131018,23.6
1216.9788169915967,23.6
1223.3399818536654,23.5
1229.7343966111616,23.5
1236.162235061742,23.5
1242.6236719115057,23.4
1249.1188827797416,23.4
1255.6480442037073,23.4
1262.2113336434193,23.4
1268.8089294864806,23.3
1275.4410110529293,23.3
1282.1077586001115,23.3
1288.8093533275808,23.3
1295.5459773820237,23.2
1302.3178138622095,23.2
1309.1250468239675,23.2
1315.967861285188,23.2
1322.8464432308563,23.1
1329.7609796180998,23.1
1336.7116583812742,23.1
1343.6986684370715,23.1
1350.7221996896535,23.0
1357.782443035813,23.0
1364.879590370164,22.9
1372.0138345903551,22.8
1379.1853696023147,22.7
1386.3943903255179,22.7
1393.6410926982915,22.6
1400.9256736831292,22.5
1408.248331272053,22.4
1415.6092644919916,22.3
1423.0086734101894,22.2
1430.4467591396458,22.0
1437.9237238445805,21.9
1445.439770745928,21.8
1452.9951041268616,21.8
1460.589929338344,21.8
1468.224452804715,21.7
1475.898882029292,21.7
1483.6134256000173,21.6
1491.3682931951248,21.6
1499.1636955888393,21.6
1506.999844657106,21.6
1514.8769533833477,21.5
1522.7952358642551,21.5
1530.754907315605,21.4
1538.7561840781082,21.3
1546.799283623296,21.3
1554.8844245594228,21.2
1563.0118266374113,21.2
1571.181710756826,21.2
1579.3942989718767,21.2
1587.649814497453,21.2
1595.9484817151922,21.2
1604.2905261795772,21.2
1612.6761746240677,21.1
1621.1056549672617,21.1
1629.5791963190893,21.1
1638.097028987047,21.0
1646.6593844824454,21.0
1655.266495526711,21.0
1663.9185960577072,21.0
1672.6159212360947,21.0
1681.3587074517213,21.0
1690.1471923300487,21.0
1698.9816147386093,21.0
1707.8622147934998,20.9
1716.789233865905,20.9
1725.7629145886658,20.8
1734.7835008628629,20.8
1743.8512378644525,20.8
1752.9663720509295,20.8
1762.1291511680254,20.8
1771.3398242564415,20.8
1780.598641658619,20.8
1789.9058550255418,20.7
1799.2617173235774,20.7
1808.6664828413498,20.6
1818.1204071966588,20.5
1827.6237473434162,20.4
1837.1767615786375,20.3
1846.7797095494598,20.3
1856.4328522602,20.2
1866.1364520794475,20.0
1875.8907727471963,19.8
1885.6960793820124,19.6
1895.552638488241,19.6
1905.4607179632462,19.5
1915.4205871047022,19.4
1925.4325166178992,19.2
1935.4967786231095,19.0
1945.6136466629825,18.8
1955.783395709978,18.8
1966.006302173841,18.7
1976.282643909114,18.7
1986.6127002226892,18.6
1996.996751881399,18.6
2007.4350811196462,18.5
2017.927971647083,18.4
2028.4757086563097,18.3
2039.078578830634,18.2
2049.736870351861,18.2
2060.4508729081267,18.2
2071.22087770177,18.2
2082.0471774572497,18.2
2092.9300664290977,18.2
2103.8698404099196,18.2
2114.8667967384304,18.2
2125.9212343075446,18.2
2137.0334535724887,18.2
2148.2037565589744,18.3
2159.4324468714053,18.4
2170.71982970113,18.4
2182.0662118347364,18.4
2193.4719016623894,18.4
2204.937209186215,18.4
2216.4624460287228,18.4
2228.0479254412767,18.4
2239.6939623126154,18.3
2251.4008731773993,18.2
2263.168976224821,18.1
2274.9985913072546,18.0
2286.890039948944,17.9
2298.843645354747,17.9
2310.8597324189163,17.9
2322.9386277339318,17.8
2335.0806595993763,17.7
2347.2861580308577,17.6
2359.5554547689862,17.6
2371.8888832883777,17.6
2384.2867788067265,17.5
2396.7494782939148,17.5
2409.2773204811715,17.5
2421.8706458702773,17.6
2434.5297967428205,17.6
2447.2551171695004,17.6
2460.0469530194778,17.6
2472.905651969775,17.6
2485.8315635147337,17.7
2498.825038975499,17.9
2511.88643150958,18.0
2525.0160961204438,18.0
2538.2143896671673,18.0
2551.481670874133,18.0
2564.8183003407817,18.0
2578.224640551411,18.0
2591.7010558850307,18.0
2605.247912625263,17.9
2618.8655789702975,17.7
2632.5544250429093,17.4
2646.314822900502,17.3
2660.14714654523,17.1
2674.051771934164,17.0
2688.029076989506,16.8
2702.079441608862,16.7
2716.20324767557,16.6
2730.400879069075,16.5
2744.6727216753675,16.3
2759.0191633974646,16.2
2773.440594165967,16.1
2787.9374059496395,16.0
2802.509992766076,15.8
2817.1587506924047,15.7
2831.8840778760564,15.6
2846.686374545581,15.5
2861.5660430215316,15.3
2876.5234877273942,15.2
2891.5591152005823,15.1
2906.6733341034837,15.0
2921.8665552345788,15.0
2937.139191539587,14.9
2952.4916581227058,14.8
2967.9243722578863,14.7
2983.4377534001765,14.7
2999.0322231971227,14.7
3014.7082055002275,14.7
3030.466126376471,14.7
3046.306414119893,14.7
3062.229499263226,14.8
3078.2358145896155,14.9
3094.325795144359,15.2
3110.4998782467446,15.4
3126.7585035019356,15.6
3143.1021128129173,15.7
3159.5311503925072,15.7
3176.0460627754296,15.8
3192.6472988304513,15.8
3209.335309772584,15.9
3226.1105491753406,15.9
3242.973472983081,16.0
3259.924539523382,16.0
3276.9642095195077,16.0
3294.0929461029286,16.1
3311.311214825911,16.1
3328.6194836741684,16.2
3346.018223079582,16.2
3363.507905932988,16.3
3381.089007597027,16.3
3398.762005919066,16.2
3416.527381244194,16.2
3434.385616428264,16.1
3452.337196851022,16.0
3470.382610429304,16.0
3488.5223476302926,16.2
3506.7569014848486,16.3
3525.0867676009134,16.4
3543.512444176976,16.4
3562.034432015617,16.4
3580.6532345371147,16.4
3599.369357793143,16.4
3618.1833104805046,16.3
3637.095603954969,16.2
3656.1067522451726,16.1
3675.2172720665826,16.1
3694.4276828355482,16.0
3713.738506683413,16.0
3733.1502684707093,16.0
3752.6634958014215,16.1
3772.2787190373247,16.1
3791.9964713124127,16.2
3811.817288547367,16.3
3831.7417094641373,16.4
3851.7702756005806,16.5
3871.9035313251793,16.5
3892.1420238518376,16.5
3912.4863032547537,16.6
3932.936922483372,16.8
3953.4944373774106,17.0
3974.1594066819653,17.1
3994.9323920627126,17.2
4015.8139581211503,17.2
4036.8046724099613,17.3
4057.9051054484326,17.3
4079.115830737964,17.3
4100.437424777656,17.3
4121.870467079975,17.2
4143.41554018651,17.2
4165.0732296838005,17.1
4186.844124219257,17.1
4208.728815517151,17.0
4230.72789839472,17.0
4252.841970778305,17.0
4275.071633719623,17.0
4297.417491412092,17.0
4319.880151207261,16.9
4342.460223631314,16.6
4365.158322401661,16.2
4387.975064443623,16.1
4410.911069907196,16.0
4433.9669621839075,16.0
4457.1433679237725,15.9
4480.4409170523,15.8
4503.860242787635,15.6
4527.40198165776,15.2
4551.0667735177985,14.9
4574.855261567406,14.7
4598.768092368251,14.5
4622.80591586159,14.3
4646.969385385929,14.1
4671.25915769478,13.9
4695.675892974527,13.5
4720.220254862348,13.3
4744.892910464259,13.2
4769.694530373255,13.2
4794.625788687525,13.1
4819.68736302878,13.0
4844.87993456067,12.9
4870.204188007296,12.8
4895.660811671819,12.6
4921.250497455168,12.4
4946.973940874864,12.3
4972.8318410838865,12.1
4998.824900889706,11.9
5024.953826773381,11.9
5051.219328908747,11.9
5077.622121181736,11.8
5104.162921209768,11.8
5130.842450361258,11.8
5157.661433775227,11.8
5184.620600380999,11.9
5211.720682918039,12.0
5238.962417955835,12.0
5266.346545913939,12.0
5293.873811082085,12.0
5321.544961640422,12.1
5349.360749679845,12.1
5377.321931222439,12.2
5405.429266242027,12.2
5433.683518684824,12.3
5462.085456490198,12.3
5490.635851611563,12.3
5519.335480037329,12.3
5548.185121812011,12.3
5577.185561057427,12.3
5606.337585994012,12.3
5635.641988962242,12.3
5665.0995664441625,12.3
5694.7111190850455,12.2
5724.477451715144,12.2
5754.399373371566,12.2
5784.477697320285,12.3
5814.713241078208,12.3
5845.10682643542,12.3
5875.659279477514,12.4
5906.371430608045,12.6
5937.244114571097,12.9
5968.278170473975,13.2
5999.4744418100045,13.4
6030.833776481469,13.7
6062.357026822636,14.0
6094.045049622959,14.2
6125.898706150321,14.5
6157.918862174471,14.7
6190.106387990547,15.0
6222.462158442733,15.3
6254.987052948034,15.5
6287.681955520183,15.8
6320.547754793659,16.1
6353.585344047851,16.3
6386.795621231329,16.5
6420.179488986247,16.6
6453.7378546729,17.3
6487.471630394349,18.0
6521.381733021235,18.3
6555.469084216698,18.6
6589.734610461422,19.1
6624.179243078815,19.7
6658.80391826033,19.9
6693.609577090902,20.1
6728.597165574533,20.5
6763.767634659991,20.9
6799.1219402666875,21.2
6834.661043310619,21.3
6870.385909730507,21.5
6906.297510514049,21.7
6942.39682172431,22.1
6978.684824526248,22.6
7015.162505213385,22.9
7051.830855234612,23.0
7088.690871221135,23.1
7125.7435550135615,23.2
7162.989913689153,23.3
7200.430959589155,23.3
7238.067710346342,23.3
7275.901188912673,23.3
7313.932423587085,23.3
7352.162448043451,23.2
7390.59230135867,23.1
7429.22302804091,23.0
7468.055678057999,22.9
7507.091306865953,22.7
7546.330975437692,22.4
7585.775750291836,22.1
7625.426703521717,22.0
7665.284912824515,21.9
7705.351461530549,21.8
7745.627438632719,21.7
7786.113938816104,21.6
7826.81206248772,21.4
7867.722915806424,21.2
7908.847610712972,21.1
7950.187264960275,20.9
7991.743002143727,20.7
8033.515951731782,20.6
8075.507249096639,20.7
8117.718035545101,20.7
8160.149458349601,20.8
8202.80267077938,21.0
8245.67883213183,21.1
8288.77910776401,21.3
8332.104669124305,21.6
8375.656693784302,21.8
8419.436365470749,22.4
8463.444874097753,22.9
8507.683415799123,23.0
8552.153192960874,23.1
8596.855414253905,23.3
8641.791294666864,23.5
8686.962055539152,23.7
8732.36892459413,23.8
8778.01313597248,23.9
8823.895930265779,24.0
8870.018554550163,24.0
8916.382262420266,24.1
8962.988314023276,24.1
9009.83797609319,24.0
9056.932521985234,23.9
9104.273231710486,23.8
9151.861391970657,23.7
9199.698296193066,23.7
9247.785244565785,23.6
9296.12354407301,23.6
9344.714508530542,23.4
9393.559458621517,22.6
9442.659721932305,21.9
9492.016632988581,21.7
9541.631533291613,21.3
9591.505771354708,20.2
9641.64070273987,19.4
9692.037690094652,19.2
9742.698103189163,18.8
9793.623318953358,18.2
9844.814721514387,17.5
9896.27370223427,16.8
9948.001659747684,16.2
10000.0,15.8
10052.270136285486,15.5
10104.813489285681,15.3
10157.6314871081,14.6
10210.725565324987,13.8
10264.09716701231,13.5
10317.747742788988,13.3
10371.678750856474,13.1
10425.891657038128,13.0
10480.387934819217,12.9
10535.16906538697,12.6
10590.236537670813,12.1
10645.591848382772,11.8
10701.236502058211,11.3
10757.172011096769,10.8
10813.399895803414,10.6
10869.921684429703,10.3
10926.73891321545,9.8
10983.85312643042,9.3
11041.265876416248,8.8
11098.978723628681,8.2
11156.993236680037,7.9
11215.310992381786,7.6
11273.933575787378,7.3
11332.862580235347,7.0
11392.099607392682,6.7
11451.646267298307,6.2
11511.504178406769,5.6
11571.674967632372,5.1
11632.16027039332,4.7
11692.961730656129,4.5
11754.08100098034,4.4
11815.519742563505,4.3
11877.27962528627,4.1
11939.362327757724,4.2
12001.76953736107,5.0
12064.50295029953,5.9
12127.56427164241,6.2
12190.95521537136,6.3
12254.677504427105,6.4
12318.732870756214,6.6
12383.123055358106,6.7
12447.849808332432,6.8
12512.914888926687,6.7
12578.320065583976,6.6
12644.067115991029,6.5
12710.157827126544,6.0
12776.593995309939,5.5
12843.377426249857,5.3
12910.50993509343,5.0
12977.99334647565,4.7
13045.829494568892,4.5
13114.020223132724,3.9
13182.567385564074,3.5
13251.472844947652,3.7
13320.738474106534,4.0
13390.366155652993,4.4
13460.35778203982,4.7
13530.715255611682,6.1
13601.440488656775,7.9
13672.535403458849,8.6
13744.001932349513,8.9
13815.842017760702,8.9
13888.057612277411,10.0
13960.650678690825,11.2
14033.62319005172,11.4
14106.977129724035,11.6
14180.714491438697,11.7
14254.837279347976,11.8
14329.347508079869,12.0
14404.247202792812,12.2
14479.538399230763,12.3
14555.223143778607,12.3
14631.303493517702,12.3
14707.78151628175,12.2
14784.65929071304,12.1
14861.938906319014,12.0
14939.622463529,11.9
15017.712073751207,11.8
15096.209859430292,11.6
15175.117954104964,11.3
15254.438502465904,10.9
15334.173660414117,10.5
15414.325595119602,10.0
15494.896485080177,9.6
15575.88852018064,9.1
15657.303901752315,8.6
15739.1448426331,8.1
15821.413567227246,7.7
15904.112311566014,7.3
15987.243323368504,6.9
16070.808862102673,4.9
16154.811199046684,3.7
16239.252617350698,4.2
16324.135412099,4.5
16409.461890372313,4.6
16495.23437131044,4.8
16581.455186175313,4.9
16668.12667841462,4.8
16755.251203725067,4.9
