10.0,26.4
10.052270136285475,26.4
10.104813489285682,26.4
10.157631487108103,26.5
10.210725565324982,26.5
10.264097167012295,26.5
10.317747742789004,26.5
10.371678750856479,26.5
10.425891657038118,26.5
10.480387934819216,26.5
10.535169065386981,26.6
10.590236537670812,26.7
10.64559184838276,26.7
10.701236502058206,26.8
10.757172011096776,26.8
10.813399895803409,26.8
10.869921684429707,26.8
10.926738913215466,26.8
10.98385312643042,26.8
11.041265876416237,26.8
11.098978723628681,26.8
11.156993236680048,26.8
11.215310992381788,26.8
11.27393357578736,26.9
11.332862580235341,27.0
11.392099607392687,27.1
11.451646267298301,27.1
11.511504178406776,27.2
11.571674967632385,27.2
11.632160270393321,27.3
11.692961730656117,27.3
11.75408100098034,27.3
11.815519742563518,27.3
11.87727962528627,27.3
11.939362327757706,27.3
12.001769537361062,27.3
12.064502950299536,27.3
12.127564271642404,27.3
12.190955215371359,27.3
12.254677504427118,27.4
12.318732870756214,27.5
12.383123055358094,27.5
12.447849808332432,27.5
12.5129148889267,27.5
12.578320065583968,27.5
12.644067115991009,27.5
12.710157827126565,27.5
12.776593995309947,27.6
12.843377426249843,27.6
12.910509935093431,27.6
12.977993346475664,27.6
13.045829494568892,27.6
13.11402022313271,27.6
13.182567385564074,27.6
13.251472844947658,27.6
13.320738474106527,27.6
13.390366155653,27.6
13.460357782039841,27.7
13.530715255611682,27.8
13.601440488656761,27.8
13.672535403458848,27.8
13.744001932349526,27.8
13.815842017760701,27.8
13.888057612277397,27.8
13.960650678690818,27.8
14.033623190051728,27.8
14.10697712972403,27.8
14.180714491438705,27.9
14.25483727934799,27.9
14.32934750807987,28.0
14.404247202792797,28.0
14.479538399230764,28.0
14.55522314377862,28.0
14.631303493517702,28.0
14.707781516281727,28.0
14.784659290713032,28.0
14.861938906319022,28.0
14.939622463528993,28.0
15.017712073751214,28.2
15.096209859430308,28.3
15.175117954104964,28.3
15.254438502465888,28.3
15.334173660414118,28.3
15.414325595119617,28.3
15.494896485080169,28.3
15.575888520180618,28.3
15.65730390175234,28.3
15.73914484263311,28.3
15.821413567227237,28.3
15.904112311566013,28.3
15.98724332336852,28.3
16.070808862102673,28.4
16.154811199046666,28.5
16.239252617350697,28.5
16.324135412099007,28.5
16.409461890372306,28.5
16.495234371310413,28.5
16.58145518617534,28.5
16.668126678414627,28.5
16.755251203725052,28.5
16.84283113011666,28.5
16.930868837977105,28.5
17.01936672013636,28.5
17.108327181931763,28.5
17.197752641273365,28.5
17.28764552870969,28.5
17.378008287493753,28.5
17.4688433736495,28.6
17.560153256038525,28.7
17.651940416427212,28.7
17.744207349554188,28.7
17.836956563198083,28.7
17.93019057824573,28.7
18.023911928760675,28.7
18.118123162052047,28.7
18.21282683874379,28.7
18.30802553284428,28.7
18.403721831816252,28.7
18.499918336647156,28.7
18.59661766191982,28.7
18.69382243588356,28.7
18.791535300525574,28.7
18.889758911642755,28.7
18.98849593891389,28.7
19.08774906597221,28.7
19.187520990478333,28.7
19.287814424193606,28.7
19.388632093053765,28.7
19.48997673724305,28.7
19.591851111268685,28.7
19.69425798403576,28.7
19.79720013892245,28.8
19.90068037385568,28.8
20.004701501387192,28.8
20.109266348769967,28.8
20.214377758035074,28.8
20.320038586068932,28.8
20.426251704690927,28.8
20.533020000731486,28.8
20.64034637611054,28.8
20.748233747916412,28.8
20.856685048485062,28.8
20.965703225479817,28.8
21.075291241971485,28.8
21.185452076518878,28.8
21.296188723249774,28.8
21.407504191942323,28.8
21.519401508106792,28.8
21.631883713067854,28.8
21.744953864047204,28.8
21.858615034246718,28.8
21.972870312931903,28.8
22.087722805515906,28.8
22.203175633643916,28.8
22.319231935278008,28.8
22.435894864782412,28.8
22.553167593009288,28.8
22.671053307384867,28.8
22.789555211996095,28.8
22.908676527677724,28.9
23.028420492099883,29.0
23.148790359856015,29.0
23.26978940255137,29.0
23.391420908891938,29.0
23.51368818477381,29.0
23.63659455337303,29.0
23.760143355235964,29.0
23.884337948370025,29.0
24.009181708334992,29.0
24.134678028334722,29.0
24.260830319309434,29.0
24.387642010028344,29.0
24.515116547182902,29.0
24.64325739548046,29.0
24.772068037738443,29.0
24.901551974979007,29.0
25.031712726524198,29.0
25.162553830091625,29.0
25.294078841890578,29.0
25.426291336718684,29.0
25.559194908059133,29.0
25.692793168178262,29.0
25.827089748223784,29.0
25.96208829832347,29.0
26.097792487684362,29.0
26.234206004692496,29.0
26.371332557013133,29.0
26.5091758716916,29.0
26.647739695254497,29.0
26.787027793811582,29.0
26.9270439531581,29.0
27.06779197887776,29.0
27.209275696446046,29.0
27.351498951334275,29.0
27.494465609114105,29.0
27.638179555562576,29.0
27.782644696767733,29.0
27.92786495923483,29.0
28.07384428999299,29.0
28.220586656702505,29.0
28.368096047762684,29.0
28.516376472420284,29.0
28.66543196087842,29.0
28.815266564406134,29.0
28.965884355448516,28.9
29.11728942773738,28.8
29.26948589640251,28.8
29.42247789808359,28.8
29.57626959104251,28.8
29.730865155276486,28.8
29.88626879263161,28.8
30.04248472691713,28.8
30.19951720402016,28.8
30.357370492021133,28.8
30.516048881309793,28.8
30.675556684701824,28.8
30.835898237556027,28.8
30.99707789789224,28.8
31.15910004650967,28.8
31.321969087106055,28.8
31.485689446397288,28.8
31.650265574237824,28.7
31.815701943741516,28.7
31.98200305140326,28.7
32.14917341722119,28.7
32.31721758481955,28.7
32.486140121572134,28.7
32.655945618726484,28.7
32.82663869152868,28.7
32.99822397934869,28.7
33.170706145806605,28.7
33.34408987889928,28.7
33.51837989112781,28.7
33.69358091962557,28.6
33.86969772628702,28.5
34.04673509789711,28.5
34.224697846261364,28.5
34.40359080833668,28.5
34.58341884636283,28.4
34.764186847994516,28.4
34.94589972643436,28.3
35.12856242056629,28.3
35.312179895089876,28.3
35.496757140655234,28.2
35.68229917399868,28.1
35.86881103807908,28.0
36.05629780221492,28.0
36.24476456222205,28.0
36.434216440552284,28.0
36.6246585864325,28.0
36.81609617600466,27.9
37.00853441246656,27.8
37.2019785262131,27.8
37.39643377497855,27.9
37.591905443979435,27.9
37.788398846058186,28.0
37.985919321827524,28.0
38.184472239815605,28.0
38.384062996612016,27.9
38.584697017014335,27.8
38.786379754175634,27.8
38.98911668975273,27.9
39.1929133340551,27.9
39.39777522619469,28.0
39.60370793423646,28.0
39.810717055349734,28.0
40.0188082159603,28.0
40.227987071903335,28.0
40.43825930857721,28.0
40.64963064109788,28.0
40.8621068144543,28.0
41.075693603664625,27.9
41.29039681393302,27.8
41.506222280807584,27.7
41.72317587033889,27.6
41.94126347923944,27.6
42.16049103504393,27.5
42.38086449627034,27.5
42.60238985258197,27.5
42.825073124950116,27.4
43.04892036581776,27.3
43.27393765926414,27.2
43.500131121170035,27.2
43.727506899384,27.1
43.956071173889484,27.1
44.18583015697281,27.0
44.416790093392,26.9
44.648957260546474,26.8
44.88233796864779,26.7
45.116938560890986,26.7
45.35276541362708,26.7
45.58982493653644,26.7
45.82812357280281,26.7
46.067667799288614,26.7
46.308464126710895,26.6
46.55051909981832,26.5
46.793839297569036,26.5
47.03843133330949,26.5
47.28430185495417,26.5
47.531457545166376,26.5
47.77990512153967,26.6
48.02965133678067,26.7
48.28070297889241,26.7
48.53306687135893,26.7
48.78674987333074,26.7
49.041758879811184,26.7
49.298100821843896,26.8
49.55578266670119,26.8
49.81481141807335,26.8
50.07519411625915,26.9
50.336937838356974,27.0
50.60004969845742,27.0
50.86453684783644,27.1
51.13040647514984,27.1
51.39766580662862,27.3
51.66632210627541,27.4
51.93638267606184,27.5
52.20785485612707,27.7
52.48074602497726,27.8
52.75506359968615,28.0
53.030815036096584,28.1
53.308007829023246,28.1
53.58664951245627,28.2
53.866747659766084,28.2
54.148309883909214,28.2
54.431343837635225,28.3
54.7158572136947,28.3
55.00185774504835,28.3
55.28935320507712,28.3
55.57835140779364,28.4
55.86886020805435,28.4
56.160887501773274,28.4
56.45444122613637,28.5
56.74952935981742,28.5
57.04615992319485,28.5
57.34434097856969,28.5
57.64408063038476,28.6
57.94538702544487,28.6
58.24826835313831,28.6
58.552732845659456,28.6
58.85878877823242,28.6
59.166444469336014,28.6
59.475708280929936,28.7
59.786588618681876,28.7
60.0990939321961,28.7
60.41323271524305,28.7
60.72901350599024,28.8
61.046444887234294,28.9
61.365535486634215,29.0
61.686293976945976,29.0
62.008729076258064,29.0
62.332849548228545,29.0
62.658664202323344,29.0
62.98618189405547,29.0
63.315411525225876,28.9
63.64636204416533,28.8
63.979042445977655,28.8
64.31346177278421,28.7
64.64962911396958,28.7
64.98755360642885,28.7
65.32724443481563,28.7
65.66871083179183,28.6
66.01196207827876,28.5
66.35700750370908,28.4
66.7038564862806,28.4
67.05251845321108,28.3
67.40300288099445,28.2
67.75531929565844,28.1
68.1094772730234,28.0
68.46548643896274,27.9
68.82335646966433,27.9
69.18309709189363,27.8
69.54471808325809,27.7
69.90822927247277,27.6
70.27364053962762,27.5
70.6409618164559,27.4
71.01020308660422,27.4
71.38137438590384,27.3
71.75448580264342,27.2
72.12954747784322,27.1
72.50656960553087,27.0
72.88556243301818,26.7
73.26653626117992,26.5
73.64950144473359,26.5
74.03446839252094,26.5
74.42144756779092,26.5
74.810449488484,26.5
75.20148472751808,26.4
75.59456391307583,26.4
75.98969772889355,26.4
76.38689691455168,26.3
76.78617226576647,26.2
77.18753463468363,26.2
77.59099493017311,26.3
77.99656411812569,26.4
78.404253221751,26.4
78.8140733218772,26.5
79.226035557252,26.7
79.64015112484554,26.8
80.05643128015467,26.9
80.47488733750892,26.9
80.89553067037787,27.0
81.31837271168051,27.2
81.74342495409579,27.4
82.170698950375,27.4
82.60020631365589,27.5
83.03195871777821,27.5
83.46596789760103,27.5
83.90224564932171,27.6
84.34080383079642,27.5
84.78165436186265,27.4
85.22480922466286,27.4
85.67028046397054,27.4
86.11808018751721,27.4
86.56822056632171,27.4
87.020713835021,27.4
87.47557229220259,27.4
87.93280830073893,27.3
88.39243428812335,27.3
88.85446274680783,27.2
89.31890623454267,27.2
89.78577737471758,27.2
90.25508885670492,27.1
90.72685343620469,27.0
91.20108393559097,26.8
91.67779324426061,26.8
92.15699431898352,26.7
92.63870018425483,26.7
93.12292393264887,26.7
93.60967872517497,26.8
94.09897779163542,26.8
94.5908344309847,26.8
95.0852620116911,26.8
95.58227397210023,27.0
96.08188382079996,27.1
96.5841051369878,27.1
97.08895157083991,27.2
97.59643684388209,27.2
98.10657474936274,27.3
98.61937915262773,27.3
99.13486399149741,27.4
99.65304327664518,27.5
100.17393109197839,27.5
100.69754159502135,27.6
101.22388901729977,27.6
101.75298766472777,27.6
102.28485191799675,27.6
102.81949623296607,27.6
103.35693514105618,27.6
103.89718324964329,27.6
104.44025524245698,27.6
104.98616587997819,27.6
105.53492999984189,27.6
106.08656251723878,27.5
106.64107842532215,27.4
107.19849279561431,27.3
107.75882077841675,27.2
108.32207760322176,27.2
108.88827857912626,27.2
109.45743909524856,27.1
110.02957462114523,27.1
110.60470070723336,27.1
111.18283298521138,27.1
111.76398716848561,27.0
112.3481790525961,26.9
112.93542451564652,26.8
113.5257395187356,26.8
114.11914010639099,26.8
114.71564240700522,27.0
115.3152626332741,27.1
115.91801708263789,27.0
116.52392213772293,26.9
117.13299426678874,26.8
117.74525002417371,26.8
118.36070605074681,26.8
118.97937907435858,26.8
119.60128591029638,26.8
120.22644346174131,26.8
120.85486872022751,26.7
121.4865787661046,26.7
122.12159076900052,26.7
122.75992198829012,26.7
123.40158977356222,26.7
124.04661156509306,26.7
124.69500489431896,26.7
125.34678738431336,26.7
126.00197675026583,26.6
126.6605907999634,26.5
127.3226474342747,26.5
127.98816464763628,26.5
128.6571605285424,26.5
129.32965326003517,26.5
130.00566112020084,26.4
130.68520248266435,26.4
131.36829581709074,26.3
132.05495968968575,26.3
132.74521276370103,26.2
133.43907379994133,26.2
134.1365616572744,26.1
134.83769529314347,26.0
135.54249376408254,25.8
136.25097622623485,25.7
136.96316193587217,25.7
137.67907024992007,25.6
138.39872062648203,25.6
139.1221326253702,25.5
139.84932590863562,25.5
140.58032024110324,25.4
141.31513549090906,25.3
142.05379163003997,25.1
142.7963087348772,25.0
143.5427069867405,25.0
144.29300667243896,25.0
145.04722818481977,24.9
145.80539202332486,24.8
146.56751879454652,24.7
147.333629212788,24.6
148.1037441006266,24.5
148.87788438947953,24.5
149.65607112017267,24.5
150.43832544351253,24.4
151.2246686208618,24.3
152.01512202471548,24.2
152.80970713928414,24.1
153.6084455610754,24.1
154.41135899948313,24.0
155.218469277376,24.0
156.02979833169113,24.0
156.8453682140304,23.9
157.66520109125955,23.8
158.48931924611142,23.6
159.3177450777899,23.5
160.15050110258113,23.4
160.9876099544629,23.3
161.82909438572216,23.1
162.67497726757185,23.1
163.52528159077312,23.4
164.38003046626017,23.6
165.23924712576837,23.7
166.1029549224657,23.8
166.97117733158728,24.1
167.8439379510743,24.7
168.72126050221348,25.1
169.60316883028446,25.2
170.48968690520502,25.3
171.38083882218535,25.3
172.27664880238083,25.4
173.17714119355136,25.4
174.08234047072295,25.5
174.99227123685273,25.5
175.9069582234984,25.5
176.82642629148881,25.5
177.75070043160196,25.5
178.67980576524164,25.5
179.61376754512278,25.5
180.55261115595593,25.5
181.49636211513797,25.6
182.44504607344558,25.7
183.39868881573247,25.7
184.35731626163007,25.7
185.3209544662519,25.7
186.28962962090262,25.7
187.26336805378796,25.7
188.24219623073301,25.7
189.2261407558986,25.7
190.21522837250714,25.7
191.20948596356752,25.7
192.20894055260666,25.7
193.21361930440384,25.8
194.22354952572874,25.9
195.2387586660848,26.0
196.25927431845295,26.0
197.28512422004457,26.0
198.31633625305224,26.0
199.35293844541056,26.0
200.39495897155572,26.1
201.4424261531923,26.1
202.4953684600627,26.2
203.55381451072122,26.2
204.6177930733116,26.3
205.6873330663489,26.4
206.76246355950653,26.4
207.84321377440395,26.4
208.92961308540407,26.4
210.02169102040844,26.4
211.11947726166272,26.4
212.22300164656127,26.4
213.33229416845913,26.4
214.447384977487,26.4
215.5683043813707,26.4
216.69508284625502,26.5
217.8277509975314,26.5
218.9663396206716,26.5
220.1108796620618,26.5
221.26140222984722,26.5
222.41793859477394,26.5
223.5805201910423,26.5
224.74917861715863,26.5
225.9239456367954,26.6
227.10485317965416,26.6
228.29193334233327,26.7
229.48521838920135,26.7
230.68474075327168,26.7
231.89053303708724,26.7
233.102628013603,26.7
234.32105862708036,26.7
235.5458579939798,26.7
236.77705940386227,26.7
238.0146963202937,26.8
239.25880238175446,26.8
240.50941140255387,26.8
241.76655737374873,26.8
243.03027446406858,26.8
244.30059702084168,26.8
245.57755957093218,26.8
246.86119682167464,26.8
248.1515436618211,26.8
249.44863516248657,26.8
250.75250657810346,26.8
252.0631933473797,26.8
253.3807310942614,26.8
254.7051556289027,26.8
256.03650294863604,26.8
257.3748092389545,26.8
258.72011087449107,27.0
260.0724444200114,27.1
261.4318466314045,27.1
262.79835445668317,27.1
264.17200503698814,27.1
265.5528357075972,27.1
266.94088399894025,27.1
268.336187637619,27.1
269.7387845474336,27.1
271.1487128504106,27.1
272.56601086784315,27.1
273.9907171213279,27.1
275.4228703338166,27.1
276.86250943066517,27.2
278.30967354069315,27.2
279.764401997247,27.3
281.2267343392687,27.3
282.6967103123723,27.3
284.1743698699204,27.3
285.65975317411466,27.3
287.152900597083,27.3
288.6538527219809,27.3
290.16265034409145,27.3
291.67933447193553,27.3
293.203946328386,27.3
294.7365273517884,27.3
296.27711919708696,27.3
297.8257637369567,27.3
299.38250306294265,27.3
300.947379486601,27.3
302.52043554065347,27.3
304.1017139801383,27.3
305.69125778357716,27.3
307.2891101541398,27.3
308.8953145208197,27.3
310.5099145396145,27.3
312.1329540947119,27.3
313.76447729968413,27.3
315.40452849868336,27.3
317.0531522676519,27.3
318.71039341552853,27.3
320.3762969854716,27.3
322.05090825607795,27.3
323.7342727426186,27.3
325.4264361982722,27.3
327.1274446153702,27.3
328.83734422664674,27.3
330.55618150649445,27.3
332.28400317222986,27.3
334.02085618535915,27.3
335.76678775285944,27.3
337.52184532845695,27.3
339.28607661392135,27.3
341.0595295603587,27.3
342.84225236951676,27.3
344.63429349509414,27.2
346.4357016440579,27.2
348.24652577796684,27.1
350.06681511430224,27.1
351.8966191278073,27.1
353.7359875518278,27.1
355.5849703796693,27.1
357.44361786595016,27.1
359.3119805279728,27.1
361.1901091470929,27.1
363.0780547701014,27.0
364.9758687106112,26.9
366.8836025504522,26.8
368.80130814107446,26.8
370.72903760495365,26.8
372.66684333701346,26.8
374.6147780060434,26.8
376.57289455613636,26.8
378.54124620812286,26.8
380.5198864610201,26.8
382.50886909348526,26.8
384.5082481652772,26.7
386.51807801872604,26.7
388.53841328020957,26.7
390.56930886163985,26.7
392.6108199619517,26.7
394.6630020686084,26.6
396.7259109591041,26.5
398.7996027024853,26.5
400.8841336608706,26.5
402.9795604909844,26.5
405.0859401456969,26.5
407.20332987557106,26.4
409.331787230421,26.3
411.4713700608718,26.2
413.6221365199375,26.2
415.78414506459575,26.2
417.95745445738237,26.2
420.1421237679842,26.2
422.33821237484636,26.2
424.5457799667861,26.1
426.76488654461485,26.1
428.9955924227691,26.0
431.23795823094935,26.0
433.49204491576995,26.0
435.7579137424112,26.0
438.0356262962907,26.0
440.3252444847303,26.0
442.62683053864555,26.0
444.9404470142319,25.9
447.2661567946673,25.8
449.60402309182115,25.7
451.9541094479714,25.7
454.3164797375345,25.7
456.6911981687959,25.7
459.0783292856624,25.7
461.4779379694089,25.7
463.89008944044906,25.6
466.31484926010245,25.5
468.7522833323791,25.5
471.20245790577025,25.6
473.6654395750488,25.6
476.14129528307956,25.7
478.630092322638,25.7
481.1318983382419,25.7
483.6467813279844,25.7
486.1748096453894,25.7
488.7160520012619,25.9
491.27057746556244,26.0
493.8384554692794,26.0
496.4197558063182,26.0
499.01454863539806,26.0
501.6229044819588,26.0
504.24489424007766,26.0
506.88058917439554,26.0
509.53006092205686,26.0
512.1933814946506,26.0
514.8706232801756,26.1
517.5618590449992,26.1
520.2671619358439,26.2
522.9866054817683,26.2
525.7202635961694,26.3
528.4682105787901,26.3
531.230521117739,26.4
534.0072702915224,26.4
536.7985335710792,26.5
539.6043868218401,26.5
542.4249063057814,26.6
545.2601686835053,26.6
548.1102510163182,26.7
550.9752307683272,26.7
553.8551858085453,26.8
556.7501944130083,26.8
559.6603352669016,26.9
562.5856874666987,26.9
565.5263305223134,27.0
568.4823443592555,27.1
571.4538093208106,27.1
574.4408061702153,27.1
577.4434160928608,27.1
580.4617206984933,27.2
583.4958020234345,27.2
586.5457425328113,27.3
589.6116251227962,27.3
592.6935331228639,27.3
595.7915502980484,27.3
598.9057608512304,27.3
602.0362494254149,27.3
605.1831011060411,27.4
608.3464014232891,27.4
611.5262363544065,27.4
614.7226923260454,27.4
617.9358562166111,27.5
621.1658153586235,27.5
624.4126575410903,27.5
627.6764710118958,27.5
630.957344480193,27.5
634.2553671188238,27.5
637.5706285667327,27.5
640.9032189314127,27.5
644.2532287913472,27.5
647.6207491984753,27.5
651.0058716806659,27.5
654.4086882442045,27.5
657.8292913762976,27.5
661.2677740475787,27.5
664.7242297146454,27.5
668.1987523225889,27.5
671.6914363075575,27.5
675.2023765993158,27.5
678.7316686238282,27.5
682.2794083058518,27.5
685.8456920715438,27.5
689.4306168510824,27.6
693.0342800813003,27.6
696.6567797083366,27.6
700.2982141902914,27.6
703.9586824999124,27.6
707.6382841272731,27.6
711.3371190824884,27.6
715.0552878984242,27.6
718.7928916334344,27.6
722.5500318741055,27.6
726.3268107380181,27.6
730.123330876526,27.6
733.9396954775374,27.6
737.7760082683312,27.6
741.6323735183645,27.6
745.508896042117,27.6
749.4056812019327,27.6
753.3228349108862,27.6
757.2604636356614,27.6
761.2186743994453,27.6
765.1975747848361,27.7
769.1972729367671,27.7
773.2178775654501,27.8
777.2594979493206,27.8
781.3222439380205,27.9
785.406225955371,27.9
789.5115550023859,27.9
793.6383426602791,27.9
797.7867010935024,28.0
801.9567430527921,28.0
806.1485818782347,28.0
810.3623315023465,28.0
814.59810645317,28.0
818.8560218573906,28.0
823.1361934434566,28.0
827.4387375447371,28.0
831.7637711026708,28.0
836.1114116699566,28.0
840.4817774137397,28.0
844.8749871188272,28.0
849.2911601909162,28.0
853.7304166598383,28.0
858.1928771828257,28.0
862.6786630477819,28.0
867.1878961765907,28.0
871.7206991284164,27.9
876.2771951030477,27.9
880.8575079442367,27.8
885.4617621430697,27.8
890.0900828413493,27.8
894.742595834996,27.8
899.4194275774676,27.8
904.1207051831946,27.8
908.8465564310401,27.8
913.5971097677627,27.8
918.3724943115215,27.8
923.1728398553701,27.8
927.998276870799,27.9
932.8489365112713,28.0
937.7249506157918,28.0
942.6264517124897,28.0
947.5535730222193,28.0
952.5064484621864,28.0
957.4852126495767,28.1
962.4900009052299,28.1
967.5209492573013,28.2
972.5781944449744,28.4
977.6618739221665,28.6
982.772125861269,28.7
987.9090891569025,28.7
993.0729034296917,28.7
998.26370903006,28.7
1003.4816470420445,28.7
1008.7268592871307,28.7
1013.9994883281055,28.7
1019.2996774729368,28.7
1024.627570778662,28.6
1029.9833130553077,28.6
1035.3670498698243,28.5
1040.778927550043,28.4
1046.219093188652,28.3
1051.687694647196,28.2
1057.1848805600926,28.1
1062.7108003386745,28.0
1068.2656041752484,28.0
1073.849443047181,27.9
1079.4624687209969,27.8
1085.104833756507,27.8
1090.7766915109553,27.8
1096.4781961431852,27.8
1102.2095026178308,27.8
1107.9707667095288,27.8
1113.7621450071517,27.8
1119.5837949180645,27.8
1125.4358746724013,27.8
1131.3185433273702,27.8
1137.231960771571,27.7
1143.1762877293438,27.6
1149.1516857651375,27.6
1155.1583172879002,27.6
1161.1963455554942,27.6
1167.2659346791324,27.5
1173.3672496278396,27.4
1179.5004562329357,27.4
1185.6657211925422,27.3
1191.8632120761172,27.2
1198.0930973290035,27.2
1204.355546277011,27.1
1210.650729131018,27.1
1216.9788169915967,27.1
1223.3399818536654,27.1
1229.7343966111616,27.0
1236.162235061742,26.9
1242.6236719115057,26.8
1249.1188827797416,26.8
1255.6480442037073,26.7
1262.2113336434193,26.7
1268.8089294864806,26.7
1275.4410110529293,26.7
1282.1077586001115,26.7
1288.8093533275808,26.7
1295.5459773820237,26.6
1302.3178138622095,26.5
1309.1250468239675,26.5
1315.967861285188,26.4
1322.8464432308563,26.3
1329.7609796180998,26.1
1336.7116583812742,26.1
1343.6986684370715,26.0
1350.7221996896535,26.0
1357.782443035813,25.9
1364.879590370164,25.9
1372.0138345903551,25.8
1379.1853696023147,25.7
1386.3943903255179,25.6
1393.6410926982915,25.5
1400.9256736831292,25.4
1408.248331272053,25.3
1415.6092644919916,25.2
1423.0086734101894,25.2
1430.4467591396458,25.1
1437.9237238445805,25.1
1445.439770745928,25.1
1452.9951041268616,25.0
1460.589929338344,24.9
1468.224452804715,24.4
1475.898882029292,24.0
1483.6134256000173,23.9
1491.3682931951248,23.9
1499.1636955888393,23.9
1506.999844657106,24.0
1514.8769533833477,24.0
1522.7952358642551,24.1
1530.754907315605,24.1
1538.7561840781082,24.3
1546.799283623296,24.5
1554.8844245594228,24.6
1563.0118266374113,24.7
1571.181710756826,24.7
1579.3942989718767,24.8
1587.649814497453,24.8
1595.9484817151922,24.7
1604.2905261795772,24.7
1612.6761746240677,24.7
1621.1056549672617,24.7
1629.5791963190893,24.6
1638.097028987047,24.6
1646.6593844824454,24.6
1655.266495526711,24.6
1663.9185960577072,24.7
1672.6159212360947,24.7
1681.3587074517213,24.8
1690.1471923300487,24.8
1698.9816147386093,24.8
1707.8622147934998,24.9
1716.789233865905,24.9
1725.7629145886658,25.0
1734.7835008628629,24.9
1743.8512378644525,24.8
1752.9663720509295,24.9
1762.1291511680254,24.9
1771.3398242564415,24.9
1780.598641658619,24.9
1789.9058550255418,25.0
1799.2617173235774,25.0
1808.6664828413498,24.9
1818.1204071966588,24.8
1827.6237473434162,24.7
1837.1767615786375,24.7
1846.7797095494598,24.6
1856.4328522602,24.5
1866.1364520794475,24.5
1875.8907727471963,24.4
1885.6960793820124,24.3
1895.552638488241,24.1
1905.4607179632462,24.0
1915.4205871047022,24.0
1925.4325166178992,23.9
1935.4967786231095,23.9
1945.6136466629825,23.8
1955.783395709978,23.8
1966.006302173841,23.9
1976.282643909114,24.0
1986.6127002226892,24.0
1996.996751881399,24.0
2007.4350811196462,24.0
2017.927971647083,24.0
2028.4757086563097,23.6
2039.078578830634,23.3
2049.736870351861,23.4
2060.4508729081267,23.4
2071.22087770177,23.3
2082.0471774572497,23.3
2092.9300664290977,23.5
2103.8698404099196,23.7
2114.8667967384304,23.9
2125.9212343075446,23.9
2137.0334535724887,24.0
2148.2037565589744,24.0
2159.4324468714053,24.0
2170.71982970113,23.9
2182.0662118347364,23.9
2193.4719016623894,23.9
2204.937209186215,23.8
2216.4624460287228,23.8
2228.0479254412767,23.8
2239.6939623126154,23.7
2251.4008731773993,23.7
2263.168976224821,23.7
2274.9985913072546,23.7
2286.890039948944,23.7
2298.843645354747,23.6
2310.8597324189163,23.5
2322.9386277339318,23.5
2335.0806595993763,23.5
2347.2861580308577,23.5
2359.5554547689862,23.5
2371.8888832883777,23.5
2384.2867788067265,23.6
2396.7494782939148,23.7
2409.2773204811715,23.8
2421.8706458702773,23.9
2434.5297967428205,23.9
2447.2551171695004,23.9
2460.0469530194778,23.9
2472.905651969775,23.8
2485.8315635147337,23.6
2498.825038975499,23.4
2511.88643150958,23.2
2525.0160961204438,23.1
2538.2143896671673,23.0
2551.481670874133,23.1
2564.8183003407817,23.1
2578.224640551411,23.2
2591.7010558850307,23.1
2605.247912625263,23.0
2618.8655789702975,23.0
2632.5544250429093,23.0
2646.314822900502,23.0
2660.14714654523,23.0
2674.051771934164,23.0
2688.029076989506,23.0
2702.079441608862,23.0
2716.20324767557,23.0
2730.400879069075,23.0
2744.6727216753675,23.0
2759.0191633974646,23.0
2773.440594165967,23.0
2787.9374059496395,22.9
2802.509992766076,22.9
2817.1587506924047,22.8
2831.8840778760564,22.8
2846.686374545581,22.7
2861.5660430215316,22.7
2876.5234877273942,22.6
2891.5591152005823,22.4
2906.6733341034837,22.2
2921.8665552345788,22.0
2937.139191539587,21.9
2952.4916581227058,21.9
2967.9243722578863,21.8
2983.4377534001765,21.7
2999.0322231971227,21.8
3014.7082055002275,21.9
3030.466126376471,21.9
3046.306414119893,22.0
3062.229499263226,22.0
3078.2358145896155,22.1
3094.325795144359,22.1
3110.4998782467446,22.2
3126.7585035019356,22.2
3143.1021128129173,22.3
3159.5311503925072,22.3
3176.0460627754296,22.3
3192.6472988304513,22.3
3209.335309772584,22.3
3226.1105491753406,22.4
3242.973472983081,22.5
3259.924539523382,22.5
3276.9642095195077,22.6
3294.0929461029286,22.6
3311.311214825911,22.6
3328.6194836741684,22.6
3346.018223079582,22.6
3363.507905932988,22.5
3381.089007597027,22.5
3398.762005919066,22.5
3416.527381244194,22.5
3434.385616428264,22.4
3452.337196851022,22.4
3470.382610429304,22.4
3488.5223476302926,22.4
3506.7569014848486,22.3
3525.0867676009134,22.3
3543.512444176976,22.3
3562.034432015617,22.3
3580.6532345371147,22.2
3599.369357793143,22.1
3618.1833104805046,22.0
3637.095603954969,21.8
3656.1067522451726,21.7
3675.2172720665826,21.7
3694.4276828355482,21.6
3713.738506683413,21.5
3733.1502684707093,21.4
3752.6634958014215,21.4
3772.2787190373247,21.3
3791.9964713124127,21.2
3811.817288547367,21.2
3831.7417094641373,21.1
3851.7702756005806,21.1
3871.9035313251793,21.1
3892.1420238518376,21.2
3912.4863032547537,21.2
3932.936922483372,21.2
3953.4944373774106,21.2
3974.1594066819653,21.1
3994.9323920627126,21.1
4015.8139581211503,21.0
4036.8046724099613,20.9
4057.9051054484326,20.9
4079.115830737964,20.9
4100.437424777656,20.8
4121.870467079975,20.8
4143.41554018651,20.8
4165.0732296838005,20.9
4186.844124219257,20.9
4208.728815517151,20.9
4230.72789839472,20.9
4252.841970778305,20.8
4275.071633719623,20.8
4297.417491412092,20.7
4319.880151207261,20.7
4342.460223631314,20.6
4365.158322401661,20.5
4387.975064443623,20.5
4410.911069907196,20.4
4433.9669621839075,20.3
4457.1433679237725,20.2
4480.4409170523,20.1
4503.860242787635,20.0
4527.40198165776,19.9
4551.0667735177985,19.8
4574.855261567406,19.7
4598.768092368251,19.6
4622.80591586159,19.4
4646.969385385929,19.1
4671.25915769478,18.9
4695.675892974527,18.8
4720.220254862348,18.7
4744.892910464259,18.5
4769.694530373255,18.2
4794.625788687525,18.0
4819.68736302878,17.8
4844.87993456067,17.6
4870.204188007296,17.5
4895.660811671819,17.4
4921.250497455168,17.3
4946.973940874864,17.2
4972.8318410838865,17.2
4998.824900889706,17.1
5024.953826773381,17.0
5051.219328908747,16.9
5077.622121181736,16.8
5104.162921209768,16.7
5130.842450361258,16.6
5157.661433775227,16.4
5184.620600380999,16.3
5211.720682918039,16.1
5238.962417955835,15.8
5266.346545913939,15.6
5293.873811082085,15.5
5321.544961640422,15.5
5349.360749679845,15.5
5377.321931222439,15.5
5405.429266242027,15.5
5433.683518684824,15.5
5462.085456490198,15.5
5490.635851611563,15.5
5519.335480037329,15.5
5548.185121812011,15.5
5577.185561057427,15.5
5606.337585994012,15.5
5635.641988962242,15.4
5665.0995664441625,15.4
5694.7111190850455,15.4
5724.477451715144,15.3
5754.399373371566,15.3
5784.477697320285,15.3
5814.713241078208,15.4
5845.10682643542,15.6
5875.659279477514,15.7
5906.371430608045,15.8
5937.244114571097,15.8
5968.278170473975,15.9
5999.4744418100045,16.0
6030.833776481469,16.1
6062.357026822636,16.1
6094.045049622959,16.2
6125.898706150321,16.6
6157.918862174471,17.0
6190.106387990547,17.1
6222.462158442733,17.2
6254.987052948034,17.3
6287.681955520183,17.3
6320.547754793659,17.3
6353.585344047851,17.3
6386.795621231329,17.3
6420.179488986247,17.3
6453.7378546729,17.4
6487.471630394349,17.5
6521.381733021235,17.6
6555.469084216698,17.7
6589.734610461422,17.8
6624.179243078815,17.9
6658.80391826033,17.9
6693.609577090902,17.9
6728.597165574533,17.8
6763.767634659991,17.8
6799.1219402666875,17.7
6834.661043310619,17.7
6870.385909730507,17.7
6906.297510514049,17.8
6942.39682172431,17.9
6978.684824526248,18.0
7015.162505213385,18.0
7051.830855234612,18.0
7088.690871221135,18.0
7125.7435550135615,18.1
7162.989913689153,18.2
7200.430959589155,18.3
7238.067710346342,18.4
7275.901188912673,18.4
7313.932423587085,18.5
7352.162448043451,18.5
7390.59230135867,18.6
7429.22302804091,18.6
7468.055678057999,18.7
7507.091306865953,18.7
7546.330975437692,18.8
7585.775750291836,18.8
7625.426703521717,18.9
7665.284912824515,19.1
7705.351461530549,19.4
7745.627438632719,19.6
7786.113938816104,19.8
7826.81206248772,20.1
7867.722915806424,20.3
7908.847610712972,20.5
7950.187264960275,20.8
7991.743002143727,21.1
8033.515951731782,21.3
8075.507249096639,21.5
8117.718035545101,21.7
8160.149458349601,21.8
8202.80267077938,21.9
8245.67883213183,22.1
8288.77910776401,22.1
8332.104669124305,22.6
8375.656693784302,23.0
8419.436365470749,23.2
8463.444874097753,23.4
8507.683415799123,23.5
8552.153192960874,23.6
8596.855414253905,23.6
8641.791294666864,23.7
8686.962055539152,23.7
8732.36892459413,23.7
8778.01313597248,23.7
8823.895930265779,23.6
8870.018554550163,23.6
8916.382262420266,23.5
8962.988314023276,23.4
9009.83797609319,23.3
9056.932521985234,23.1
9104.273231710486,22.9
9151.861391970657,22.7
9199.698296193066,22.6
9247.785244565785,22.5
9296.12354407301,22.2
9344.714508530542,21.8
9393.559458621517,21.3
9442.659721932305,21.0
9492.016632988581,20.9
9541.631533291613,20.8
9591.505771354708,20.4
9641.64070273987,20.1
9692.037690094652,19.6
9742.698103189163,18.9
9793.623318953358,18.4
9844.814721514387,18.2
9896.27370223427,17.3
9948.001659747684,16.3
10000.0,15.8
10052.270136285486,15.4
10104.813489285681,15.2
10157.6314871081,14.9
10210.725565324987,14.5
10264.09716701231,13.9
10317.747742788988,13.5
10371.678750856474,13.2
10425.891657038128,13.1
10480.387934819217,13.0
10535.16906538697,12.8
10590.236537670813,12.6
10645.591848382772,12.3
10701.236502058211,12.1
10757.172011096769,11.7
10813.399895803414,11.4
10869.921684429703,11.2
10926.73891321545,11.0
10983.85312643042,10.8
11041.265876416248,10.7
11098.978723628681,10.5
11156.993236680037,10.5
11215.310992381786,10.4
11273.933575787378,10.3
11332.862580235347,10.2
11392.099607392682,10.2
11451.646267298307,10.0
11511.504178406769,9.4
11571.674967632372,8.8
11632.16027039332,8.7
11692.961730656129,8.6
11754.08100098034,8.6
11815.519742563505,8.6
11877.27962528627,8.5
11939.362327757724,8.4
12001.76953736107,8.3
12064.50295029953,8.3
12127.56427164241,8.3
12190.95521537136,8.3
12254.677504427105,8.2
12318.732870756214,8.1
12383.123055358106,8.0
12447.849808332432,7.9
12512.914888926687,7.4
12578.320065583976,6.7
12644.067115991029,6.4
12710.157827126544,6.2
12776.593995309939,6.0
12843.377426249857,5.8
12910.50993509343,5.2
12977.99334647565,4.7
13045.829494568892,4.7
13114.020223132724,5.0
13182.567385564074,5.4
13251.472844947652,5.5
13320.738474106534,5.6
13390.366155652993,5.8
13460.35778203982,6.0
13530.715255611682,6.3
13601.440488656775,7.0
13672.535403458849,7.6
13744.001932349513,7.8
13815.842017760702,8.2
13888.057612277411,8.8
13960.650678690825,9.1
14033.62319005172,9.3
14106.977129724035,9.5
14180.714491438697,9.7
14254.837279347976,10.0
14329.347508079869,10.3
14404.247202792812,10.4
14479.538399230763,10.4
14555.223143778607,10.3
14631.303493517702,10.1
14707.78151628175,9.9
14784.65929071304,9.7
14861.938906319014,9.3
14939.622463529,8.9
15017.712073751207,8.6
15096.209859430292,8.4
15175.117954104964,8.1
15254.438502465904,7.4
15334.173660414117,6.0
15414.325595119602,4.0
15494.896485080177,2.9
15575.88852018064,2.6
15657.303901752315,2.3
15739.1448426331,1.8
15821.413567227246,1.4
15904.112311566014,0.9
15987.243323368504,0.6
16070.808862102673,0.6
16154.811199046684,0.5
16239.252617350698,0.3
16324.135412099,0.3
16409.461890372313,0.5
16495.23437131044,0.6
16581.455186175313,0.7
16668.12667841462,0.7
16755.251203725067,0.7
