10.0,19.2
10.052270136285475,19.3
10.104813489285682,19.3
10.157631487108103,19.4
10.210725565324982,19.4
10.264097167012295,19.5
10.317747742789004,19.6
10.371678750856479,19.6
10.425891657038118,19.7
10.480387934819216,19.7
10.535169065386981,19.8
10.590236537670812,19.9
10.64559184838276,19.9
10.701236502058206,20.0
10.757172011096776,20.0
10.813399895803409,20.1
10.869921684429707,20.2
10.926738913215466,20.2
10.98385312643042,20.3
11.041265876416237,20.4
11.098978723628681,20.4
11.156993236680048,20.5
11.215310992381788,20.5
11.27393357578736,20.6
11.332862580235341,20.7
11.392099607392687,20.7
11.451646267298301,20.8
11.511504178406776,20.9
11.571674967632385,20.9
11.632160270393321,21.0
11.692961730656117,21.1
11.75408100098034,21.1
11.815519742563518,21.2
11.87727962528627,21.3
11.939362327757706,21.3
12.001769537361062,21.4
12.064502950299536,21.4
12.127564271642404,21.5
12.190955215371359,21.6
12.254677504427118,21.6
12.318732870756214,21.7
12.383123055358094,21.8
12.447849808332432,21.8
12.5129148889267,21.9
12.578320065583968,22.0
12.644067115991009,22.0
12.710157827126565,22.1
12.776593995309947,22.1
12.843377426249843,22.2
12.910509935093431,22.3
12.977993346475664,22.3
13.045829494568892,22.4
13.11402022313271,22.5
13.182567385564074,22.5
13.251472844947658,22.6
13.320738474106527,22.7
13.390366155653,22.7
13.460357782039841,22.8
13.530715255611682,22.8
13.601440488656761,22.8
13.672535403458848,22.9
13.744001932349526,22.9
13.815842017760701,23.0
13.888057612277397,23.0
13.960650678690818,23.1
14.033623190051728,23.2
14.10697712972403,23.2
14.180714491438705,23.3
14.25483727934799,23.4
14.32934750807987,23.4
14.404247202792797,23.4
14.479538399230764,23.4
14.55522314377862,23.4
14.631303493517702,23.5
14.707781516281727,23.5
14.784659290713032,23.6
14.861938906319022,23.7
14.939622463528993,23.8
15.017712073751214,23.9
15.096209859430308,24.0
15.175117954104964,24.1
15.254438502465888,24.1
15.334173660414118,24.2
15.414325595119617,24.3
15.494896485080169,24.3
15.575888520180618,24.3
15.65730390175234,24.4
15.73914484263311,24.4
15.821413567227237,24.4
15.904112311566013,24.5
15.98724332336852,24.5
16.070808862102673,24.6
16.154811199046666,24.6
16.239252617350697,24.7
16.324135412099007,24.8
16.409461890372306,24.8
16.495234371310413,24.9
16.58145518617534,25.0
16.668126678414627,25.0
16.755251203725052,25.1
16.84283113011666,25.2
16.930868837977105,25.3
17.01936672013636,25.4
17.108327181931763,25.5
17.197752641273365,25.5
17.28764552870969,25.6
17.378008287493753,25.6
17.4688433736495,25.7
17.560153256038525,25.7
17.651940416427212,25.8
17.744207349554188,25.8
17.836956563198083,25.8
17.93019057824573,25.8
18.023911928760675,25.8
18.118123162052047,25.9
18.21282683874379,26.0
18.30802553284428,26.0
18.403721831816252,26.1
18.499918336647156,26.1
18.59661766191982,26.2
18.69382243588356,26.3
18.791535300525574,26.4
18.889758911642755,26.5
18.98849593891389,26.6
19.08774906597221,26.6
19.187520990478333,26.7
19.287814424193606,26.7
19.388632093053765,26.8
19.48997673724305,26.9
19.591851111268685,27.0
19.69425798403576,27.0
19.79720013892245,27.1
19.90068037385568,27.1
20.004701501387192,27.2
20.109266348769967,27.2
20.214377758035074,27.2
20.320038586068932,27.2
20.426251704690927,27.3
20.533020000731486,27.3
20.64034637611054,27.4
20.748233747916412,27.5
20.856685048485062,27.6
20.965703225479817,27.7
21.075291241971485,27.8
21.185452076518878,27.8
21.296188723249774,27.9
21.407504191942323,28.0
21.519401508106792,28.0
21.631883713067854,28.1
21.744953864047204,28.1
21.858615034246718,28.2
21.972870312931903,28.2
22.087722805515906,28.3
22.203175633643916,28.4
22.319231935278008,28.5
22.435894864782412,28.5
22.553167593009288,28.6
22.671053307384867,28.6
22.789555211996095,28.6
22.908676527677724,28.6
23.028420492099883,28.7
23.148790359856015,28.7
23.26978940255137,28.8
23.391420908891938,28.9
23.51368818477381,29.0
23.63659455337303,29.1
23.760143355235964,29.2
23.884337948370025,29.3
24.009181708334992,29.3
24.134678028334722,29.3
24.260830319309434,29.4
24.387642010028344,29.4
24.515116547182902,29.5
24.64325739548046,29.6
24.772068037738443,29.6
24.901551974979007,29.6
25.031712726524198,29.6
25.162553830091625,29.6
25.294078841890578,29.7
25.426291336718684,29.8
25.559194908059133,29.8
25.692793168178262,29.9
25.827089748223784,29.9
25.96208829832347,30.0
26.097792487684362,30.1
26.234206004692496,30.2
26.371332557013133,30.3
26.5091758716916,30.4
26.647739695254497,30.4
26.787027793811582,30.5
26.9270439531581,30.6
27.06779197887776,30.6
27.209275696446046,30.7
27.351498951334275,30.7
27.494465609114105,30.8
27.638179555562576,30.8
27.782644696767733,30.8
27.92786495923483,30.8
28.07384428999299,30.8
28.220586656702505,30.9
28.368096047762684,31.0
28.516376472420284,31.1
28.66543196087842,31.1
28.815266564406134,31.2
28.965884355448516,31.3
29.11728942773738,31.4
29.26948589640251,31.5
29.42247789808359,31.6
29.57626959104251,31.6
29.730865155276486,31.7
29.88626879263161,31.7
30.04248472691713,31.7
30.19951720402016,31.7
30.357370492021133,31.8
30.516048881309793,31.8
30.675556684701824,31.9
30.835898237556027,32.0
30.99707789789224,32.0
31.15910004650967,32.1
31.321969087106055,32.1
31.485689446397288,32.2
31.650265574237824,32.2
31.815701943741516,32.3
31.98200305140326,32.4
32.14917341722119,32.4
32.31721758481955,32.4
32.486140121572134,32.4
32.655945618726484,32.4
32.82663869152868,32.6
32.99822397934869,32.7
33.170706145806605,32.8
33.34408987889928,32.9
33.51837989112781,32.9
33.69358091962557,33.0
33.86969772628702,33.0
34.04673509789711,33.1
34.224697846261364,33.1
34.40359080833668,33.1
34.58341884636283,33.1
34.764186847994516,33.1
34.94589972643436,33.2
35.12856242056629,33.2
35.312179895089876,33.3
35.496757140655234,33.4
35.68229917399868,33.4
35.86881103807908,33.4
36.05629780221492,33.4
36.24476456222205,33.4
36.434216440552284,33.4
36.6246585864325,33.5
36.81609617600466,33.6
37.00853441246656,33.7
37.2019785262131,33.8
37.39643377497855,33.9
37.591905443979435,33.9
37.788398846058186,33.9
37.985919321827524,33.9
38.184472239815605,34.0
38.384062996612016,34.0
38.584697017014335,34.1
38.786379754175634,34.2
38.98911668975273,34.2
39.1929133340551,34.3
39.39777522619469,34.3
39.60370793423646,34.3
39.810717055349734,34.4
40.0188082159603,34.4
40.227987071903335,34.4
40.43825930857721,34.4
40.64963064109788,34.4
40.8621068144543,34.5
41.075693603664625,34.6
41.29039681393302,34.6
41.506222280807584,34.6
41.72317587033889,34.6
41.94126347923944,34.6
42.16049103504393,34.6
42.38086449627034,34.7
42.60238985258197,34.8
42.825073124950116,34.8
43.04892036581776,34.8
43.27393765926414,34.8
43.500131121170035,34.9
43.727506899384,34.9
43.956071173889484,35.0
44.18583015697281,35.0
44.416790093392,35.0
44.648957260546474,35.1
44.88233796864779,35.2
45.116938560890986,35.3
45.35276541362708,35.3
45.58982493653644,35.3
45.82812357280281,35.3
46.067667799288614,35.3
46.308464126710895,35.3
46.55051909981832,35.3
46.793839297569036,35.3
47.03843133330949,35.3
47.28430185495417,35.4
47.531457545166376,35.4
47.77990512153967,35.5
48.02965133678067,35.5
48.28070297889241,35.5
48.53306687135893,35.5
48.78674987333074,35.5
49.041758879811184,35.6
49.298100821843896,35.7
49.55578266670119,35.7
49.81481141807335,35.7
50.07519411625915,35.7
50.336937838356974,35.7
50.60004969845742,35.7
50.86453684783644,35.7
51.13040647514984,35.7
51.39766580662862,35.7
51.66632210627541,35.7
51.93638267606184,35.7
52.20785485612707,35.7
52.48074602497726,35.6
52.75506359968615,35.6
53.030815036096584,35.6
53.308007829023246,35.6
53.58664951245627,35.6
53.866747659766084,35.6
54.148309883909214,35.5
54.431343837635225,35.5
54.7158572136947,35.5
55.00185774504835,35.5
55.28935320507712,35.5
55.57835140779364,35.5
55.86886020805435,35.4
56.160887501773274,35.4
56.45444122613637,35.4
56.74952935981742,35.4
57.04615992319485,35.4
57.34434097856969,35.4
57.64408063038476,35.3
57.94538702544487,35.3
58.24826835313831,35.3
58.552732845659456,35.3
58.85878877823242,35.3
59.166444469336014,35.3
59.475708280929936,35.4
59.786588618681876,35.4
60.0990939321961,35.4
60.41323271524305,35.4
60.72901350599024,35.4
61.046444887234294,35.4
61.365535486634215,35.5
61.686293976945976,35.5
62.008729076258064,35.6
62.332849548228545,35.6
62.658664202323344,35.7
62.98618189405547,35.7
63.315411525225876,35.7
63.64636204416533,35.7
63.979042445977655,35.8
64.31346177278421,35.8
64.64962911396958,35.8
64.98755360642885,35.8
65.32724443481563,35.8
65.66871083179183,35.8
66.01196207827876,35.8
66.35700750370908,35.8
66.7038564862806,35.8
67.05251845321108,35.8
67.40300288099445,35.9
67.75531929565844,36.0
68.1094772730234,36.0
68.46548643896274,36.0
68.82335646966433,36.0
69.18309709189363,36.0
69.54471808325809,36.0
69.90822927247277,36.0
70.27364053962762,36.0
70.6409618164559,36.0
71.01020308660422,36.0
71.38137438590384,36.0
71.75448580264342,36.0
72.12954747784322,36.0
72.50656960553087,36.0
72.88556243301818,36.0
73.26653626117992,36.0
73.64950144473359,36.0
74.03446839252094,36.0
74.42144756779092,36.0
74.810449488484,36.0
75.20148472751808,36.0
75.59456391307583,36.0
75.98969772889355,36.0
76.38689691455168,36.0
76.78617226576647,36.0
77.18753463468363,36.0
77.59099493017311,36.0
77.99656411812569,36.0
78.404253221751,36.0
78.8140733218772,36.0
79.226035557252,36.0
79.64015112484554,36.0
80.05643128015467,36.0
80.47488733750892,36.0
80.89553067037787,36.0
81.31837271168051,36.0
81.74342495409579,36.0
82.170698950375,36.0
82.60020631365589,36.0
83.03195871777821,36.0
83.46596789760103,36.0
83.90224564932171,36.0
84.34080383079642,36.0
84.78165436186265,36.0
85.22480922466286,36.0
85.67028046397054,36.0
86.11808018751721,36.0
86.56822056632171,36.0
87.020713835021,36.0
87.47557229220259,36.0
87.93280830073893,36.0
88.39243428812335,36.0
88.85446274680783,36.0
89.31890623454267,36.0
89.78577737471758,35.9
90.25508885670492,35.8
90.72685343620469,35.8
91.20108393559097,35.8
91.67779324426061,35.8
92.15699431898352,35.8
92.63870018425483,35.8
93.12292393264887,35.8
93.60967872517497,35.8
94.09897779163542,35.8
94.5908344309847,35.8
95.0852620116911,35.8
95.58227397210023,35.8
96.08188382079996,35.7
96.5841051369878,35.7
97.08895157083991,35.7
97.59643684388209,35.7
98.10657474936274,35.7
98.61937915262773,35.6
99.13486399149741,35.5
99.65304327664518,35.5
100.17393109197839,35.5
100.69754159502135,35.5
101.22388901729977,35.5
101.75298766472777,35.5
102.28485191799675,35.5
102.81949623296607,35.5
103.35693514105618,35.5
103.89718324964329,35.5
104.44025524245698,35.4
104.98616587997819,35.4
105.53492999984189,35.3
106.08656251723878,35.3
106.64107842532215,35.3
107.19849279561431,35.3
107.75882077841675,35.3
108.32207760322176,35.3
108.88827857912626,35.3
109.45743909524856,35.3
110.02957462114523,35.3
110.60470070723336,35.3
111.18283298521138,35.3
111.76398716848561,35.3
112.3481790525961,35.3
112.93542451564652,35.3
113.5257395187356,35.3
114.11914010639099,35.3
114.71564240700522,35.3
115.3152626332741,35.3
115.91801708263789,35.3
116.52392213772293,35.3
117.13299426678874,35.3
117.74525002417371,35.3
118.36070605074681,35.3
118.97937907435858,35.3
119.60128591029638,35.3
120.22644346174131,35.3
120.85486872022751,35.3
121.4865787661046,35.3
122.12159076900052,35.3
122.75992198829012,35.3
123.40158977356222,35.3
124.04661156509306,35.3
124.69500489431896,35.2
125.34678738431336,35.1
126.00197675026583,35.0
126.6605907999634,35.0
127.3226474342747,35.0
127.98816464763628,35.0
128.6571605285424,35.0
129.32965326003517,35.0
130.00566112020084,35.0
130.68520248266435,35.0
131.36829581709074,35.0
132.05495968968575,35.0
132.74521276370103,35.0
133.43907379994133,35.0
134.1365616572744,35.0
134.83769529314347,35.0
135.54249376408254,35.0
136.25097622623485,35.0
136.96316193587217,35.0
137.67907024992007,35.0
138.39872062648203,35.0
139.1221326253702,34.9
139.84932590863562,34.8
140.58032024110324,34.8
141.31513549090906,34.8
142.05379163003997,34.8
142.7963087348772,34.8
143.5427069867405,34.8
144.29300667243896,34.8
145.04722818481977,34.8
145.80539202332486,34.8
146.56751879454652,34.8
147.333629212788,34.8
148.1037441006266,34.8
148.87788438947953,34.8
149.65607112017267,34.8
150.43832544351253,34.8
151.2246686208618,34.8
152.01512202471548,34.7
152.80970713928414,34.6
153.6084455610754,34.6
154.41135899948313,34.6
155.218469277376,34.6
156.02979833169113,34.6
156.8453682140304,34.5
157.66520109125955,34.5
158.48931924611142,34.4
159.3177450777899,34.4
160.15050110258113,34.4
160.9876099544629,34.4
161.82909438572216,34.4
162.67497726757185,34.4
163.52528159077312,34.4
164.38003046626017,34.4
165.23924712576837,34.4
166.1029549224657,34.4
166.97117733158728,34.4
167.8439379510743,34.4
168.72126050221348,34.4
169.60316883028446,34.4
170.48968690520502,34.4
171.38083882218535,34.4
172.27664880238083,34.4
173.17714119355136,34.4
174.08234047072295,34.4
174.99227123685273,34.4
175.9069582234984,34.4
176.82642629148881,34.4
177.75070043160196,34.4
178.67980576524164,34.4
179.61376754512278,34.4
180.55261115595593,34.4
181.49636211513797,34.4
182.44504607344558,34.4
183.39868881573247,34.4
184.35731626163007,34.4
185.3209544662519,34.4
186.28962962090262,34.3
187.26336805378796,34.3
188.24219623073301,34.3
189.2261407558986,34.3
190.21522837250714,34.3
191.20948596356752,34.3
192.20894055260666,34.3
193.21361930440384,34.3
194.22354952572874,34.3
195.2387586660848,34.3
196.25927431845295,34.3
197.28512422004457,34.3
198.31633625305224,34.3
199.35293844541056,34.3
200.39495897155572,34.3
201.4424261531923,34.3
202.4953684600627,34.3
203.55381451072122,34.3
204.6177930733116,34.3
205.6873330663489,34.3
206.76246355950653,34.2
207.84321377440395,34.1
208.92961308540407,34.1
210.02169102040844,34.1
211.11947726166272,34.1
212.22300164656127,34.1
213.33229416845913,34.1
214.447384977487,34.1
215.5683043813707,34.1
216.69508284625502,34.1
217.8277509975314,34.1
218.9663396206716,34.1
220.1108796620618,34.1
221.26140222984722,34.1
222.41793859477394,34.1
223.5805201910423,34.1
224.74917861715863,34.1
225.9239456367954,34.1
227.10485317965416,34.1
228.29193334233327,34.0
229.48521838920135,33.9
230.68474075327168,33.9
231.89053303708724,33.9
233.102628013603,34.0
234.32105862708036,34.1
235.5458579939798,34.1
236.77705940386227,34.1
238.0146963202937,34.1
239.25880238175446,34.1
240.50941140255387,34.1
241.76655737374873,34.1
243.03027446406858,34.1
244.30059702084168,34.1
245.57755957093218,34.1
246.86119682167464,34.1
248.1515436618211,34.1
249.44863516248657,34.1
250.75250657810346,34.0
252.0631933473797,34.0
253.3807310942614,33.9
254.7051556289027,33.9
256.03650294863604,33.9
257.3748092389545,33.9
258.72011087449107,33.9
260.0724444200114,33.9
261.4318466314045,33.9
262.79835445668317,33.9
264.17200503698814,33.8
265.5528357075972,33.7
266.94088399894025,33.6
268.336187637619,33.6
269.7387845474336,33.6
271.1487128504106,33.6
272.56601086784315,33.6
273.9907171213279,33.6
275.4228703338166,33.6
276.86250943066517,33.6
278.30967354069315,33.6
279.764401997247,33.6
281.2267343392687,33.6
282.6967103123723,33.6
284.1743698699204,33.6
285.65975317411466,33.6
287.152900597083,33.8
288.6538527219809,33.9
290.16265034409145,34.0
291.67933447193553,34.0
293.203946328386,34.0
294.7365273517884,34.0
296.27711919708696,34.2
297.8257637369567,34.4
299.38250306294265,34.5
300.947379486601,34.6
302.52043554065347,34.8
304.1017139801383,34.9
305.69125778357716,35.1
307.2891101541398,35.3
308.8953145208197,35.5
310.5099145396145,35.6
312.1329540947119,35.7
313.76447729968413,35.8
315.40452849868336,35.9
317.0531522676519,35.9
318.71039341552853,36.0
320.3762969854716,36.0
322.05090825607795,36.0
323.7342727426186,36.0
325.4264361982722,35.9
327.1274446153702,35.9
328.83734422664674,35.8
330.55618150649445,35.7
332.28400317222986,35.7
334.02085618535915,35.6
335.76678775285944,35.6
337.52184532845695,35.5
339.28607661392135,35.5
341.0595295603587,35.4
342.84225236951676,35.3
344.63429349509414,35.2
346.4357016440579,35.1
348.24652577796684,35.1
350.06681511430224,35.0
351.8966191278073,34.9
353.7359875518278,34.8
355.5849703796693,34.7
357.44361786595016,34.7
359.3119805279728,34.6
361.1901091470929,34.6
363.0780547701014,34.5
364.9758687106112,34.4
366.8836025504522,34.4
368.80130814107446,34.4
370.72903760495365,34.4
372.66684333701346,34.4
374.6147780060434,34.3
376.57289455613636,34.2
378.54124620812286,34.2
380.5198864610201,34.1
382.50886909348526,34.1
384.5082481652772,34.0
386.51807801872604,33.9
388.53841328020957,33.9
390.56930886163985,33.8
392.6108199619517,33.8
394.6630020686084,33.7
396.7259109591041,33.7
398.7996027024853,33.8
400.8841336608706,33.8
402.9795604909844,33.9
405.0859401456969,33.9
407.20332987557106,33.9
409.331787230421,33.8
411.4713700608718,33.7
413.6221365199375,33.6
415.78414506459575,33.6
417.95745445738237,33.6
420.1421237679842,33.6
422.33821237484636,33.6
424.5457799667861,33.6
426.76488654461485,33.5
428.9955924227691,33.5
431.23795823094935,33.4
433.49204491576995,33.4
435.7579137424112,33.4
438.0356262962907,33.3
440.3252444847303,33.2
442.62683053864555,33.2
444.9404470142319,33.2
447.2661567946673,33.2
449.60402309182115,33.2
451.9541094479714,33.2
454.3164797375345,33.1
456.6911981687959,33.1
459.0783292856624,33.1
461.4779379694089,33.1
463.89008944044906,33.1
466.31484926010245,33.1
468.7522833323791,33.1
471.20245790577025,33.1
473.6654395750488,33.0
476.14129528307956,33.0
478.630092322638,33.0
481.1318983382419,33.0
483.6467813279844,33.0
486.1748096453894,33.0
488.7160520012619,32.9
491.27057746556244,32.9
493.8384554692794,32.8
496.4197558063182,32.8
499.01454863539806,32.7
501.6229044819588,32.7
504.24489424007766,32.6
506.88058917439554,32.5
509.53006092205686,32.4
512.1933814946506,32.4
514.8706232801756,32.4
517.5618590449992,32.4
520.2671619358439,32.4
522.9866054817683,32.4
525.7202635961694,32.4
528.4682105787901,32.4
531.230521117739,32.4
534.0072702915224,32.4
536.7985335710792,32.4
539.6043868218401,32.4
542.4249063057814,32.4
545.2601686835053,32.4
548.1102510163182,32.3
550.9752307683272,32.3
553.8551858085453,32.2
556.7501944130083,32.2
559.6603352669016,32.2
562.5856874666987,32.2
565.5263305223134,32.2
568.4823443592555,32.2
571.4538093208106,32.2
574.4408061702153,32.2
577.4434160928608,32.2
580.4617206984933,32.2
583.4958020234345,32.2
586.5457425328113,32.2
589.6116251227962,32.2
592.6935331228639,32.2
595.7915502980484,32.2
598.9057608512304,32.2
602.0362494254149,32.2
605.1831011060411,32.2
608.3464014232891,32.2
611.5262363544065,32.2
614.7226923260454,32.2
617.9358562166111,32.2
621.1658153586235,32.2
624.4126575410903,32.2
627.6764710118958,32.2
630.957344480193,32.2
634.2553671188238,32.1
637.5706285667327,32.1
640.9032189314127,32.1
644.2532287913472,32.1
647.6207491984753,32.1
651.0058716806659,32.1
654.4086882442045,32.0
657.8292913762976,32.0
661.2677740475787,32.0
664.7242297146454,32.0
668.1987523225889,32.0
671.6914363075575,32.1
675.2023765993158,32.2
678.7316686238282,32.2
682.2794083058518,32.2
685.8456920715438,32.2
689.4306168510824,32.3
693.0342800813003,32.3
696.6567797083366,32.4
700.2982141902914,32.4
703.9586824999124,32.4
707.6382841272731,32.4
711.3371190824884,32.4
715.0552878984242,32.4
718.7928916334344,32.4
722.5500318741055,32.4
726.3268107380181,32.4
730.123330876526,32.4
733.9396954775374,32.4
737.7760082683312,32.4
741.6323735183645,32.4
745.508896042117,32.4
749.4056812019327,32.4
753.3228349108862,32.4
757.2604636356614,32.5
761.2186743994453,32.6
765.1975747848361,32.6
769.1972729367671,32.7
773.2178775654501,32.8
777.2594979493206,32.8
781.3222439380205,32.9
785.406225955371,32.9
789.5115550023859,32.9
793.6383426602791,32.9
797.7867010935024,33.0
801.9567430527921,33.0
806.1485818782347,33.1
810.3623315023465,33.1
814.59810645317,33.1
818.8560218573906,33.1
823.1361934434566,33.1
827.4387375447371,33.1
831.7637711026708,33.2
836.1114116699566,33.2
840.4817774137397,33.2
844.8749871188272,33.2
849.2911601909162,33.2
853.7304166598383,33.2
858.1928771828257,33.2
862.6786630477819,33.1
867.1878961765907,33.1
871.7206991284164,33.1
876.2771951030477,33.1
880.8575079442367,33.2
885.4617621430697,33.2
890.0900828413493,33.2
894.742595834996,33.2
899.4194275774676,33.2
904.1207051831946,33.2
908.8465564310401,33.2
913.5971097677627,33.2
918.3724943115215,33.2
923.1728398553701,33.2
927.998276870799,33.2
932.8489365112713,33.2
937.7249506157918,33.2
942.6264517124897,33.2
947.5535730222193,33.2
952.5064484621864,33.2
957.4852126495767,33.1
962.4900009052299,33.1
967.5209492573013,33.0
972.5781944449744,33.0
977.6618739221665,32.9
982.772125861269,32.9
987.9090891569025,32.9
993.0729034296917,32.9
998.26370903006,32.8
1003.4816470420445,32.7
1008.7268592871307,32.6
1013.9994883281055,32.5
1019.2996774729368,32.4
1024.627570778662,32.2
1029.9833130553077,32.1
1035.3670498698243,32.1
1040.778927550043,32.0
1046.219093188652,32.0
1051.687694647196,31.9
1057.1848805600926,31.9
1062.7108003386745,31.8
1068.2656041752484,31.8
1073.849443047181,31.7
1079.4624687209969,31.7
1085.104833756507,31.6
1090.7766915109553,31.5
1096.4781961431852,31.5
1102.2095026178308,31.6
1107.9707667095288,31.6
1113.7621450071517,31.7
1119.5837949180645,31.8
1125.4358746724013,31.9
1131.3185433273702,31.9
1137.231960771571,32.0
1143.1762877293438,32.0
1149.1516857651375,32.0
1155.1583172879002,32.0
1161.1963455554942,32.0
1167.2659346791324,31.9
1173.3672496278396,31.9
1179.5004562329357,31.8
1185.6657211925422,31.8
1191.8632120761172,31.7
1198.0930973290035,31.6
1204.355546277011,31.6
1210.650729131018,31.5
1216.9788169915967,31.5
1223.3399818536654,31.5
1229.7343966111616,31.5
1236.162235061742,31.4
1242.6236719115057,31.2
1249.1188827797416,31.0
1255.6480442037073,30.9
1262.2113336434193,30.8
1268.8089294864806,30.6
1275.4410110529293,30.5
1282.1077586001115,30.4
1288.8093533275808,30.3
1295.5459773820237,30.2
1302.3178138622095,30.1
1309.1250468239675,30.0
1315.967861285188,30.0
1322.8464432308563,29.9
1329.7609796180998,29.8
1336.7116583812742,29.7
1343.6986684370715,29.6
1350.7221996896535,29.5
1357.782443035813,29.5
1364.879590370164,29.4
1372.0138345903551,29.3
1379.1853696023147,29.2
1386.3943903255179,29.1
1393.6410926982915,29.0
1400.9256736831292,29.0
1408.248331272053,28.9
1415.6092644919916,28.8
1423.0086734101894,28.7
1430.4467591396458,28.6
1437.9237238445805,28.5
1445.439770745928,28.4
1452.9951041268616,28.4
1460.589929338344,28.3
1468.224452804715,28.2
1475.898882029292,28.1
1483.6134256000173,28.0
1491.3682931951248,27.9
1499.1636955888393,27.9
1506.999844657106,27.8
1514.8769533833477,27.7
1522.7952358642551,27.6
1530.754907315605,27.5
1538.7561840781082,27.4
1546.799283623296,27.3
1554.8844245594228,27.2
1563.0118266374113,27.1
1571.181710756826,27.0
1579.3942989718767,26.9
1587.649814497453,26.8
1595.9484817151922,26.8
1604.2905261795772,26.7
1612.6761746240677,26.7
1621.1056549672617,26.7
1629.5791963190893,26.6
1638.097028987047,26.6
1646.6593844824454,26.6
1655.266495526711,26.6
1663.9185960577072,26.5
1672.6159212360947,26.5
1681.3587074517213,26.4
1690.1471923300487,26.3
1698.9816147386093,26.1
1707.8622147934998,25.9
1716.789233865905,25.8
1725.7629145886658,25.7
1734.7835008628629,25.7
1743.8512378644525,25.6
1752.9663720509295,25.5
1762.1291511680254,25.4
1771.3398242564415,25.4
1780.598641658619,25.3
1789.9058550255418,25.2
1799.2617173235774,25.1
1808.6664828413498,25.0
1818.1204071966588,24.9
1827.6237473434162,24.8
1837.1767615786375,24.7
1846.7797095494598,24.6
1856.4328522602,24.5
1866.1364520794475,24.4
1875.8907727471963,24.3
1885.6960793820124,24.3
1895.552638488241,24.2
1905.4607179632462,24.1
1915.4205871047022,23.9
1925.4325166178992,23.7
1935.4967786231095,23.6
1945.6136466629825,23.5
1955.783395709978,23.4
1966.006302173841,23.3
1976.282643909114,23.2
1986.6127002226892,23.1
1996.996751881399,22.9
2007.4350811196462,22.8
2017.927971647083,22.7
2028.4757086563097,22.5
2039.078578830634,22.4
2049.736870351861,22.3
2060.4508729081267,22.1
2071.22087770177,22.0
2082.0471774572497,21.9
2092.9300664290977,21.7
2103.8698404099196,21.6
2114.8667967384304,21.6
2125.9212343075446,21.6
2137.0334535724887,21.5
2148.2037565589744,21.5
2159.4324468714053,21.4
2170.71982970113,21.2
2182.0662118347364,21.0
2193.4719016623894,20.9
2204.937209186215,20.8
2216.4624460287228,20.7
2228.0479254412767,20.6
2239.6939623126154,20.5
2251.4008731773993,20.5
2263.168976224821,20.4
2274.9985913072546,20.3
2286.890039948944,20.2
2298.843645354747,20.1
2310.8597324189163,20.0
2322.9386277339318,19.9
2335.0806595993763,19.8
2347.2861580308577,19.8
2359.5554547689862,19.7
2371.8888832883777,19.6
2384.2867788067265,19.5
2396.7494782939148,19.4
2409.2773204811715,19.4
2421.8706458702773,19.3
2434.5297967428205,19.3
2447.2551171695004,19.2
2460.0469530194778,19.2
2472.905651969775,19.1
2485.8315635147337,19.0
2498.825038975499,19.0
2511.88643150958,18.9
2525.0160961204438,18.9
2538.2143896671673,18.9
2551.481670874133,18.9
2564.8183003407817,18.9
2578.224640551411,18.8
2591.7010558850307,18.7
2605.247912625263,18.6
2618.8655789702975,18.5
2632.5544250429093,18.4
2646.314822900502,18.4
2660.14714654523,18.3
2674.051771934164,18.2
2688.029076989506,18.2
2702.079441608862,18.2
2716.20324767557,18.2
2730.400879069075,18.2
2744.6727216753675,18.2
2759.0191633974646,18.1
2773.440594165967,18.1
2787.9374059496395,18.1
2802.509992766076,18.1
2817.1587506924047,18.2
2831.8840778760564,18.2
2846.686374545581,18.3
2861.5660430215316,18.4
2876.5234877273942,18.4
2891.5591152005823,18.4
2906.6733341034837,18.4
2921.8665552345788,18.4
2937.139191539587,18.5
2952.4916581227058,18.6
2967.9243722578863,18.7
2983.4377534001765,18.9
2999.0322231971227,19.0
3014.7082055002275,19.2
3030.466126376471,19.4
3046.306414119893,19.5
3062.229499263226,19.6
3078.2358145896155,19.7
3094.325795144359,19.7
3110.4998782467446,19.8
3126.7585035019356,19.9
3143.1021128129173,19.9
3159.5311503925072,20.0
3176.0460627754296,20.0
3192.6472988304513,20.0
3209.335309772584,20.0
3226.1105491753406,20.0
3242.973472983081,20.2
3259.924539523382,20.3
3276.9642095195077,20.3
3294.0929461029286,20.3
3311.311214825911,20.3
3328.6194836741684,20.3
3346.018223079582,20.4
3363.507905932988,20.5
3381.089007597027,20.5
3398.762005919066,20.5
3416.527381244194,20.5
3434.385616428264,20.5
3452.337196851022,20.5
3470.382610429304,20.5
3488.5223476302926,20.5
3506.7569014848486,20.5
3525.0867676009134,20.5
3543.512444176976,20.5
3562.034432015617,20.5
3580.6532345371147,20.5
3599.369357793143,20.5
3618.1833104805046,20.4
3637.095603954969,20.4
3656.1067522451726,20.3
3675.2172720665826,20.2
3694.4276828355482,20.1
3713.738506683413,20.0
3733.1502684707093,19.8
3752.6634958014215,19.8
3772.2787190373247,19.8
3791.9964713124127,19.8
3811.817288547367,20.0
3831.7417094641373,20.3
3851.7702756005806,20.5
3871.9035313251793,20.6
3892.1420238518376,20.7
3912.4863032547537,20.8
3932.936922483372,20.9
3953.4944373774106,21.0
3974.1594066819653,21.1
3994.9323920627126,21.2
4015.8139581211503,21.3
4036.8046724099613,21.3
4057.9051054484326,21.4
4079.115830737964,21.5
4100.437424777656,21.6
4121.870467079975,21.7
4143.41554018651,21.7
4165.0732296838005,21.8
4186.844124219257,21.8
4208.728815517151,21.9
4230.72789839472,22.0
4252.841970778305,22.0
4275.071633719623,22.0
4297.417491412092,22.0
4319.880151207261,22.0
4342.460223631314,21.9
4365.158322401661,21.8
4387.975064443623,21.7
4410.911069907196,21.7
4433.9669621839075,21.6
4457.1433679237725,21.5
4480.4409170523,21.7
4503.860242787635,21.6
4527.40198165776,21.5
4551.0667735177985,21.3
4574.855261567406,21.1
4598.768092368251,20.9
4622.80591586159,20.8
4646.969385385929,20.6
4671.25915769478,20.4
4695.675892974527,20.2
4720.220254862348,20.1
4744.892910464259,19.9
4769.694530373255,19.8
4794.625788687525,19.6
4819.68736302878,19.5
4844.87993456067,19.3
4870.204188007296,19.2
4895.660811671819,18.9
4921.250497455168,18.5
4946.973940874864,18.2
4972.8318410838865,17.8
4998.824900889706,17.4
5024.953826773381,17.1
5051.219328908747,16.5
5077.622121181736,15.9
5104.162921209768,15.3
5130.842450361258,14.6
5157.661433775227,14.2
5184.620600380999,14.0
5211.720682918039,13.4
5238.962417955835,12.7
5266.346545913939,12.4
5293.873811082085,12.1
5321.544961640422,11.9
5349.360749679845,11.6
5377.321931222439,11.0
5405.429266242027,10.0
5433.683518684824,9.3
5462.085456490198,8.9
5490.635851611563,8.6
5519.335480037329,8.2
5548.185121812011,7.7
5577.185561057427,6.3
5606.337585994012,5.3
5635.641988962242,7.0
5665.0995664441625,8.8
5694.7111190850455,9.2
5724.477451715144,10.7
5754.399373371566,12.6
5784.477697320285,13.4
5814.713241078208,14.1
5845.10682643542,14.7
5875.659279477514,14.8
5906.371430608045,14.8
5937.244114571097,14.8
5968.278170473975,14.8
5999.4744418100045,14.8
6030.833776481469,14.7
6062.357026822636,14.6
6094.045049622959,14.5
6125.898706150321,14.5
6157.918862174471,14.4
6190.106387990547,14.4
6222.462158442733,14.3
6254.987052948034,14.3
6287.681955520183,14.3
6320.547754793659,14.3
6353.585344047851,14.3
6386.795621231329,14.5
6420.179488986247,14.8
6453.7378546729,15.0
6487.471630394349,15.3
6521.381733021235,15.6
6555.469084216698,15.9
6589.734610461422,16.2
6624.179243078815,16.4
6658.80391826033,16.7
6693.609577090902,16.9
6728.597165574533,17.5
6763.767634659991,18.1
6799.1219402666875,18.2
6834.661043310619,18.3
6870.385909730507,18.4
6906.297510514049,18.6
6942.39682172431,18.8
6978.684824526248,19.0
7015.162505213385,19.1
7051.830855234612,19.2
7088.690871221135,19.2
7125.7435550135615,19.3
7162.989913689153,19.3
7200.430959589155,19.4
7238.067710346342,19.4
7275.901188912673,19.5
7313.932423587085,19.6
7352.162448043451,19.7
7390.59230135867,19.8
7429.22302804091,19.9
7468.055678057999,19.9
7507.091306865953,20.0
7546.330975437692,20.0
7585.775750291836,20.0
7625.426703521717,20.0
7665.284912824515,20.0
7705.351461530549,20.1
7745.627438632719,20.3
7786.113938816104,20.5
7826.81206248772,20.6
7867.722915806424,20.7
7908.847610712972,21.0
7950.187264960275,21.6
7991.743002143727,22.0
8033.515951731782,22.2
8075.507249096639,22.4
8117.718035545101,22.7
8160.149458349601,23.1
8202.80267077938,23.7
8245.67883213183,24.1
8288.77910776401,24.2
8332.104669124305,24.3
8375.656693784302,24.5
8419.436365470749,24.9
8463.444874097753,25.4
8507.683415799123,25.6
8552.153192960874,25.7
8596.855414253905,25.8
8641.791294666864,25.9
8686.962055539152,26.1
8732.36892459413,26.2
8778.01313597248,26.2
8823.895930265779,26.2
8870.018554550163,26.1
8916.382262420266,26.1
8962.988314023276,26.0
9009.83797609319,25.9
9056.932521985234,25.8
9104.273231710486,25.6
9151.861391970657,25.5
9199.698296193066,25.3
9247.785244565785,25.2
9296.12354407301,25.0
9344.714508530542,24.8
9393.559458621517,24.6
9442.659721932305,24.4
9492.016632988581,24.2
9541.631533291613,24.3
9591.505771354708,24.5
9641.64070273987,24.9
9692.037690094652,25.4
9742.698103189163,25.6
9793.623318953358,25.7
9844.814721514387,25.8
9896.27370223427,25.8
9948.001659747684,25.9
10000.0,26.0
10052.270136285486,26.0
10104.813489285681,26.0
10157.6314871081,26.1
10210.725565324987,26.2
10264.09716701231,26.2
10317.747742788988,26.2
10371.678750856474,26.2
10425.891657038128,26.1
10480.387934819217,25.9
10535.16906538697,25.5
10590.236537670813,25.2
10645.591848382772,25.0
10701.236502058211,24.7
10757.172011096769,24.5
10813.399895803414,23.7
10869.921684429703,22.8
10926.73891321545,22.1
10983.85312643042,21.5
11041.265876416248,21.1
11098.978723628681,20.7
11156.993236680037,19.9
11215.310992381786,18.6
11273.933575787378,17.6
11332.862580235347,17.1
11392.099607392682,16.5
11451.646267298307,15.9
11511.504178406769,15.2
11571.674967632372,14.3
11632.16027039332,13.6
11692.961730656129,13.3
11754.08100098034,12.8
11815.519742563505,12.2
11877.27962528627,11.7
11939.362327757724,11.3
12001.76953736107,10.5
12064.50295029953,9.6
12127.56427164241,9.1
12190.95521537136,8.5
12254.677504427105,8.2
12318.732870756214,8.1
12383.123055358106,8.2
12447.849808332432,8.5
12512.914888926687,9.4
12578.320065583976,10.2
12644.067115991029,10.5
12710.157827126544,10.8
12776.593995309939,11.1
12843.377426249857,11.4
12910.50993509343,11.8
12977.99334647565,12.9
13045.829494568892,14.0
13114.020223132724,14.3
13182.567385564074,14.7
13251.472844947652,15.2
13320.738474106534,15.7
13390.366155652993,16.4
13460.35778203982,17.2
13530.715255611682,17.7
13601.440488656775,17.9
13672.535403458849,18.0
13744.001932349513,18.1
13815.842017760702,18.3
13888.057612277411,18.4
13960.650678690825,18.6
14033.62319005172,18.7
14106.977129724035,18.8
14180.714491438697,18.5
14254.837279347976,18.2
14329.347508079869,18.0
14404.247202792812,17.8
14479.538399230763,17.5
14555.223143778607,17.2
14631.303493517702,16.9
14707.78151628175,16.6
14784.65929071304,16.3
14861.938906319014,16.0
14939.622463529,15.7
15017.712073751207,15.5
15096.209859430292,15.3
15175.117954104964,15.2
15254.438502465904,15.0
15334.173660414117,14.7
15414.325595119602,14.4
15494.896485080177,14.2
15575.88852018064,12.9
15657.303901752315,11.7
15739.1448426331,11.2
15821.413567227246,10.6
15904.112311566014,10.1
15987.243323368504,9.6
16070.808862102673,8.6
16154.811199046684,7.6
16239.252617350698,6.8
16324.135412099,6.0
16409.461890372313,5.4
16495.23437131044,4.8
16581.455186175313,4.2
16668.12667841462,3.5
16755.251203725067,2.9
