10.0,41.5
10.052270136285475,41.5
10.104813489285682,41.6
10.157631487108103,41.6
10.210725565324982,41.7
10.264097167012295,41.7
10.317747742789004,41.7
10.371678750856479,41.7
10.425891657038118,41.8
10.480387934819216,41.9
10.535169065386981,41.9
10.590236537670812,41.9
10.64559184838276,41.9
10.701236502058206,41.9
10.757172011096776,41.9
10.813399895803409,42.0
10.869921684429707,42.0
10.926738913215466,42.0
10.98385312643042,42.0
11.041265876416237,42.0
11.098978723628681,42.0
11.156993236680048,42.0
11.215310992381788,42.1
11.27393357578736,42.2
11.332862580235341,42.2
11.392099607392687,42.2
11.451646267298301,42.2
11.511504178406776,42.2
11.571674967632385,42.2
11.632160270393321,42.2
11.692961730656117,42.3
11.75408100098034,42.3
11.815519742563518,42.4
11.87727962528627,42.4
11.939362327757706,42.4
12.001769537361062,42.4
12.064502950299536,42.5
12.127564271642404,42.6
12.190955215371359,42.6
12.254677504427118,42.6
12.318732870756214,42.6
12.383123055358094,42.6
12.447849808332432,42.6
12.5129148889267,42.6
12.578320065583968,42.6
12.644067115991009,42.6
12.710157827126565,42.7
12.776593995309947,42.8
12.843377426249843,42.9
12.910509935093431,42.9
12.977993346475664,42.9
13.045829494568892,42.9
13.11402022313271,42.9
13.182567385564074,42.9
13.251472844947658,42.9
13.320738474106527,43.0
13.390366155653,43.1
13.460357782039841,43.1
13.530715255611682,43.1
13.601440488656761,43.1
13.672535403458848,43.1
13.744001932349526,43.1
13.815842017760701,43.1
13.888057612277397,43.1
13.960650678690818,43.2
14.033623190051728,43.3
14.10697712972403,43.3
14.180714491438705,43.3
14.25483727934799,43.3
14.32934750807987,43.3
14.404247202792797,43.3
14.479538399230764,43.3
14.55522314377862,43.3
14.631303493517702,43.3
14.707781516281727,43.3
14.784659290713032,43.3
14.861938906319022,43.4
14.939622463528993,43.4
15.017712073751214,43.4
15.096209859430308,43.4
15.175117954104964,43.4
15.254438502465888,43.4
15.334173660414118,43.4
15.414325595119617,43.4
15.494896485080169,43.5
15.575888520180618,43.6
15.65730390175234,43.6
15.73914484263311,43.6
15.821413567227237,43.6
15.904112311566013,43.6
15.98724332336852,43.6
16.070808862102673,43.6
16.154811199046666,43.6
16.239252617350697,43.6
16.324135412099007,43.7
16.409461890372306,43.8
16.495234371310413,43.8
16.58145518617534,43.8
16.668126678414627,43.8
16.755251203725052,43.8
16.84283113011666,43.8
16.930868837977105,43.8
17.01936672013636,43.8
17.108327181931763,43.8
17.197752641273365,43.8
17.28764552870969,43.8
17.378008287493753,43.8
17.4688433736495,43.8
17.560153256038525,43.8
17.651940416427212,43.8
17.744207349554188,43.9
17.836956563198083,44.0
17.93019057824573,44.1
18.023911928760675,44.1
18.118123162052047,44.1
18.21282683874379,44.1
18.30802553284428,44.1
18.403721831816252,44.1
18.499918336647156,44.1
18.59661766191982,44.1
18.69382243588356,44.1
18.791535300525574,44.1
18.889758911642755,44.1
18.98849593891389,44.1
19.08774906597221,44.1
19.187520990478333,44.2
19.287814424193606,44.3
19.388632093053765,44.3
19.48997673724305,44.3
19.591851111268685,44.3
19.69425798403576,44.3
19.79720013892245,44.3
19.90068037385568,44.3
20.004701501387192,44.3
20.109266348769967,44.3
20.214377758035074,44.3
20.320038586068932,44.3
20.426251704690927,44.3
20.533020000731486,44.3
20.64034637611054,44.4
20.748233747916412,44.5
20.856685048485062,44.5
20.965703225479817,44.5
21.075291241971485,44.5
21.185452076518878,44.5
21.296188723249774,44.5
21.407504191942323,44.5
21.519401508106792,44.5
21.631883713067854,44.5
21.744953864047204,44.5
21.858615034246718,44.5
21.972870312931903,44.5
22.087722805515906,44.5
22.203175633643916,44.5
22.319231935278008,44.5
22.435894864782412,44.5
22.553167593009288,44.5
22.671053307384867,44.6
22.789555211996095,44.6
22.908676527677724,44.6
23.028420492099883,44.6
23.148790359856015,44.6
23.26978940255137,44.6
23.391420908891938,44.6
23.51368818477381,44.6
23.63659455337303,44.6
23.760143355235964,44.6
23.884337948370025,44.6
24.009181708334992,44.6
24.134678028334722,44.6
24.260830319309434,44.6
24.387642010028344,44.6
24.515116547182902,44.6
24.64325739548046,44.6
24.772068037738443,44.6
24.901551974979007,44.6
25.031712726524198,44.6
25.162553830091625,44.7
25.294078841890578,44.8
25.426291336718684,44.8
25.559194908059133,44.8
25.692793168178262,44.8
25.827089748223784,44.8
25.96208829832347,44.8
26.097792487684362,44.8
26.234206004692496,44.8
26.371332557013133,44.8
26.5091758716916,44.8
26.647739695254497,44.8
26.787027793811582,44.8
26.9270439531581,44.8
27.06779197887776,44.8
27.209275696446046,44.8
27.351498951334275,44.8
27.494465609114105,44.8
27.638179555562576,44.8
27.782644696767733,44.8
27.92786495923483,44.8
28.07384428999299,44.8
28.220586656702505,44.8
28.368096047762684,44.8
28.516376472420284,44.8
28.66543196087842,44.8
28.815266564406134,44.9
28.965884355448516,45.0
29.11728942773738,45.0
29.26948589640251,45.0
29.42247789808359,45.0
29.57626959104251,45.0
29.730865155276486,45.0
29.88626879263161,45.0
30.04248472691713,45.0
30.19951720402016,45.0
30.357370492021133,45.0
30.516048881309793,45.0
30.675556684701824,45.0
30.835898237556027,45.0
30.99707789789224,45.0
31.15910004650967,45.0
31.321969087106055,45.0
31.485689446397288,45.0
31.650265574237824,45.0
31.815701943741516,45.0
31.98200305140326,45.0
32.14917341722119,45.0
32.31721758481955,45.0
32.486140121572134,45.0
32.655945618726484,45.0
32.82663869152868,45.0
32.99822397934869,45.0
33.170706145806605,45.0
33.34408987889928,45.0
33.51837989112781,45.0
33.69358091962557,45.0
33.86969772628702,45.0
34.04673509789711,45.0
34.224697846261364,45.0
34.40359080833668,45.0
34.58341884636283,45.1
34.764186847994516,45.2
34.94589972643436,45.2
35.12856242056629,45.3
35.312179895089876,45.3
35.496757140655234,45.3
35.68229917399868,45.3
35.86881103807908,45.3
36.05629780221492,45.3
36.24476456222205,45.3
36.434216440552284,45.3
36.6246585864325,45.3
36.81609617600466,45.3
37.00853441246656,45.3
37.2019785262131,45.3
37.39643377497855,45.3
37.591905443979435,45.3
37.788398846058186,45.3
37.985919321827524,45.3
38.184472239815605,45.3
38.384062996612016,45.3
38.584697017014335,45.3
38.786379754175634,45.3
38.98911668975273,45.3
39.1929133340551,45.3
39.39777522619469,45.3
39.60370793423646,45.3
39.810717055349734,45.3
40.0188082159603,45.3
40.227987071903335,45.3
40.43825930857721,45.3
40.64963064109788,45.3
40.8621068144543,45.3
41.075693603664625,45.3
41.29039681393302,45.3
41.506222280807584,45.3
41.72317587033889,45.3
41.94126347923944,45.3
42.16049103504393,45.3
42.38086449627034,45.3
42.60238985258197,45.3
42.825073124950116,45.3
43.04892036581776,45.3
43.27393765926414,45.3
43.500131121170035,45.3
43.727506899384,45.3
43.956071173889484,45.3
44.18583015697281,45.3
44.416790093392,45.3
44.648957260546474,45.3
44.88233796864779,45.3
45.116938560890986,45.3
45.35276541362708,45.3
45.58982493653644,45.3
45.82812357280281,45.3
46.067667799288614,45.3
46.308464126710895,45.3
46.55051909981832,45.3
46.793839297569036,45.3
47.03843133330949,45.3
47.28430185495417,45.3
47.531457545166376,45.3
47.77990512153967,45.3
48.02965133678067,45.3
48.28070297889241,45.3
48.53306687135893,45.3
48.78674987333074,45.3
49.041758879811184,45.3
49.298100821843896,45.3
49.55578266670119,45.3
49.81481141807335,45.3
50.07519411625915,45.3
50.336937838356974,45.3
50.60004969845742,45.3
50.86453684783644,45.3
51.13040647514984,45.3
51.39766580662862,45.3
51.66632210627541,45.3
51.93638267606184,45.3
52.20785485612707,45.3
52.48074602497726,45.3
52.75506359968615,45.3
53.030815036096584,45.3
53.308007829023246,45.3
53.58664951245627,45.3
53.866747659766084,45.3
54.148309883909214,45.3
54.431343837635225,45.3
54.7158572136947,45.3
55.00185774504835,45.3
55.28935320507712,45.3
55.57835140779364,45.3
55.86886020805435,45.3
56.160887501773274,45.3
56.45444122613637,45.3
56.74952935981742,45.3
57.04615992319485,45.3
57.34434097856969,45.3
57.64408063038476,45.3
57.94538702544487,45.3
58.24826835313831,45.3
58.552732845659456,45.3
58.85878877823242,45.3
59.166444469336014,45.3
59.475708280929936,45.3
59.786588618681876,45.3
60.0990939321961,45.3
60.41323271524305,45.3
60.72901350599024,45.3
61.046444887234294,45.3
61.365535486634215,45.3
61.686293976945976,45.3
62.008729076258064,45.3
62.332849548228545,45.3
62.658664202323344,45.3
62.98618189405547,45.3
63.315411525225876,45.3
63.64636204416533,45.3
63.979042445977655,45.3
64.31346177278421,45.3
64.64962911396958,45.3
64.98755360642885,45.3
65.32724443481563,45.3
65.66871083179183,45.4
66.01196207827876,45.4
66.35700750370908,45.4
66.7038564862806,45.4
67.05251845321108,45.4
67.40300288099445,45.4
67.75531929565844,45.4
68.1094772730234,45.4
68.46548643896274,45.4
68.82335646966433,45.4
69.18309709189363,45.4
69.54471808325809,45.4
69.90822927247277,45.4
70.27364053962762,45.4
70.6409618164559,45.4
71.01020308660422,45.4
71.38137438590384,45.4
71.75448580264342,45.4
72.12954747784322,45.4
72.50656960553087,45.4
72.88556243301818,45.4
73.26653626117992,45.4
73.64950144473359,45.4
74.03446839252094,45.4
74.42144756779092,45.4
74.810449488484,45.4
75.20148472751808,45.4
75.59456391307583,45.4
75.98969772889355,45.4
76.38689691455168,45.4
76.78617226576647,45.4
77.18753463468363,45.4
77.59099493017311,45.4
77.99656411812569,45.3
78.404253221751,45.3
78.8140733218772,45.3
79.226035557252,45.3
79.64015112484554,45.3
80.05643128015467,45.3
80.47488733750892,45.3
80.89553067037787,45.3
81.31837271168051,45.3
81.74342495409579,45.3
82.170698950375,45.3
82.60020631365589,45.3
83.03195871777821,45.3
83.46596789760103,45.3
83.90224564932171,45.3
84.34080383079642,45.3
84.78165436186265,45.3
85.22480922466286,45.3
85.67028046397054,45.3
86.11808018751721,45.3
86.56822056632171,45.3
87.020713835021,45.3
87.47557229220259,45.3
87.93280830073893,45.3
88.39243428812335,45.3
88.85446274680783,45.3
89.31890623454267,45.3
89.78577737471758,45.3
90.25508885670492,45.3
90.72685343620469,45.3
91.20108393559097,45.3
91.67779324426061,45.3
92.15699431898352,45.3
92.63870018425483,45.3
93.12292393264887,45.3
93.60967872517497,45.3
94.09897779163542,45.3
94.5908344309847,45.3
95.0852620116911,45.3
95.58227397210023,45.3
96.08188382079996,45.3
96.5841051369878,45.3
97.08895157083991,45.3
97.59643684388209,45.2
98.10657474936274,45.1
98.61937915262773,45.1
99.13486399149741,45.1
99.65304327664518,45.1
100.17393109197839,45.1
100.69754159502135,45.1
101.22388901729977,45.2
101.75298766472777,45.3
102.28485191799675,45.3
102.81949623296607,45.3
103.35693514105618,45.3
103.89718324964329,45.3
104.44025524245698,45.3
104.98616587997819,45.3
105.53492999984189,45.3
106.08656251723878,45.3
106.64107842532215,45.3
107.19849279561431,45.3
107.75882077841675,45.3
108.32207760322176,45.3
108.88827857912626,45.3
109.45743909524856,45.3
110.02957462114523,45.3
110.60470070723336,45.3
111.18283298521138,45.3
111.76398716848561,45.3
112.3481790525961,45.3
112.93542451564652,45.3
113.5257395187356,45.3
114.11914010639099,45.3
114.71564240700522,45.3
115.3152626332741,45.3
115.91801708263789,45.2
116.52392213772293,45.1
117.13299426678874,45.1
117.74525002417371,45.1
118.36070605074681,45.1
118.97937907435858,45.1
119.60128591029638,45.1
120.22644346174131,45.1
120.85486872022751,45.1
121.4865787661046,45.1
122.12159076900052,45.0
122.75992198829012,45.0
123.40158977356222,45.0
124.04661156509306,45.0
124.69500489431896,45.0
125.34678738431336,44.9
126.00197675026583,44.9
126.6605907999634,44.9
127.3226474342747,44.9
127.98816464763628,44.8
128.6571605285424,44.8
129.32965326003517,44.7
130.00566112020084,44.7
130.68520248266435,44.7
131.36829581709074,44.7
132.05495968968575,44.6
132.74521276370103,44.6
133.43907379994133,44.6
134.1365616572744,44.6
134.83769529314347,44.6
135.54249376408254,44.6
136.25097622623485,44.7
136.96316193587217,44.7
137.67907024992007,44.7
138.39872062648203,44.7
139.1221326253702,44.7
139.84932590863562,44.7
140.58032024110324,44.8
141.31513549090906,44.8
142.05379163003997,44.8
142.7963087348772,44.8
143.5427069867405,44.8
144.29300667243896,44.8
145.04722818481977,44.8
145.80539202332486,44.7
146.56751879454652,44.7
147.333629212788,44.7
148.1037441006266,44.7
148.87788438947953,44.7
149.65607112017267,44.7
150.43832544351253,44.7
151.2246686208618,44.6
152.01512202471548,44.6
152.80970713928414,44.6
153.6084455610754,44.6
154.41135899948313,44.6
155.218469277376,44.6
156.02979833169113,44.6
156.8453682140304,44.5
157.66520109125955,44.5
158.48931924611142,44.5
159.3177450777899,44.5
160.15050110258113,44.5
160.9876099544629,44.5
161.82909438572216,44.5
162.67497726757185,44.4
163.52528159077312,44.4
164.38003046626017,44.4
165.23924712576837,44.4
166.1029549224657,44.4
166.97117733158728,44.4
167.8439379510743,44.4
168.72126050221348,44.3
169.60316883028446,44.3
170.48968690520502,44.3
171.38083882218535,44.3
172.27664880238083,44.3
173.17714119355136,44.3
174.08234047072295,44.3
174.99227123685273,44.3
175.9069582234984,44.3
176.82642629148881,44.3
177.75070043160196,44.3
178.67980576524164,44.4
179.61376754512278,44.5
180.55261115595593,44.5
181.49636211513797,44.5
182.44504607344558,44.5
183.39868881573247,44.5
184.35731626163007,44.5
185.3209544662519,44.5
186.28962962090262,44.5
187.26336805378796,44.5
188.24219623073301,44.5
189.2261407558986,44.5
190.21522837250714,44.5
191.20948596356752,44.5
192.20894055260666,44.5
193.21361930440384,44.5
194.22354952572874,44.5
195.2387586660848,44.5
196.25927431845295,44.5
197.28512422004457,44.5
198.31633625305224,44.5
199.35293844541056,44.5
200.39495897155572,44.5
201.4424261531923,44.5
202.4953684600627,44.5
203.55381451072122,44.5
204.6177930733116,44.5
205.6873330663489,44.5
206.76246355950653,44.5
207.84321377440395,44.5
208.92961308540407,44.5
210.02169102040844,44.5
211.11947726166272,44.5
212.22300164656127,44.5
213.33229416845913,44.4
214.447384977487,44.3
215.5683043813707,44.3
216.69508284625502,44.3
217.8277509975314,44.3
218.9663396206716,44.3
220.1108796620618,44.3
221.26140222984722,44.3
222.41793859477394,44.3
223.5805201910423,44.3
224.74917861715863,44.3
225.9239456367954,44.3
227.10485317965416,44.3
228.29193334233327,44.3
229.48521838920135,44.3
230.68474075327168,44.2
231.89053303708724,44.2
233.102628013603,44.1
234.32105862708036,44.1
235.5458579939798,44.1
236.77705940386227,44.1
238.0146963202937,44.1
239.25880238175446,44.1
240.50941140255387,44.1
241.76655737374873,44.0
243.03027446406858,43.9
244.30059702084168,43.8
245.57755957093218,43.8
246.86119682167464,43.8
248.1515436618211,43.8
249.44863516248657,43.8
250.75250657810346,43.7
252.0631933473797,43.7
253.3807310942614,43.6
254.7051556289027,43.6
256.03650294863604,43.6
257.3748092389545,43.6
258.72011087449107,43.5
260.0724444200114,43.5
261.4318466314045,43.4
262.79835445668317,43.4
264.17200503698814,43.4
265.5528357075972,43.4
266.94088399894025,43.4
268.336187637619,43.3
269.7387845474336,43.3
271.1487128504106,43.3
272.56601086784315,43.3
273.9907171213279,43.3
275.4228703338166,43.3
276.86250943066517,43.2
278.30967354069315,43.1
279.764401997247,43.1
281.2267343392687,43.1
282.6967103123723,43.1
284.1743698699204,43.1
285.65975317411466,43.1
287.152900597083,43.1
288.6538527219809,43.0
290.16265034409145,42.9
291.67933447193553,42.9
293.203946328386,42.9
294.7365273517884,42.8
296.27711919708696,42.7
297.8257637369567,42.6
299.38250306294265,42.6
300.947379486601,42.6
302.52043554065347,42.6
304.1017139801383,42.5
305.69125778357716,42.4
307.2891101541398,42.4
308.8953145208197,42.4
310.5099145396145,42.4
312.1329540947119,42.4
313.76447729968413,42.3
315.40452849868336,42.2
317.0531522676519,42.2
318.71039341552853,42.2
320.3762969854716,42.2
322.05090825607795,42.2
323.7342727426186,42.1
325.4264361982722,42.0
327.1274446153702,42.0
328.83734422664674,42.0
330.55618150649445,42.0
332.28400317222986,42.0
334.02085618535915,41.9
335.76678775285944,41.9
337.52184532845695,41.9
339.28607661392135,41.9
341.0595295603587,41.9
342.84225236951676,41.9
344.63429349509414,41.9
346.4357016440579,41.9
348.24652577796684,41.9
350.06681511430224,41.9
351.8966191278073,41.9
353.7359875518278,41.9
355.5849703796693,41.9
357.44361786595016,41.9
359.3119805279728,41.9
361.1901091470929,41.9
363.0780547701014,41.9
364.9758687106112,41.9
366.8836025504522,41.9
368.80130814107446,41.9
370.72903760495365,41.9
372.66684333701346,41.9
374.6147780060434,41.8
376.57289455613636,41.7
378.54124620812286,41.6
380.5198864610201,41.6
382.50886909348526,41.5
384.5082481652772,41.5
386.51807801872604,41.5
388.53841328020957,41.5
390.56930886163985,41.5
392.6108199619517,41.5
394.6630020686084,41.4
396.7259109591041,41.3
398.7996027024853,41.2
400.8841336608706,41.2
402.9795604909844,41.2
405.0859401456969,41.2
407.20332987557106,41.1
409.331787230421,41.0
411.4713700608718,41.0
413.6221365199375,41.0
415.78414506459575,40.9
417.95745445738237,40.8
420.1421237679842,40.8
422.33821237484636,40.8
424.5457799667861,40.8
426.76488654461485,40.8
428.9955924227691,40.8
431.23795823094935,40.8
433.49204491576995,40.8
435.7579137424112,40.8
438.0356262962907,40.7
440.3252444847303,40.7
442.62683053864555,40.7
444.9404470142319,40.7
447.2661567946673,40.7
449.60402309182115,40.7
451.9541094479714,40.7
454.3164797375345,40.7
456.6911981687959,40.7
459.0783292856624,40.7
461.4779379694089,40.7
463.89008944044906,40.7
466.31484926010245,40.6
468.7522833323791,40.5
471.20245790577025,40.5
473.6654395750488,40.5
476.14129528307956,40.5
478.630092322638,40.5
481.1318983382419,40.5
483.6467813279844,40.5
486.1748096453894,40.4
488.7160520012619,40.3
491.27057746556244,40.2
493.8384554692794,40.1
496.4197558063182,40.0
499.01454863539806,39.9
501.6229044819588,39.8
504.24489424007766,39.8
506.88058917439554,39.8
509.53006092205686,39.8
512.1933814946506,39.8
514.8706232801756,39.7
517.5618590449992,39.7
520.2671619358439,39.7
522.9866054817683,39.7
525.7202635961694,39.6
528.4682105787901,39.6
531.230521117739,39.6
534.0072702915224,39.6
536.7985335710792,39.6
539.6043868218401,39.6
542.4249063057814,39.6
545.2601686835053,39.6
548.1102510163182,39.6
550.9752307683272,39.6
553.8551858085453,39.6
556.7501944130083,39.6
559.6603352669016,39.6
562.5856874666987,39.6
565.5263305223134,39.6
568.4823443592555,39.6
571.4538093208106,39.6
574.4408061702153,39.6
577.4434160928608,39.5
580.4617206984933,39.5
583.4958020234345,39.5
586.5457425328113,39.5
589.6116251227962,39.5
592.6935331228639,39.5
595.7915502980484,39.5
598.9057608512304,39.5
602.0362494254149,39.5
605.1831011060411,39.5
608.3464014232891,39.5
611.5262363544065,39.5
614.7226923260454,39.4
617.9358562166111,39.4
621.1658153586235,39.3
624.4126575410903,39.3
627.6764710118958,39.3
630.957344480193,39.3
634.2553671188238,39.2
637.5706285667327,39.2
640.9032189314127,39.1
644.2532287913472,39.1
647.6207491984753,39.0
651.0058716806659,39.0
654.4086882442045,38.9
657.8292913762976,38.9
661.2677740475787,38.8
664.7242297146454,38.8
668.1987523225889,38.7
671.6914363075575,38.7
675.2023765993158,38.7
678.7316686238282,38.6
682.2794083058518,38.6
685.8456920715438,38.6
689.4306168510824,38.5
693.0342800813003,38.5
696.6567797083366,38.5
700.2982141902914,38.5
703.9586824999124,38.4
707.6382841272731,38.4
711.3371190824884,38.4
715.0552878984242,38.4
718.7928916334344,38.4
722.5500318741055,38.4
726.3268107380181,38.4
730.123330876526,38.4
733.9396954775374,38.4
737.7760082683312,38.4
741.6323735183645,38.4
745.508896042117,38.4
749.4056812019327,38.4
753.3228349108862,38.4
757.2604636356614,38.4
761.2186743994453,38.4
765.1975747848361,38.4
769.1972729367671,38.4
773.2178775654501,38.4
777.2594979493206,38.4
781.3222439380205,38.4
785.406225955371,38.4
789.5115550023859,38.4
793.6383426602791,38.4
797.7867010935024,38.4
801.9567430527921,38.4
806.1485818782347,38.4
810.3623315023465,38.4
814.59810645317,38.4
818.8560218573906,38.4
823.1361934434566,38.4
827.4387375447371,38.4
831.7637711026708,38.4
836.1114116699566,38.4
840.4817774137397,38.4
844.8749871188272,38.4
849.2911601909162,38.4
853.7304166598383,38.4
858.1928771828257,38.4
862.6786630477819,38.4
867.1878961765907,38.4
871.7206991284164,38.4
876.2771951030477,38.4
880.8575079442367,38.4
885.4617621430697,38.4
890.0900828413493,38.4
894.742595834996,38.4
899.4194275774676,38.4
904.1207051831946,38.4
908.8465564310401,38.4
913.5971097677627,38.4
918.3724943115215,38.4
923.1728398553701,38.4
927.998276870799,38.4
932.8489365112713,38.3
937.7249506157918,38.2
942.6264517124897,38.2
947.5535730222193,38.2
952.5064484621864,38.2
957.4852126495767,38.2
962.4900009052299,38.2
967.5209492573013,38.2
972.5781944449744,38.2
977.6618739221665,38.2
982.772125861269,38.2
987.9090891569025,38.2
993.0729034296917,38.2
998.26370903006,38.1
1003.4816470420445,38.1
1008.7268592871307,38.1
1013.9994883281055,38.1
1019.2996774729368,38.1
1024.627570778662,38.1
1029.9833130553077,38.1
1035.3670498698243,38.1
1040.778927550043,38.0
1046.219093188652,38.0
1051.687694647196,38.0
1057.1848805600926,38.0
1062.7108003386745,38.0
1068.2656041752484,38.0
1073.849443047181,38.0
1079.4624687209969,38.0
1085.104833756507,37.9
1090.7766915109553,37.9
1096.4781961431852,37.9
1102.2095026178308,37.9
1107.9707667095288,37.9
1113.7621450071517,37.9
1119.5837949180645,37.9
1125.4358746724013,37.8
1131.3185433273702,37.8
1137.231960771571,37.7
1143.1762877293438,37.7
1149.1516857651375,37.6
1155.1583172879002,37.5
1161.1963455554942,37.4
1167.2659346791324,37.3
1173.3672496278396,37.2
1179.5004562329357,37.1
1185.6657211925422,37.1
1191.8632120761172,37.0
1198.0930973290035,37.0
1204.355546277011,36.9
1210.650729131018,36.9
1216.9788169915967,36.9
1223.3399818536654,36.9
1229.7343966111616,36.9
1236.162235061742,36.8
1242.6236719115057,36.8
1249.1188827797416,36.7
1255.6480442037073,36.6
1262.2113336434193,36.6
1268.8089294864806,36.5
1275.4410110529293,36.5
1282.1077586001115,36.5
1288.8093533275808,36.5
1295.5459773820237,36.4
1302.3178138622095,36.3
1309.1250468239675,36.2
1315.967861285188,36.1
1322.8464432308563,36.1
1329.7609796180998,36.0
1336.7116583812742,35.9
1343.6986684370715,35.9
1350.7221996896535,35.8
1357.782443035813,35.8
1364.879590370164,35.7
1372.0138345903551,35.7
1379.1853696023147,35.6
1386.3943903255179,35.6
1393.6410926982915,35.5
1400.9256736831292,35.5
1408.248331272053,35.4
1415.6092644919916,35.3
1423.0086734101894,35.2
1430.4467591396458,35.1
1437.9237238445805,35.0
1445.439770745928,35.0
1452.9951041268616,35.0
1460.589929338344,34.9
1468.224452804715,34.8
1475.898882029292,34.8
1483.6134256000173,34.8
1491.3682931951248,34.8
1499.1636955888393,34.8
1506.999844657106,34.7
1514.8769533833477,34.6
1522.7952358642551,34.6
1530.754907315605,34.6
1538.7561840781082,34.6
1546.799283623296,34.6
1554.8844245594228,34.6
1563.0118266374113,34.6
1571.181710756826,34.6
1579.3942989718767,34.6
1587.649814497453,34.6
1595.9484817151922,34.5
1604.2905261795772,34.5
1612.6761746240677,34.5
1621.1056549672617,34.5
1629.5791963190893,34.5
1638.097028987047,34.5
1646.6593844824454,34.5
1655.266495526711,34.5
1663.9185960577072,34.5
1672.6159212360947,34.5
1681.3587074517213,34.4
1690.1471923300487,34.3
1698.9816147386093,34.3
1707.8622147934998,34.3
1716.789233865905,34.3
1725.7629145886658,34.3
1734.7835008628629,34.3
1743.8512378644525,34.3
1752.9663720509295,34.2
1762.1291511680254,34.2
1771.3398242564415,34.1
1780.598641658619,34.1
1789.9058550255418,34.0
1799.2617173235774,33.9
1808.6664828413498,33.8
1818.1204071966588,33.8
1827.6237473434162,33.8
1837.1767615786375,33.8
1846.7797095494598,33.7
1856.4328522602,33.6
1866.1364520794475,33.6
1875.8907727471963,33.6
1885.6960793820124,33.6
1895.552638488241,33.5
1905.4607179632462,33.4
1915.4205871047022,33.4
1925.4325166178992,33.4
1935.4967786231095,33.4
1945.6136466629825,33.4
1955.783395709978,33.4
1966.006302173841,33.4
1976.282643909114,33.4
1986.6127002226892,33.3
1996.996751881399,33.3
2007.4350811196462,33.3
2017.927971647083,33.3
2028.4757086563097,33.3
2039.078578830634,33.3
2049.736870351861,33.3
2060.4508729081267,33.3
2071.22087770177,33.3
2082.0471774572497,33.2
2092.9300664290977,33.2
2103.8698404099196,33.1
2114.8667967384304,33.1
2125.9212343075446,33.1
2137.0334535724887,33.1
2148.2037565589744,33.1
2159.4324468714053,33.1
2170.71982970113,33.1
2182.0662118347364,33.0
2193.4719016623894,32.9
2204.937209186215,32.9
2216.4624460287228,32.9
2228.0479254412767,32.9
2239.6939623126154,32.9
2251.4008731773993,32.8
2263.168976224821,32.7
2274.9985913072546,32.5
2286.890039948944,32.5
2298.843645354747,32.4
2310.8597324189163,32.4
2322.9386277339318,32.3
2335.0806595993763,32.2
2347.2861580308577,32.2
2359.5554547689862,32.2
2371.8888832883777,32.2
2384.2867788067265,32.2
2396.7494782939148,32.1
2409.2773204811715,32.0
2421.8706458702773,31.8
2434.5297967428205,31.7
2447.2551171695004,31.7
2460.0469530194778,31.7
2472.905651969775,31.7
2485.8315635147337,31.7
2498.825038975499,31.7
2511.88643150958,31.7
2525.0160961204438,31.7
2538.2143896671673,31.7
2551.481670874133,31.7
2564.8183003407817,31.7
2578.224640551411,31.7
2591.7010558850307,31.7
2605.247912625263,31.7
2618.8655789702975,31.6
2632.5544250429093,31.6
2646.314822900502,31.5
2660.14714654523,31.5
2674.051771934164,31.5
2688.029076989506,31.4
2702.079441608862,31.4
2716.20324767557,31.3
2730.400879069075,31.2
2744.6727216753675,31.1
2759.0191633974646,31.0
2773.440594165967,30.9
2787.9374059496395,30.8
2802.509992766076,30.8
2817.1587506924047,30.7
2831.8840778760564,30.6
2846.686374545581,30.5
2861.5660430215316,30.5
2876.5234877273942,30.6
2891.5591152005823,30.9
2906.6733341034837,31.2
2921.8665552345788,31.4
2937.139191539587,31.6
2952.4916581227058,31.7
2967.9243722578863,31.8
2983.4377534001765,31.9
2999.0322231971227,31.9
3014.7082055002275,32.0
3030.466126376471,32.1
3046.306414119893,32.1
3062.229499263226,32.2
3078.2358145896155,32.3
3094.325795144359,32.3
3110.4998782467446,32.4
3126.7585035019356,32.4
3143.1021128129173,32.4
3159.5311503925072,32.4
3176.0460627754296,32.4
3192.6472988304513,32.3
3209.335309772584,32.2
3226.1105491753406,32.2
3242.973472983081,32.2
3259.924539523382,32.2
3276.9642095195077,32.1
3294.0929461029286,32.1
3311.311214825911,32.0
3328.6194836741684,32.0
3346.018223079582,31.9
3363.507905932988,31.9
3381.089007597027,31.9
3398.762005919066,31.9
3416.527381244194,31.8
3434.385616428264,31.8
3452.337196851022,31.7
3470.382610429304,31.7
3488.5223476302926,31.6
3506.7569014848486,31.4
3525.0867676009134,31.2
3543.512444176976,31.0
3562.034432015617,31.0
3580.6532345371147,30.9
3599.369357793143,30.8
3618.1833104805046,30.7
3637.095603954969,30.5
3656.1067522451726,30.4
3675.2172720665826,30.3
3694.4276828355482,30.2
3713.738506683413,30.1
3733.1502684707093,29.8
3752.6634958014215,29.5
3772.2787190373247,29.3
3791.9964713124127,29.2
3811.817288547367,29.1
3831.7417094641373,28.9
3851.7702756005806,28.6
3871.9035313251793,28.2
3892.1420238518376,28.0
3912.4863032547537,27.8
3932.936922483372,27.6
3953.4944373774106,27.4
3974.1594066819653,27.2
3994.9323920627126,27.0
4015.8139581211503,26.5
4036.8046724099613,26.1
4057.9051054484326,25.8
4079.115830737964,25.4
4100.437424777656,25.0
4121.870467079975,24.7
4143.41554018651,24.5
4165.0732296838005,24.4
4186.844124219257,24.3
4208.728815517151,24.2
4230.72789839472,24.1
4252.841970778305,24.0
4275.071633719623,23.9
4297.417491412092,23.8
4319.880151207261,23.7
4342.460223631314,23.6
4365.158322401661,23.5
4387.975064443623,23.4
4410.911069907196,23.3
4433.9669621839075,23.2
4457.1433679237725,23.2
4480.4409170523,23.3
4503.860242787635,23.4
4527.40198165776,23.4
4551.0667735177985,23.4
4574.855261567406,23.3
4598.768092368251,23.3
4622.80591586159,23.3
4646.969385385929,23.2
4671.25915769478,23.0
4695.675892974527,22.7
4720.220254862348,22.5
4744.892910464259,22.4
4769.694530373255,22.8
4794.625788687525,23.5
4819.68736302878,23.8
4844.87993456067,24.1
4870.204188007296,24.4
4895.660811671819,24.7
4921.250497455168,25.3
4946.973940874864,25.6
4972.8318410838865,25.7
4998.824900889706,25.7
5024.953826773381,25.8
5051.219328908747,25.8
5077.622121181736,25.8
5104.162921209768,25.8
5130.842450361258,25.7
5157.661433775227,25.7
5184.620600380999,25.6
5211.720682918039,25.5
5238.962417955835,25.5
5266.346545913939,25.5
5293.873811082085,25.5
5321.544961640422,25.5
5349.360749679845,25.1
5377.321931222439,24.6
5405.429266242027,24.5
5433.683518684824,24.4
5462.085456490198,24.3
5490.635851611563,24.1
5519.335480037329,24.0
5548.185121812011,23.9
5577.185561057427,23.8
5606.337585994012,23.7
5635.641988962242,23.7
5665.0995664441625,23.8
5694.7111190850455,23.8
5724.477451715144,23.9
5754.399373371566,23.9
5784.477697320285,24.0
5814.713241078208,24.0
5845.10682643542,24.1
5875.659279477514,24.1
5906.371430608045,24.2
5937.244114571097,24.2
5968.278170473975,24.3
5999.4744418100045,24.3
6030.833776481469,24.4
6062.357026822636,24.4
6094.045049622959,24.5
6125.898706150321,24.5
6157.918862174471,24.7
6190.106387990547,25.0
6222.462158442733,25.2
6254.987052948034,25.3
6287.681955520183,25.5
6320.547754793659,25.6
6353.585344047851,25.7
6386.795621231329,25.9
6420.179488986247,26.1
6453.7378546729,26.2
6487.471630394349,26.4
6521.381733021235,26.7
6555.469084216698,26.9
6589.734610461422,27.0
6624.179243078815,27.2
6658.80391826033,27.5
6693.609577090902,28.3
6728.597165574533,29.1
6763.767634659991,29.4
6799.1219402666875,29.7
6834.661043310619,30.0
6870.385909730507,30.6
6906.297510514049,31.0
6942.39682172431,31.2
6978.684824526248,31.4
7015.162505213385,31.5
7051.830855234612,31.6
7088.690871221135,31.7
7125.7435550135615,31.8
7162.989913689153,31.9
7200.430959589155,31.8
7238.067710346342,31.8
7275.901188912673,31.7
7313.932423587085,31.6
7352.162448043451,31.5
7390.59230135867,31.4
7429.22302804091,31.2
7468.055678057999,30.6
7507.091306865953,30.0
7546.330975437692,29.7
7585.775750291836,29.5
7625.426703521717,29.3
7665.284912824515,29.1
7705.351461530549,28.7
7745.627438632719,28.7
7786.113938816104,29.3
7826.81206248772,29.9
7867.722915806424,30.3
7908.847610712972,32.3
7950.187264960275,34.4
7991.743002143727,34.9
8033.515951731782,35.2
8075.507249096639,35.4
8117.718035545101,35.5
8160.149458349601,35.6
8202.80267077938,35.8
8245.67883213183,35.9
8288.77910776401,36.0
8332.104669124305,36.0
8375.656693784302,36.0
8419.436365470749,36.0
8463.444874097753,36.0
8507.683415799123,36.0
8552.153192960874,35.9
8596.855414253905,35.7
8641.791294666864,35.6
8686.962055539152,35.5
8732.36892459413,35.4
8778.01313597248,35.3
8823.895930265779,35.2
8870.018554550163,35.0
8916.382262420266,34.8
8962.988314023276,34.6
9009.83797609319,34.5
9056.932521985234,34.4
9104.273231710486,34.4
9151.861391970657,34.3
9199.698296193066,34.2
9247.785244565785,34.1
9296.12354407301,34.0
9344.714508530542,33.8
9393.559458621517,33.2
9442.659721932305,32.4
9492.016632988581,32.0
9541.631533291613,30.8
9591.505771354708,30.2
9641.64070273987,30.1
9692.037690094652,29.4
9742.698103189163,28.0
9793.623318953358,26.1
9844.814721514387,24.5
9896.27370223427,24.0
9948.001659747684,23.1
10000.0,22.1
10052.270136285486,21.4
10104.813489285681,20.9
10157.6314871081,19.6
10210.725565324987,18.1
10264.09716701231,17.2
10317.747742788988,16.5
10371.678750856474,15.9
10425.891657038128,15.4
10480.387934819217,13.9
10535.16906538697,12.6
10590.236537670813,13.4
10645.591848382772,14.3
10701.236502058211,14.5
10757.172011096769,14.6
10813.399895803414,14.5
10869.921684429703,14.5
10926.73891321545,14.4
10983.85312643042,14.4
11041.265876416248,14.5
11098.978723628681,14.6
11156.993236680037,14.7
11215.310992381786,14.8
11273.933575787378,14.9
11332.862580235347,14.9
11392.099607392682,15.0
11451.646267298307,14.9
11511.504178406769,14.6
11571.674967632372,13.2
11632.16027039332,12.2
11692.961730656129,12.2
11754.08100098034,12.1
11815.519742563505,11.9
11877.27962528627,11.7
11939.362327757724,11.4
12001.76953736107,11.2
12064.50295029953,11.0
12127.56427164241,10.7
12190.95521537136,10.5
12254.677504427105,9.0
12318.732870756214,7.6
12383.123055358106,7.4
12447.849808332432,7.2
12512.914888926687,8.1
12578.320065583976,9.5
12644.067115991029,9.8
12710.157827126544,10.2
12776.593995309939,10.7
12843.377426249857,11.2
12910.50993509343,12.1
12977.99334647565,13.7
13045.829494568892,14.7
13114.020223132724,15.0
13182.567385564074,15.3
13251.472844947652,15.8
13320.738474106534,16.9
13390.366155652993,19.3
13460.35778203982,21.0
13530.715255611682,21.3
13601.440488656775,22.0
13672.535403458849,22.7
13744.001932349513,23.1
13815.842017760702,23.3
13888.057612277411,24.3
13960.650678690825,25.3
14033.62319005172,25.5
14106.977129724035,25.4
14180.714491438697,25.4
14254.837279347976,25.6
14329.347508079869,25.8
14404.247202792812,26.0
14479.538399230763,26.2
14555.223143778607,26.4
14631.303493517702,26.5
14707.78151628175,26.5
14784.65929071304,26.5
14861.938906319014,26.4
14939.622463529,26.3
15017.712073751207,26.2
15096.209859430292,25.9
15175.117954104964,25.6
15254.438502465904,24.9
15334.173660414117,24.1
15414.325595119602,23.6
15494.896485080177,23.2
15575.88852018064,21.9
15657.303901752315,20.7
15739.1448426331,20.5
15821.413567227246,20.8
15904.112311566014,21.1
15987.243323368504,21.4
16070.808862102673,21.5
16154.811199046684,21.5
16239.252617350698,21.5
16324.135412099,21.4
16409.461890372313,21.3
16495.23437131044,21.3
16581.455186175313,21.3
16668.12667841462,21.3
16755.251203725067,21.3
