10.0,44.0
10.052270136285475,44.2
10.104813489285682,44.3
10.157631487108103,44.4
10.210725565324982,44.4
10.264097167012295,44.5
10.317747742789004,44.6
10.371678750856479,44.7
10.425891657038118,44.9
10.480387934819216,45.0
10.535169065386981,45.1
10.590236537670812,45.2
10.64559184838276,45.3
10.701236502058206,45.4
10.757172011096776,45.6
10.813399895803409,45.7
10.869921684429707,45.8
10.926738913215466,45.9
10.98385312643042,46.0
11.041265876416237,46.1
11.098978723628681,46.2
11.156993236680048,46.3
11.215310992381788,46.4
11.27393357578736,46.6
11.332862580235341,46.8
11.392099607392687,46.9
11.451646267298301,46.9
11.511504178406776,47.0
11.571674967632385,47.0
11.632160270393321,47.1
11.692961730656117,47.3
11.75408100098034,47.4
11.815519742563518,47.5
11.87727962528627,47.6
11.939362327757706,47.7
12.001769537361062,47.9
12.064502950299536,48.0
12.127564271642404,48.1
12.190955215371359,48.2
12.254677504427118,48.3
12.318732870756214,48.4
12.383123055358094,48.4
12.447849808332432,48.5
12.5129148889267,48.6
12.578320065583968,48.7
12.644067115991009,48.8
12.710157827126565,48.9
12.776593995309947,49.0
12.843377426249843,49.2
12.910509935093431,49.4
12.977993346475664,49.6
13.045829494568892,49.7
13.11402022313271,49.7
13.182567385564074,49.7
13.251472844947658,49.8
13.320738474106527,49.8
13.390366155653,49.8
13.460357782039841,50.0
13.530715255611682,50.1
13.601440488656761,50.3
13.672535403458848,50.4
13.744001932349526,50.5
13.815842017760701,50.6
13.888057612277397,50.6
13.960650678690818,50.7
14.033623190051728,50.8
14.10697712972403,50.9
14.180714491438705,51.0
14.25483727934799,51.1
14.32934750807987,51.2
14.404247202792797,51.4
14.479538399230764,51.6
14.55522314377862,51.7
14.631303493517702,51.8
14.707781516281727,51.8
14.784659290713032,51.9
14.861938906319022,52.0
14.939622463528993,52.0
15.017712073751214,52.1
15.096209859430308,52.2
15.175117954104964,52.3
15.254438502465888,52.4
15.334173660414118,52.5
15.414325595119617,52.5
15.494896485080169,52.6
15.575888520180618,52.7
15.65730390175234,52.8
15.73914484263311,52.9
15.821413567227237,53.0
15.904112311566013,53.1
15.98724332336852,53.1
16.070808862102673,53.2
16.154811199046666,53.2
16.239252617350697,53.3
16.324135412099007,53.5
16.409461890372306,53.6
16.495234371310413,53.6
16.58145518617534,53.7
16.668126678414627,53.7
16.755251203725052,53.8
16.84283113011666,53.9
16.930868837977105,54.1
17.01936672013636,54.2
17.108327181931763,54.3
17.197752641273365,54.3
17.28764552870969,54.4
17.378008287493753,54.4
17.4688433736495,54.5
17.560153256038525,54.5
17.651940416427212,54.5
17.744207349554188,54.5
17.836956563198083,54.6
17.93019057824573,54.6
18.023911928760675,54.7
18.118123162052047,54.7
18.21282683874379,54.8
18.30802553284428,54.8
18.403721831816252,54.9
18.499918336647156,54.9
18.59661766191982,55.0
18.69382243588356,55.0
18.791535300525574,55.0
18.889758911642755,55.1
18.98849593891389,55.2
19.08774906597221,55.2
19.187520990478333,55.2
19.287814424193606,55.2
19.388632093053765,55.2
19.48997673724305,55.3
19.591851111268685,55.4
19.69425798403576,55.5
19.79720013892245,55.5
19.90068037385568,55.5
20.004701501387192,55.5
20.109266348769967,55.5
20.214377758035074,55.5
20.320038586068932,55.6
20.426251704690927,55.7
20.533020000731486,55.7
20.64034637611054,55.7
20.748233747916412,55.7
20.856685048485062,55.7
20.965703225479817,55.7
21.075291241971485,55.7
21.185452076518878,55.7
21.296188723249774,55.7
21.407504191942323,55.7
21.519401508106792,55.7
21.631883713067854,55.7
21.744953864047204,55.7
21.858615034246718,55.7
21.972870312931903,55.7
22.087722805515906,55.6
22.203175633643916,55.5
22.319231935278008,55.5
22.435894864782412,55.5
22.553167593009288,55.5
22.671053307384867,55.5
22.789555211996095,55.5
22.908676527677724,55.5
23.028420492099883,55.5
23.148790359856015,55.5
23.26978940255137,55.5
23.391420908891938,55.5
23.51368818477381,55.5
23.63659455337303,55.5
23.760143355235964,55.5
23.884337948370025,55.5
24.009181708334992,55.4
24.134678028334722,55.3
24.260830319309434,55.2
24.387642010028344,55.2
24.515116547182902,55.2
24.64325739548046,55.1
24.772068037738443,55.1
24.901551974979007,55.0
25.031712726524198,54.9
25.162553830091625,54.9
25.294078841890578,54.8
25.426291336718684,54.8
25.559194908059133,54.8
25.692793168178262,54.8
25.827089748223784,54.8
25.96208829832347,54.8
26.097792487684362,54.8
26.234206004692496,54.7
26.371332557013133,54.7
26.5091758716916,54.6
26.647739695254497,54.6
26.787027793811582,54.5
26.9270439531581,54.4
27.06779197887776,54.4
27.209275696446046,54.3
27.351498951334275,54.3
27.494465609114105,54.3
27.638179555562576,54.3
27.782644696767733,54.2
27.92786495923483,54.1
28.07384428999299,54.0
28.220586656702505,54.0
28.368096047762684,54.0
28.516376472420284,54.0
28.66543196087842,53.9
28.815266564406134,53.8
28.965884355448516,53.8
29.11728942773738,53.7
29.26948589640251,53.7
29.42247789808359,53.6
29.57626959104251,53.6
29.730865155276486,53.5
29.88626879263161,53.4
30.04248472691713,53.4
30.19951720402016,53.4
30.357370492021133,53.3
30.516048881309793,53.3
30.675556684701824,53.3
30.835898237556027,53.2
30.99707789789224,53.1
31.15910004650967,53.1
31.321969087106055,53.1
31.485689446397288,53.1
31.650265574237824,53.1
31.815701943741516,53.1
31.98200305140326,53.0
32.14917341722119,52.9
32.31721758481955,52.8
32.486140121572134,52.7
32.655945618726484,52.7
32.82663869152868,52.6
32.99822397934869,52.6
33.170706145806605,52.6
33.34408987889928,52.5
33.51837989112781,52.5
33.69358091962557,52.4
33.86969772628702,52.4
34.04673509789711,52.3
34.224697846261364,52.2
34.40359080833668,52.2
34.58341884636283,52.2
34.764186847994516,52.2
34.94589972643436,52.2
35.12856242056629,52.1
35.312179895089876,52.1
35.496757140655234,52.0
35.68229917399868,52.0
35.86881103807908,51.9
36.05629780221492,51.9
36.24476456222205,51.9
36.434216440552284,51.8
36.6246585864325,51.8
36.81609617600466,51.7
37.00853441246656,51.7
37.2019785262131,51.7
37.39643377497855,51.7
37.591905443979435,51.6
37.788398846058186,51.5
37.985919321827524,51.4
38.184472239815605,51.3
38.384062996612016,51.3
38.584697017014335,51.2
38.786379754175634,51.2
38.98911668975273,51.2
39.1929133340551,51.2
39.39777522619469,51.2
39.60370793423646,51.2
39.810717055349734,51.1
40.0188082159603,51.0
40.227987071903335,51.0
40.43825930857721,51.0
40.64963064109788,51.0
40.8621068144543,50.9
41.075693603664625,50.9
41.29039681393302,50.9
41.506222280807584,50.8
41.72317587033889,50.7
41.94126347923944,50.7
42.16049103504393,50.7
42.38086449627034,50.7
42.60238985258197,50.7
42.825073124950116,50.7
43.04892036581776,50.6
43.27393765926414,50.5
43.500131121170035,50.5
43.727506899384,50.5
43.956071173889484,50.5
44.18583015697281,50.4
44.416790093392,50.3
44.648957260546474,50.2
44.88233796864779,50.2
45.116938560890986,50.2
45.35276541362708,50.1
45.58982493653644,50.1
45.82812357280281,50.0
46.067667799288614,50.0
46.308464126710895,50.0
46.55051909981832,50.0
46.793839297569036,49.9
47.03843133330949,49.8
47.28430185495417,49.8
47.531457545166376,49.8
47.77990512153967,49.8
48.02965133678067,49.8
48.28070297889241,49.7
48.53306687135893,49.7
48.78674987333074,49.7
49.041758879811184,49.7
49.298100821843896,49.7
49.55578266670119,49.7
49.81481141807335,49.7
50.07519411625915,49.6
50.336937838356974,49.5
50.60004969845742,49.5
50.86453684783644,49.5
51.13040647514984,49.5
51.39766580662862,49.5
51.66632210627541,49.4
51.93638267606184,49.3
52.20785485612707,49.3
52.48074602497726,49.2
52.75506359968615,49.1
53.030815036096584,49.0
53.308007829023246,49.0
53.58664951245627,49.0
53.866747659766084,49.0
54.148309883909214,48.9
54.431343837635225,48.8
54.7158572136947,48.8
55.00185774504835,48.8
55.28935320507712,48.8
55.57835140779364,48.8
55.86886020805435,48.7
56.160887501773274,48.6
56.45444122613637,48.6
56.74952935981742,48.6
57.04615992319485,48.6
57.34434097856969,48.6
57.64408063038476,48.6
57.94538702544487,48.5
58.24826835313831,48.4
58.552732845659456,48.4
58.85878877823242,48.4
59.166444469336014,48.4
59.475708280929936,48.4
59.786588618681876,48.3
60.0990939321961,48.3
60.41323271524305,48.3
60.72901350599024,48.3
61.046444887234294,48.3
61.365535486634215,48.2
61.686293976945976,48.2
62.008729076258064,48.1
62.332849548228545,48.0
62.658664202323344,47.9
62.98618189405547,47.9
63.315411525225876,47.9
63.64636204416533,47.9
63.979042445977655,47.9
64.31346177278421,47.8
64.64962911396958,47.7
64.98755360642885,47.6
65.32724443481563,47.6
65.66871083179183,47.6
66.01196207827876,47.5
66.35700750370908,47.5
66.7038564862806,47.4
67.05251845321108,47.4
67.40300288099445,47.4
67.75531929565844,47.4
68.1094772730234,47.4
68.46548643896274,47.3
68.82335646966433,47.2
69.18309709189363,47.2
69.54471808325809,47.1
69.90822927247277,47.1
70.27364053962762,47.1
70.6409618164559,47.1
71.01020308660422,47.1
71.38137438590384,47.0
71.75448580264342,47.0
72.12954747784322,46.9
72.50656960553087,46.9
72.88556243301818,46.8
73.26653626117992,46.7
73.64950144473359,46.7
74.03446839252094,46.7
74.42144756779092,46.7
74.810449488484,46.7
75.20148472751808,46.7
75.59456391307583,46.7
75.98969772889355,46.6
76.38689691455168,46.5
76.78617226576647,46.3
77.18753463468363,46.3
77.59099493017311,46.2
77.99656411812569,46.2
78.404253221751,46.1
78.8140733218772,46.0
79.226035557252,46.0
79.64015112484554,46.0
80.05643128015467,46.0
80.47488733750892,46.0
80.89553067037787,45.9
81.31837271168051,45.9
81.74342495409579,45.8
82.170698950375,45.8
82.60020631365589,45.7
83.03195871777821,45.7
83.46596789760103,45.7
83.90224564932171,45.7
84.34080383079642,45.7
84.78165436186265,45.7
85.22480922466286,45.6
85.67028046397054,45.5
86.11808018751721,45.5
86.56822056632171,45.4
87.020713835021,45.4
87.47557229220259,45.3
87.93280830073893,45.3
88.39243428812335,45.2
88.85446274680783,45.1
89.31890623454267,45.0
89.78577737471758,45.0
90.25508885670492,45.0
90.72685343620469,44.9
91.20108393559097,44.9
91.67779324426061,44.8
92.15699431898352,44.8
92.63870018425483,44.7
93.12292393264887,44.7
93.60967872517497,44.7
94.09897779163542,44.7
94.5908344309847,44.7
95.0852620116911,44.7
95.58227397210023,44.6
96.08188382079996,44.5
96.5841051369878,44.4
97.08895157083991,44.4
97.59643684388209,44.3
98.10657474936274,44.3
98.61937915262773,44.3
99.13486399149741,44.3
99.65304327664518,44.3
100.17393109197839,44.2
100.69754159502135,44.1
101.22388901729977,44.0
101.75298766472777,44.0
102.28485191799675,44.0
102.81949623296607,43.9
103.35693514105618,43.9
103.89718324964329,43.8
104.44025524245698,43.8
104.98616587997819,43.7
105.53492999984189,43.6
106.08656251723878,43.6
106.64107842532215,43.6
107.19849279561431,43.6
107.75882077841675,43.6
108.32207760322176,43.6
108.88827857912626,43.5
109.45743909524856,43.4
110.02957462114523,43.4
110.60470070723336,43.4
111.18283298521138,43.3
111.76398716848561,43.3
112.3481790525961,43.2
112.93542451564652,43.2
113.5257395187356,43.1
114.11914010639099,43.1
114.71564240700522,43.1
115.3152626332741,43.1
115.91801708263789,43.0
116.52392213772293,43.0
117.13299426678874,42.9
117.74525002417371,42.9
118.36070605074681,42.9
118.97937907435858,42.9
119.60128591029638,42.8
120.22644346174131,42.7
120.85486872022751,42.6
121.4865787661046,42.5
122.12159076900052,42.5
122.75992198829012,42.4
123.40158977356222,42.4
124.04661156509306,42.4
124.69500489431896,42.4
125.34678738431336,42.4
126.00197675026583,42.4
126.6605907999634,42.4
127.3226474342747,42.4
127.98816464763628,42.3
128.6571605285424,42.2
129.32965326003517,42.2
130.00566112020084,42.1
130.68520248266435,42.1
131.36829581709074,42.1
132.05495968968575,42.1
132.74521276370103,42.1
133.43907379994133,42.0
134.1365616572744,41.9
134.83769529314347,41.9
135.54249376408254,41.9
136.25097622623485,41.9
136.96316193587217,41.9
137.67907024992007,41.9
138.39872062648203,41.9
139.1221326253702,41.9
139.84932590863562,41.9
140.58032024110324,41.8
141.31513549090906,41.7
142.05379163003997,41.7
142.7963087348772,41.7
143.5427069867405,41.7
144.29300667243896,41.7
145.04722818481977,41.6
145.80539202332486,41.5
146.56751879454652,41.4
147.333629212788,41.4
148.1037441006266,41.4
148.87788438947953,41.4
149.65607112017267,41.4
150.43832544351253,41.4
151.2246686208618,41.4
152.01512202471548,41.4
152.80970713928414,41.4
153.6084455610754,41.4
154.41135899948313,41.3
155.218469277376,41.2
156.02979833169113,41.2
156.8453682140304,41.2
157.66520109125955,41.2
158.48931924611142,41.2
159.3177450777899,41.2
160.15050110258113,41.2
160.9876099544629,41.2
161.82909438572216,41.2
162.67497726757185,41.1
163.52528159077312,41.0
164.38003046626017,41.0
165.23924712576837,41.0
166.1029549224657,41.0
166.97117733158728,41.0
167.8439379510743,41.0
168.72126050221348,41.0
169.60316883028446,41.0
170.48968690520502,41.0
171.38083882218535,40.9
172.27664880238083,40.9
173.17714119355136,40.9
174.08234047072295,40.9
174.99227123685273,40.9
175.9069582234984,40.9
176.82642629148881,40.8
177.75070043160196,40.7
178.67980576524164,40.7
179.61376754512278,40.7
180.55261115595593,40.7
181.49636211513797,40.7
182.44504607344558,40.7
183.39868881573247,40.7
184.35731626163007,40.7
185.3209544662519,40.7
186.28962962090262,40.7
187.26336805378796,40.7
188.24219623073301,40.6
189.2261407558986,40.5
190.21522837250714,40.5
191.20948596356752,40.5
192.20894055260666,40.5
193.21361930440384,40.5
194.22354952572874,40.5
195.2387586660848,40.4
196.25927431845295,40.3
197.28512422004457,40.2
198.31633625305224,40.2
199.35293844541056,40.2
200.39495897155572,40.2
201.4424261531923,40.2
202.4953684600627,40.2
203.55381451072122,40.2
204.6177930733116,40.2
205.6873330663489,40.2
206.76246355950653,40.2
207.84321377440395,40.1
208.92961308540407,40.1
210.02169102040844,40.0
211.11947726166272,40.0
212.22300164656127,40.0
213.33229416845913,40.0
214.447384977487,40.0
215.5683043813707,40.0
216.69508284625502,40.0
217.8277509975314,40.0
218.9663396206716,40.0
220.1108796620618,40.0
221.26140222984722,40.0
222.41793859477394,40.0
223.5805201910423,40.0
224.74917861715863,40.0
225.9239456367954,39.9
227.10485317965416,39.8
228.29193334233327,39.8
229.48521838920135,39.8
230.68474075327168,39.8
231.89053303708724,39.8
233.102628013603,39.8
234.32105862708036,39.8
235.5458579939798,39.8
236.77705940386227,39.8
238.0146963202937,39.8
239.25880238175446,39.8
240.50941140255387,39.8
241.76655737374873,39.8
243.03027446406858,39.8
244.30059702084168,39.8
245.57755957093218,39.8
246.86119682167464,39.7
248.1515436618211,39.7
249.44863516248657,39.7
250.75250657810346,39.7
252.0631933473797,39.7
253.3807310942614,39.7
254.7051556289027,39.7
256.03650294863604,39.7
257.3748092389545,39.7
258.72011087449107,39.7
260.0724444200114,39.7
261.4318466314045,39.6
262.79835445668317,39.6
264.17200503698814,39.5
265.5528357075972,39.5
266.94088399894025,39.5
268.336187637619,39.5
269.7387845474336,39.5
271.1487128504106,39.5
272.56601086784315,39.5
273.9907171213279,39.5
275.4228703338166,39.5
276.86250943066517,39.5
278.30967354069315,39.5
279.764401997247,39.5
281.2267343392687,39.5
282.6967103123723,39.4
284.1743698699204,39.3
285.65975317411466,39.3
287.152900597083,39.3
288.6538527219809,39.3
290.16265034409145,39.3
291.67933447193553,39.3
293.203946328386,39.3
294.7365273517884,39.3
296.27711919708696,39.3
297.8257637369567,39.3
299.38250306294265,39.3
300.947379486601,39.2
302.52043554065347,39.1
304.1017139801383,39.0
305.69125778357716,39.0
307.2891101541398,39.0
308.8953145208197,39.0
310.5099145396145,39.0
312.1329540947119,38.9
313.76447729968413,38.9
315.40452849868336,38.8
317.0531522676519,38.8
318.71039341552853,38.8
320.3762969854716,38.8
322.05090825607795,38.8
323.7342727426186,38.8
325.4264361982722,38.8
327.1274446153702,38.7
328.83734422664674,38.6
330.55618150649445,38.6
332.28400317222986,38.6
334.02085618535915,38.6
335.76678775285944,38.6
337.52184532845695,38.5
339.28607661392135,38.4
341.0595295603587,38.4
342.84225236951676,38.4
344.63429349509414,38.4
346.4357016440579,38.4
348.24652577796684,38.4
350.06681511430224,38.4
351.8966191278073,38.4
353.7359875518278,38.4
355.5849703796693,38.3
357.44361786595016,38.3
359.3119805279728,38.3
361.1901091470929,38.3
363.0780547701014,38.3
364.9758687106112,38.3
366.8836025504522,38.3
368.80130814107446,38.3
370.72903760495365,38.3
372.66684333701346,38.3
374.6147780060434,38.3
376.57289455613636,38.3
378.54124620812286,38.3
380.5198864610201,38.3
382.50886909348526,38.3
384.5082481652772,38.3
386.51807801872604,38.3
388.53841328020957,38.3
390.56930886163985,38.3
392.6108199619517,38.3
394.6630020686084,38.3
396.7259109591041,38.3
398.7996027024853,38.3
400.8841336608706,38.3
402.9795604909844,38.3
405.0859401456969,38.3
407.20332987557106,38.3
409.331787230421,38.3
411.4713700608718,38.2
413.6221365199375,38.1
415.78414506459575,38.1
417.95745445738237,38.1
420.1421237679842,38.1
422.33821237484636,38.1
424.5457799667861,38.1
426.76488654461485,38.1
428.9955924227691,38.1
431.23795823094935,38.1
433.49204491576995,38.1
435.7579137424112,38.1
438.0356262962907,38.0
440.3252444847303,37.9
442.62683053864555,37.9
444.9404470142319,37.9
447.2661567946673,37.9
449.60402309182115,37.9
451.9541094479714,37.9
454.3164797375345,37.9
456.6911981687959,37.9
459.0783292856624,37.9
461.4779379694089,37.8
463.89008944044906,37.7
466.31484926010245,37.6
468.7522833323791,37.6
471.20245790577025,37.6
473.6654395750488,37.6
476.14129528307956,37.6
478.630092322638,37.6
481.1318983382419,37.6
483.6467813279844,37.6
486.1748096453894,37.5
488.7160520012619,37.4
491.27057746556244,37.4
493.8384554692794,37.4
496.4197558063182,37.4
499.01454863539806,37.4
501.6229044819588,37.4
504.24489424007766,37.4
506.88058917439554,37.4
509.53006092205686,37.4
512.1933814946506,37.4
514.8706232801756,37.4
517.5618590449992,37.4
520.2671619358439,37.4
522.9866054817683,37.4
525.7202635961694,37.4
528.4682105787901,37.4
531.230521117739,37.4
534.0072702915224,37.4
536.7985335710792,37.4
539.6043868218401,37.4
542.4249063057814,37.4
545.2601686835053,37.4
548.1102510163182,37.4
550.9752307683272,37.4
553.8551858085453,37.4
556.7501944130083,37.4
559.6603352669016,37.4
562.5856874666987,37.4
565.5263305223134,37.4
568.4823443592555,37.4
571.4538093208106,37.4
574.4408061702153,37.4
577.4434160928608,37.4
580.4617206984933,37.4
583.4958020234345,37.4
586.5457425328113,37.4
589.6116251227962,37.4
592.6935331228639,37.4
595.7915502980484,37.4
598.9057608512304,37.4
602.0362494254149,37.3
605.1831011060411,37.2
608.3464014232891,37.2
611.5262363544065,37.2
614.7226923260454,37.2
617.9358562166111,37.2
621.1658153586235,37.2
624.4126575410903,37.2
627.6764710118958,37.2
630.957344480193,37.2
634.2553671188238,37.2
637.5706285667327,37.2
640.9032189314127,37.2
644.2532287913472,37.2
647.6207491984753,37.2
651.0058716806659,37.2
654.4086882442045,37.2
657.8292913762976,37.2
661.2677740475787,37.2
664.7242297146454,37.3
668.1987523225889,37.4
671.6914363075575,37.4
675.2023765993158,37.4
678.7316686238282,37.4
682.2794083058518,37.4
685.8456920715438,37.4
689.4306168510824,37.5
693.0342800813003,37.6
696.6567797083366,37.6
700.2982141902914,37.6
703.9586824999124,37.6
707.6382841272731,37.6
711.3371190824884,37.6
715.0552878984242,37.6
718.7928916334344,37.6
722.5500318741055,37.6
726.3268107380181,37.6
730.123330876526,37.7
733.9396954775374,37.8
737.7760082683312,37.9
741.6323735183645,38.0
745.508896042117,38.0
749.4056812019327,38.1
753.3228349108862,38.1
757.2604636356614,38.2
761.2186743994453,38.3
765.1975747848361,38.3
769.1972729367671,38.3
773.2178775654501,38.3
777.2594979493206,38.3
781.3222439380205,38.3
785.406225955371,38.3
789.5115550023859,38.3
793.6383426602791,38.4
797.7867010935024,38.4
801.9567430527921,38.5
806.1485818782347,38.5
810.3623315023465,38.6
814.59810645317,38.6
818.8560218573906,38.6
823.1361934434566,38.7
827.4387375447371,38.8
831.7637711026708,38.8
836.1114116699566,38.9
840.4817774137397,38.9
844.8749871188272,39.0
849.2911601909162,39.2
853.7304166598383,39.3
858.1928771828257,39.4
862.6786630477819,39.5
867.1878961765907,39.6
871.7206991284164,39.7
876.2771951030477,39.8
880.8575079442367,39.8
885.4617621430697,39.9
890.0900828413493,39.9
894.742595834996,40.0
899.4194275774676,40.0
904.1207051831946,40.1
908.8465564310401,40.1
913.5971097677627,40.2
918.3724943115215,40.4
923.1728398553701,40.6
927.998276870799,40.7
932.8489365112713,40.8
937.7249506157918,40.8
942.6264517124897,40.9
947.5535730222193,40.9
952.5064484621864,40.9
957.4852126495767,40.9
962.4900009052299,40.9
967.5209492573013,41.0
972.5781944449744,41.1
977.6618739221665,41.2
982.772125861269,41.2
987.9090891569025,41.3
993.0729034296917,41.3
998.26370903006,41.4
1003.4816470420445,41.4
1008.7268592871307,41.5
1013.9994883281055,41.6
1019.2996774729368,41.7
1024.627570778662,41.7
1029.9833130553077,41.7
1035.3670498698243,41.7
1040.778927550043,41.7
1046.219093188652,41.7
1051.687694647196,41.7
1057.1848805600926,41.7
1062.7108003386745,41.8
1068.2656041752484,41.9
1073.849443047181,41.9
1079.4624687209969,41.9
1085.104833756507,41.9
1090.7766915109553,41.9
1096.4781961431852,42.0
1102.2095026178308,42.1
1107.9707667095288,42.1
1113.7621450071517,42.1
1119.5837949180645,42.1
1125.4358746724013,42.1
1131.3185433273702,42.1
1137.231960771571,42.2
1143.1762877293438,42.2
1149.1516857651375,42.3
1155.1583172879002,42.3
1161.1963455554942,42.4
1167.2659346791324,42.4
1173.3672496278396,42.5
1179.5004562329357,42.5
1185.6657211925422,42.6
1191.8632120761172,42.6
1198.0930973290035,42.7
1204.355546277011,42.8
1210.650729131018,42.9
1216.9788169915967,43.0
1223.3399818536654,43.1
1229.7343966111616,43.0
1236.162235061742,42.9
1242.6236719115057,42.9
1249.1188827797416,42.9
1255.6480442037073,42.9
1262.2113336434193,42.9
1268.8089294864806,42.9
1275.4410110529293,42.9
1282.1077586001115,42.9
1288.8093533275808,42.9
1295.5459773820237,42.9
1302.3178138622095,42.9
1309.1250468239675,42.8
1315.967861285188,42.7
1322.8464432308563,42.6
1329.7609796180998,42.6
1336.7116583812742,42.6
1343.6986684370715,42.6
1350.7221996896535,42.6
1357.782443035813,42.6
1364.879590370164,42.6
1372.0138345903551,42.6
1379.1853696023147,42.6
1386.3943903255179,42.6
1393.6410926982915,42.6
1400.9256736831292,42.7
1408.248331272053,42.7
1415.6092644919916,42.8
1423.0086734101894,42.9
1430.4467591396458,42.9
1437.9237238445805,43.0
1445.439770745928,43.1
1452.9951041268616,43.2
1460.589929338344,43.3
1468.224452804715,43.3
1475.898882029292,43.4
1483.6134256000173,43.4
1491.3682931951248,43.5
1499.1636955888393,43.7
1506.999844657106,43.9
1514.8769533833477,44.0
1522.7952358642551,44.1
1530.754907315605,44.2
1538.7561840781082,44.3
1546.799283623296,44.5
1554.8844245594228,44.7
1563.0118266374113,44.9
1571.181710756826,45.1
1579.3942989718767,45.4
1587.649814497453,45.5
1595.9484817151922,45.5
1604.2905261795772,45.6
1612.6761746240677,45.7
1621.1056549672617,45.9
1629.5791963190893,46.2
1638.097028987047,46.4
1646.6593844824454,46.6
1655.266495526711,46.8
1663.9185960577072,46.9
1672.6159212360947,47.0
1681.3587074517213,47.2
1690.1471923300487,47.4
1698.9816147386093,47.6
1707.8622147934998,47.8
1716.789233865905,47.9
1725.7629145886658,48.0
1734.7835008628629,48.1
1743.8512378644525,48.2
1752.9663720509295,48.3
1762.1291511680254,48.3
1771.3398242564415,48.4
1780.598641658619,48.4
1789.9058550255418,48.5
1799.2617173235774,48.5
1808.6664828413498,48.6
1818.1204071966588,48.6
1827.6237473434162,48.6
1837.1767615786375,48.6
1846.7797095494598,48.6
1856.4328522602,48.6
1866.1364520794475,48.6
1875.8907727471963,48.5
1885.6960793820124,48.5
1895.552638488241,48.4
1905.4607179632462,48.4
1915.4205871047022,48.4
1925.4325166178992,48.4
1935.4967786231095,48.4
1945.6136466629825,48.4
1955.783395709978,48.4
1966.006302173841,48.4
1976.282643909114,48.3
1986.6127002226892,48.3
1996.996751881399,48.3
2007.4350811196462,48.3
2017.927971647083,48.3
2028.4757086563097,48.3
2039.078578830634,48.2
2049.736870351861,48.2
2060.4508729081267,48.1
2071.22087770177,48.1
2082.0471774572497,48.1
2092.9300664290977,48.0
2103.8698404099196,47.9
2114.8667967384304,47.8
2125.9212343075446,47.7
2137.0334535724887,47.6
2148.2037565589744,47.5
2159.4324468714053,47.4
2170.71982970113,47.3
2182.0662118347364,47.3
2193.4719016623894,47.2
2204.937209186215,47.2
2216.4624460287228,47.1
2228.0479254412767,47.1
2239.6939623126154,47.0
2251.4008731773993,46.9
2263.168976224821,46.8
2274.9985913072546,46.7
2286.890039948944,46.6
2298.843645354747,46.5
2310.8597324189163,46.3
2322.9386277339318,46.1
2335.0806595993763,45.9
2347.2861580308577,45.7
2359.5554547689862,45.5
2371.8888832883777,45.3
2384.2867788067265,45.1
2396.7494782939148,44.9
2409.2773204811715,44.7
2421.8706458702773,44.5
2434.5297967428205,44.3
2447.2551171695004,43.9
2460.0469530194778,43.5
2472.905651969775,43.4
2485.8315635147337,43.2
2498.825038975499,43.1
2511.88643150958,42.9
2525.0160961204438,42.7
2538.2143896671673,42.5
2551.481670874133,42.3
2564.8183003407817,42.0
2578.224640551411,41.6
2591.7010558850307,41.4
2605.247912625263,41.3
2618.8655789702975,41.1
2632.5544250429093,41.0
2646.314822900502,40.8
2660.14714654523,40.6
2674.051771934164,40.4
2688.029076989506,40.3
2702.079441608862,40.2
2716.20324767557,40.1
2730.400879069075,39.9
2744.6727216753675,39.6
2759.0191633974646,39.4
2773.440594165967,39.2
2787.9374059496395,39.0
2802.509992766076,38.8
2817.1587506924047,38.6
2831.8840778760564,38.4
2846.686374545581,38.3
2861.5660430215316,38.2
2876.5234877273942,38.1
2891.5591152005823,37.9
2906.6733341034837,37.7
2921.8665552345788,37.4
2937.139191539587,37.2
2952.4916581227058,37.2
2967.9243722578863,37.1
2983.4377534001765,37.1
2999.0322231971227,37.0
3014.7082055002275,37.0
3030.466126376471,36.9
3046.306414119893,36.8
3062.229499263226,36.8
3078.2358145896155,36.7
3094.325795144359,36.7
3110.4998782467446,36.6
3126.7585035019356,36.5
3143.1021128129173,36.4
3159.5311503925072,36.3
3176.0460627754296,36.2
3192.6472988304513,36.2
3209.335309772584,36.1
3226.1105491753406,36.0
3242.973472983081,35.8
3259.924539523382,35.8
3276.9642095195077,35.7
3294.0929461029286,35.7
3311.311214825911,35.6
3328.6194836741684,35.5
3346.018223079582,35.4
3363.507905932988,35.3
3381.089007597027,35.3
3398.762005919066,35.2
3416.527381244194,35.2
3434.385616428264,35.3
3452.337196851022,35.4
3470.382610429304,35.5
3488.5223476302926,35.5
3506.7569014848486,35.5
3525.0867676009134,35.4
3543.512444176976,35.3
3562.034432015617,35.0
3580.6532345371147,34.8
3599.369357793143,34.7
3618.1833104805046,34.6
3637.095603954969,34.5
3656.1067522451726,34.3
3675.2172720665826,34.1
3694.4276828355482,33.8
3713.738506683413,33.5
3733.1502684707093,33.2
3752.6634958014215,32.8
3772.2787190373247,32.5
3791.9964713124127,32.2
3811.817288547367,31.9
3831.7417094641373,31.8
3851.7702756005806,31.6
3871.9035313251793,31.3
3892.1420238518376,31.1
3912.4863032547537,31.1
3932.936922483372,31.0
3953.4944373774106,30.9
3974.1594066819653,30.9
3994.9323920627126,30.8
4015.8139581211503,30.7
4036.8046724099613,30.6
4057.9051054484326,30.5
4079.115830737964,30.4
4100.437424777656,30.3
4121.870467079975,30.1
4143.41554018651,29.9
4165.0732296838005,29.8
4186.844124219257,29.5
4208.728815517151,29.1
4230.72789839472,28.9
4252.841970778305,28.7
4275.071633719623,28.5
4297.417491412092,28.3
4319.880151207261,27.9
4342.460223631314,27.0
4365.158322401661,26.2
4387.975064443623,25.9
4410.911069907196,25.7
4433.9669621839075,25.6
4457.1433679237725,25.7
4480.4409170523,26.0
4503.860242787635,26.4
4527.40198165776,27.3
4551.0667735177985,28.0
4574.855261567406,28.1
4598.768092368251,28.9
4622.80591586159,30.0
4646.969385385929,30.5
4671.25915769478,31.8
4695.675892974527,32.9
4720.220254862348,33.2
4744.892910464259,33.7
4769.694530373255,34.3
4794.625788687525,34.7
4819.68736302878,35.3
4844.87993456067,35.9
4870.204188007296,36.0
4895.660811671819,36.1
4921.250497455168,36.1
4946.973940874864,36.2
4972.8318410838865,36.2
4998.824900889706,36.2
5024.953826773381,36.2
5051.219328908747,36.2
5077.622121181736,36.5
5104.162921209768,36.8
5130.842450361258,36.9
5157.661433775227,36.9
5184.620600380999,36.9
5211.720682918039,36.9
5238.962417955835,36.8
5266.346545913939,36.7
5293.873811082085,36.6
5321.544961640422,36.3
5349.360749679845,35.9
5377.321931222439,35.9
5405.429266242027,35.8
5433.683518684824,35.6
5462.085456490198,35.0
5490.635851611563,34.4
5519.335480037329,34.2
5548.185121812011,34.0
5577.185561057427,33.8
5606.337585994012,33.5
5635.641988962242,33.0
5665.0995664441625,32.5
5694.7111190850455,32.4
5724.477451715144,32.5
5754.399373371566,32.6
5784.477697320285,32.7
5814.713241078208,32.8
5845.10682643542,32.9
5875.659279477514,33.1
5906.371430608045,33.2
5937.244114571097,33.3
5968.278170473975,33.2
5999.4744418100045,32.9
6030.833776481469,32.6
6062.357026822636,32.4
6094.045049622959,32.1
6125.898706150321,31.9
6157.918862174471,31.8
6190.106387990547,31.7
6222.462158442733,31.6
6254.987052948034,31.4
6287.681955520183,31.1
6320.547754793659,30.9
6353.585344047851,30.9
6386.795621231329,31.2
6420.179488986247,31.4
6453.7378546729,31.5
6487.471630394349,31.6
6521.381733021235,31.7
6555.469084216698,31.8
6589.734610461422,31.8
6624.179243078815,31.9
6658.80391826033,31.8
6693.609577090902,31.7
6728.597165574533,31.5
6763.767634659991,31.4
6799.1219402666875,31.2
6834.661043310619,31.0
6870.385909730507,30.9
6906.297510514049,30.5
6942.39682172431,30.1
6978.684824526248,29.9
7015.162505213385,29.7
7051.830855234612,29.4
7088.690871221135,28.7
7125.7435550135615,28.2
7162.989913689153,27.9
7200.430959589155,27.6
7238.067710346342,27.3
7275.901188912673,26.8
7313.932423587085,26.2
7352.162448043451,25.7
7390.59230135867,23.9
7429.22302804091,22.0
7468.055678057999,21.4
7507.091306865953,20.0
7546.330975437692,18.4
7585.775750291836,17.6
7625.426703521717,15.7
7665.284912824515,14.3
7705.351461530549,14.4
7745.627438632719,17.3
7786.113938816104,21.9
7826.81206248772,24.1
7867.722915806424,24.6
7908.847610712972,25.2
7950.187264960275,25.9
7991.743002143727,27.6
8033.515951731782,29.9
8075.507249096639,30.9
8117.718035545101,31.0
8160.149458349601,31.2
8202.80267077938,31.3
8245.67883213183,32.6
8288.77910776401,34.5
8332.104669124305,35.2
8375.656693784302,35.3
8419.436365470749,35.4
8463.444874097753,35.5
8507.683415799123,36.3
8552.153192960874,37.6
8596.855414253905,38.1
8641.791294666864,38.2
8686.962055539152,38.4
8732.36892459413,38.7
8778.01313597248,39.2
8823.895930265779,40.3
8870.018554550163,41.2
8916.382262420266,41.3
8962.988314023276,41.6
9009.83797609319,41.9
9056.932521985234,42.1
9104.273231710486,42.2
9151.861391970657,42.4
9199.698296193066,42.5
9247.785244565785,42.7
9296.12354407301,42.8
9344.714508530542,42.9
9393.559458621517,42.9
9442.659721932305,42.9
9492.016632988581,42.9
9541.631533291613,42.8
9591.505771354708,42.7
9641.64070273987,42.6
9692.037690094652,42.5
9742.698103189163,42.5
9793.623318953358,42.4
9844.814721514387,42.4
9896.27370223427,42.4
9948.001659747684,42.5
10000.0,42.6
10052.270136285486,42.9
10104.813489285681,43.2
10157.6314871081,43.3
10210.725565324987,43.4
10264.09716701231,43.4
10317.747742788988,43.5
10371.678750856474,43.5
10425.891657038128,43.6
10480.387934819217,43.6
10535.16906538697,43.6
10590.236537670813,43.6
10645.591848382772,43.6
10701.236502058211,43.5
10757.172011096769,43.5
10813.399895803414,43.4
10869.921684429703,43.4
10926.73891321545,43.3
10983.85312643042,43.2
11041.265876416248,43.1
11098.978723628681,42.9
11156.993236680037,42.7
11215.310992381786,42.5
11273.933575787378,42.3
11332.862580235347,41.8
11392.099607392682,41.2
11451.646267298307,40.8
11511.504178406769,40.5
11571.674967632372,40.2
11632.16027039332,39.9
11692.961730656129,39.6
11754.08100098034,39.3
11815.519742563505,38.9
11877.27962528627,38.6
11939.362327757724,38.3
12001.76953736107,38.0
12064.50295029953,37.7
12127.56427164241,37.4
12190.95521537136,37.2
12254.677504427105,37.0
12318.732870756214,36.8
12383.123055358106,36.6
12447.849808332432,36.4
12512.914888926687,36.2
12578.320065583976,36.0
12644.067115991029,35.9
12710.157827126544,35.8
12776.593995309939,35.7
12843.377426249857,35.6
12910.50993509343,35.5
12977.99334647565,35.3
13045.829494568892,35.1
13114.020223132724,35.1
13182.567385564074,35.2
13251.472844947652,35.3
13320.738474106534,35.5
13390.366155652993,35.6
13460.35778203982,35.9
13530.715255611682,36.3
13601.440488656775,36.6
13672.535403458849,36.8
13744.001932349513,36.9
13815.842017760702,37.1
13888.057612277411,37.4
13960.650678690825,37.6
14033.62319005172,37.8
14106.977129724035,38.0
14180.714491438697,38.1
14254.837279347976,38.2
14329.347508079869,38.3
14404.247202792812,38.3
14479.538399230763,38.4
14555.223143778607,38.4
14631.303493517702,38.4
14707.78151628175,38.3
14784.65929071304,37.9
14861.938906319014,37.3
14939.622463529,36.9
15017.712073751207,36.6
15096.209859430292,36.2
15175.117954104964,36.0
15254.438502465904,35.6
15334.173660414117,35.1
15414.325595119602,33.5
15494.896485080177,31.3
15575.88852018064,30.3
15657.303901752315,29.9
15739.1448426331,29.4
15821.413567227246,28.9
15904.112311566014,27.7
15987.243323368504,26.2
16070.808862102673,25.5
16154.811199046684,25.1
16239.252617350698,24.8
16324.135412099,24.5
16409.461890372313,23.8
16495.23437131044,23.2
16581.455186175313,23.0
16668.12667841462,22.7
16755.251203725067,22.4
