10.0,71.9
10.052270136285475,71.9
10.104813489285682,71.9
10.157631487108103,71.9
10.210725565324982,71.9
10.264097167012295,71.9
10.317747742789004,71.9
10.371678750856479,71.9
10.425891657038118,71.9
10.480387934819216,71.9
10.535169065386981,71.9
10.590236537670812,71.9
10.64559184838276,71.9
10.701236502058206,71.9
10.757172011096776,71.9
10.813399895803409,71.9
10.869921684429707,71.9
10.926738913215466,71.9
10.98385312643042,71.9
11.041265876416237,71.9
11.098978723628681,71.9
11.156993236680048,71.9
11.215310992381788,71.9
11.27393357578736,71.9
11.332862580235341,71.9
11.392099607392687,71.9
11.451646267298301,71.9
11.511504178406776,71.9
11.571674967632385,71.9
11.632160270393321,71.9
11.692961730656117,71.9
11.75408100098034,71.9
11.815519742563518,71.9
11.87727962528627,71.9
11.939362327757706,71.9
12.001769537361062,71.9
12.064502950299536,71.9
12.127564271642404,71.9
12.190955215371359,71.9
12.254677504427118,71.9
12.318732870756214,71.9
12.383123055358094,71.9
12.447849808332432,71.9
12.5129148889267,71.9
12.578320065583968,71.9
12.644067115991009,71.9
12.710157827126565,71.9
12.776593995309947,71.9
12.843377426249843,71.9
12.910509935093431,71.9
12.977993346475664,71.8
13.045829494568892,71.7
13.11402022313271,71.7
13.182567385564074,71.7
13.251472844947658,71.7
13.320738474106527,71.7
13.390366155653,71.7
13.460357782039841,71.7
13.530715255611682,71.7
13.601440488656761,71.7
13.672535403458848,71.7
13.744001932349526,71.7
13.815842017760701,71.7
13.888057612277397,71.7
13.960650678690818,71.7
14.033623190051728,71.7
14.10697712972403,71.7
14.180714491438705,71.7
14.25483727934799,71.7
14.32934750807987,71.7
14.404247202792797,71.7
14.479538399230764,71.7
14.55522314377862,71.7
14.631303493517702,71.7
14.707781516281727,71.7
14.784659290713032,71.7
14.861938906319022,71.7
14.939622463528993,71.7
15.017712073751214,71.7
15.096209859430308,71.7
15.175117954104964,71.7
15.254438502465888,71.7
15.334173660414118,71.7
15.414325595119617,71.6
15.494896485080169,71.5
15.575888520180618,71.5
15.65730390175234,71.5
15.73914484263311,71.5
15.821413567227237,71.5
15.904112311566013,71.5
15.98724332336852,71.5
16.070808862102673,71.5
16.154811199046666,71.5
16.239252617350697,71.5
16.324135412099007,71.5
16.409461890372306,71.5
16.495234371310413,71.5
16.58145518617534,71.5
16.668126678414627,71.5
16.755251203725052,71.5
16.84283113011666,71.5
16.930868837977105,71.5
17.01936672013636,71.5
17.108327181931763,71.5
17.197752641273365,71.5
17.28764552870969,71.5
17.378008287493753,71.4
17.4688433736495,71.3
17.560153256038525,71.2
17.651940416427212,71.2
17.744207349554188,71.2
17.836956563198083,71.2
17.93019057824573,71.2
18.023911928760675,71.2
18.118123162052047,71.2
18.21282683874379,71.2
18.30802553284428,71.2
18.403721831816252,71.2
18.499918336647156,71.2
18.59661766191982,71.2
18.69382243588356,71.2
18.791535300525574,71.2
18.889758911642755,71.2
18.98849593891389,71.2
19.08774906597221,71.2
19.187520990478333,71.1
19.287814424193606,71.0
19.388632093053765,71.0
19.48997673724305,71.0
19.591851111268685,71.0
19.69425798403576,71.0
19.79720013892245,71.0
19.90068037385568,71.0
20.004701501387192,71.0
20.109266348769967,71.0
20.214377758035074,71.0
20.320038586068932,71.0
20.426251704690927,71.0
20.533020000731486,71.0
20.64034637611054,70.9
20.748233747916412,70.8
20.856685048485062,70.8
20.965703225479817,70.8
21.075291241971485,70.8
21.185452076518878,70.8
21.296188723249774,70.8
21.407504191942323,70.8
21.519401508106792,70.8
21.631883713067854,70.8
21.744953864047204,70.8
21.858615034246718,70.8
21.972870312931903,70.8
22.087722805515906,70.8
22.203175633643916,70.8
22.319231935278008,70.8
22.435894864782412,70.8
22.553167593009288,70.7
22.671053307384867,70.7
22.789555211996095,70.7
22.908676527677724,70.7
23.028420492099883,70.7
23.148790359856015,70.7
23.26978940255137,70.7
23.391420908891938,70.7
23.51368818477381,70.7
23.63659455337303,70.7
23.760143355235964,70.7
23.884337948370025,70.6
24.009181708334992,70.5
24.134678028334722,70.5
24.260830319309434,70.5
24.387642010028344,70.5
24.515116547182902,70.5
24.64325739548046,70.5
24.772068037738443,70.5
24.901551974979007,70.5
25.031712726524198,70.5
25.162553830091625,70.5
25.294078841890578,70.5
25.426291336718684,70.5
25.559194908059133,70.5
25.692793168178262,70.4
25.827089748223784,70.3
25.96208829832347,70.3
26.097792487684362,70.3
26.234206004692496,70.3
26.371332557013133,70.3
26.5091758716916,70.3
26.647739695254497,70.3
26.787027793811582,70.3
26.9270439531581,70.3
27.06779197887776,70.3
27.209275696446046,70.2
27.351498951334275,70.1
27.494465609114105,70.0
27.638179555562576,70.0
27.782644696767733,70.0
27.92786495923483,70.0
28.07384428999299,69.9
28.220586656702505,69.8
28.368096047762684,69.8
28.516376472420284,69.8
28.66543196087842,69.8
28.815266564406134,69.8
28.965884355448516,69.8
29.11728942773738,69.8
29.26948589640251,69.8
29.42247789808359,69.8
29.57626959104251,69.8
29.730865155276486,69.8
29.88626879263161,69.8
30.04248472691713,69.7
30.19951720402016,69.6
30.357370492021133,69.6
30.516048881309793,69.6
30.675556684701824,69.6
30.835898237556027,69.6
30.99707789789224,69.6
31.15910004650967,69.6
31.321969087106055,69.6
31.485689446397288,69.5
31.650265574237824,69.5
31.815701943741516,69.5
31.98200305140326,69.5
32.14917341722119,69.5
32.31721758481955,69.5
32.486140121572134,69.4
32.655945618726484,69.3
32.82663869152868,69.3
32.99822397934869,69.3
33.170706145806605,69.3
33.34408987889928,69.3
33.51837989112781,69.3
33.69358091962557,69.3
33.86969772628702,69.2
34.04673509789711,69.2
34.224697846261364,69.1
34.40359080833668,69.1
34.58341884636283,69.1
34.764186847994516,69.1
34.94589972643436,69.1
35.12856242056629,69.1
35.312179895089876,69.1
35.496757140655234,69.1
35.68229917399868,69.1
35.86881103807908,69.0
36.05629780221492,68.9
36.24476456222205,68.8
36.434216440552284,68.8
36.6246585864325,68.8
36.81609617600466,68.8
37.00853441246656,68.8
37.2019785262131,68.8
37.39643377497855,68.7
37.591905443979435,68.6
37.788398846058186,68.6
37.985919321827524,68.5
38.184472239815605,68.5
38.384062996612016,68.4
38.584697017014335,68.4
38.786379754175634,68.4
38.98911668975273,68.4
39.1929133340551,68.4
39.39777522619469,68.4
39.60370793423646,68.4
39.810717055349734,68.4
40.0188082159603,68.4
40.227987071903335,68.3
40.43825930857721,68.2
40.64963064109788,68.2
40.8621068144543,68.2
41.075693603664625,68.2
41.29039681393302,68.2
41.506222280807584,68.2
41.72317587033889,68.2
41.94126347923944,68.1
42.16049103504393,68.1
42.38086449627034,68.1
42.60238985258197,68.1
42.825073124950116,68.1
43.04892036581776,68.1
43.27393765926414,68.0
43.500131121170035,67.9
43.727506899384,67.9
43.956071173889484,67.9
44.18583015697281,67.9
44.416790093392,67.9
44.648957260546474,67.9
44.88233796864779,67.9
45.116938560890986,67.8
45.35276541362708,67.7
45.58982493653644,67.7
45.82812357280281,67.7
46.067667799288614,67.7
46.308464126710895,67.7
46.55051909981832,67.6
46.793839297569036,67.5
47.03843133330949,67.4
47.28430185495417,67.3
47.531457545166376,67.2
47.77990512153967,67.2
48.02965133678067,67.2
48.28070297889241,67.2
48.53306687135893,67.2
48.78674987333074,67.2
49.041758879811184,67.2
49.298100821843896,67.2
49.55578266670119,67.2
49.81481141807335,67.2
50.07519411625915,67.1
50.336937838356974,67.0
50.60004969845742,67.0
50.86453684783644,66.9
51.13040647514984,66.9
51.39766580662862,66.9
51.66632210627541,66.9
51.93638267606184,66.9
52.20785485612707,66.9
52.48074602497726,66.8
52.75506359968615,66.7
53.030815036096584,66.7
53.308007829023246,66.7
53.58664951245627,66.7
53.866747659766084,66.7
54.148309883909214,66.7
54.431343837635225,66.7
54.7158572136947,66.6
55.00185774504835,66.5
55.28935320507712,66.5
55.57835140779364,66.5
55.86886020805435,66.5
56.160887501773274,66.4
56.45444122613637,66.3
56.74952935981742,66.2
57.04615992319485,66.2
57.34434097856969,66.2
57.64408063038476,66.2
57.94538702544487,66.2
58.24826835313831,66.2
58.552732845659456,66.1
58.85878877823242,66.0
59.166444469336014,66.0
59.475708280929936,66.0
59.786588618681876,66.0
60.0990939321961,66.0
60.41323271524305,65.9
60.72901350599024,65.8
61.046444887234294,65.8
61.365535486634215,65.8
61.686293976945976,65.7
62.008729076258064,65.7
62.332849548228545,65.7
62.658664202323344,65.7
62.98618189405547,65.7
63.315411525225876,65.7
63.64636204416533,65.6
63.979042445977655,65.5
64.31346177278421,65.5
64.64962911396958,65.5
64.98755360642885,65.5
65.32724443481563,65.5
65.66871083179183,65.5
66.01196207827876,65.5
66.35700750370908,65.4
66.7038564862806,65.3
67.05251845321108,65.3
67.40300288099445,65.3
67.75531929565844,65.2
68.1094772730234,65.1
68.46548643896274,65.0
68.82335646966433,65.0
69.18309709189363,65.0
69.54471808325809,65.0
69.90822927247277,64.9
70.27364053962762,64.8
70.6409618164559,64.8
71.01020308660422,64.8
71.38137438590384,64.7
71.75448580264342,64.6
72.12954747784322,64.6
72.50656960553087,64.6
72.88556243301818,64.6
73.26653626117992,64.6
73.64950144473359,64.5
74.03446839252094,64.5
74.42144756779092,64.5
74.810449488484,64.5
75.20148472751808,64.5
75.59456391307583,64.5
75.98969772889355,64.5
76.38689691455168,64.5
76.78617226576647,64.4
77.18753463468363,64.3
77.59099493017311,64.3
77.99656411812569,64.2
78.404253221751,64.2
78.8140733218772,64.1
79.226035557252,64.1
79.64015112484554,64.1
80.05643128015467,64.1
80.47488733750892,64.0
80.89553067037787,63.9
81.31837271168051,63.8
81.74342495409579,63.8
82.170698950375,63.8
82.60020631365589,63.7
83.03195871777821,63.6
83.46596789760103,63.6
83.90224564932171,63.6
84.34080383079642,63.6
84.78165436186265,63.6
85.22480922466286,63.6
85.67028046397054,63.6
86.11808018751721,63.5
86.56822056632171,63.4
87.020713835021,63.3
87.47557229220259,63.3
87.93280830073893,63.2
88.39243428812335,63.2
88.85446274680783,63.1
89.31890623454267,63.1
89.78577737471758,63.1
90.25508885670492,63.1
90.72685343620469,63.1
91.20108393559097,63.1
91.67779324426061,63.1
92.15699431898352,63.1
92.63870018425483,63.0
93.12292393264887,62.9
93.60967872517497,62.9
94.09897779163542,62.9
94.5908344309847,62.8
95.0852620116911,62.7
95.58227397210023,62.7
96.08188382079996,62.7
96.5841051369878,62.7
97.08895157083991,62.7
97.59643684388209,62.6
98.10657474936274,62.5
98.61937915262773,62.4
99.13486399149741,62.4
99.65304327664518,62.3
100.17393109197839,62.2
100.69754159502135,62.2
101.22388901729977,62.2
101.75298766472777,62.2
102.28485191799675,62.2
102.81949623296607,62.1
103.35693514105618,62.0
103.89718324964329,62.0
104.44025524245698,62.0
104.98616587997819,62.0
105.53492999984189,62.0
106.08656251723878,62.0
106.64107842532215,62.0
107.19849279561431,61.9
107.75882077841675,61.8
108.32207760322176,61.8
108.88827857912626,61.7
109.45743909524856,61.7
110.02957462114523,61.6
110.60470070723336,61.6
111.18283298521138,61.5
111.76398716848561,61.5
112.3481790525961,61.5
112.93542451564652,61.5
113.5257395187356,61.5
114.11914010639099,61.5
114.71564240700522,61.5
115.3152626332741,61.4
115.91801708263789,61.3
116.52392213772293,61.2
117.13299426678874,61.1
117.74525002417371,61.1
118.36070605074681,61.0
118.97937907435858,61.0
119.60128591029638,61.0
120.22644346174131,60.9
120.85486872022751,60.8
121.4865787661046,60.8
122.12159076900052,60.8
122.75992198829012,60.8
123.40158977356222,60.8
124.04661156509306,60.7
124.69500489431896,60.7
125.34678738431336,60.7
126.00197675026583,60.7
126.6605907999634,60.7
127.3226474342747,60.7
127.98816464763628,60.7
128.6571605285424,60.7
129.32965326003517,60.6
130.00566112020084,60.5
130.68520248266435,60.5
131.36829581709074,60.4
132.05495968968575,60.4
132.74521276370103,60.3
133.43907379994133,60.3
134.1365616572744,60.3
134.83769529314347,60.2
135.54249376408254,60.2
136.25097622623485,60.1
136.96316193587217,60.0
137.67907024992007,59.9
138.39872062648203,59.8
139.1221326253702,59.8
139.84932590863562,59.8
140.58032024110324,59.8
141.31513549090906,59.8
142.05379163003997,59.7
142.7963087348772,59.6
143.5427069867405,59.6
144.29300667243896,59.6
145.04722818481977,59.6
145.80539202332486,59.6
146.56751879454652,59.5
147.333629212788,59.5
148.1037441006266,59.5
148.87788438947953,59.5
149.65607112017267,59.4
150.43832544351253,59.3
151.2246686208618,59.3
152.01512202471548,59.3
152.80970713928414,59.3
153.6084455610754,59.3
154.41135899948313,59.2
155.218469277376,59.1
156.02979833169113,59.1
156.8453682140304,59.1
157.66520109125955,59.1
158.48931924611142,59.1
159.3177450777899,59.1
160.15050110258113,59.0
160.9876099544629,58.9
161.82909438572216,58.8
162.67497726757185,58.8
163.52528159077312,58.8
164.38003046626017,58.7
165.23924712576837,58.6
166.1029549224657,58.6
166.97117733158728,58.6
167.8439379510743,58.6
168.72126050221348,58.6
169.60316883028446,58.5
170.48968690520502,58.4
171.38083882218535,58.4
172.27664880238083,58.4
173.17714119355136,58.3
174.08234047072295,58.2
174.99227123685273,58.2
175.9069582234984,58.2
176.82642629148881,58.2
177.75070043160196,58.2
178.67980576524164,58.2
179.61376754512278,58.2
180.55261115595593,58.1
181.49636211513797,58.1
182.44504607344558,58.1
183.39868881573247,58.1
184.35731626163007,58.0
185.3209544662519,57.9
186.28962962090262,57.9
187.26336805378796,57.9
188.24219623073301,57.8
189.2261407558986,57.8
190.21522837250714,57.7
191.20948596356752,57.6
192.20894055260666,57.5
193.21361930440384,57.4
194.22354952572874,57.4
195.2387586660848,57.4
196.25927431845295,57.4
197.28512422004457,57.3
198.31633625305224,57.3
199.35293844541056,57.2
200.39495897155572,57.2
201.4424261531923,57.2
202.4953684600627,57.2
203.55381451072122,57.1
204.6177930733116,57.1
205.6873330663489,57.0
206.76246355950653,57.0
207.84321377440395,56.9
208.92961308540407,56.9
210.02169102040844,56.9
211.11947726166272,56.9
212.22300164656127,56.9
213.33229416845913,56.9
214.447384977487,56.8
215.5683043813707,56.8
216.69508284625502,56.7
217.8277509975314,56.7
218.9663396206716,56.7
220.1108796620618,56.7
221.26140222984722,56.7
222.41793859477394,56.7
223.5805201910423,56.7
224.74917861715863,56.6
225.9239456367954,56.5
227.10485317965416,56.5
228.29193334233327,56.4
229.48521838920135,56.3
230.68474075327168,56.2
231.89053303708724,56.2
233.102628013603,56.2
234.32105862708036,56.2
235.5458579939798,56.1
236.77705940386227,56.1
238.0146963202937,56.0
239.25880238175446,56.0
240.50941140255387,56.0
241.76655737374873,56.0
243.03027446406858,56.0
244.30059702084168,56.0
245.57755957093218,56.0
246.86119682167464,55.9
248.1515436618211,55.8
249.44863516248657,55.8
250.75250657810346,55.8
252.0631933473797,55.7
253.3807310942614,55.7
254.7051556289027,55.7
256.03650294863604,55.7
257.3748092389545,55.7
258.72011087449107,55.7
260.0724444200114,55.6
261.4318466314045,55.5
262.79835445668317,55.5
264.17200503698814,55.5
265.5528357075972,55.5
266.94088399894025,55.5
268.336187637619,55.5
269.7387845474336,55.4
271.1487128504106,55.3
272.56601086784315,55.3
273.9907171213279,55.3
275.4228703338166,55.3
276.86250943066517,55.2
278.30967354069315,55.1
279.764401997247,55.0
281.2267343392687,55.0
282.6967103123723,55.0
284.1743698699204,55.0
285.65975317411466,54.9
287.152900597083,54.8
288.6538527219809,54.8
290.16265034409145,54.8
291.67933447193553,54.7
293.203946328386,54.6
294.7365273517884,54.6
296.27711919708696,54.6
297.8257637369567,54.6
299.38250306294265,54.6
300.947379486601,54.5
302.52043554065347,54.5
304.1017139801383,54.5
305.69125778357716,54.5
307.2891101541398,54.5
308.8953145208197,54.5
310.5099145396145,54.5
312.1329540947119,54.4
313.76447729968413,54.3
315.40452849868336,54.3
317.0531522676519,54.3
318.71039341552853,54.3
320.3762969854716,54.3
322.05090825607795,54.2
323.7342727426186,54.2
325.4264361982722,54.1
327.1274446153702,54.1
328.83734422664674,54.1
330.55618150649445,54.1
332.28400317222986,54.1
334.02085618535915,54.1
335.76678775285944,54.1
337.52184532845695,54.0
339.28607661392135,53.9
341.0595295603587,53.8
342.84225236951676,53.7
344.63429349509414,53.7
346.4357016440579,53.6
348.24652577796684,53.6
350.06681511430224,53.6
351.8966191278073,53.6
353.7359875518278,53.5
355.5849703796693,53.5
357.44361786595016,53.4
359.3119805279728,53.4
361.1901091470929,53.4
363.0780547701014,53.4
364.9758687106112,53.4
366.8836025504522,53.4
368.80130814107446,53.4
370.72903760495365,53.3
372.66684333701346,53.2
374.6147780060434,53.2
376.57289455613636,53.2
378.54124620812286,53.2
380.5198864610201,53.2
382.50886909348526,53.1
384.5082481652772,53.1
386.51807801872604,53.1
388.53841328020957,53.1
390.56930886163985,53.1
392.6108199619517,53.1
394.6630020686084,53.1
396.7259109591041,53.0
398.7996027024853,53.0
400.8841336608706,52.9
402.9795604909844,52.9
405.0859401456969,52.8
407.20332987557106,52.7
409.331787230421,52.7
411.4713700608718,52.7
413.6221365199375,52.7
415.78414506459575,52.7
417.95745445738237,52.7
420.1421237679842,52.7
422.33821237484636,52.7
424.5457799667861,52.7
426.76488654461485,52.7
428.9955924227691,52.6
431.23795823094935,52.5
433.49204491576995,52.4
435.7579137424112,52.4
438.0356262962907,52.4
440.3252444847303,52.4
442.62683053864555,52.4
444.9404470142319,52.3
447.2661567946673,52.3
449.60402309182115,52.2
451.9541094479714,52.2
454.3164797375345,52.2
456.6911981687959,52.2
459.0783292856624,52.2
461.4779379694089,52.2
463.89008944044906,52.2
466.31484926010245,52.2
468.7522833323791,52.1
471.20245790577025,52.1
473.6654395750488,52.0
476.14129528307956,52.0
478.630092322638,52.0
481.1318983382419,52.0
483.6467813279844,52.0
486.1748096453894,52.0
488.7160520012619,52.0
491.27057746556244,52.0
493.8384554692794,52.0
496.4197558063182,52.0
499.01454863539806,52.0
501.6229044819588,52.0
504.24489424007766,52.0
506.88058917439554,51.9
509.53006092205686,51.9
512.1933814946506,51.9
514.8706232801756,51.9
517.5618590449992,51.9
520.2671619358439,51.9
522.9866054817683,51.9
525.7202635961694,51.9
528.4682105787901,51.9
531.230521117739,51.9
534.0072702915224,51.9
536.7985335710792,51.9
539.6043868218401,51.9
542.4249063057814,51.9
545.2601686835053,51.9
548.1102510163182,51.9
550.9752307683272,52.0
553.8551858085453,52.0
556.7501944130083,52.0
559.6603352669016,52.0
562.5856874666987,52.0
565.5263305223134,52.0
568.4823443592555,52.0
571.4538093208106,52.0
574.4408061702153,52.0
577.4434160928608,52.0
580.4617206984933,52.0
583.4958020234345,52.0
586.5457425328113,52.0
589.6116251227962,52.0
592.6935331228639,52.0
595.7915502980484,52.0
598.9057608512304,52.0
602.0362494254149,52.0
605.1831011060411,52.0
608.3464014232891,52.0
611.5262363544065,52.0
614.7226923260454,52.0
617.9358562166111,52.0
621.1658153586235,52.0
624.4126575410903,52.0
627.6764710118958,52.0
630.957344480193,52.0
634.2553671188238,52.0
637.5706285667327,52.0
640.9032189314127,52.0
644.2532287913472,52.0
647.6207491984753,52.0
651.0058716806659,52.0
654.4086882442045,52.0
657.8292913762976,52.0
661.2677740475787,52.0
664.7242297146454,52.0
668.1987523225889,52.0
671.6914363075575,52.0
675.2023765993158,52.0
678.7316686238282,52.0
682.2794083058518,52.0
685.8456920715438,52.0
689.4306168510824,52.0
693.0342800813003,52.0
696.6567797083366,52.1
700.2982141902914,52.2
703.9586824999124,52.2
707.6382841272731,52.2
711.3371190824884,52.2
715.0552878984242,52.2
718.7928916334344,52.3
722.5500318741055,52.4
726.3268107380181,52.4
730.123330876526,52.4
733.9396954775374,52.4
737.7760082683312,52.4
741.6323735183645,52.4
745.508896042117,52.4
749.4056812019327,52.5
753.3228349108862,52.7
757.2604636356614,52.8
761.2186743994453,52.9
765.1975747848361,52.9
769.1972729367671,52.9
773.2178775654501,52.9
777.2594979493206,52.9
781.3222439380205,53.0
785.406225955371,53.1
789.5115550023859,53.1
793.6383426602791,53.1
797.7867010935024,53.2
801.9567430527921,53.2
806.1485818782347,53.3
810.3623315023465,53.4
814.59810645317,53.4
818.8560218573906,53.4
823.1361934434566,53.4
827.4387375447371,53.4
831.7637711026708,53.4
836.1114116699566,53.4
840.4817774137397,53.5
844.8749871188272,53.5
849.2911601909162,53.6
853.7304166598383,53.6
858.1928771828257,53.6
862.6786630477819,53.6
867.1878961765907,53.6
871.7206991284164,53.7
876.2771951030477,53.8
880.8575079442367,53.8
885.4617621430697,53.8
890.0900828413493,53.8
894.742595834996,53.8
899.4194275774676,53.8
904.1207051831946,53.8
908.8465564310401,53.8
913.5971097677627,53.8
918.3724943115215,53.8
923.1728398553701,53.8
927.998276870799,53.8
932.8489365112713,53.8
937.7249506157918,53.8
942.6264517124897,53.8
947.5535730222193,53.8
952.5064484621864,53.8
957.4852126495767,53.8
962.4900009052299,53.8
967.5209492573013,53.8
972.5781944449744,53.8
977.6618739221665,53.8
982.772125861269,53.8
987.9090891569025,53.8
993.0729034296917,53.8
998.26370903006,53.8
1003.4816470420445,53.8
1008.7268592871307,53.8
1013.9994883281055,53.8
1019.2996774729368,53.7
1024.627570778662,53.6
1029.9833130553077,53.6
1035.3670498698243,53.6
1040.778927550043,53.6
1046.219093188652,53.6
1051.687694647196,53.6
1057.1848805600926,53.5
1062.7108003386745,53.5
1068.2656041752484,53.4
1073.849443047181,53.4
1079.4624687209969,53.4
1085.104833756507,53.4
1090.7766915109553,53.3
1096.4781961431852,53.3
1102.2095026178308,53.2
1107.9707667095288,53.2
1113.7621450071517,53.2
1119.5837949180645,53.2
1125.4358746724013,53.2
1131.3185433273702,53.2
1137.231960771571,53.2
1143.1762877293438,53.2
1149.1516857651375,53.2
1155.1583172879002,53.2
1161.1963455554942,53.2
1167.2659346791324,53.2
1173.3672496278396,53.2
1179.5004562329357,53.2
1185.6657211925422,53.2
1191.8632120761172,53.2
1198.0930973290035,53.2
1204.355546277011,53.2
1210.650729131018,53.3
1216.9788169915967,53.4
1223.3399818536654,53.4
1229.7343966111616,53.4
1236.162235061742,53.4
1242.6236719115057,53.4
1249.1188827797416,53.4
1255.6480442037073,53.4
1262.2113336434193,53.5
1268.8089294864806,53.6
1275.4410110529293,53.7
1282.1077586001115,53.8
1288.8093533275808,53.8
1295.5459773820237,53.8
1302.3178138622095,53.8
1309.1250468239675,53.8
1315.967861285188,54.0
1322.8464432308563,54.1
1329.7609796180998,54.1
1336.7116583812742,54.2
1343.6986684370715,54.2
1350.7221996896535,54.3
1357.782443035813,54.4
1364.879590370164,54.5
1372.0138345903551,54.5
1379.1853696023147,54.5
1386.3943903255179,54.5
1393.6410926982915,54.5
1400.9256736831292,54.5
1408.248331272053,54.5
1415.6092644919916,54.5
1423.0086734101894,54.5
1430.4467591396458,54.5
1437.9237238445805,54.6
1445.439770745928,54.6
1452.9951041268616,54.6
1460.589929338344,54.6
1468.224452804715,54.6
1475.898882029292,54.6
1483.6134256000173,54.6
1491.3682931951248,54.7
1499.1636955888393,54.8
1506.999844657106,54.8
1514.8769533833477,54.8
1522.7952358642551,54.8
1530.754907315605,54.8
1538.7561840781082,54.9
1546.799283623296,55.0
1554.8844245594228,55.0
1563.0118266374113,55.0
1571.181710756826,55.0
1579.3942989718767,55.0
1587.649814497453,55.1
1595.9484817151922,55.2
1604.2905261795772,55.3
1612.6761746240677,55.4
1621.1056549672617,55.4
1629.5791963190893,55.5
1638.097028987047,55.6
1646.6593844824454,55.6
1655.266495526711,55.7
1663.9185960577072,55.8
1672.6159212360947,55.9
1681.3587074517213,56.0
1690.1471923300487,56.1
1698.9816147386093,56.2
1707.8622147934998,56.4
1716.789233865905,56.5
1725.7629145886658,56.5
1734.7835008628629,56.6
1743.8512378644525,56.6
1752.9663720509295,56.7
1762.1291511680254,56.7
1771.3398242564415,56.7
1780.598641658619,56.7
1789.9058550255418,56.7
1799.2617173235774,56.7
1808.6664828413498,56.7
1818.1204071966588,56.8
1827.6237473434162,56.9
1837.1767615786375,56.8
1846.7797095494598,56.8
1856.4328522602,56.7
1866.1364520794475,56.7
1875.8907727471963,56.7
1885.6960793820124,56.7
1895.552638488241,56.7
1905.4607179632462,56.7
1915.4205871047022,56.7
1925.4325166178992,56.6
1935.4967786231095,56.5
1945.6136466629825,56.4
1955.783395709978,56.3
1966.006302173841,56.3
1976.282643909114,56.2
1986.6127002226892,56.1
1996.996751881399,56.0
2007.4350811196462,56.0
2017.927971647083,56.0
2028.4757086563097,56.0
2039.078578830634,56.0
2049.736870351861,55.9
2060.4508729081267,55.8
2071.22087770177,55.6
2082.0471774572497,55.5
2092.9300664290977,55.4
2103.8698404099196,55.3
2114.8667967384304,55.2
2125.9212343075446,55.0
2137.0334535724887,54.8
2148.2037565589744,54.7
2159.4324468714053,54.6
2170.71982970113,54.4
2182.0662118347364,54.3
2193.4719016623894,54.1
2204.937209186215,53.9
2216.4624460287228,53.8
2228.0479254412767,53.6
2239.6939623126154,53.1
2251.4008731773993,52.6
2263.168976224821,52.3
2274.9985913072546,52.1
2286.890039948944,51.9
2298.843645354747,51.8
2310.8597324189163,51.6
2322.9386277339318,51.2
2335.0806595993763,50.9
2347.2861580308577,50.8
2359.5554547689862,50.7
2371.8888832883777,50.6
2384.2867788067265,50.5
2396.7494782939148,50.3
2409.2773204811715,50.1
2421.8706458702773,49.9
2434.5297967428205,49.7
2447.2551171695004,49.5
2460.0469530194778,49.4
2472.905651969775,49.3
2485.8315635147337,49.2
2498.825038975499,49.1
2511.88643150958,48.9
2525.0160961204438,48.7
2538.2143896671673,48.6
2551.481670874133,48.5
2564.8183003407817,48.4
2578.224640551411,48.3
2591.7010558850307,48.2
2605.247912625263,48.2
2618.8655789702975,48.1
2632.5544250429093,48.1
2646.314822900502,48.1
2660.14714654523,48.0
2674.051771934164,47.9
2688.029076989506,47.8
2702.079441608862,47.7
2716.20324767557,47.6
2730.400879069075,47.5
2744.6727216753675,47.4
2759.0191633974646,47.2
2773.440594165967,47.1
2787.9374059496395,47.0
2802.509992766076,46.9
2817.1587506924047,46.8
2831.8840778760564,46.7
2846.686374545581,46.6
2861.5660430215316,46.5
2876.5234877273942,46.4
2891.5591152005823,46.2
2906.6733341034837,46.0
2921.8665552345788,46.0
2937.139191539587,46.0
2952.4916581227058,46.0
2967.9243722578863,46.1
2983.4377534001765,46.2
2999.0322231971227,46.3
3014.7082055002275,46.4
3030.466126376471,46.5
3046.306414119893,46.7
3062.229499263226,46.8
3078.2358145896155,46.9
3094.325795144359,47.0
3110.4998782467446,47.1
3126.7585035019356,47.2
3143.1021128129173,47.3
3159.5311503925072,47.3
3176.0460627754296,47.4
3192.6472988304513,47.4
3209.335309772584,47.4
3226.1105491753406,47.4
3242.973472983081,47.5
3259.924539523382,47.6
3276.9642095195077,47.7
3294.0929461029286,47.8
3311.311214825911,47.9
3328.6194836741684,48.0
3346.018223079582,48.1
3363.507905932988,48.1
3381.089007597027,48.1
3398.762005919066,48.2
3416.527381244194,48.2
3434.385616428264,48.3
3452.337196851022,48.4
3470.382610429304,48.4
3488.5223476302926,48.5
3506.7569014848486,48.5
3525.0867676009134,48.6
3543.512444176976,48.7
3562.034432015617,48.8
3580.6532345371147,48.9
3599.369357793143,49.0
3618.1833104805046,49.1
3637.095603954969,49.2
3656.1067522451726,49.2
3675.2172720665826,49.3
3694.4276828355482,49.4
3713.738506683413,49.4
3733.1502684707093,49.5
3752.6634958014215,49.6
3772.2787190373247,49.6
3791.9964713124127,49.7
3811.817288547367,49.7
3831.7417094641373,49.8
3851.7702756005806,49.9
3871.9035313251793,50.0
3892.1420238518376,50.1
3912.4863032547537,50.1
3932.936922483372,50.2
3953.4944373774106,50.3
3974.1594066819653,50.3
3994.9323920627126,50.4
4015.8139581211503,50.5
4036.8046724099613,50.6
4057.9051054484326,50.7
4079.115830737964,50.7
4100.437424777656,50.7
4121.870467079975,50.7
4143.41554018651,50.6
4165.0732296838005,50.5
4186.844124219257,50.3
4208.728815517151,50.2
4230.72789839472,50.1
4252.841970778305,50.0
4275.071633719623,49.8
4297.417491412092,49.6
4319.880151207261,49.5
4342.460223631314,49.4
4365.158322401661,49.2
4387.975064443623,49.0
4410.911069907196,48.9
4433.9669621839075,48.9
4457.1433679237725,48.8
4480.4409170523,48.7
4503.860242787635,48.6
4527.40198165776,48.6
4551.0667735177985,48.6
4574.855261567406,48.6
4598.768092368251,48.6
4622.80591586159,48.6
4646.969385385929,48.7
4671.25915769478,48.7
4695.675892974527,48.8
4720.220254862348,48.9
4744.892910464259,49.0
4769.694530373255,49.1
4794.625788687525,49.1
4819.68736302878,49.1
4844.87993456067,49.1
4870.204188007296,49.1
4895.660811671819,49.1
4921.250497455168,49.1
4946.973940874864,49.0
4972.8318410838865,48.9
4998.824900889706,48.8
5024.953826773381,48.7
5051.219328908747,48.5
5077.622121181736,48.3
5104.162921209768,48.2
5130.842450361258,48.2
5157.661433775227,48.1
5184.620600380999,48.0
5211.720682918039,47.8
5238.962417955835,47.6
5266.346545913939,47.4
5293.873811082085,47.3
5321.544961640422,47.1
5349.360749679845,47.0
5377.321931222439,46.7
5405.429266242027,46.4
5433.683518684824,46.1
5462.085456490198,45.9
5490.635851611563,45.7
5519.335480037329,45.5
5548.185121812011,45.3
5577.185561057427,45.1
5606.337585994012,44.9
5635.641988962242,44.7
5665.0995664441625,44.4
5694.7111190850455,44.3
5724.477451715144,44.3
5754.399373371566,44.3
5784.477697320285,44.3
5814.713241078208,44.2
5845.10682643542,44.1
5875.659279477514,44.1
5906.371430608045,44.1
5937.244114571097,44.1
5968.278170473975,44.2
5999.4744418100045,44.3
6030.833776481469,44.3
6062.357026822636,44.3
6094.045049622959,44.3
6125.898706150321,44.2
6157.918862174471,44.1
6190.106387990547,43.9
6222.462158442733,43.8
6254.987052948034,43.6
6287.681955520183,43.4
6320.547754793659,43.2
6353.585344047851,43.0
6386.795621231329,42.9
6420.179488986247,42.7
6453.7378546729,42.5
6487.471630394349,42.4
6521.381733021235,42.2
6555.469084216698,42.0
6589.734610461422,41.8
6624.179243078815,41.8
6658.80391826033,41.8
6693.609577090902,41.8
6728.597165574533,41.9
6763.767634659991,41.9
6799.1219402666875,41.9
6834.661043310619,41.9
6870.385909730507,42.3
6906.297510514049,42.7
6942.39682172431,43.0
6978.684824526248,43.4
7015.162505213385,43.8
7051.830855234612,44.1
7088.690871221135,44.4
7125.7435550135615,44.9
7162.989913689153,45.3
7200.430959589155,45.8
7238.067710346342,46.4
7275.901188912673,46.9
7313.932423587085,47.4
7352.162448043451,47.8
7390.59230135867,48.1
7429.22302804091,49.4
7468.055678057999,50.7
7507.091306865953,51.0
7546.330975437692,51.2
7585.775750291836,51.4
7625.426703521717,51.6
7665.284912824515,51.7
7705.351461530549,51.8
7745.627438632719,51.9
7786.113938816104,51.8
7826.81206248772,51.7
7867.722915806424,51.5
7908.847610712972,51.3
7950.187264960275,51.1
7991.743002143727,50.7
8033.515951731782,50.2
8075.507249096639,49.6
8117.718035545101,47.8
8160.149458349601,46.0
8202.80267077938,45.6
8245.67883213183,44.9
8288.77910776401,43.8
8332.104669124305,42.8
8375.656693784302,42.1
8419.436365470749,41.5
8463.444874097753,41.1
8507.683415799123,39.3
8552.153192960874,37.3
8596.855414253905,36.7
8641.791294666864,36.3
8686.962055539152,36.0
8732.36892459413,35.6
8778.01313597248,34.9
8823.895930265779,34.0
8870.018554550163,33.7
8916.382262420266,33.5
8962.988314023276,33.2
9009.83797609319,33.0
9056.932521985234,32.7
9104.273231710486,32.2
9151.861391970657,31.9
9199.698296193066,32.0
9247.785244565785,32.2
9296.12354407301,32.5
9344.714508530542,32.7
9393.559458621517,32.9
9442.659721932305,33.1
9492.016632988581,33.2
9541.631533291613,33.4
9591.505771354708,33.6
9641.64070273987,34.4
9692.037690094652,35.4
9742.698103189163,35.8
9793.623318953358,36.1
9844.814721514387,36.3
9896.27370223427,36.6
9948.001659747684,37.2
10000.0,37.9
10052.270136285486,38.2
10104.813489285681,38.4
10157.6314871081,38.7
10210.725565324987,38.9
10264.09716701231,39.0
10317.747742788988,39.2
10371.678750856474,39.4
10425.891657038128,39.5
10480.387934819217,39.4
10535.16906538697,39.4
10590.236537670813,39.3
10645.591848382772,39.2
10701.236502058211,39.1
10757.172011096769,38.9
10813.399895803414,38.7
10869.921684429703,38.4
10926.73891321545,38.2
10983.85312643042,38.0
11041.265876416248,37.7
11098.978723628681,37.3
11156.993236680037,37.3
11215.310992381786,38.0
11273.933575787378,38.7
11332.862580235347,39.1
11392.099607392682,39.5
11451.646267298307,39.9
11511.504178406769,41.1
11571.674967632372,42.3
11632.16027039332,42.9
11692.961730656129,43.5
11754.08100098034,44.1
11815.519742563505,44.6
11877.27962528627,44.9
11939.362327757724,45.0
12001.76953736107,44.9
12064.50295029953,44.8
12127.56427164241,44.7
12190.95521537136,43.7
12254.677504427105,42.4
12318.732870756214,42.0
12383.123055358106,41.5
12447.849808332432,40.8
12512.914888926687,40.0
12578.320065583976,39.3
12644.067115991029,38.6
12710.157827126544,37.8
12776.593995309939,35.9
12843.377426249857,34.0
12910.50993509343,33.5
12977.99334647565,33.1
13045.829494568892,32.6
13114.020223132724,32.2
13182.567385564074,31.2
13251.472844947652,30.2
13320.738474106534,29.6
13390.366155652993,29.2
13460.35778203982,29.0
13530.715255611682,28.5
13601.440488656775,28.1
13672.535403458849,28.0
13744.001932349513,27.1
13815.842017760702,26.2
13888.057612277411,26.3
13960.650678690825,26.4
14033.62319005172,26.5
14106.977129724035,26.6
14180.714491438697,26.7
14254.837279347976,26.7
14329.347508079869,26.7
14404.247202792812,26.8
14479.538399230763,27.4
14555.223143778607,28.1
14631.303493517702,28.4
14707.78151628175,28.6
14784.65929071304,28.8
14861.938906319014,29.1
14939.622463529,29.6
15017.712073751207,30.0
15096.209859430292,30.2
15175.117954104964,30.4
15254.438502465904,30.5
15334.173660414117,30.5
15414.325595119602,30.5
15494.896485080177,30.5
15575.88852018064,30.4
15657.303901752315,30.1
15739.1448426331,29.7
15821.413567227246,29.6
15904.112311566014,27.7
15987.243323368504,25.5
16070.808862102673,24.4
16154.811199046684,23.3
16239.252617350698,22.6
16324.135412099,22.1
16409.461890372313,21.0
16495.23437131044,19.9
16581.455186175313,19.3
16668.12667841462,18.7
16755.251203725067,18.1
