10.0,1.0
10.052270136285475,0.9
10.104813489285682,0.9
10.157631487108103,0.9
10.210725565324982,0.9
10.264097167012295,0.9
10.317747742789004,0.9
10.371678750856479,1.0
10.425891657038118,1.0
10.480387934819216,1.1
10.535169065386981,1.1
10.590236537670812,1.2
10.64559184838276,1.3
10.701236502058206,1.3
10.757172011096776,1.4
10.813399895803409,1.4
10.869921684429707,1.5
10.926738913215466,1.6
10.98385312643042,1.7
11.041265876416237,1.8
11.098978723628681,1.9
11.156993236680048,2.0
11.215310992381788,2.0
11.27393357578736,2.1
11.332862580235341,2.2
11.392099607392687,2.3
11.451646267298301,2.3
11.511504178406776,2.3
11.571674967632385,2.4
11.632160270393321,2.4
11.692961730656117,2.5
11.75408100098034,2.6
11.815519742563518,2.6
11.87727962528627,2.6
11.939362327757706,2.6
12.001769537361062,2.8
12.064502950299536,3.0
12.127564271642404,3.1
12.190955215371359,3.2
12.254677504427118,3.3
12.318732870756214,3.3
12.383123055358094,3.4
12.447849808332432,3.4
12.5129148889267,3.5
12.578320065583968,3.5
12.644067115991009,3.6
12.710157827126565,3.6
12.776593995309947,3.7
12.843377426249843,3.7
12.910509935093431,3.8
12.977993346475664,3.9
13.045829494568892,4.0
13.11402022313271,4.1
13.182567385564074,4.1
13.251472844947658,4.2
13.320738474106527,4.3
13.390366155653,4.3
13.460357782039841,4.4
13.530715255611682,4.5
13.601440488656761,4.6
13.672535403458848,4.6
13.744001932349526,4.7
13.815842017760701,4.7
13.888057612277397,4.8
13.960650678690818,4.8
14.033623190051728,4.9
14.10697712972403,4.9
14.180714491438705,5.0
14.25483727934799,5.1
14.32934750807987,5.2
14.404247202792797,5.3
14.479538399230764,5.4
14.55522314377862,5.5
14.631303493517702,5.6
14.707781516281727,5.6
14.784659290713032,5.7
14.861938906319022,5.8
14.939622463528993,5.8
15.017712073751214,5.9
15.096209859430308,5.9
15.175117954104964,6.0
15.254438502465888,6.0
15.334173660414118,6.1
15.414325595119617,6.1
15.494896485080169,6.2
15.575888520180618,6.3
15.65730390175234,6.3
15.73914484263311,6.4
15.821413567227237,6.5
15.904112311566013,6.6
15.98724332336852,6.7
16.070808862102673,6.8
16.154811199046666,6.9
16.239252617350697,7.1
16.324135412099007,7.2
16.409461890372306,7.3
16.495234371310413,7.3
16.58145518617534,7.3
16.668126678414627,7.4
16.755251203725052,7.4
16.84283113011666,7.5
16.930868837977105,7.6
17.01936672013636,7.7
17.108327181931763,7.8
17.197752641273365,7.9
17.28764552870969,7.9
17.378008287493753,8.0
17.4688433736495,8.1
17.560153256038525,8.2
17.651940416427212,8.3
17.744207349554188,8.3
17.836956563198083,8.4
17.93019057824573,8.4
18.023911928760675,8.5
18.118123162052047,8.5
18.21282683874379,8.6
18.30802553284428,8.6
18.403721831816252,8.7
18.499918336647156,8.8
18.59661766191982,9.0
18.69382243588356,9.1
18.791535300525574,9.2
18.889758911642755,9.3
18.98849593891389,9.4
19.08774906597221,9.4
19.187520990478333,9.5
19.287814424193606,9.6
19.388632093053765,9.6
19.48997673724305,9.7
19.591851111268685,9.7
19.69425798403576,9.8
19.79720013892245,9.8
19.90068037385568,9.9
20.004701501387192,9.9
20.109266348769967,10.0
20.214377758035074,10.1
20.320038586068932,10.2
20.426251704690927,10.3
20.533020000731486,10.4
20.64034637611054,10.5
20.748233747916412,10.6
20.856685048485062,10.7
20.965703225479817,10.8
21.075291241971485,10.8
21.185452076518878,10.9
21.296188723249774,11.0
21.407504191942323,11.1
21.519401508106792,11.2
21.631883713067854,11.3
21.744953864047204,11.3
21.858615034246718,11.4
21.972870312931903,11.4
22.087722805515906,11.5
22.203175633643916,11.6
22.319231935278008,11.7
22.435894864782412,11.7
22.553167593009288,11.8
22.671053307384867,11.9
22.789555211996095,12.0
22.908676527677724,12.1
23.028420492099883,12.2
23.148790359856015,12.2
23.26978940255137,12.3
23.391420908891938,12.4
23.51368818477381,12.5
23.63659455337303,12.6
23.760143355235964,12.6
23.884337948370025,12.7
24.009181708334992,12.7
24.134678028334722,12.8
24.260830319309434,12.9
24.387642010028344,13.0
24.515116547182902,13.1
24.64325739548046,13.2
24.772068037738443,13.2
24.901551974979007,13.3
25.031712726524198,13.4
25.162553830091625,13.4
25.294078841890578,13.5
25.426291336718684,13.6
25.559194908059133,13.6
25.692793168178262,13.7
25.827089748223784,13.8
25.96208829832347,14.0
26.097792487684362,14.1
26.234206004692496,14.2
26.371332557013133,14.3
26.5091758716916,14.4
26.647739695254497,14.4
26.787027793811582,14.5
26.9270439531581,14.6
27.06779197887776,14.6
27.209275696446046,14.7
27.351498951334275,14.8
27.494465609114105,14.9
27.638179555562576,15.0
27.782644696767733,15.1
27.92786495923483,15.2
28.07384428999299,15.3
28.220586656702505,15.4
28.368096047762684,15.4
28.516376472420284,15.5
28.66543196087842,15.6
28.815266564406134,15.7
28.965884355448516,15.7
29.11728942773738,15.8
29.26948589640251,15.8
29.42247789808359,15.9
29.57626959104251,16.1
29.730865155276486,16.2
29.88626879263161,16.3
30.04248472691713,16.4
30.19951720402016,16.5
30.357370492021133,16.5
30.516048881309793,16.6
30.675556684701824,16.7
30.835898237556027,16.8
30.99707789789224,16.9
31.15910004650967,17.0
31.321969087106055,17.1
31.485689446397288,17.2
31.650265574237824,17.2
31.815701943741516,17.3
31.98200305140326,17.4
32.14917341722119,17.4
32.31721758481955,17.5
32.486140121572134,17.5
32.655945618726484,17.6
32.82663869152868,17.7
32.99822397934869,17.8
33.170706145806605,17.9
33.34408987889928,18.0
33.51837989112781,18.1
33.69358091962557,18.2
33.86969772628702,18.3
34.04673509789711,18.4
34.224697846261364,18.5
34.40359080833668,18.5
34.58341884636283,18.6
34.764186847994516,18.6
34.94589972643436,18.7
35.12856242056629,18.7
35.312179895089876,18.8
35.496757140655234,18.9
35.68229917399868,19.0
35.86881103807908,19.2
36.05629780221492,19.4
36.24476456222205,19.5
36.434216440552284,19.6
36.6246585864325,19.6
36.81609617600466,19.7
37.00853441246656,19.7
37.2019785262131,19.8
37.39643377497855,19.8
37.591905443979435,19.9
37.788398846058186,20.0
37.985919321827524,20.1
38.184472239815605,20.3
38.384062996612016,20.4
38.584697017014335,20.5
38.786379754175634,20.6
38.98911668975273,20.7
39.1929133340551,20.8
39.39777522619469,20.8
39.60370793423646,20.9
39.810717055349734,21.0
40.0188082159603,21.1
40.227987071903335,21.2
40.43825930857721,21.2
40.64963064109788,21.3
40.8621068144543,21.3
41.075693603664625,21.4
41.29039681393302,21.5
41.506222280807584,21.6
41.72317587033889,21.7
41.94126347923944,21.8
42.16049103504393,21.9
42.38086449627034,22.1
42.60238985258197,22.2
42.825073124950116,22.3
43.04892036581776,22.4
43.27393765926414,22.4
43.500131121170035,22.5
43.727506899384,22.6
43.956071173889484,22.7
44.18583015697281,22.8
44.416790093392,23.0
44.648957260546474,23.1
44.88233796864779,23.2
45.116938560890986,23.3
45.35276541362708,23.4
45.58982493653644,23.4
45.82812357280281,23.5
46.067667799288614,23.6
46.308464126710895,23.7
46.55051909981832,23.7
46.793839297569036,23.8
47.03843133330949,23.9
47.28430185495417,24.1
47.531457545166376,24.2
47.77990512153967,24.3
48.02965133678067,24.4
48.28070297889241,24.4
48.53306687135893,24.5
48.78674987333074,24.6
49.041758879811184,24.6
49.298100821843896,24.7
49.55578266670119,24.8
49.81481141807335,24.9
50.07519411625915,25.0
50.336937838356974,25.1
50.60004969845742,25.3
50.86453684783644,25.4
51.13040647514984,25.5
51.39766580662862,25.6
51.66632210627541,25.7
51.93638267606184,25.8
52.20785485612707,25.9
52.48074602497726,25.9
52.75506359968615,26.0
53.030815036096584,26.1
53.308007829023246,26.2
53.58664951245627,26.3
53.866747659766084,26.4
54.148309883909214,26.5
54.431343837635225,26.7
54.7158572136947,26.8
55.00185774504835,26.9
55.28935320507712,27.0
55.57835140779364,27.1
55.86886020805435,27.2
56.160887501773274,27.3
56.45444122613637,27.3
56.74952935981742,27.3
57.04615992319485,27.4
57.34434097856969,27.5
57.64408063038476,27.7
57.94538702544487,27.8
58.24826835313831,27.9
58.552732845659456,27.9
58.85878877823242,28.0
59.166444469336014,28.1
59.475708280929936,28.1
59.786588618681876,28.2
60.0990939321961,28.3
60.41323271524305,28.4
60.72901350599024,28.4
61.046444887234294,28.5
61.365535486634215,28.6
61.686293976945976,28.7
62.008729076258064,28.8
62.332849548228545,28.9
62.658664202323344,29.0
62.98618189405547,29.1
63.315411525225876,29.2
63.64636204416533,29.2
63.979042445977655,29.3
64.31346177278421,29.4
64.64962911396958,29.5
64.98755360642885,29.6
65.32724443481563,29.6
65.66871083179183,29.7
66.01196207827876,29.8
66.35700750370908,29.9
66.7038564862806,30.0
67.05251845321108,30.1
67.40300288099445,30.1
67.75531929565844,30.2
68.1094772730234,30.3
68.46548643896274,30.4
68.82335646966433,30.5
69.18309709189363,30.6
69.54471808325809,30.6
69.90822927247277,30.7
70.27364053962762,30.8
70.6409618164559,30.9
71.01020308660422,30.9
71.38137438590384,30.9
71.75448580264342,31.0
72.12954747784322,31.0
72.50656960553087,31.0
72.88556243301818,31.1
73.26653626117992,31.2
73.64950144473359,31.3
74.03446839252094,31.3
74.42144756779092,31.4
74.810449488484,31.5
75.20148472751808,31.6
75.59456391307583,31.7
75.98969772889355,31.8
76.38689691455168,31.9
76.78617226576647,32.0
77.18753463468363,32.0
77.59099493017311,32.1
77.99656411812569,32.1
78.404253221751,32.2
78.8140733218772,32.3
79.226035557252,32.3
79.64015112484554,32.3
80.05643128015467,32.4
80.47488733750892,32.4
80.89553067037787,32.5
81.31837271168051,32.6
81.74342495409579,32.7
82.170698950375,32.7
82.60020631365589,32.8
83.03195871777821,33.0
83.46596789760103,33.1
83.90224564932171,33.1
84.34080383079642,33.1
84.78165436186265,33.1
85.22480922466286,33.1
85.67028046397054,33.2
86.11808018751721,33.3
86.56822056632171,33.3
87.020713835021,33.4
87.47557229220259,33.4
87.93280830073893,33.5
88.39243428812335,33.5
88.85446274680783,33.5
89.31890623454267,33.5
89.78577737471758,33.6
90.25508885670492,33.6
90.72685343620469,33.7
91.20108393559097,33.7
91.67779324426061,33.8
92.15699431898352,33.8
92.63870018425483,33.8
93.12292393264887,33.8
93.60967872517497,33.8
94.09897779163542,33.8
94.5908344309847,33.9
95.0852620116911,34.0
95.58227397210023,34.0
96.08188382079996,34.0
96.5841051369878,34.0
97.08895157083991,34.0
97.59643684388209,34.0
98.10657474936274,34.0
98.61937915262773,34.0
99.13486399149741,34.2
99.65304327664518,34.3
100.17393109197839,34.3
100.69754159502135,34.3
101.22388901729977,34.3
101.75298766472777,34.3
102.28485191799675,34.3
102.81949623296607,34.3
103.35693514105618,34.3
103.89718324964329,34.3
104.44025524245698,34.3
104.98616587997819,34.3
105.53492999984189,34.3
106.08656251723878,34.3
106.64107842532215,34.3
107.19849279561431,34.3
107.75882077841675,34.3
108.32207760322176,34.3
108.88827857912626,34.3
109.45743909524856,34.3
110.02957462114523,34.3
110.60470070723336,34.3
111.18283298521138,34.3
111.76398716848561,34.3
112.3481790525961,34.3
112.93542451564652,34.3
113.5257395187356,34.3
114.11914010639099,34.3
114.71564240700522,34.3
115.3152626332741,34.3
115.91801708263789,34.3
116.52392213772293,34.3
117.13299426678874,34.3
117.74525002417371,34.3
118.36070605074681,34.3
118.97937907435858,34.3
119.60128591029638,34.3
120.22644346174131,34.3
120.85486872022751,34.3
121.4865787661046,34.3
122.12159076900052,34.3
122.75992198829012,34.3
123.40158977356222,34.3
124.04661156509306,34.2
124.69500489431896,34.1
125.34678738431336,34.0
126.00197675026583,34.0
126.6605907999634,34.0
127.3226474342747,34.0
127.98816464763628,34.0
128.6571605285424,34.0
129.32965326003517,34.0
130.00566112020084,34.0
130.68520248266435,34.0
131.36829581709074,34.0
132.05495968968575,34.0
132.74521276370103,34.0
133.43907379994133,33.9
134.1365616572744,33.8
134.83769529314347,33.8
135.54249376408254,33.8
136.25097622623485,33.8
136.96316193587217,33.8
137.67907024992007,33.8
138.39872062648203,33.8
139.1221326253702,33.8
139.84932590863562,33.8
140.58032024110324,33.7
141.31513549090906,33.6
142.05379163003997,33.6
142.7963087348772,33.6
143.5427069867405,33.6
144.29300667243896,33.6
145.04722818481977,33.6
145.80539202332486,33.6
146.56751879454652,33.6
147.333629212788,33.6
148.1037441006266,33.6
148.87788438947953,33.6
149.65607112017267,33.5
150.43832544351253,33.5
151.2246686208618,33.5
152.01512202471548,33.5
152.80970713928414,33.5
153.6084455610754,33.5
154.41135899948313,33.5
155.218469277376,33.5
156.02979833169113,33.5
156.8453682140304,33.5
157.66520109125955,33.5
158.48931924611142,33.5
159.3177450777899,33.5
160.15050110258113,33.4
160.9876099544629,33.4
161.82909438572216,33.3
162.67497726757185,33.3
163.52528159077312,33.3
164.38003046626017,33.3
165.23924712576837,33.3
166.1029549224657,33.2
166.97117733158728,33.1
167.8439379510743,33.1
168.72126050221348,33.1
169.60316883028446,33.1
170.48968690520502,33.1
171.38083882218535,33.1
172.27664880238083,33.1
173.17714119355136,33.1
174.08234047072295,33.1
174.99227123685273,33.1
175.9069582234984,33.1
176.82642629148881,33.1
177.75070043160196,33.1
178.67980576524164,33.1
179.61376754512278,33.1
180.55261115595593,33.1
181.49636211513797,33.1
182.44504607344558,33.1
183.39868881573247,33.0
184.35731626163007,32.9
185.3209544662519,32.8
186.28962962090262,32.8
187.26336805378796,32.8
188.24219623073301,32.8
189.2261407558986,32.8
190.21522837250714,32.8
191.20948596356752,32.8
192.20894055260666,32.8
193.21361930440384,32.8
194.22354952572874,32.8
195.2387586660848,32.8
196.25927431845295,32.8
197.28512422004457,32.8
198.31633625305224,32.8
199.35293844541056,32.8
200.39495897155572,32.8
201.4424261531923,32.8
202.4953684600627,32.8
203.55381451072122,32.8
204.6177930733116,32.7
205.6873330663489,32.6
206.76246355950653,32.6
207.84321377440395,32.6
208.92961308540407,32.6
210.02169102040844,32.6
211.11947726166272,32.6
212.22300164656127,32.6
213.33229416845913,32.6
214.447384977487,32.6
215.5683043813707,32.6
216.69508284625502,32.6
217.8277509975314,32.6
218.9663396206716,32.6
220.1108796620618,32.6
221.26140222984722,32.6
222.41793859477394,32.6
223.5805201910423,32.6
224.74917861715863,32.6
225.9239456367954,32.6
227.10485317965416,32.6
228.29193334233327,32.6
229.48521838920135,32.6
230.68474075327168,32.6
231.89053303708724,32.5
233.102628013603,32.4
234.32105862708036,32.4
235.5458579939798,32.4
236.77705940386227,32.4
238.0146963202937,32.4
239.25880238175446,32.4
240.50941140255387,32.4
241.76655737374873,32.4
243.03027446406858,32.4
244.30059702084168,32.4
245.57755957093218,32.4
246.86119682167464,32.4
248.1515436618211,32.4
249.44863516248657,32.3
250.75250657810346,32.3
252.0631933473797,32.3
253.3807310942614,32.3
254.7051556289027,32.3
256.03650294863604,32.3
257.3748092389545,32.3
258.72011087449107,32.3
260.0724444200114,32.3
261.4318466314045,32.2
262.79835445668317,32.2
264.17200503698814,32.1
265.5528357075972,32.1
266.94088399894025,32.0
268.336187637619,31.9
269.7387845474336,31.9
271.1487128504106,31.9
272.56601086784315,31.9
273.9907171213279,31.9
275.4228703338166,31.8
276.86250943066517,31.7
278.30967354069315,31.6
279.764401997247,31.6
281.2267343392687,31.6
282.6967103123723,31.6
284.1743698699204,31.5
285.65975317411466,31.5
287.152900597083,31.4
288.6538527219809,31.4
290.16265034409145,31.4
291.67933447193553,31.4
293.203946328386,31.4
294.7365273517884,31.4
296.27711919708696,31.4
297.8257637369567,31.4
299.38250306294265,31.4
300.947379486601,31.4
302.52043554065347,31.3
304.1017139801383,31.3
305.69125778357716,31.2
307.2891101541398,31.2
308.8953145208197,31.2
310.5099145396145,31.2
312.1329540947119,31.2
313.76447729968413,31.2
315.40452849868336,31.2
317.0531522676519,31.2
318.71039341552853,31.2
320.3762969854716,31.2
322.05090825607795,31.2
323.7342727426186,31.2
325.4264361982722,31.2
327.1274446153702,31.2
328.83734422664674,31.2
330.55618150649445,31.2
332.28400317222986,31.2
334.02085618535915,31.2
335.76678775285944,31.2
337.52184532845695,31.1
339.28607661392135,31.0
341.0595295603587,31.0
342.84225236951676,31.0
344.63429349509414,31.0
346.4357016440579,31.0
348.24652577796684,31.0
350.06681511430224,31.0
351.8966191278073,31.0
353.7359875518278,31.0
355.5849703796693,30.9
357.44361786595016,30.9
359.3119805279728,30.9
361.1901091470929,30.9
363.0780547701014,30.9
364.9758687106112,30.9
366.8836025504522,30.8
368.80130814107446,30.7
370.72903760495365,30.7
372.66684333701346,30.7
374.6147780060434,30.7
376.57289455613636,30.7
378.54124620812286,30.6
380.5198864610201,30.5
382.50886909348526,30.5
384.5082481652772,30.5
386.51807801872604,30.5
388.53841328020957,30.5
390.56930886163985,30.4
392.6108199619517,30.3
394.6630020686084,30.2
396.7259109591041,30.2
398.7996027024853,30.1
400.8841336608706,30.0
402.9795604909844,29.9
405.0859401456969,29.9
407.20332987557106,29.8
409.331787230421,29.8
411.4713700608718,29.8
413.6221365199375,29.8
415.78414506459575,29.8
417.95745445738237,29.7
420.1421237679842,29.7
422.33821237484636,29.7
424.5457799667861,29.6
426.76488654461485,29.5
428.9955924227691,29.5
431.23795823094935,29.5
433.49204491576995,29.5
435.7579137424112,29.5
438.0356262962907,29.5
440.3252444847303,29.5
442.62683053864555,29.6
444.9404470142319,29.6
447.2661567946673,29.7
449.60402309182115,29.7
451.9541094479714,29.7
454.3164797375345,29.7
456.6911981687959,29.7
459.0783292856624,29.7
461.4779379694089,29.8
463.89008944044906,29.8
466.31484926010245,29.9
468.7522833323791,29.9
471.20245790577025,30.0
473.6654395750488,30.0
476.14129528307956,30.0
478.630092322638,30.1
481.1318983382419,30.1
483.6467813279844,30.2
486.1748096453894,30.2
488.7160520012619,30.3
491.27057746556244,30.4
493.8384554692794,30.5
496.4197558063182,30.6
499.01454863539806,30.7
501.6229044819588,30.8
504.24489424007766,30.9
506.88058917439554,30.9
509.53006092205686,30.9
512.1933814946506,31.0
514.8706232801756,31.0
517.5618590449992,31.0
520.2671619358439,31.0
522.9866054817683,31.0
525.7202635961694,30.9
528.4682105787901,30.9
531.230521117739,30.9
534.0072702915224,30.7
536.7985335710792,30.3
539.6043868218401,30.3
542.4249063057814,30.3
545.2601686835053,30.3
548.1102510163182,30.2
550.9752307683272,30.1
553.8551858085453,30.0
556.7501944130083,29.9
559.6603352669016,29.9
562.5856874666987,29.8
565.5263305223134,29.8
568.4823443592555,29.8
571.4538093208106,29.8
574.4408061702153,29.8
577.4434160928608,29.8
580.4617206984933,29.8
583.4958020234345,29.8
586.5457425328113,29.8
589.6116251227962,29.8
592.6935331228639,29.8
595.7915502980484,29.9
598.9057608512304,30.0
602.0362494254149,30.0
605.1831011060411,30.0
608.3464014232891,30.0
611.5262363544065,30.0
614.7226923260454,30.1
617.9358562166111,30.2
621.1658153586235,30.2
624.4126575410903,30.2
627.6764710118958,30.2
630.957344480193,30.2
634.2553671188238,30.2
637.5706285667327,30.3
640.9032189314127,30.4
644.2532287913472,30.4
647.6207491984753,30.5
651.0058716806659,30.6
654.4086882442045,30.7
657.8292913762976,30.7
661.2677740475787,30.7
664.7242297146454,30.7
668.1987523225889,30.8
671.6914363075575,30.9
675.2023765993158,30.9
678.7316686238282,30.9
682.2794083058518,31.0
685.8456920715438,31.0
689.4306168510824,31.0
693.0342800813003,31.0
696.6567797083366,31.1
700.2982141902914,31.1
703.9586824999124,31.2
707.6382841272731,31.3
711.3371190824884,31.3
715.0552878984242,31.4
718.7928916334344,31.5
722.5500318741055,31.5
726.3268107380181,31.6
730.123330876526,31.6
733.9396954775374,31.6
737.7760082683312,31.6
741.6323735183645,31.7
745.508896042117,31.8
749.4056812019327,31.9
753.3228349108862,32.0
757.2604636356614,32.0
761.2186743994453,32.1
765.1975747848361,32.1
769.1972729367671,32.1
773.2178775654501,32.2
777.2594979493206,32.3
781.3222439380205,32.3
785.406225955371,32.3
789.5115550023859,32.3
793.6383426602791,32.3
797.7867010935024,32.3
801.9567430527921,32.3
806.1485818782347,32.3
810.3623315023465,32.4
814.59810645317,32.4
818.8560218573906,32.5
823.1361934434566,32.6
827.4387375447371,32.6
831.7637711026708,32.7
836.1114116699566,32.7
840.4817774137397,32.8
844.8749871188272,32.8
849.2911601909162,32.8
853.7304166598383,32.8
858.1928771828257,32.8
862.6786630477819,32.8
867.1878961765907,33.0
871.7206991284164,33.1
876.2771951030477,33.1
880.8575079442367,33.1
885.4617621430697,33.1
890.0900828413493,33.1
894.742595834996,33.1
899.4194275774676,33.1
904.1207051831946,33.1
908.8465564310401,33.2
913.5971097677627,33.2
918.3724943115215,33.2
923.1728398553701,33.2
927.998276870799,33.2
932.8489365112713,33.2
937.7249506157918,33.2
942.6264517124897,33.2
947.5535730222193,33.2
952.5064484621864,33.2
957.4852126495767,33.3
962.4900009052299,33.3
967.5209492573013,33.3
972.5781944449744,33.3
977.6618739221665,33.4
982.772125861269,33.4
987.9090891569025,33.4
993.0729034296917,33.4
998.26370903006,33.4
1003.4816470420445,33.4
1008.7268592871307,33.4
1013.9994883281055,33.4
1019.2996774729368,33.5
1024.627570778662,33.6
1029.9833130553077,33.6
1035.3670498698243,33.6
1040.778927550043,33.6
1046.219093188652,33.6
1051.687694647196,33.6
1057.1848805600926,33.6
1062.7108003386745,33.6
1068.2656041752484,33.6
1073.849443047181,33.6
1079.4624687209969,33.7
1085.104833756507,33.8
1090.7766915109553,33.8
1096.4781961431852,33.8
1102.2095026178308,33.8
1107.9707667095288,33.8
1113.7621450071517,33.8
1119.5837949180645,33.8
1125.4358746724013,33.8
1131.3185433273702,33.8
1137.231960771571,33.8
1143.1762877293438,33.8
1149.1516857651375,33.8
1155.1583172879002,33.8
1161.1963455554942,33.8
1167.2659346791324,33.8
1173.3672496278396,33.9
1179.5004562329357,33.9
1185.6657211925422,34.0
1191.8632120761172,34.0
1198.0930973290035,34.0
1204.355546277011,34.0
1210.650729131018,34.0
1216.9788169915967,34.0
1223.3399818536654,34.0
1229.7343966111616,33.9
1236.162235061742,33.9
1242.6236719115057,33.9
1249.1188827797416,33.9
1255.6480442037073,34.0
1262.2113336434193,34.0
1268.8089294864806,34.1
1275.4410110529293,34.1
1282.1077586001115,34.2
1288.8093533275808,34.2
1295.5459773820237,34.3
1302.3178138622095,34.3
1309.1250468239675,34.3
1315.967861285188,34.3
1322.8464432308563,34.3
1329.7609796180998,34.3
1336.7116583812742,34.3
1343.6986684370715,34.3
1350.7221996896535,34.2
1357.782443035813,34.1
1364.879590370164,34.0
1372.0138345903551,34.0
1379.1853696023147,34.0
1386.3943903255179,34.0
1393.6410926982915,34.0
1400.9256736831292,34.0
1408.248331272053,34.0
1415.6092644919916,34.0
1423.0086734101894,33.9
1430.4467591396458,33.8
1437.9237238445805,33.8
1445.439770745928,33.8
1452.9951041268616,33.8
1460.589929338344,33.8
1468.224452804715,33.8
1475.898882029292,33.8
1483.6134256000173,33.8
1491.3682931951248,33.7
1499.1636955888393,33.7
1506.999844657106,33.6
1514.8769533833477,33.6
1522.7952358642551,33.6
1530.754907315605,33.6
1538.7561840781082,33.6
1546.799283623296,33.6
1554.8844245594228,33.6
1563.0118266374113,33.6
1571.181710756826,33.6
1579.3942989718767,33.6
1587.649814497453,33.6
1595.9484817151922,33.5
1604.2905261795772,33.5
1612.6761746240677,33.5
1621.1056549672617,33.5
1629.5791963190893,33.5
1638.097028987047,33.5
1646.6593844824454,33.4
1655.266495526711,33.3
1663.9185960577072,33.2
1672.6159212360947,33.2
1681.3587074517213,33.1
1690.1471923300487,33.1
1698.9816147386093,33.1
1707.8622147934998,33.0
1716.789233865905,32.9
1725.7629145886658,32.8
1734.7835008628629,32.7
1743.8512378644525,32.6
1752.9663720509295,32.6
1762.1291511680254,32.5
1771.3398242564415,32.4
1780.598641658619,32.3
1789.9058550255418,32.2
1799.2617173235774,32.2
1808.6664828413498,32.1
1818.1204071966588,32.0
1827.6237473434162,32.0
1837.1767615786375,31.9
1846.7797095494598,31.8
1856.4328522602,31.7
1866.1364520794475,31.6
1875.8907727471963,31.4
1885.6960793820124,31.3
1895.552638488241,31.2
1905.4607179632462,31.1
1915.4205871047022,31.0
1925.4325166178992,30.9
1935.4967786231095,30.9
1945.6136466629825,30.8
1955.783395709978,30.7
1966.006302173841,30.6
1976.282643909114,30.5
1986.6127002226892,30.3
1996.996751881399,30.2
2007.4350811196462,30.1
2017.927971647083,30.0
2028.4757086563097,29.8
2039.078578830634,29.6
2049.736870351861,29.4
2060.4508729081267,29.2
2071.22087770177,29.0
2082.0471774572497,28.8
2092.9300664290977,28.7
2103.8698404099196,28.6
2114.8667967384304,28.5
2125.9212343075446,28.4
2137.0334535724887,28.3
2148.2037565589744,28.3
2159.4324468714053,28.2
2170.71982970113,28.2
2182.0662118347364,28.1
2193.4719016623894,28.0
2204.937209186215,27.9
2216.4624460287228,27.7
2228.0479254412767,27.7
2239.6939623126154,27.6
2251.4008731773993,27.4
2263.168976224821,27.2
2274.9985913072546,27.1
2286.890039948944,27.0
2298.843645354747,26.9
2310.8597324189163,26.7
2322.9386277339318,26.6
2335.0806595993763,26.4
2347.2861580308577,26.2
2359.5554547689862,26.0
2371.8888832883777,25.8
2384.2867788067265,25.7
2396.7494782939148,25.6
2409.2773204811715,25.5
2421.8706458702773,25.5
2434.5297967428205,25.4
2447.2551171695004,25.4
2460.0469530194778,25.3
2472.905651969775,25.3
2485.8315635147337,25.2
2498.825038975499,25.2
2511.88643150958,25.1
2525.0160961204438,25.1
2538.2143896671673,25.0
2551.481670874133,24.9
2564.8183003407817,24.9
2578.224640551411,24.8
2591.7010558850307,24.8
2605.247912625263,24.8
2618.8655789702975,24.8
2632.5544250429093,24.7
2646.314822900502,24.7
2660.14714654523,24.7
2674.051771934164,24.7
2688.029076989506,24.7
2702.079441608862,24.7
2716.20324767557,24.6
2730.400879069075,24.5
2744.6727216753675,24.4
2759.0191633974646,24.3
2773.440594165967,24.3
2787.9374059496395,24.2
2802.509992766076,24.1
2817.1587506924047,24.0
2831.8840778760564,23.9
2846.686374545581,23.8
2861.5660430215316,23.8
2876.5234877273942,23.7
2891.5591152005823,23.6
2906.6733341034837,23.6
2921.8665552345788,23.5
2937.139191539587,23.5
2952.4916581227058,23.5
2967.9243722578863,23.5
2983.4377534001765,23.5
2999.0322231971227,23.5
3014.7082055002275,23.5
3030.466126376471,23.5
3046.306414119893,23.5
3062.229499263226,23.5
3078.2358145896155,23.5
3094.325795144359,23.5
3110.4998782467446,23.5
3126.7585035019356,23.5
3143.1021128129173,23.5
3159.5311503925072,23.5
3176.0460627754296,23.5
3192.6472988304513,23.5
3209.335309772584,23.4
3226.1105491753406,23.2
3242.973472983081,23.0
3259.924539523382,22.9
3276.9642095195077,22.9
3294.0929461029286,22.8
3311.311214825911,22.7
3328.6194836741684,22.6
3346.018223079582,22.6
3363.507905932988,22.6
3381.089007597027,22.6
3398.762005919066,22.6
3416.527381244194,22.5
3434.385616428264,22.4
3452.337196851022,22.2
3470.382610429304,22.2
3488.5223476302926,22.1
3506.7569014848486,22.1
3525.0867676009134,22.0
3543.512444176976,22.0
3562.034432015617,22.1
3580.6532345371147,22.1
3599.369357793143,22.2
3618.1833104805046,22.3
3637.095603954969,22.5
3656.1067522451726,22.6
3675.2172720665826,22.9
3694.4276828355482,23.1
3713.738506683413,23.5
3733.1502684707093,23.8
3752.6634958014215,24.0
3772.2787190373247,24.2
3791.9964713124127,24.3
3811.817288547367,24.8
3831.7417094641373,25.7
3851.7702756005806,26.1
3871.9035313251793,26.3
3892.1420238518376,26.4
3912.4863032547537,26.6
3932.936922483372,26.8
3953.4944373774106,26.9
3974.1594066819653,27.0
3994.9323920627126,27.0
4015.8139581211503,27.1
4036.8046724099613,27.0
4057.9051054484326,26.9
4079.115830737964,26.8
4100.437424777656,26.7
4121.870467079975,26.6
4143.41554018651,26.5
4165.0732296838005,26.4
4186.844124219257,26.1
4208.728815517151,25.9
4230.72789839472,25.8
4252.841970778305,25.7
4275.071633719623,25.6
4297.417491412092,25.5
4319.880151207261,25.2
4342.460223631314,24.9
4365.158322401661,24.6
4387.975064443623,24.4
4410.911069907196,24.2
4433.9669621839075,23.8
4457.1433679237725,23.3
4480.4409170523,22.9
4503.860242787635,22.6
4527.40198165776,22.3
4551.0667735177985,22.0
4574.855261567406,21.7
4598.768092368251,21.5
4622.80591586159,21.3
4646.969385385929,21.0
4671.25915769478,20.8
4695.675892974527,20.6
4720.220254862348,20.4
4744.892910464259,20.1
4769.694530373255,19.9
4794.625788687525,19.7
4819.68736302878,19.4
4844.87993456067,19.1
4870.204188007296,18.8
4895.660811671819,18.3
4921.250497455168,18.0
4946.973940874864,17.9
4972.8318410838865,17.6
4998.824900889706,17.2
5024.953826773381,16.9
5051.219328908747,16.7
5077.622121181736,16.5
5104.162921209768,16.4
5130.842450361258,16.5
5157.661433775227,16.7
5184.620600380999,16.8
5211.720682918039,16.9
5238.962417955835,17.1
5266.346545913939,17.2
5293.873811082085,17.2
5321.544961640422,17.3
5349.360749679845,17.3
5377.321931222439,17.3
5405.429266242027,17.3
5433.683518684824,17.2
5462.085456490198,17.1
5490.635851611563,17.0
5519.335480037329,17.0
5548.185121812011,16.9
5577.185561057427,16.9
5606.337585994012,16.9
5635.641988962242,17.0
5665.0995664441625,17.1
5694.7111190850455,17.4
5724.477451715144,17.9
5754.399373371566,18.3
5784.477697320285,18.6
5814.713241078208,18.8
5845.10682643542,19.1
5875.659279477514,19.3
5906.371430608045,19.5
5937.244114571097,19.5
5968.278170473975,19.8
5999.4744418100045,20.2
6030.833776481469,20.5
6062.357026822636,20.7
6094.045049622959,20.8
6125.898706150321,20.9
6157.918862174471,20.9
6190.106387990547,21.1
6222.462158442733,21.2
6254.987052948034,21.2
6287.681955520183,21.2
6320.547754793659,21.1
6353.585344047851,21.1
6386.795621231329,21.0
6420.179488986247,21.0
6453.7378546729,20.9
6487.471630394349,20.9
6521.381733021235,20.9
6555.469084216698,20.9
6589.734610461422,20.9
6624.179243078815,20.9
6658.80391826033,20.8
6693.609577090902,20.7
6728.597165574533,20.6
6763.767634659991,20.6
6799.1219402666875,20.5
6834.661043310619,20.5
6870.385909730507,20.4
6906.297510514049,20.2
6942.39682172431,20.0
6978.684824526248,19.8
7015.162505213385,19.7
7051.830855234612,19.6
7088.690871221135,19.0
7125.7435550135615,18.4
7162.989913689153,18.1
7200.430959589155,17.8
7238.067710346342,17.5
7275.901188912673,17.2
7313.932423587085,16.8
7352.162448043451,16.4
7390.59230135867,16.0
7429.22302804091,15.7
7468.055678057999,15.8
7507.091306865953,15.8
7546.330975437692,15.9
7585.775750291836,16.0
7625.426703521717,16.1
7665.284912824515,16.2
7705.351461530549,16.3
7745.627438632719,16.5
7786.113938816104,16.8
7826.81206248772,17.0
7867.722915806424,17.1
7908.847610712972,17.1
7950.187264960275,17.2
7991.743002143727,17.3
8033.515951731782,17.5
8075.507249096639,17.8
8117.718035545101,18.1
8160.149458349601,18.3
8202.80267077938,18.6
8245.67883213183,18.8
8288.77910776401,19.1
8332.104669124305,19.4
8375.656693784302,19.6
8419.436365470749,19.9
8463.444874097753,20.2
8507.683415799123,20.4
8552.153192960874,20.6
8596.855414253905,20.8
8641.791294666864,20.9
8686.962055539152,21.0
8732.36892459413,21.1
8778.01313597248,21.2
8823.895930265779,21.4
8870.018554550163,21.6
8916.382262420266,21.7
8962.988314023276,21.9
9009.83797609319,22.1
9056.932521985234,22.3
9104.273231710486,22.7
9151.861391970657,23.0
9199.698296193066,23.1
9247.785244565785,23.2
9296.12354407301,23.2
9344.714508530542,23.2
9393.559458621517,23.2
9442.659721932305,23.2
9492.016632988581,23.3
9541.631533291613,23.3
9591.505771354708,23.3
9641.64070273987,23.3
9692.037690094652,23.5
9742.698103189163,23.4
9793.623318953358,23.3
9844.814721514387,23.2
9896.27370223427,22.7
9948.001659747684,22.2
10000.0,22.0
10052.270136285486,21.6
10104.813489285681,21.1
10157.6314871081,20.5
10210.725565324987,19.9
10264.09716701231,18.6
10317.747742788988,17.3
10371.678750856474,16.8
10425.891657038128,16.5
10480.387934819217,16.3
10535.16906538697,16.2
10590.236537670813,16.0
10645.591848382772,15.8
10701.236502058211,15.8
10757.172011096769,16.2
10813.399895803414,16.6
10869.921684429703,16.8
10926.73891321545,17.0
10983.85312643042,17.0
11041.265876416248,17.0
11098.978723628681,17.1
11156.993236680037,17.1
11215.310992381786,17.2
11273.933575787378,17.2
11332.862580235347,16.9
11392.099607392682,16.4
11451.646267298307,16.0
11511.504178406769,15.8
11571.674967632372,15.6
11632.16027039332,15.1
11692.961730656129,14.4
11754.08100098034,13.6
11815.519742563505,12.9
11877.27962528627,12.1
11939.362327757724,11.3
12001.76953736107,10.7
12064.50295029953,9.9
12127.56427164241,9.1
12190.95521537136,8.7
12254.677504427105,8.3
12318.732870756214,7.9
12383.123055358106,7.6
12447.849808332432,7.0
12512.914888926687,6.6
12578.320065583976,7.6
12644.067115991029,9.3
12710.157827126544,10.6
12776.593995309939,13.2
12843.377426249857,15.9
12910.50993509343,16.7
12977.99334647565,17.3
13045.829494568892,18.0
13114.020223132724,19.1
13182.567385564074,19.8
13251.472844947652,20.1
13320.738474106534,20.3
13390.366155652993,20.4
13460.35778203982,20.5
13530.715255611682,20.7
13601.440488656775,20.8
13672.535403458849,20.9
13744.001932349513,20.8
13815.842017760702,20.7
13888.057612277411,20.5
13960.650678690825,20.4
14033.62319005172,20.2
14106.977129724035,19.8
14180.714491438697,19.2
14254.837279347976,18.4
14329.347508079869,16.4
14404.247202792812,12.2
14479.538399230763,10.1
14555.223143778607,11.0
14631.303493517702,13.0
14707.78151628175,15.0
14784.65929071304,15.8
14861.938906319014,16.5
14939.622463529,17.2
15017.712073751207,17.8
15096.209859430292,17.5
15175.117954104964,17.0
15254.438502465904,16.4
15334.173660414117,15.9
15414.325595119602,15.4
15494.896485080177,14.8
15575.88852018064,14.3
15657.303901752315,13.9
15739.1448426331,13.6
15821.413567227246,13.1
15904.112311566014,11.5
15987.243323368504,9.6
16070.808862102673,8.8
16154.811199046684,8.6
16239.252617350698,9.1
16324.135412099,10.1
16409.461890372313,10.5
16495.23437131044,10.8
16581.455186175313,12.1
16668.12667841462,13.4
16755.251203725067,13.9
