10.0,3.8
10.052270136285475,3.8
10.104813489285682,3.9
10.157631487108103,3.9
10.210725565324982,3.9
10.264097167012295,3.9
10.317747742789004,3.8
10.371678750856479,3.7
10.425891657038118,3.9
10.480387934819216,4.1
10.535169065386981,4.5
10.590236537670812,4.8
10.64559184838276,4.9
10.701236502058206,4.8
10.757172011096776,4.7
10.813399895803409,4.6
10.869921684429707,4.3
10.926738913215466,4.2
10.98385312643042,4.3
11.041265876416237,4.3
11.098978723628681,4.4
11.156993236680048,4.5
11.215310992381788,4.5
11.27393357578736,4.6
11.332862580235341,4.7
11.392099607392687,4.8
11.451646267298301,4.9
11.511504178406776,5.1
11.571674967632385,5.2
11.632160270393321,5.3
11.692961730656117,5.3
11.75408100098034,5.4
11.815519742563518,5.4
11.87727962528627,5.4
11.939362327757706,5.5
12.001769537361062,5.6
12.064502950299536,5.6
12.127564271642404,5.6
12.190955215371359,5.6
12.254677504427118,5.6
12.318732870756214,5.6
12.383123055358094,5.8
12.447849808332432,6.1
12.5129148889267,6.2
12.578320065583968,6.3
12.644067115991009,6.3
12.710157827126565,6.4
12.776593995309947,6.4
12.843377426249843,6.4
12.910509935093431,6.3
12.977993346475664,6.3
13.045829494568892,6.4
13.11402022313271,6.4
13.182567385564074,6.4
13.251472844947658,6.5
13.320738474106527,6.5
13.390366155653,6.6
13.460357782039841,6.6
13.530715255611682,6.7
13.601440488656761,6.8
13.672535403458848,6.8
13.744001932349526,6.9
13.815842017760701,6.9
13.888057612277397,6.9
13.960650678690818,7.0
14.033623190051728,7.1
14.10697712972403,7.2
14.180714491438705,7.2
14.25483727934799,7.3
14.32934750807987,7.3
14.404247202792797,7.4
14.479538399230764,7.4
14.55522314377862,7.5
14.631303493517702,7.6
14.707781516281727,7.6
14.784659290713032,7.6
14.861938906319022,7.7
14.939622463528993,7.7
15.017712073751214,7.7
15.096209859430308,7.7
15.175117954104964,7.8
15.254438502465888,7.9
15.334173660414118,8.0
15.414325595119617,8.0
15.494896485080169,8.1
15.575888520180618,8.2
15.65730390175234,8.2
15.73914484263311,8.3
15.821413567227237,8.4
15.904112311566013,8.4
15.98724332336852,8.5
16.070808862102673,8.6
16.154811199046666,8.6
16.239252617350697,8.7
16.324135412099007,8.7
16.409461890372306,8.7
16.495234371310413,8.7
16.58145518617534,8.8
16.668126678414627,8.8
16.755251203725052,8.8
16.84283113011666,8.9
16.930868837977105,8.9
17.01936672013636,9.0
17.108327181931763,9.1
17.197752641273365,9.2
17.28764552870969,9.3
17.378008287493753,9.3
17.4688433736495,9.4
17.560153256038525,9.5
17.651940416427212,9.6
17.744207349554188,9.7
17.836956563198083,9.7
17.93019057824573,9.7
18.023911928760675,9.7
18.118123162052047,9.8
18.21282683874379,9.8
18.30802553284428,9.9
18.403721831816252,10.0
18.499918336647156,10.1
18.59661766191982,10.1
18.69382243588356,10.1
18.791535300525574,10.1
18.889758911642755,10.1
18.98849593891389,10.1
19.08774906597221,10.1
19.187520990478333,10.2
19.287814424193606,10.3
19.388632093053765,10.3
19.48997673724305,10.4
19.591851111268685,10.5
19.69425798403576,10.6
19.79720013892245,10.6
19.90068037385568,10.7
20.004701501387192,10.8
20.109266348769967,10.8
20.214377758035074,10.8
20.320038586068932,10.8
20.426251704690927,10.8
20.533020000731486,10.9
20.64034637611054,11.0
20.748233747916412,11.1
20.856685048485062,11.1
20.965703225479817,11.2
21.075291241971485,11.2
21.185452076518878,11.3
21.296188723249774,11.3
21.407504191942323,11.3
21.519401508106792,11.4
21.631883713067854,11.5
21.744953864047204,11.5
21.858615034246718,11.5
21.972870312931903,11.5
22.087722805515906,11.5
22.203175633643916,11.7
22.319231935278008,11.8
22.435894864782412,11.9
22.553167593009288,12.0
22.671053307384867,12.1
22.789555211996095,12.1
22.908676527677724,12.2
23.028420492099883,12.2
23.148790359856015,12.2
23.26978940255137,12.2
23.391420908891938,12.2
23.51368818477381,12.3
23.63659455337303,12.3
23.760143355235964,12.4
23.884337948370025,12.4
24.009181708334992,12.5
24.134678028334722,12.6
24.260830319309434,12.6
24.387642010028344,12.7
24.515116547182902,12.7
24.64325739548046,12.7
24.772068037738443,12.7
24.901551974979007,12.7
25.031712726524198,12.8
25.162553830091625,12.9
25.294078841890578,13.0
25.426291336718684,13.0
25.559194908059133,13.1
25.692793168178262,13.2
25.827089748223784,13.2
25.96208829832347,13.3
26.097792487684362,13.3
26.234206004692496,13.3
26.371332557013133,13.3
26.5091758716916,13.4
26.647739695254497,13.4
26.787027793811582,13.5
26.9270439531581,13.5
27.06779197887776,13.6
27.209275696446046,13.6
27.351498951334275,13.7
27.494465609114105,13.7
27.638179555562576,13.7
27.782644696767733,13.8
27.92786495923483,13.8
28.07384428999299,13.8
28.220586656702505,13.9
28.368096047762684,14.0
28.516376472420284,14.0
28.66543196087842,14.1
28.815266564406134,14.1
28.965884355448516,14.2
29.11728942773738,14.4
29.26948589640251,14.5
29.42247789808359,14.5
29.57626959104251,14.5
29.730865155276486,14.5
29.88626879263161,14.5
30.04248472691713,14.6
30.19951720402016,14.7
30.357370492021133,14.8
30.516048881309793,14.9
30.675556684701824,14.9
30.835898237556027,14.9
30.99707789789224,15.0
31.15910004650967,15.0
31.321969087106055,15.0
31.485689446397288,15.0
31.650265574237824,15.0
31.815701943741516,15.1
31.98200305140326,15.2
32.14917341722119,15.3
32.31721758481955,15.3
32.486140121572134,15.4
32.655945618726484,15.4
32.82663869152868,15.4
32.99822397934869,15.4
33.170706145806605,15.4
33.34408987889928,15.4
33.51837989112781,15.5
33.69358091962557,15.6
33.86969772628702,15.7
34.04673509789711,15.8
34.224697846261364,15.9
34.40359080833668,16.0
34.58341884636283,16.0
34.764186847994516,16.0
34.94589972643436,16.0
35.12856242056629,16.0
35.312179895089876,16.0
35.496757140655234,16.1
35.68229917399868,16.1
35.86881103807908,16.1
36.05629780221492,16.2
36.24476456222205,16.2
36.434216440552284,16.3
36.6246585864325,16.3
36.81609617600466,16.3
37.00853441246656,16.4
37.2019785262131,16.5
37.39643377497855,16.6
37.591905443979435,16.6
37.788398846058186,16.7
37.985919321827524,16.8
38.184472239815605,16.8
38.384062996612016,16.8
38.584697017014335,16.8
38.786379754175634,16.9
38.98911668975273,16.9
39.1929133340551,17.0
39.39777522619469,17.1
39.60370793423646,17.2
39.810717055349734,17.2
40.0188082159603,17.2
40.227987071903335,17.2
40.43825930857721,17.2
40.64963064109788,17.3
40.8621068144543,17.3
41.075693603664625,17.3
41.29039681393302,17.3
41.506222280807584,17.3
41.72317587033889,17.3
41.94126347923944,17.4
42.16049103504393,17.4
42.38086449627034,17.5
42.60238985258197,17.7
42.825073124950116,17.8
43.04892036581776,17.8
43.27393765926414,17.9
43.500131121170035,17.9
43.727506899384,17.9
43.956071173889484,17.9
44.18583015697281,18.0
44.416790093392,18.1
44.648957260546474,18.1
44.88233796864779,18.1
45.116938560890986,18.1
45.35276541362708,18.1
45.58982493653644,18.1
45.82812357280281,18.1
46.067667799288614,18.2
46.308464126710895,18.3
46.55051909981832,18.3
46.793839297569036,18.3
47.03843133330949,18.3
47.28430185495417,18.3
47.531457545166376,18.4
47.77990512153967,18.4
48.02965133678067,18.5
48.28070297889241,18.6
48.53306687135893,18.6
48.78674987333074,18.6
49.041758879811184,18.6
49.298100821843896,18.6
49.55578266670119,18.7
49.81481141807335,18.8
50.07519411625915,18.9
50.336937838356974,19.0
50.60004969845742,19.0
50.86453684783644,19.0
51.13040647514984,19.0
51.39766580662862,19.0
51.66632210627541,19.2
51.93638267606184,19.3
52.20785485612707,19.3
52.48074602497726,19.3
52.75506359968615,19.3
53.030815036096584,19.3
53.308007829023246,19.3
53.58664951245627,19.3
53.866747659766084,19.4
54.148309883909214,19.5
54.431343837635225,19.5
54.7158572136947,19.6
55.00185774504835,19.7
55.28935320507712,19.7
55.57835140779364,19.7
55.86886020805435,19.7
56.160887501773274,19.7
56.45444122613637,19.8
56.74952935981742,19.8
57.04615992319485,19.8
57.34434097856969,19.8
57.64408063038476,19.8
57.94538702544487,19.8
58.24826835313831,19.9
58.552732845659456,20.0
58.85878877823242,20.0
59.166444469336014,20.0
59.475708280929936,20.0
59.786588618681876,20.0
60.0990939321961,20.0
60.41323271524305,20.1
60.72901350599024,20.1
61.046444887234294,20.1
61.365535486634215,20.1
61.686293976945976,20.1
62.008729076258064,20.1
62.332849548228545,20.1
62.658664202323344,20.3
62.98618189405547,20.4
63.315411525225876,20.4
63.64636204416533,20.4
63.979042445977655,20.4
64.31346177278421,20.4
64.64962911396958,20.4
64.98755360642885,20.4
65.32724443481563,20.4
65.66871083179183,20.4
66.01196207827876,20.4
66.35700750370908,20.4
66.7038564862806,20.4
67.05251845321108,20.4
67.40300288099445,20.4
67.75531929565844,20.4
68.1094772730234,20.4
68.46548643896274,20.4
68.82335646966433,20.4
69.18309709189363,20.4
69.54471808325809,20.4
69.90822927247277,20.4
70.27364053962762,20.4
70.6409618164559,20.4
71.01020308660422,20.4
71.38137438590384,20.3
71.75448580264342,20.3
72.12954747784322,20.3
72.50656960553087,20.3
72.88556243301818,20.3
73.26653626117992,20.3
73.64950144473359,20.3
74.03446839252094,20.3
74.42144756779092,20.3
74.810449488484,20.3
75.20148472751808,20.3
75.59456391307583,20.3
75.98969772889355,20.3
76.38689691455168,20.3
76.78617226576647,20.3
77.18753463468363,20.3
77.59099493017311,20.3
77.99656411812569,20.4
78.404253221751,20.4
78.8140733218772,20.4
79.226035557252,20.4
79.64015112484554,20.5
80.05643128015467,20.5
80.47488733750892,20.6
80.89553067037787,20.6
81.31837271168051,20.7
81.74342495409579,20.7
82.170698950375,20.8
82.60020631365589,20.8
83.03195871777821,20.9
83.46596789760103,20.9
83.90224564932171,21.0
84.34080383079642,21.0
84.78165436186265,21.1
85.22480922466286,21.2
85.67028046397054,21.4
86.11808018751721,21.5
86.56822056632171,21.6
87.020713835021,21.7
87.47557229220259,21.7
87.93280830073893,21.8
88.39243428812335,21.9
88.85446274680783,22.0
89.31890623454267,22.1
89.78577737471758,22.2
90.25508885670492,22.4
90.72685343620469,22.5
91.20108393559097,22.5
91.67779324426061,22.7
92.15699431898352,22.8
92.63870018425483,22.9
93.12292393264887,22.9
93.60967872517497,23.0
94.09897779163542,23.0
94.5908344309847,23.0
95.0852620116911,23.1
95.58227397210023,23.1
96.08188382079996,23.2
96.5841051369878,23.3
97.08895157083991,23.3
97.59643684388209,23.4
98.10657474936274,23.4
98.61937915262773,23.5
99.13486399149741,23.6
99.65304327664518,23.6
100.17393109197839,23.6
100.69754159502135,23.6
101.22388901729977,23.6
101.75298766472777,23.6
102.28485191799675,23.6
102.81949623296607,23.7
103.35693514105618,23.8
103.89718324964329,24.0
104.44025524245698,24.1
104.98616587997819,24.1
105.53492999984189,24.2
106.08656251723878,24.2
106.64107842532215,24.3
107.19849279561431,24.3
107.75882077841675,24.4
108.32207760322176,24.5
108.88827857912626,24.5
109.45743909524856,24.5
110.02957462114523,24.6
110.60470070723336,24.6
111.18283298521138,24.6
111.76398716848561,24.7
112.3481790525961,24.8
112.93542451564652,24.9
113.5257395187356,24.9
114.11914010639099,25.0
114.71564240700522,25.1
115.3152626332741,25.2
115.91801708263789,25.3
116.52392213772293,25.3
117.13299426678874,25.4
117.74525002417371,25.5
118.36070605074681,25.6
118.97937907435858,25.6
119.60128591029638,25.6
120.22644346174131,25.6
120.85486872022751,25.7
121.4865787661046,25.7
122.12159076900052,25.7
122.75992198829012,25.7
123.40158977356222,25.7
124.04661156509306,25.7
124.69500489431896,25.7
125.34678738431336,25.8
126.00197675026583,25.9
126.6605907999634,25.9
127.3226474342747,25.9
127.98816464763628,25.9
128.6571605285424,26.0
129.32965326003517,26.1
130.00566112020084,26.1
130.68520248266435,26.1
131.36829581709074,26.1
132.05495968968575,26.1
132.74521276370103,26.1
133.43907379994133,26.1
134.1365616572744,26.2
134.83769529314347,26.2
135.54249376408254,26.3
136.25097622623485,26.4
136.96316193587217,26.4
137.67907024992007,26.4
138.39872062648203,26.4
139.1221326253702,26.4
139.84932590863562,26.3
140.58032024110324,26.3
141.31513549090906,26.3
142.05379163003997,26.3
142.7963087348772,26.3
143.5427069867405,26.3
144.29300667243896,26.2
145.04722818481977,26.2
145.80539202332486,26.2
146.56751879454652,26.3
147.333629212788,26.3
148.1037441006266,26.4
148.87788438947953,26.4
149.65607112017267,26.4
150.43832544351253,26.5
151.2246686208618,26.5
152.01512202471548,26.5
152.80970713928414,26.5
153.6084455610754,26.5
154.41135899948313,26.5
155.218469277376,26.5
156.02979833169113,26.5
156.8453682140304,26.5
157.66520109125955,26.5
158.48931924611142,26.5
159.3177450777899,26.4
160.15050110258113,26.3
160.9876099544629,26.2
161.82909438572216,26.1
162.67497726757185,26.1
163.52528159077312,26.1
164.38003046626017,26.1
165.23924712576837,26.1
166.1029549224657,26.2
166.97117733158728,26.2
167.8439379510743,26.3
168.72126050221348,26.4
169.60316883028446,26.6
170.48968690520502,26.7
171.38083882218535,26.8
172.27664880238083,26.9
173.17714119355136,26.9
174.08234047072295,26.9
174.99227123685273,27.0
175.9069582234984,27.0
176.82642629148881,27.1
177.75070043160196,27.1
178.67980576524164,27.1
179.61376754512278,27.1
180.55261115595593,27.1
181.49636211513797,27.1
182.44504607344558,27.1
183.39868881573247,27.1
184.35731626163007,27.1
185.3209544662519,27.1
186.28962962090262,27.1
187.26336805378796,27.1
188.24219623073301,27.1
189.2261407558986,27.1
190.21522837250714,27.1
191.20948596356752,27.1
192.20894055260666,27.1
193.21361930440384,27.1
194.22354952572874,27.1
195.2387586660848,27.1
196.25927431845295,27.1
197.28512422004457,27.2
198.31633625305224,27.3
199.35293844541056,27.3
200.39495897155572,27.3
201.4424261531923,27.3
202.4953684600627,27.3
203.55381451072122,27.3
204.6177930733116,27.3
205.6873330663489,27.3
206.76246355950653,27.3
207.84321377440395,27.3
208.92961308540407,27.3
210.02169102040844,27.3
211.11947726166272,27.3
212.22300164656127,27.3
213.33229416845913,27.3
214.447384977487,27.3
215.5683043813707,27.3
216.69508284625502,27.3
217.8277509975314,27.3
218.9663396206716,27.3
220.1108796620618,27.3
221.26140222984722,27.3
222.41793859477394,27.3
223.5805201910423,27.3
224.74917861715863,27.3
225.9239456367954,27.3
227.10485317965416,27.3
228.29193334233327,27.3
229.48521838920135,27.3
230.68474075327168,27.3
231.89053303708724,27.3
233.102628013603,27.3
234.32105862708036,27.3
235.5458579939798,27.3
236.77705940386227,27.3
238.0146963202937,27.3
239.25880238175446,27.3
240.50941140255387,27.3
241.76655737374873,27.3
243.03027446406858,27.3
244.30059702084168,27.3
245.57755957093218,27.3
246.86119682167464,27.3
248.1515436618211,27.3
249.44863516248657,27.3
250.75250657810346,27.3
252.0631933473797,27.3
253.3807310942614,27.3
254.7051556289027,27.3
256.03650294863604,27.3
257.3748092389545,27.3
258.72011087449107,27.3
260.0724444200114,27.3
261.4318466314045,27.3
262.79835445668317,27.3
264.17200503698814,27.3
265.5528357075972,27.3
266.94088399894025,27.3
268.336187637619,27.3
269.7387845474336,27.3
271.1487128504106,27.2
272.56601086784315,27.2
273.9907171213279,27.1
275.4228703338166,27.1
276.86250943066517,27.1
278.30967354069315,27.1
279.764401997247,27.1
281.2267343392687,27.1
282.6967103123723,27.1
284.1743698699204,27.1
285.65975317411466,27.1
287.152900597083,27.1
288.6538527219809,27.1
290.16265034409145,27.1
291.67933447193553,27.1
293.203946328386,27.1
294.7365273517884,27.1
296.27711919708696,27.1
297.8257637369567,27.1
299.38250306294265,27.1
300.947379486601,27.1
302.52043554065347,27.1
304.1017139801383,27.1
305.69125778357716,27.1
307.2891101541398,27.1
308.8953145208197,27.1
310.5099145396145,27.1
312.1329540947119,27.0
313.76447729968413,26.9
315.40452849868336,26.9
317.0531522676519,26.9
318.71039341552853,26.9
320.3762969854716,26.9
322.05090825607795,26.9
323.7342727426186,26.9
325.4264361982722,26.9
327.1274446153702,26.9
328.83734422664674,27.0
330.55618150649445,27.1
332.28400317222986,27.1
334.02085618535915,27.1
335.76678775285944,27.1
337.52184532845695,27.1
339.28607661392135,27.2
341.0595295603587,27.3
342.84225236951676,27.3
344.63429349509414,27.3
346.4357016440579,27.3
348.24652577796684,27.3
350.06681511430224,27.3
351.8966191278073,27.3
353.7359875518278,27.3
355.5849703796693,27.2
357.44361786595016,27.2
359.3119805279728,27.1
361.1901091470929,27.1
363.0780547701014,27.2
364.9758687106112,27.3
366.8836025504522,27.3
368.80130814107446,27.3
370.72903760495365,27.3
372.66684333701346,27.3
374.6147780060434,27.3
376.57289455613636,27.3
378.54124620812286,27.3
380.5198864610201,27.3
382.50886909348526,27.3
384.5082481652772,27.3
386.51807801872604,27.3
388.53841328020957,27.3
390.56930886163985,27.3
392.6108199619517,27.3
394.6630020686084,27.3
396.7259109591041,27.3
398.7996027024853,27.3
400.8841336608706,27.3
402.9795604909844,27.3
405.0859401456969,27.3
407.20332987557106,27.3
409.331787230421,27.4
411.4713700608718,27.5
413.6221365199375,27.5
415.78414506459575,27.5
417.95745445738237,27.5
420.1421237679842,27.5
422.33821237484636,27.5
424.5457799667861,27.5
426.76488654461485,27.5
428.9955924227691,27.5
431.23795823094935,27.5
433.49204491576995,27.5
435.7579137424112,27.5
438.0356262962907,27.4
440.3252444847303,27.3
442.62683053864555,27.3
444.9404470142319,27.3
447.2661567946673,27.3
449.60402309182115,27.3
451.9541094479714,27.3
454.3164797375345,27.3
456.6911981687959,27.3
459.0783292856624,27.4
461.4779379694089,27.5
463.89008944044906,27.5
466.31484926010245,27.5
468.7522833323791,27.5
471.20245790577025,27.5
473.6654395750488,27.5
476.14129528307956,27.4
478.630092322638,27.3
481.1318983382419,27.2
483.6467813279844,27.2
486.1748096453894,27.2
488.7160520012619,27.3
491.27057746556244,27.3
493.8384554692794,27.3
496.4197558063182,27.3
499.01454863539806,27.3
501.6229044819588,27.4
504.24489424007766,27.5
506.88058917439554,27.6
509.53006092205686,27.6
512.1933814946506,27.7
514.8706232801756,27.7
517.5618590449992,27.8
520.2671619358439,27.9
522.9866054817683,27.9
525.7202635961694,27.9
528.4682105787901,27.9
531.230521117739,27.9
534.0072702915224,27.9
536.7985335710792,27.9
539.6043868218401,28.0
542.4249063057814,28.0
545.2601686835053,27.9
548.1102510163182,27.8
550.9752307683272,27.7
553.8551858085453,27.6
556.7501944130083,27.6
559.6603352669016,27.5
562.5856874666987,27.5
565.5263305223134,27.5
568.4823443592555,27.5
571.4538093208106,27.5
574.4408061702153,27.5
577.4434160928608,27.5
580.4617206984933,27.5
583.4958020234345,27.7
586.5457425328113,27.8
589.6116251227962,27.9
592.6935331228639,27.9
595.7915502980484,27.9
598.9057608512304,27.9
602.0362494254149,27.9
605.1831011060411,27.9
608.3464014232891,27.9
611.5262363544065,28.0
614.7226923260454,28.1
617.9358562166111,28.2
621.1658153586235,28.3
624.4126575410903,28.4
627.6764710118958,28.5
630.957344480193,28.5
634.2553671188238,28.5
637.5706285667327,28.5
640.9032189314127,28.5
644.2532287913472,28.5
647.6207491984753,28.5
651.0058716806659,28.5
654.4086882442045,28.5
657.8292913762976,28.5
661.2677740475787,28.6
664.7242297146454,28.6
668.1987523225889,28.6
671.6914363075575,28.6
675.2023765993158,28.6
678.7316686238282,28.5
682.2794083058518,28.5
685.8456920715438,28.5
689.4306168510824,28.6
693.0342800813003,28.6
696.6567797083366,28.6
700.2982141902914,28.7
703.9586824999124,28.7
707.6382841272731,28.7
711.3371190824884,28.8
715.0552878984242,28.9
718.7928916334344,28.9
722.5500318741055,28.9
726.3268107380181,28.9
730.123330876526,29.0
733.9396954775374,29.0
737.7760082683312,28.9
741.6323735183645,28.9
745.508896042117,28.9
749.4056812019327,29.0
753.3228349108862,29.0
757.2604636356614,29.0
761.2186743994453,29.1
765.1975747848361,29.1
769.1972729367671,29.1
773.2178775654501,29.1
777.2594979493206,29.1
781.3222439380205,29.1
785.406225955371,29.1
789.5115550023859,29.1
793.6383426602791,29.1
797.7867010935024,29.1
801.9567430527921,29.0
806.1485818782347,28.8
810.3623315023465,28.6
814.59810645317,28.6
818.8560218573906,28.6
823.1361934434566,28.5
827.4387375447371,28.4
831.7637711026708,28.3
836.1114116699566,28.3
840.4817774137397,28.2
844.8749871188272,28.1
849.2911601909162,28.1
853.7304166598383,28.0
858.1928771828257,28.0
862.6786630477819,28.1
867.1878961765907,28.1
871.7206991284164,28.2
876.2771951030477,28.2
880.8575079442367,28.3
885.4617621430697,28.3
890.0900828413493,28.4
894.742595834996,28.5
899.4194275774676,28.6
904.1207051831946,28.7
908.8465564310401,28.8
913.5971097677627,28.8
918.3724943115215,28.9
923.1728398553701,29.0
927.998276870799,29.0
932.8489365112713,29.3
937.7249506157918,29.5
942.6264517124897,29.5
947.5535730222193,29.7
952.5064484621864,29.7
957.4852126495767,29.7
962.4900009052299,29.7
967.5209492573013,29.7
972.5781944449744,29.7
977.6618739221665,29.6
982.772125861269,29.5
987.9090891569025,29.3
993.0729034296917,29.1
998.26370903006,29.1
1003.4816470420445,29.1
1008.7268592871307,29.0
1013.9994883281055,28.9
1019.2996774729368,28.7
1024.627570778662,28.5
1029.9833130553077,28.4
1035.3670498698243,28.4
1040.778927550043,28.4
1046.219093188652,28.4
1051.687694647196,28.4
1057.1848805600926,28.5
1062.7108003386745,28.5
1068.2656041752484,28.6
1073.849443047181,28.7
1079.4624687209969,28.8
1085.104833756507,28.9
1090.7766915109553,29.0
1096.4781961431852,29.0
1102.2095026178308,29.0
1107.9707667095288,29.0
1113.7621450071517,29.0
1119.5837949180645,29.1
1125.4358746724013,29.1
1131.3185433273702,29.1
1137.231960771571,29.2
1143.1762877293438,29.2
1149.1516857651375,29.3
1155.1583172879002,29.4
1161.1963455554942,29.5
1167.2659346791324,29.5
1173.3672496278396,29.6
1179.5004562329357,29.7
1185.6657211925422,29.7
1191.8632120761172,29.7
1198.0930973290035,29.7
1204.355546277011,29.7
1210.650729131018,29.7
1216.9788169915967,29.7
1223.3399818536654,29.6
1229.7343966111616,29.5
1236.162235061742,29.5
1242.6236719115057,29.4
1249.1188827797416,29.3
1255.6480442037073,29.2
1262.2113336434193,29.1
1268.8089294864806,29.0
1275.4410110529293,28.9
1282.1077586001115,28.8
1288.8093533275808,28.7
1295.5459773820237,28.6
1302.3178138622095,28.5
1309.1250468239675,28.5
1315.967861285188,28.5
1322.8464432308563,28.5
1329.7609796180998,28.4
1336.7116583812742,28.4
1343.6986684370715,28.4
1350.7221996896535,28.4
1357.782443035813,28.4
1364.879590370164,28.5
1372.0138345903551,28.6
1379.1853696023147,28.6
1386.3943903255179,28.6
1393.6410926982915,28.6
1400.9256736831292,28.6
1408.248331272053,28.5
1415.6092644919916,28.4
1423.0086734101894,28.2
1430.4467591396458,28.1
1437.9237238445805,28.1
1445.439770745928,28.1
1452.9951041268616,28.0
1460.589929338344,28.0
1468.224452804715,28.0
1475.898882029292,27.9
1483.6134256000173,27.9
1491.3682931951248,27.8
1499.1636955888393,27.8
1506.999844657106,27.7
1514.8769533833477,27.6
1522.7952358642551,27.6
1530.754907315605,27.5
1538.7561840781082,27.4
1546.799283623296,27.3
1554.8844245594228,27.3
1563.0118266374113,27.3
1571.181710756826,27.3
1579.3942989718767,27.3
1587.649814497453,27.2
1595.9484817151922,27.1
1604.2905261795772,27.1
1612.6761746240677,27.2
1621.1056549672617,27.3
1629.5791963190893,27.3
1638.097028987047,27.3
1646.6593844824454,27.5
1655.266495526711,27.6
1663.9185960577072,27.7
1672.6159212360947,27.7
1681.3587074517213,27.7
1690.1471923300487,27.7
1698.9816147386093,27.7
1707.8622147934998,27.6
1716.789233865905,27.6
1725.7629145886658,27.5
1734.7835008628629,27.4
1743.8512378644525,27.3
1752.9663720509295,27.3
1762.1291511680254,27.2
1771.3398242564415,27.2
1780.598641658619,27.1
1789.9058550255418,27.0
1799.2617173235774,26.9
1808.6664828413498,26.9
1818.1204071966588,26.8
1827.6237473434162,26.8
1837.1767615786375,26.8
1846.7797095494598,26.8
1856.4328522602,26.7
1866.1364520794475,26.6
1875.8907727471963,26.4
1885.6960793820124,26.2
1895.552638488241,26.0
1905.4607179632462,25.8
1915.4205871047022,25.6
1925.4325166178992,25.5
1935.4967786231095,25.5
1945.6136466629825,25.5
1955.783395709978,25.5
1966.006302173841,25.5
1976.282643909114,25.4
1986.6127002226892,25.3
1996.996751881399,25.3
2007.4350811196462,25.2
2017.927971647083,25.1
2028.4757086563097,25.0
2039.078578830634,24.9
2049.736870351861,24.9
2060.4508729081267,24.9
2071.22087770177,24.8
2082.0471774572497,24.8
2092.9300664290977,24.7
2103.8698404099196,24.6
2114.8667967384304,24.6
2125.9212343075446,24.5
2137.0334535724887,24.5
2148.2037565589744,24.5
2159.4324468714053,24.4
2170.71982970113,24.3
2182.0662118347364,24.1
2193.4719016623894,24.0
2204.937209186215,23.9
2216.4624460287228,23.8
2228.0479254412767,23.7
2239.6939623126154,23.6
2251.4008731773993,23.5
2263.168976224821,23.4
2274.9985913072546,23.3
2286.890039948944,23.2
2298.843645354747,23.1
2310.8597324189163,23.0
2322.9386277339318,23.0
2335.0806595993763,22.9
2347.2861580308577,22.8
2359.5554547689862,22.8
2371.8888832883777,22.7
2384.2867788067265,22.6
2396.7494782939148,22.4
2409.2773204811715,22.4
2421.8706458702773,22.3
2434.5297967428205,22.3
2447.2551171695004,22.3
2460.0469530194778,22.3
2472.905651969775,22.2
2485.8315635147337,22.2
2498.825038975499,22.1
2511.88643150958,22.1
2525.0160961204438,22.1
2538.2143896671673,22.1
2551.481670874133,22.1
2564.8183003407817,22.1
2578.224640551411,22.1
2591.7010558850307,22.1
2605.247912625263,22.1
2618.8655789702975,22.1
2632.5544250429093,22.1
2646.314822900502,22.1
2660.14714654523,22.1
2674.051771934164,22.1
2688.029076989506,22.1
2702.079441608862,22.1
2716.20324767557,22.1
2730.400879069075,22.1
2744.6727216753675,22.0
2759.0191633974646,22.0
2773.440594165967,21.9
2787.9374059496395,21.9
2802.509992766076,21.8
2817.1587506924047,21.8
2831.8840778760564,21.7
2846.686374545581,21.6
2861.5660430215316,21.5
2876.5234877273942,21.4
2891.5591152005823,21.4
2906.6733341034837,21.3
2921.8665552345788,21.3
2937.139191539587,21.3
2952.4916581227058,21.3
2967.9243722578863,21.3
2983.4377534001765,21.3
2999.0322231971227,21.5
3014.7082055002275,21.6
3030.466126376471,21.6
3046.306414119893,21.6
3062.229499263226,21.6
3078.2358145896155,21.6
3094.325795144359,21.6
3110.4998782467446,21.6
3126.7585035019356,21.6
3143.1021128129173,21.6
3159.5311503925072,21.6
3176.0460627754296,21.6
3192.6472988304513,21.6
3209.335309772584,21.6
3226.1105491753406,21.6
3242.973472983081,21.6
3259.924539523382,21.6
3276.9642095195077,21.6
3294.0929461029286,21.5
3311.311214825911,21.4
3328.6194836741684,21.3
3346.018223079582,21.3
3363.507905932988,21.3
3381.089007597027,21.3
3398.762005919066,21.3
3416.527381244194,21.3
3434.385616428264,21.2
3452.337196851022,21.1
3470.382610429304,21.1
3488.5223476302926,21.1
3506.7569014848486,21.1
3525.0867676009134,21.1
3543.512444176976,21.1
3562.034432015617,21.1
3580.6532345371147,21.1
3599.369357793143,21.0
3618.1833104805046,21.0
3637.095603954969,20.9
3656.1067522451726,20.9
3675.2172720665826,20.8
3694.4276828355482,20.8
3713.738506683413,20.8
3733.1502684707093,20.8
3752.6634958014215,20.8
3772.2787190373247,20.8
3791.9964713124127,20.8
3811.817288547367,20.8
3831.7417094641373,20.8
3851.7702756005806,20.8
3871.9035313251793,20.8
3892.1420238518376,20.8
3912.4863032547537,20.9
3932.936922483372,21.0
3953.4944373774106,21.2
3974.1594066819653,21.3
3994.9323920627126,21.4
4015.8139581211503,21.5
4036.8046724099613,21.7
4057.9051054484326,21.8
4079.115830737964,21.9
4100.437424777656,22.0
4121.870467079975,22.0
4143.41554018651,22.1
4165.0732296838005,22.1
4186.844124219257,22.2
4208.728815517151,22.2
4230.72789839472,22.3
4252.841970778305,22.3
4275.071633719623,22.3
4297.417491412092,22.3
4319.880151207261,22.3
4342.460223631314,22.3
4365.158322401661,22.3
4387.975064443623,22.3
4410.911069907196,22.3
4433.9669621839075,22.3
4457.1433679237725,22.3
4480.4409170523,22.2
4503.860242787635,22.0
4527.40198165776,21.9
4551.0667735177985,21.8
4574.855261567406,21.7
4598.768092368251,21.5
4622.80591586159,21.4
4646.969385385929,21.3
4671.25915769478,21.1
4695.675892974527,21.0
4720.220254862348,20.9
4744.892910464259,20.7
4769.694530373255,20.6
4794.625788687525,20.5
4819.68736302878,20.3
4844.87993456067,20.2
4870.204188007296,20.1
4895.660811671819,19.9
4921.250497455168,19.8
4946.973940874864,19.7
4972.8318410838865,19.5
4998.824900889706,19.4
5024.953826773381,19.3
5051.219328908747,19.1
5077.622121181736,19.0
5104.162921209768,18.9
5130.842450361258,18.7
5157.661433775227,18.6
5184.620600380999,18.4
5211.720682918039,18.4
5238.962417955835,18.4
5266.346545913939,18.4
5293.873811082085,18.3
5321.544961640422,18.2
5349.360749679845,18.2
5377.321931222439,18.1
5405.429266242027,18.0
5433.683518684824,18.0
5462.085456490198,17.9
5490.635851611563,17.8
5519.335480037329,17.8
5548.185121812011,17.7
5577.185561057427,17.5
5606.337585994012,17.4
5635.641988962242,17.4
5665.0995664441625,17.3
5694.7111190850455,17.3
5724.477451715144,17.3
5754.399373371566,17.4
5784.477697320285,17.4
5814.713241078208,17.5
5845.10682643542,17.6
5875.659279477514,17.7
5906.371430608045,17.8
5937.244114571097,17.8
5968.278170473975,17.8
5999.4744418100045,17.9
6030.833776481469,17.9
6062.357026822636,18.0
6094.045049622959,18.1
6125.898706150321,18.2
6157.918862174471,18.3
6190.106387990547,18.4
6222.462158442733,18.5
6254.987052948034,18.6
6287.681955520183,18.7
6320.547754793659,18.7
6353.585344047851,18.7
6386.795621231329,18.8
6420.179488986247,18.9
6453.7378546729,19.0
6487.471630394349,19.1
6521.381733021235,19.3
6555.469084216698,19.6
6589.734610461422,19.8
6624.179243078815,20.0
6658.80391826033,20.1
6693.609577090902,20.1
6728.597165574533,20.3
6763.767634659991,20.5
6799.1219402666875,20.7
6834.661043310619,20.8
6870.385909730507,20.9
6906.297510514049,20.9
6942.39682172431,21.0
6978.684824526248,21.3
7015.162505213385,21.5
7051.830855234612,21.6
7088.690871221135,21.7
7125.7435550135615,21.7
7162.989913689153,21.8
7200.430959589155,21.8
7238.067710346342,21.8
7275.901188912673,21.8
7313.932423587085,21.8
7352.162448043451,21.7
7390.59230135867,21.7
7429.22302804091,21.6
7468.055678057999,21.5
7507.091306865953,21.4
7546.330975437692,21.6
7585.775750291836,21.7
7625.426703521717,21.9
7665.284912824515,22.0
7705.351461530549,22.1
7745.627438632719,22.2
7786.113938816104,22.3
7826.81206248772,22.4
7867.722915806424,22.6
7908.847610712972,22.8
7950.187264960275,22.9
7991.743002143727,23.0
8033.515951731782,23.1
8075.507249096639,23.1
8117.718035545101,23.1
8160.149458349601,23.3
8202.80267077938,23.5
8245.67883213183,23.6
8288.77910776401,23.7
8332.104669124305,23.7
8375.656693784302,23.8
8419.436365470749,23.8
8463.444874097753,23.8
8507.683415799123,23.8
8552.153192960874,23.7
8596.855414253905,23.7
8641.791294666864,23.6
8686.962055539152,23.5
8732.36892459413,23.4
8778.01313597248,23.2
8823.895930265779,23.1
8870.018554550163,22.9
8916.382262420266,22.6
8962.988314023276,22.4
9009.83797609319,21.9
9056.932521985234,21.3
9104.273231710486,21.0
9151.861391970657,20.8
9199.698296193066,20.7
9247.785244565785,20.5
9296.12354407301,20.2
9344.714508530542,19.8
9393.559458621517,18.6
9442.659721932305,17.5
9492.016632988581,17.1
9541.631533291613,16.6
9591.505771354708,15.9
9641.64070273987,15.3
9692.037690094652,14.3
9742.698103189163,13.2
9793.623318953358,12.8
9844.814721514387,12.1
9896.27370223427,11.1
9948.001659747684,10.2
10000.0,9.5
10052.270136285486,8.9
10104.813489285681,8.2
10157.6314871081,8.3
10210.725565324987,8.6
10264.09716701231,9.3
10317.747742788988,10.1
10371.678750856474,10.3
10425.891657038128,10.6
10480.387934819217,11.0
10535.16906538697,11.6
10590.236537670813,12.3
10645.591848382772,13.0
10701.236502058211,13.8
10757.172011096769,14.4
10813.399895803414,14.6
10869.921684429703,14.7
10926.73891321545,14.8
10983.85312643042,14.9
11041.265876416248,15.0
11098.978723628681,15.1
11156.993236680037,15.2
11215.310992381786,15.1
11273.933575787378,15.0
11332.862580235347,14.9
11392.099607392682,14.8
11451.646267298307,14.7
11511.504178406769,14.5
11571.674967632372,14.3
11632.16027039332,14.0
11692.961730656129,13.8
11754.08100098034,13.6
11815.519742563505,13.5
11877.27962528627,13.2
11939.362327757724,12.9
12001.76953736107,12.7
12064.50295029953,12.7
12127.56427164241,12.7
12190.95521537136,12.6
12254.677504427105,12.4
12318.732870756214,12.1
12383.123055358106,12.0
12447.849808332432,12.0
12512.914888926687,11.9
12578.320065583976,12.0
12644.067115991029,12.0
12710.157827126544,12.1
12776.593995309939,12.2
12843.377426249857,12.3
12910.50993509343,12.3
12977.99334647565,12.4
13045.829494568892,12.3
13114.020223132724,12.3
13182.567385564074,12.4
13251.472844947652,12.5
13320.738474106534,12.5
13390.366155652993,12.6
13460.35778203982,12.7
13530.715255611682,12.7
13601.440488656775,12.7
13672.535403458849,12.7
13744.001932349513,12.6
13815.842017760702,12.5
13888.057612277411,12.4
13960.650678690825,12.4
14033.62319005172,12.3
14106.977129724035,12.2
14180.714491438697,11.6
14254.837279347976,11.0
14329.347508079869,10.7
14404.247202792812,10.4
14479.538399230763,10.1
14555.223143778607,9.8
14631.303493517702,9.5
14707.78151628175,9.0
14784.65929071304,8.3
14861.938906319014,7.7
14939.622463529,7.6
15017.712073751207,7.5
15096.209859430292,7.5
15175.117954104964,7.4
15254.438502465904,7.2
15334.173660414117,7.0
15414.325595119602,6.7
15494.896485080177,6.5
15575.88852018064,6.2
15657.303901752315,6.0
15739.1448426331,5.7
15821.413567227246,5.4
15904.112311566014,5.2
15987.243323368504,5.0
16070.808862102673,4.5
16154.811199046684,3.9
16239.252617350698,3.5
16324.135412099,3.4
16409.461890372313,3.1
16495.23437131044,2.2
16581.455186175313,1.3
16668.12667841462,0.9
16755.251203725067,0.6
