10.0,10.7
10.052270136285475,10.6
10.104813489285682,10.5
10.157631487108103,10.5
10.210725565324982,10.5
10.264097167012295,10.7
10.317747742789004,10.7
10.371678750856479,10.7
10.425891657038118,10.7
10.480387934819216,10.8
10.535169065386981,10.8
10.590236537670812,10.9
10.64559184838276,10.9
10.701236502058206,11.0
10.757172011096776,11.1
10.813399895803409,11.2
10.869921684429707,11.3
10.926738913215466,11.3
10.98385312643042,11.4
11.041265876416237,11.5
11.098978723628681,11.6
11.156993236680048,11.7
11.215310992381788,11.7
11.27393357578736,11.8
11.332862580235341,11.8
11.392099607392687,11.9
11.451646267298301,11.9
11.511504178406776,12.0
11.571674967632385,12.0
11.632160270393321,12.1
11.692961730656117,12.2
11.75408100098034,12.2
11.815519742563518,12.3
11.87727962528627,12.3
11.939362327757706,12.3
12.001769537361062,12.4
12.064502950299536,12.5
12.127564271642404,12.6
12.190955215371359,12.7
12.254677504427118,12.7
12.318732870756214,12.8
12.383123055358094,12.9
12.447849808332432,12.9
12.5129148889267,13.0
12.578320065583968,13.1
12.644067115991009,13.1
12.710157827126565,13.2
12.776593995309947,13.2
12.843377426249843,13.3
12.910509935093431,13.3
12.977993346475664,13.4
13.045829494568892,13.5
13.11402022313271,13.6
13.182567385564074,13.6
13.251472844947658,13.7
13.320738474106527,13.8
13.390366155653,13.9
13.460357782039841,14.0
13.530715255611682,14.0
13.601440488656761,14.1
13.672535403458848,14.1
13.744001932349526,14.2
13.815842017760701,14.2
13.888057612277397,14.3
13.960650678690818,14.3
14.033623190051728,14.4
14.10697712972403,14.4
14.180714491438705,14.5
14.25483727934799,14.5
14.32934750807987,14.7
14.404247202792797,14.9
14.479538399230764,15.0
14.55522314377862,15.0
14.631303493517702,15.1
14.707781516281727,15.1
14.784659290713032,15.2
14.861938906319022,15.2
14.939622463528993,15.2
15.017712073751214,15.3
15.096209859430308,15.4
15.175117954104964,15.4
15.254438502465888,15.5
15.334173660414118,15.5
15.414325595119617,15.5
15.494896485080169,15.5
15.575888520180618,15.6
15.65730390175234,15.6
15.73914484263311,15.7
15.821413567227237,15.8
15.904112311566013,15.8
15.98724332336852,15.9
16.070808862102673,16.0
16.154811199046666,16.1
16.239252617350697,16.2
16.324135412099007,16.3
16.409461890372306,16.4
16.495234371310413,16.5
16.58145518617534,16.5
16.668126678414627,16.6
16.755251203725052,16.7
16.84283113011666,16.7
16.930868837977105,16.8
17.01936672013636,16.8
17.108327181931763,16.9
17.197752641273365,16.9
17.28764552870969,17.0
17.378008287493753,17.0
17.4688433736495,17.1
17.560153256038525,17.2
17.651940416427212,17.3
17.744207349554188,17.4
17.836956563198083,17.4
17.93019057824573,17.5
18.023911928760675,17.6
18.118123162052047,17.7
18.21282683874379,17.8
18.30802553284428,17.8
18.403721831816252,17.9
18.499918336647156,17.9
18.59661766191982,18.0
18.69382243588356,18.0
18.791535300525574,18.1
18.889758911642755,18.1
18.98849593891389,18.2
19.08774906597221,18.2
19.187520990478333,18.3
19.287814424193606,18.3
19.388632093053765,18.4
19.48997673724305,18.5
19.591851111268685,18.6
19.69425798403576,18.7
19.79720013892245,18.7
19.90068037385568,18.8
20.004701501387192,19.0
20.109266348769967,19.1
20.214377758035074,19.2
20.320038586068932,19.2
20.426251704690927,19.2
20.533020000731486,19.3
20.64034637611054,19.3
20.748233747916412,19.3
20.856685048485062,19.4
20.965703225479817,19.5
21.075291241971485,19.6
21.185452076518878,19.6
21.296188723249774,19.7
21.407504191942323,19.8
21.519401508106792,19.9
21.631883713067854,20.0
21.744953864047204,20.1
21.858615034246718,20.1
21.972870312931903,20.2
22.087722805515906,20.3
22.203175633643916,20.3
22.319231935278008,20.4
22.435894864782412,20.4
22.553167593009288,20.5
22.671053307384867,20.5
22.789555211996095,20.6
22.908676527677724,20.7
23.028420492099883,20.8
23.148790359856015,20.8
23.26978940255137,20.9
23.391420908891938,20.9
23.51368818477381,21.0
23.63659455337303,21.1
23.760143355235964,21.2
23.884337948370025,21.2
24.009181708334992,21.3
24.134678028334722,21.4
24.260830319309434,21.5
24.387642010028344,21.6
24.515116547182902,21.7
24.64325739548046,21.8
24.772068037738443,21.8
24.901551974979007,21.8
25.031712726524198,21.9
25.162553830091625,21.9
25.294078841890578,21.9
25.426291336718684,21.9
25.559194908059133,21.9
25.692793168178262,22.0
25.827089748223784,22.0
25.96208829832347,22.1
26.097792487684362,22.2
26.234206004692496,22.3
26.371332557013133,22.4
26.5091758716916,22.4
26.647739695254497,22.5
26.787027793811582,22.6
26.9270439531581,22.6
27.06779197887776,22.7
27.209275696446046,22.8
27.351498951334275,22.9
27.494465609114105,22.9
27.638179555562576,23.0
27.782644696767733,23.0
27.92786495923483,23.1
28.07384428999299,23.1
28.220586656702505,23.2
28.368096047762684,23.3
28.516376472420284,23.4
28.66543196087842,23.6
28.815266564406134,23.7
28.965884355448516,23.8
29.11728942773738,23.9
29.26948589640251,24.0
29.42247789808359,24.1
29.57626959104251,24.1
29.730865155276486,24.2
29.88626879263161,24.2
30.04248472691713,24.3
30.19951720402016,24.3
30.357370492021133,24.4
30.516048881309793,24.4
30.675556684701824,24.5
30.835898237556027,24.6
30.99707789789224,24.6
31.15910004650967,24.7
31.321969087106055,24.8
31.485689446397288,24.9
31.650265574237824,25.0
31.815701943741516,25.1
31.98200305140326,25.2
32.14917341722119,25.3
32.31721758481955,25.3
32.486140121572134,25.4
32.655945618726484,25.4
32.82663869152868,25.5
32.99822397934869,25.5
33.170706145806605,25.5
33.34408987889928,25.6
33.51837989112781,25.6
33.69358091962557,25.7
33.86969772628702,25.8
34.04673509789711,25.9
34.224697846261364,26.0
34.40359080833668,26.1
34.58341884636283,26.2
34.764186847994516,26.2
34.94589972643436,26.3
35.12856242056629,26.4
35.312179895089876,26.5
35.496757140655234,26.6
35.68229917399868,26.6
35.86881103807908,26.7
36.05629780221492,26.7
36.24476456222205,26.8
36.434216440552284,26.8
36.6246585864325,26.9
36.81609617600466,26.9
37.00853441246656,27.0
37.2019785262131,27.0
37.39643377497855,27.1
37.591905443979435,27.1
37.788398846058186,27.2
37.985919321827524,27.3
38.184472239815605,27.4
38.384062996612016,27.5
38.584697017014335,27.6
38.786379754175634,27.7
38.98911668975273,27.7
39.1929133340551,27.8
39.39777522619469,27.9
39.60370793423646,27.9
39.810717055349734,28.0
40.0188082159603,28.0
40.227987071903335,28.1
40.43825930857721,28.1
40.64963064109788,28.2
40.8621068144543,28.3
41.075693603664625,28.4
41.29039681393302,28.4
41.506222280807584,28.5
41.72317587033889,28.6
41.94126347923944,28.7
42.16049103504393,28.8
42.38086449627034,28.9
42.60238985258197,28.9
42.825073124950116,29.0
43.04892036581776,29.1
43.27393765926414,29.1
43.500131121170035,29.2
43.727506899384,29.2
43.956071173889484,29.3
44.18583015697281,29.3
44.416790093392,29.4
44.648957260546474,29.5
44.88233796864779,29.6
45.116938560890986,29.6
45.35276541362708,29.7
45.58982493653644,29.8
45.82812357280281,29.9
46.067667799288614,30.0
46.308464126710895,30.0
46.55051909981832,30.1
46.793839297569036,30.1
47.03843133330949,30.2
47.28430185495417,30.3
47.531457545166376,30.4
47.77990512153967,30.4
48.02965133678067,30.4
48.28070297889241,30.5
48.53306687135893,30.5
48.78674987333074,30.5
49.041758879811184,30.7
49.298100821843896,30.8
49.55578266670119,30.9
49.81481141807335,30.9
50.07519411625915,31.0
50.336937838356974,31.0
50.60004969845742,31.1
50.86453684783644,31.3
51.13040647514984,31.4
51.39766580662862,31.4
51.66632210627541,31.5
51.93638267606184,31.5
52.20785485612707,31.6
52.48074602497726,31.6
52.75506359968615,31.7
53.030815036096584,31.8
53.308007829023246,31.8
53.58664951245627,31.9
53.866747659766084,31.9
54.148309883909214,32.0
54.431343837635225,32.0
54.7158572136947,32.1
55.00185774504835,32.2
55.28935320507712,32.2
55.57835140779364,32.3
55.86886020805435,32.4
56.160887501773274,32.5
56.45444122613637,32.6
56.74952935981742,32.7
57.04615992319485,32.7
57.34434097856969,32.8
57.64408063038476,32.9
57.94538702544487,32.9
58.24826835313831,33.0
58.552732845659456,33.1
58.85878877823242,33.1
59.166444469336014,33.2
59.475708280929936,33.2
59.786588618681876,33.3
60.0990939321961,33.4
60.41323271524305,33.5
60.72901350599024,33.6
61.046444887234294,33.6
61.365535486634215,33.7
61.686293976945976,33.8
62.008729076258064,33.8
62.332849548228545,33.9
62.658664202323344,34.0
62.98618189405547,34.1
63.315411525225876,34.1
63.64636204416533,34.2
63.979042445977655,34.2
64.31346177278421,34.3
64.64962911396958,34.3
64.98755360642885,34.4
65.32724443481563,34.4
65.66871083179183,34.5
66.01196207827876,34.5
66.35700750370908,34.5
66.7038564862806,34.5
67.05251845321108,34.6
67.40300288099445,34.6
67.75531929565844,34.7
68.1094772730234,34.8
68.46548643896274,34.9
68.82335646966433,35.0
69.18309709189363,35.1
69.54471808325809,35.2
69.90822927247277,35.3
70.27364053962762,35.3
70.6409618164559,35.4
71.01020308660422,35.4
71.38137438590384,35.4
71.75448580264342,35.4
72.12954747784322,35.4
72.50656960553087,35.4
72.88556243301818,35.5
73.26653626117992,35.6
73.64950144473359,35.7
74.03446839252094,35.7
74.42144756779092,35.7
74.810449488484,35.7
75.20148472751808,35.7
75.59456391307583,35.8
75.98969772889355,35.9
76.38689691455168,35.9
76.78617226576647,36.0
77.18753463468363,36.0
77.59099493017311,36.1
77.99656411812569,36.1
78.404253221751,36.1
78.8140733218772,36.2
79.226035557252,36.3
79.64015112484554,36.4
80.05643128015467,36.4
80.47488733750892,36.4
80.89553067037787,36.4
81.31837271168051,36.5
81.74342495409579,36.5
82.170698950375,36.6
82.60020631365589,36.6
83.03195871777821,36.6
83.46596789760103,36.7
83.90224564932171,36.8
84.34080383079642,36.8
84.78165436186265,36.8
85.22480922466286,36.8
85.67028046397054,36.8
86.11808018751721,36.8
86.56822056632171,36.9
87.020713835021,36.9
87.47557229220259,36.9
87.93280830073893,36.9
88.39243428812335,36.9
88.85446274680783,36.9
89.31890623454267,36.9
89.78577737471758,36.9
90.25508885670492,37.0
90.72685343620469,37.1
91.20108393559097,37.1
91.67779324426061,37.1
92.15699431898352,37.1
92.63870018425483,37.1
93.12292393264887,37.1
93.60967872517497,37.1
94.09897779163542,37.1
94.5908344309847,37.1
95.0852620116911,37.1
95.58227397210023,37.1
96.08188382079996,37.1
96.5841051369878,37.1
97.08895157083991,37.1
97.59643684388209,37.1
98.10657474936274,37.2
98.61937915262773,37.3
99.13486399149741,37.3
99.65304327664518,37.3
100.17393109197839,37.3
100.69754159502135,37.3
101.22388901729977,37.3
101.75298766472777,37.3
102.28485191799675,37.3
102.81949623296607,37.3
103.35693514105618,37.3
103.89718324964329,37.3
104.44025524245698,37.3
104.98616587997819,37.3
105.53492999984189,37.3
106.08656251723878,37.3
106.64107842532215,37.3
107.19849279561431,37.3
107.75882077841675,37.3
108.32207760322176,37.3
108.88827857912626,37.3
109.45743909524856,37.2
110.02957462114523,37.1
110.60470070723336,37.1
111.18283298521138,37.1
111.76398716848561,37.1
112.3481790525961,37.1
112.93542451564652,37.1
113.5257395187356,37.1
114.11914010639099,37.1
114.71564240700522,37.1
115.3152626332741,37.1
115.91801708263789,37.1
116.52392213772293,37.1
117.13299426678874,37.1
117.74525002417371,37.1
118.36070605074681,37.1
118.97937907435858,37.1
119.60128591029638,37.1
120.22644346174131,37.0
120.85486872022751,36.9
121.4865787661046,36.9
122.12159076900052,36.9
122.75992198829012,36.9
123.40158977356222,36.9
124.04661156509306,36.9
124.69500489431896,36.9
125.34678738431336,36.9
126.00197675026583,36.9
126.6605907999634,36.9
127.3226474342747,36.9
127.98816464763628,36.8
128.6571605285424,36.8
129.32965326003517,36.8
130.00566112020084,36.8
130.68520248266435,36.8
131.36829581709074,36.8
132.05495968968575,36.8
132.74521276370103,36.7
133.43907379994133,36.7
134.1365616572744,36.6
134.83769529314347,36.6
135.54249376408254,36.6
136.25097622623485,36.6
136.96316193587217,36.6
137.67907024992007,36.6
138.39872062648203,36.6
139.1221326253702,36.6
139.84932590863562,36.5
140.58032024110324,36.5
141.31513549090906,36.4
142.05379163003997,36.4
142.7963087348772,36.4
143.5427069867405,36.4
144.29300667243896,36.4
145.04722818481977,36.4
145.80539202332486,36.4
146.56751879454652,36.3
147.333629212788,36.2
148.1037441006266,36.1
148.87788438947953,36.1
149.65607112017267,36.1
150.43832544351253,36.1
151.2246686208618,36.1
152.01512202471548,36.1
152.80970713928414,36.0
153.6084455610754,35.9
154.41135899948313,35.9
155.218469277376,35.9
156.02979833169113,35.9
156.8453682140304,35.9
157.66520109125955,35.9
158.48931924611142,35.9
159.3177450777899,35.9
160.15050110258113,35.9
160.9876099544629,35.8
161.82909438572216,35.7
162.67497726757185,35.7
163.52528159077312,35.7
164.38003046626017,35.7
165.23924712576837,35.7
166.1029549224657,35.6
166.97117733158728,35.5
167.8439379510743,35.5
168.72126050221348,35.5
169.60316883028446,35.4
170.48968690520502,35.4
171.38083882218535,35.4
172.27664880238083,35.4
173.17714119355136,35.4
174.08234047072295,35.4
174.99227123685273,35.3
175.9069582234984,35.2
176.82642629148881,35.2
177.75070043160196,35.2
178.67980576524164,35.2
179.61376754512278,35.2
180.55261115595593,35.2
181.49636211513797,35.2
182.44504607344558,35.2
183.39868881573247,35.2
184.35731626163007,35.1
185.3209544662519,35.0
186.28962962090262,35.0
187.26336805378796,35.0
188.24219623073301,35.0
189.2261407558986,35.0
190.21522837250714,34.9
191.20948596356752,34.8
192.20894055260666,34.7
193.21361930440384,34.7
194.22354952572874,34.7
195.2387586660848,34.7
196.25927431845295,34.6
197.28512422004457,34.5
198.31633625305224,34.5
199.35293844541056,34.4
200.39495897155572,34.4
201.4424261531923,34.3
202.4953684600627,34.3
203.55381451072122,34.3
204.6177930733116,34.3
205.6873330663489,34.3
206.76246355950653,34.2
207.84321377440395,34.2
208.92961308540407,34.2
210.02169102040844,34.2
211.11947726166272,34.2
212.22300164656127,34.2
213.33229416845913,34.1
214.447384977487,34.0
215.5683043813707,34.0
216.69508284625502,34.0
217.8277509975314,34.0
218.9663396206716,34.0
220.1108796620618,34.0
221.26140222984722,34.0
222.41793859477394,34.0
223.5805201910423,33.9
224.74917861715863,33.9
225.9239456367954,33.8
227.10485317965416,33.8
228.29193334233327,33.8
229.48521838920135,33.8
230.68474075327168,33.7
231.89053303708724,33.6
233.102628013603,33.5
234.32105862708036,33.5
235.5458579939798,33.4
236.77705940386227,33.4
238.0146963202937,33.3
239.25880238175446,33.3
240.50941140255387,33.3
241.76655737374873,33.3
243.03027446406858,33.2
244.30059702084168,33.2
245.57755957093218,33.1
246.86119682167464,33.1
248.1515436618211,33.1
249.44863516248657,33.1
250.75250657810346,33.1
252.0631933473797,33.0
253.3807310942614,33.0
254.7051556289027,33.0
256.03650294863604,33.0
257.3748092389545,33.0
258.72011087449107,32.9
260.0724444200114,32.9
261.4318466314045,32.8
262.79835445668317,32.8
264.17200503698814,32.8
265.5528357075972,32.8
266.94088399894025,32.7
268.336187637619,32.7
269.7387845474336,32.6
271.1487128504106,32.5
272.56601086784315,32.5
273.9907171213279,32.4
275.4228703338166,32.3
276.86250943066517,32.3
278.30967354069315,32.3
279.764401997247,32.2
281.2267343392687,32.2
282.6967103123723,32.1
284.1743698699204,32.1
285.65975317411466,32.0
287.152900597083,31.9
288.6538527219809,31.9
290.16265034409145,31.9
291.67933447193553,31.9
293.203946328386,31.8
294.7365273517884,31.8
296.27711919708696,31.8
297.8257637369567,31.7
299.38250306294265,31.6
300.947379486601,31.5
302.52043554065347,31.4
304.1017139801383,31.4
305.69125778357716,31.4
307.2891101541398,31.4
308.8953145208197,31.5
310.5099145396145,31.5
312.1329540947119,31.7
313.76447729968413,31.8
315.40452849868336,31.8
317.0531522676519,31.9
318.71039341552853,31.9
320.3762969854716,31.9
322.05090825607795,31.9
323.7342727426186,31.9
325.4264361982722,31.9
327.1274446153702,31.9
328.83734422664674,31.9
330.55618150649445,31.9
332.28400317222986,31.9
334.02085618535915,31.9
335.76678775285944,31.9
337.52184532845695,31.9
339.28607661392135,31.9
341.0595295603587,31.8
342.84225236951676,31.8
344.63429349509414,31.7
346.4357016440579,31.7
348.24652577796684,31.6
350.06681511430224,31.6
351.8966191278073,31.5
353.7359875518278,31.4
355.5849703796693,31.3
357.44361786595016,31.2
359.3119805279728,31.2
361.1901091470929,31.1
363.0780547701014,31.1
364.9758687106112,31.1
366.8836025504522,31.0
368.80130814107446,31.0
370.72903760495365,30.9
372.66684333701346,30.9
374.6147780060434,30.8
376.57289455613636,30.7
378.54124620812286,30.7
380.5198864610201,30.7
382.50886909348526,30.7
384.5082481652772,30.7
386.51807801872604,30.6
388.53841328020957,30.5
390.56930886163985,30.5
392.6108199619517,30.5
394.6630020686084,30.5
396.7259109591041,30.4
398.7996027024853,30.4
400.8841336608706,30.4
402.9795604909844,30.4
405.0859401456969,30.4
407.20332987557106,30.4
409.331787230421,30.3
411.4713700608718,30.3
413.6221365199375,30.2
415.78414506459575,30.1
417.95745445738237,30.0
420.1421237679842,30.0
422.33821237484636,30.0
424.5457799667861,30.0
426.76488654461485,30.0
428.9955924227691,29.9
431.23795823094935,29.8
433.49204491576995,29.7
435.7579137424112,29.6
438.0356262962907,29.5
440.3252444847303,29.5
442.62683053864555,29.5
444.9404470142319,29.5
447.2661567946673,29.4
449.60402309182115,29.4
451.9541094479714,29.3
454.3164797375345,29.3
456.6911981687959,29.2
459.0783292856624,29.2
461.4779379694089,29.2
463.89008944044906,29.2
466.31484926010245,29.2
468.7522833323791,29.2
471.20245790577025,29.1
473.6654395750488,29.0
476.14129528307956,29.0
478.630092322638,29.0
481.1318983382419,29.0
483.6467813279844,29.0
486.1748096453894,29.0
488.7160520012619,28.9
491.27057746556244,28.8
493.8384554692794,28.8
496.4197558063182,28.8
499.01454863539806,28.8
501.6229044819588,28.7
504.24489424007766,28.6
506.88058917439554,28.5
509.53006092205686,28.5
512.1933814946506,28.4
514.8706232801756,28.4
517.5618590449992,28.3
520.2671619358439,28.2
522.9866054817683,28.2
525.7202635961694,28.1
528.4682105787901,28.1
531.230521117739,28.1
534.0072702915224,28.1
536.7985335710792,28.1
539.6043868218401,28.0
542.4249063057814,28.0
545.2601686835053,28.0
548.1102510163182,28.0
550.9752307683272,28.0
553.8551858085453,28.0
556.7501944130083,27.9
559.6603352669016,27.8
562.5856874666987,27.7
565.5263305223134,27.7
568.4823443592555,27.6
571.4538093208106,27.6
574.4408061702153,27.6
577.4434160928608,27.5
580.4617206984933,27.4
583.4958020234345,27.3
586.5457425328113,27.3
589.6116251227962,27.3
592.6935331228639,27.3
595.7915502980484,27.2
598.9057608512304,27.1
602.0362494254149,27.1
605.1831011060411,27.1
608.3464014232891,27.1
611.5262363544065,27.1
614.7226923260454,27.0
617.9358562166111,27.0
621.1658153586235,26.9
624.4126575410903,26.9
627.6764710118958,26.9
630.957344480193,26.9
634.2553671188238,26.9
637.5706285667327,26.9
640.9032189314127,26.9
644.2532287913472,26.9
647.6207491984753,26.9
651.0058716806659,26.9
654.4086882442045,26.9
657.8292913762976,26.9
661.2677740475787,26.9
664.7242297146454,26.9
668.1987523225889,26.9
671.6914363075575,26.9
675.2023765993158,26.9
678.7316686238282,27.0
682.2794083058518,27.1
685.8456920715438,27.1
689.4306168510824,27.1
693.0342800813003,27.1
696.6567797083366,27.1
700.2982141902914,27.1
703.9586824999124,27.2
707.6382841272731,27.3
711.3371190824884,27.4
715.0552878984242,27.4
718.7928916334344,27.5
722.5500318741055,27.7
726.3268107380181,27.9
730.123330876526,28.0
733.9396954775374,28.0
737.7760082683312,28.0
741.6323735183645,28.1
745.508896042117,28.3
749.4056812019327,28.4
753.3228349108862,28.6
757.2604636356614,28.7
761.2186743994453,28.8
765.1975747848361,28.9
769.1972729367671,29.0
773.2178775654501,29.1
777.2594979493206,29.2
781.3222439380205,29.3
785.406225955371,29.4
789.5115550023859,29.5
793.6383426602791,29.6
797.7867010935024,29.8
801.9567430527921,29.9
806.1485818782347,30.1
810.3623315023465,30.2
814.59810645317,30.3
818.8560218573906,30.4
823.1361934434566,30.5
827.4387375447371,30.7
831.7637711026708,30.9
836.1114116699566,31.0
840.4817774137397,31.2
844.8749871188272,31.3
849.2911601909162,31.4
853.7304166598383,31.6
858.1928771828257,31.8
862.6786630477819,31.9
867.1878961765907,31.9
871.7206991284164,32.0
876.2771951030477,32.0
880.8575079442367,32.3
885.4617621430697,32.5
890.0900828413493,32.6
894.742595834996,32.6
899.4194275774676,32.7
904.1207051831946,32.7
908.8465564310401,32.9
913.5971097677627,33.0
918.3724943115215,33.1
923.1728398553701,33.1
927.998276870799,33.1
932.8489365112713,33.1
937.7249506157918,33.2
942.6264517124897,33.3
947.5535730222193,33.3
952.5064484621864,33.3
957.4852126495767,33.3
962.4900009052299,33.3
967.5209492573013,33.3
972.5781944449744,33.3
977.6618739221665,33.3
982.772125861269,33.3
987.9090891569025,33.3
993.0729034296917,33.3
998.26370903006,33.3
1003.4816470420445,33.3
1008.7268592871307,33.3
1013.9994883281055,33.3
1019.2996774729368,33.3
1024.627570778662,33.3
1029.9833130553077,33.2
1035.3670498698243,33.2
1040.778927550043,33.1
1046.219093188652,33.1
1051.687694647196,33.0
1057.1848805600926,33.0
1062.7108003386745,33.0
1068.2656041752484,33.0
1073.849443047181,33.0
1079.4624687209969,33.0
1085.104833756507,32.9
1090.7766915109553,32.8
1096.4781961431852,32.8
1102.2095026178308,32.8
1107.9707667095288,32.8
1113.7621450071517,32.8
1119.5837949180645,32.8
1125.4358746724013,32.9
1131.3185433273702,33.0
1137.231960771571,33.0
1143.1762877293438,33.0
1149.1516857651375,33.0
1155.1583172879002,33.1
1161.1963455554942,33.1
1167.2659346791324,33.1
1173.3672496278396,33.1
1179.5004562329357,33.1
1185.6657211925422,33.1
1191.8632120761172,33.1
1198.0930973290035,33.1
1204.355546277011,33.1
1210.650729131018,33.1
1216.9788169915967,33.1
1223.3399818536654,33.1
1229.7343966111616,33.0
1236.162235061742,33.0
1242.6236719115057,33.0
1249.1188827797416,33.0
1255.6480442037073,32.9
1262.2113336434193,32.9
1268.8089294864806,32.8
1275.4410110529293,32.7
1282.1077586001115,32.7
1288.8093533275808,32.6
1295.5459773820237,32.5
1302.3178138622095,32.4
1309.1250468239675,32.3
1315.967861285188,32.2
1322.8464432308563,32.2
1329.7609796180998,32.1
1336.7116583812742,32.1
1343.6986684370715,32.1
1350.7221996896535,32.1
1357.782443035813,32.1
1364.879590370164,32.1
1372.0138345903551,32.1
1379.1853696023147,32.1
1386.3943903255179,32.1
1393.6410926982915,32.1
1400.9256736831292,32.1
1408.248331272053,32.0
1415.6092644919916,32.0
1423.0086734101894,32.1
1430.4467591396458,32.1
1437.9237238445805,32.1
1445.439770745928,32.1
1452.9951041268616,32.1
1460.589929338344,32.0
1468.224452804715,31.9
1475.898882029292,31.9
1483.6134256000173,31.9
1491.3682931951248,31.9
1499.1636955888393,31.9
1506.999844657106,31.9
1514.8769533833477,31.9
1522.7952358642551,31.9
1530.754907315605,31.9
1538.7561840781082,31.9
1546.799283623296,31.9
1554.8844245594228,31.9
1563.0118266374113,31.9
1571.181710756826,31.9
1579.3942989718767,31.9
1587.649814497453,32.0
1595.9484817151922,32.1
1604.2905261795772,32.1
1612.6761746240677,32.1
1621.1056549672617,32.1
1629.5791963190893,32.1
1638.097028987047,32.0
1646.6593844824454,31.9
1655.266495526711,31.9
1663.9185960577072,31.9
1672.6159212360947,31.9
1681.3587074517213,31.8
1690.1471923300487,31.8
1698.9816147386093,31.8
1707.8622147934998,31.8
1716.789233865905,31.8
1725.7629145886658,31.8
1734.7835008628629,31.7
1743.8512378644525,31.6
1752.9663720509295,31.5
1762.1291511680254,31.5
1771.3398242564415,31.4
1780.598641658619,31.4
1789.9058550255418,31.3
1799.2617173235774,31.2
1808.6664828413498,31.0
1818.1204071966588,31.0
1827.6237473434162,30.9
1837.1767615786375,30.9
1846.7797095494598,30.8
1856.4328522602,30.6
1866.1364520794475,30.4
1875.8907727471963,30.4
1885.6960793820124,30.4
1895.552638488241,30.3
1905.4607179632462,30.2
1915.4205871047022,30.1
1925.4325166178992,30.0
1935.4967786231095,29.9
1945.6136466629825,29.8
1955.783395709978,29.7
1966.006302173841,29.5
1976.282643909114,29.4
1986.6127002226892,29.3
1996.996751881399,29.2
2007.4350811196462,29.1
2017.927971647083,29.0
2028.4757086563097,28.9
2039.078578830634,28.8
2049.736870351861,28.7
2060.4508729081267,28.6
2071.22087770177,28.5
2082.0471774572497,28.4
2092.9300664290977,28.3
2103.8698404099196,28.3
2114.8667967384304,28.2
2125.9212343075446,28.1
2137.0334535724887,28.0
2148.2037565589744,27.9
2159.4324468714053,27.9
2170.71982970113,27.8
2182.0662118347364,27.7
2193.4719016623894,27.6
2204.937209186215,27.4
2216.4624460287228,27.3
2228.0479254412767,27.2
2239.6939623126154,27.1
2251.4008731773993,27.0
2263.168976224821,26.8
2274.9985913072546,26.5
2286.890039948944,26.3
2298.843645354747,26.2
2310.8597324189163,26.1
2322.9386277339318,26.0
2335.0806595993763,25.8
2347.2861580308577,25.6
2359.5554547689862,25.5
2371.8888832883777,25.4
2384.2867788067265,25.3
2396.7494782939148,25.2
2409.2773204811715,24.9
2421.8706458702773,24.5
2434.5297967428205,24.2
2447.2551171695004,24.1
2460.0469530194778,24.0
2472.905651969775,23.9
2485.8315635147337,23.8
2498.825038975499,23.6
2511.88643150958,23.5
2525.0160961204438,23.3
2538.2143896671673,23.2
2551.481670874133,23.1
2564.8183003407817,23.0
2578.224640551411,22.9
2591.7010558850307,22.8
2605.247912625263,22.8
2618.8655789702975,22.8
2632.5544250429093,22.8
2646.314822900502,22.8
2660.14714654523,22.7
2674.051771934164,22.6
2688.029076989506,22.5
2702.079441608862,22.5
2716.20324767557,22.4
2730.400879069075,22.3
2744.6727216753675,22.2
2759.0191633974646,22.1
2773.440594165967,22.0
2787.9374059496395,22.0
2802.509992766076,21.9
2817.1587506924047,21.9
2831.8840778760564,21.8
2846.686374545581,21.7
2861.5660430215316,21.6
2876.5234877273942,21.4
2891.5591152005823,21.3
2906.6733341034837,21.2
2921.8665552345788,21.1
2937.139191539587,21.0
2952.4916581227058,20.9
2967.9243722578863,20.9
2983.4377534001765,20.9
2999.0322231971227,21.0
3014.7082055002275,21.1
3030.466126376471,21.2
3046.306414119893,21.3
3062.229499263226,21.4
3078.2358145896155,21.5
3094.325795144359,21.5
3110.4998782467446,21.6
3126.7585035019356,21.7
3143.1021128129173,21.7
3159.5311503925072,21.8
3176.0460627754296,21.9
3192.6472988304513,22.0
3209.335309772584,22.1
3226.1105491753406,22.2
3242.973472983081,22.3
3259.924539523382,22.4
3276.9642095195077,22.6
3294.0929461029286,22.7
3311.311214825911,22.8
3328.6194836741684,23.0
3346.018223079582,23.2
3363.507905932988,23.4
3381.089007597027,23.5
3398.762005919066,23.6
3416.527381244194,23.7
3434.385616428264,23.8
3452.337196851022,24.0
3470.382610429304,24.1
3488.5223476302926,24.2
3506.7569014848486,24.2
3525.0867676009134,24.2
3543.512444176976,24.4
3562.034432015617,24.5
3580.6532345371147,24.5
3599.369357793143,24.5
3618.1833104805046,24.5
3637.095603954969,24.5
3656.1067522451726,24.5
3675.2172720665826,24.4
3694.4276828355482,24.3
3713.738506683413,24.2
3733.1502684707093,24.1
3752.6634958014215,24.1
3772.2787190373247,24.0
3791.9964713124127,24.0
3811.817288547367,23.9
3831.7417094641373,23.8
3851.7702756005806,23.7
3871.9035313251793,23.7
3892.1420238518376,23.6
3912.4863032547537,23.5
3932.936922483372,23.5
3953.4944373774106,23.5
3974.1594066819653,23.5
3994.9323920627126,23.4
4015.8139581211503,23.1
4036.8046724099613,22.8
4057.9051054484326,22.6
4079.115830737964,22.6
4100.437424777656,22.6
4121.870467079975,22.5
4143.41554018651,22.3
4165.0732296838005,22.1
4186.844124219257,21.9
4208.728815517151,21.9
4230.72789839472,21.8
4252.841970778305,21.7
4275.071633719623,21.5
4297.417491412092,21.1
4319.880151207261,20.8
4342.460223631314,20.7
4365.158322401661,20.6
4387.975064443623,20.5
4410.911069907196,20.3
4433.9669621839075,20.1
4457.1433679237725,19.9
4480.4409170523,19.8
4503.860242787635,19.7
4527.40198165776,19.6
4551.0667735177985,19.4
4574.855261567406,19.1
4598.768092368251,18.9
4622.80591586159,18.7
4646.969385385929,18.5
4671.25915769478,18.3
4695.675892974527,18.1
4720.220254862348,17.9
4744.892910464259,17.7
4769.694530373255,17.5
4794.625788687525,17.3
4819.68736302878,17.1
4844.87993456067,16.9
4870.204188007296,16.6
4895.660811671819,16.4
4921.250497455168,16.2
4946.973940874864,15.9
4972.8318410838865,15.7
4998.824900889706,15.5
5024.953826773381,15.3
5051.219328908747,15.2
5077.622121181736,15.1
5104.162921209768,14.9
5130.842450361258,14.7
5157.661433775227,14.5
5184.620600380999,14.4
5211.720682918039,14.3
5238.962417955835,14.3
5266.346545913939,14.2
5293.873811082085,14.2
5321.544961640422,14.2
5349.360749679845,14.2
5377.321931222439,14.2
5405.429266242027,14.1
5433.683518684824,14.1
5462.085456490198,14.0
5490.635851611563,14.0
5519.335480037329,13.9
5548.185121812011,13.7
5577.185561057427,13.5
5606.337585994012,13.4
5635.641988962242,13.3
5665.0995664441625,13.3
5694.7111190850455,13.2
5724.477451715144,13.1
5754.399373371566,13.1
5784.477697320285,13.2
5814.713241078208,13.2
5845.10682643542,13.3
5875.659279477514,13.3
5906.371430608045,13.3
5937.244114571097,13.3
5968.278170473975,13.3
5999.4744418100045,13.4
6030.833776481469,13.5
6062.357026822636,13.6
6094.045049622959,13.8
6125.898706150321,13.9
6157.918862174471,14.0
6190.106387990547,14.0
6222.462158442733,14.2
6254.987052948034,14.4
6287.681955520183,14.5
6320.547754793659,14.7
6353.585344047851,15.0
6386.795621231329,15.2
6420.179488986247,15.3
6453.7378546729,15.4
6487.471630394349,15.5
6521.381733021235,15.7
6555.469084216698,15.8
6589.734610461422,16.0
6624.179243078815,16.2
6658.80391826033,16.4
6693.609577090902,16.7
6728.597165574533,17.0
6763.767634659991,17.2
6799.1219402666875,17.3
6834.661043310619,17.4
6870.385909730507,17.5
6906.297510514049,17.6
6942.39682172431,17.8
6978.684824526248,17.9
7015.162505213385,18.0
7051.830855234612,18.0
7088.690871221135,18.0
7125.7435550135615,18.1
7162.989913689153,18.1
7200.430959589155,18.2
7238.067710346342,18.3
7275.901188912673,18.3
7313.932423587085,18.5
7352.162448043451,18.8
7390.59230135867,19.0
7429.22302804091,19.2
7468.055678057999,19.4
7507.091306865953,19.6
7546.330975437692,19.8
7585.775750291836,20.1
7625.426703521717,20.4
7665.284912824515,20.7
7705.351461530549,21.1
7745.627438632719,21.5
7786.113938816104,21.9
7826.81206248772,22.3
7867.722915806424,22.7
7908.847610712972,23.6
7950.187264960275,24.4
7991.743002143727,24.7
8033.515951731782,25.0
8075.507249096639,25.2
8117.718035545101,25.5
8160.149458349601,26.1
8202.80267077938,26.6
8245.67883213183,26.8
8288.77910776401,26.9
8332.104669124305,27.0
8375.656693784302,27.1
8419.436365470749,27.1
8463.444874097753,27.1
8507.683415799123,27.1
8552.153192960874,27.0
8596.855414253905,26.9
8641.791294666864,26.8
8686.962055539152,26.7
8732.36892459413,26.7
8778.01313597248,26.6
8823.895930265779,26.5
8870.018554550163,26.3
8916.382262420266,25.9
8962.988314023276,25.6
9009.83797609319,25.5
9056.932521985234,25.4
9104.273231710486,25.2
9151.861391970657,24.9
9199.698296193066,24.6
9247.785244565785,24.4
9296.12354407301,24.3
9344.714508530542,24.2
9393.559458621517,24.0
9442.659721932305,23.8
9492.016632988581,23.7
9541.631533291613,23.6
9591.505771354708,23.5
9641.64070273987,23.5
9692.037690094652,23.5
9742.698103189163,23.4
9793.623318953358,23.3
9844.814721514387,23.5
9896.27370223427,23.6
9948.001659747684,24.0
10000.0,24.3
10052.270136285486,24.4
10104.813489285681,24.5
10157.6314871081,24.6
10210.725565324987,24.7
10264.09716701231,24.9
10317.747742788988,25.2
10371.678750856474,25.3
10425.891657038128,25.4
10480.387934819217,25.4
10535.16906538697,25.4
10590.236537670813,25.3
10645.591848382772,25.3
10701.236502058211,25.2
10757.172011096769,25.2
10813.399895803414,25.1
10869.921684429703,25.0
10926.73891321545,24.9
10983.85312643042,24.8
11041.265876416248,24.7
11098.978723628681,24.5
11156.993236680037,23.7
11215.310992381786,22.7
11273.933575787378,21.9
11332.862580235347,21.2
11392.099607392682,20.6
11451.646267298307,20.1
11511.504178406769,19.2
11571.674967632372,17.3
11632.16027039332,15.4
11692.961730656129,14.5
11754.08100098034,13.5
11815.519742563505,12.3
11877.27962528627,11.5
11939.362327757724,10.5
12001.76953736107,9.7
12064.50295029953,9.3
12127.56427164241,8.9
12190.95521537136,8.3
12254.677504427105,7.9
12318.732870756214,7.7
12383.123055358106,7.1
12447.849808332432,6.6
12512.914888926687,6.4
12578.320065583976,6.2
12644.067115991029,6.0
12710.157827126544,5.8
12776.593995309939,5.5
12843.377426249857,5.2
12910.50993509343,4.7
12977.99334647565,4.3
13045.829494568892,4.1
13114.020223132724,4.0
13182.567385564074,4.1
13251.472844947652,4.5
13320.738474106534,5.5
13390.366155652993,8.6
13460.35778203982,11.2
13530.715255611682,11.9
13601.440488656775,12.7
13672.535403458849,13.5
13744.001932349513,14.2
13815.842017760702,14.8
13888.057612277411,16.3
13960.650678690825,17.9
14033.62319005172,18.3
14106.977129724035,18.7
14180.714491438697,19.1
14254.837279347976,19.4
14329.347508079869,19.9
14404.247202792812,20.3
14479.538399230763,20.4
14555.223143778607,20.5
14631.303493517702,20.5
14707.78151628175,20.5
14784.65929071304,20.5
14861.938906319014,20.5
14939.622463529,20.5
15017.712073751207,20.4
15096.209859430292,20.2
15175.117954104964,19.9
15254.438502465904,19.3
15334.173660414117,18.9
15414.325595119602,18.7
15494.896485080177,18.5
15575.88852018064,18.2
15657.303901752315,18.0
15739.1448426331,18.6
15821.413567227246,19.4
15904.112311566014,19.8
15987.243323368504,20.0
16070.808862102673,20.3
16154.811199046684,20.5
16239.252617350698,20.7
16324.135412099,20.8
16409.461890372313,20.9
16495.23437131044,20.9
16581.455186175313,20.9
16668.12667841462,20.8
16755.251203725067,20.5
