10.0,40.7
10.052270136285475,40.7
10.104813489285682,40.7
10.157631487108103,40.7
10.210725565324982,40.7
10.264097167012295,40.7
10.317747742789004,40.7
10.371678750856479,40.7
10.425891657038118,40.7
10.480387934819216,40.7
10.535169065386981,40.7
10.590236537670812,40.7
10.64559184838276,40.7
10.701236502058206,40.7
10.757172011096776,40.7
10.813399895803409,40.7
10.869921684429707,40.7
10.926738913215466,40.7
10.98385312643042,40.7
11.041265876416237,40.7
11.098978723628681,40.7
11.156993236680048,40.7
11.215310992381788,40.7
11.27393357578736,40.7
11.332862580235341,40.7
11.392099607392687,40.7
11.451646267298301,40.7
11.511504178406776,40.7
11.571674967632385,40.7
11.632160270393321,40.7
11.692961730656117,40.7
11.75408100098034,40.7
11.815519742563518,40.7
11.87727962528627,40.7
11.939362327757706,40.7
12.001769537361062,40.7
12.064502950299536,40.7
12.127564271642404,40.7
12.190955215371359,40.7
12.254677504427118,40.8
12.318732870756214,40.9
12.383123055358094,40.9
12.447849808332432,40.9
12.5129148889267,40.9
12.578320065583968,40.8
12.644067115991009,40.7
12.710157827126565,40.7
12.776593995309947,40.7
12.843377426249843,40.7
12.910509935093431,40.7
12.977993346475664,40.7
13.045829494568892,40.7
13.11402022313271,40.7
13.182567385564074,40.7
13.251472844947658,40.7
13.320738474106527,40.7
13.390366155653,40.7
13.460357782039841,40.8
13.530715255611682,40.9
13.601440488656761,40.9
13.672535403458848,40.9
13.744001932349526,40.9
13.815842017760701,40.9
13.888057612277397,40.9
13.960650678690818,40.9
14.033623190051728,40.8
14.10697712972403,40.7
14.180714491438705,40.7
14.25483727934799,40.7
14.32934750807987,40.7
14.404247202792797,40.8
14.479538399230764,40.9
14.55522314377862,40.9
14.631303493517702,40.8
14.707781516281727,40.7
14.784659290713032,40.7
14.861938906319022,40.7
14.939622463528993,40.7
15.017712073751214,40.8
15.096209859430308,40.9
15.175117954104964,40.9
15.254438502465888,40.9
15.334173660414118,40.9
15.414325595119617,40.9
15.494896485080169,40.9
15.575888520180618,40.9
15.65730390175234,40.9
15.73914484263311,40.8
15.821413567227237,40.7
15.904112311566013,40.7
15.98724332336852,40.7
16.070808862102673,40.8
16.154811199046666,40.9
16.239252617350697,40.9
16.324135412099007,40.9
16.409461890372306,40.9
16.495234371310413,40.8
16.58145518617534,40.7
16.668126678414627,40.7
16.755251203725052,40.7
16.84283113011666,40.7
16.930868837977105,40.7
17.01936672013636,40.7
17.108327181931763,40.7
17.197752641273365,40.7
17.28764552870969,40.7
17.378008287493753,40.7
17.4688433736495,40.7
17.560153256038525,40.7
17.651940416427212,40.7
17.744207349554188,40.7
17.836956563198083,40.7
17.93019057824573,40.7
18.023911928760675,40.7
18.118123162052047,40.7
18.21282683874379,40.7
18.30802553284428,40.7
18.403721831816252,40.7
18.499918336647156,40.7
18.59661766191982,40.7
18.69382243588356,40.7
18.791535300525574,40.7
18.889758911642755,40.7
18.98849593891389,40.7
19.08774906597221,40.7
19.187520990478333,40.7
19.287814424193606,40.7
19.388632093053765,40.7
19.48997673724305,40.7
19.591851111268685,40.7
19.69425798403576,40.7
19.79720013892245,40.7
19.90068037385568,40.7
20.004701501387192,40.7
20.109266348769967,40.7
20.214377758035074,40.7
20.320038586068932,40.7
20.426251704690927,40.7
20.533020000731486,40.7
20.64034637611054,40.7
20.748233747916412,40.7
20.856685048485062,40.7
20.965703225479817,40.7
21.075291241971485,40.7
21.185452076518878,40.7
21.296188723249774,40.7
21.407504191942323,40.7
21.519401508106792,40.7
21.631883713067854,40.7
21.744953864047204,40.7
21.858615034246718,40.7
21.972870312931903,40.7
22.087722805515906,40.7
22.203175633643916,40.7
22.319231935278008,40.7
22.435894864782412,40.7
22.553167593009288,40.7
22.671053307384867,40.7
22.789555211996095,40.7
22.908676527677724,40.7
23.028420492099883,40.7
23.148790359856015,40.7
23.26978940255137,40.7
23.391420908891938,40.7
23.51368818477381,40.7
23.63659455337303,40.7
23.760143355235964,40.7
23.884337948370025,40.7
24.009181708334992,40.7
24.134678028334722,40.7
24.260830319309434,40.7
24.387642010028344,40.7
24.515116547182902,40.7
24.64325739548046,40.7
24.772068037738443,40.7
24.901551974979007,40.7
25.031712726524198,40.7
25.162553830091625,40.7
25.294078841890578,40.6
25.426291336718684,40.6
25.559194908059133,40.5
25.692793168178262,40.5
25.827089748223784,40.5
25.96208829832347,40.5
26.097792487684362,40.5
26.234206004692496,40.5
26.371332557013133,40.5
26.5091758716916,40.5
26.647739695254497,40.5
26.787027793811582,40.5
26.9270439531581,40.5
27.06779197887776,40.5
27.209275696446046,40.5
27.351498951334275,40.5
27.494465609114105,40.5
27.638179555562576,40.5
27.782644696767733,40.5
27.92786495923483,40.5
28.07384428999299,40.5
28.220586656702505,40.5
28.368096047762684,40.5
28.516376472420284,40.5
28.66543196087842,40.5
28.815266564406134,40.5
28.965884355448516,40.5
29.11728942773738,40.5
29.26948589640251,40.5
29.42247789808359,40.5
29.57626959104251,40.5
29.730865155276486,40.5
29.88626879263161,40.5
30.04248472691713,40.5
30.19951720402016,40.5
30.357370492021133,40.4
30.516048881309793,40.3
30.675556684701824,40.2
30.835898237556027,40.2
30.99707789789224,40.2
31.15910004650967,40.2
31.321969087106055,40.2
31.485689446397288,40.2
31.650265574237824,40.2
31.815701943741516,40.2
31.98200305140326,40.2
32.14917341722119,40.2
32.31721758481955,40.2
32.486140121572134,40.2
32.655945618726484,40.2
32.82663869152868,40.2
32.99822397934869,40.2
33.170706145806605,40.2
33.34408987889928,40.2
33.51837989112781,40.2
33.69358091962557,40.2
33.86969772628702,40.1
34.04673509789711,40.1
34.224697846261364,40.1
34.40359080833668,40.1
34.58341884636283,40.1
34.764186847994516,40.1
34.94589972643436,40.1
35.12856242056629,40.1
35.312179895089876,40.1
35.496757140655234,40.1
35.68229917399868,40.1
35.86881103807908,40.1
36.05629780221492,40.1
36.24476456222205,40.1
36.434216440552284,40.0
36.6246585864325,39.9
36.81609617600466,39.9
37.00853441246656,39.9
37.2019785262131,39.9
37.39643377497855,39.9
37.591905443979435,39.9
37.788398846058186,39.9
37.985919321827524,39.9
38.184472239815605,39.9
38.384062996612016,39.8
38.584697017014335,39.8
38.786379754175634,39.8
38.98911668975273,39.8
39.1929133340551,39.8
39.39777522619469,39.8
39.60370793423646,39.8
39.810717055349734,39.8
40.0188082159603,39.8
40.227987071903335,39.8
40.43825930857721,39.8
40.64963064109788,39.8
40.8621068144543,39.8
41.075693603664625,39.7
41.29039681393302,39.6
41.506222280807584,39.6
41.72317587033889,39.6
41.94126347923944,39.6
42.16049103504393,39.6
42.38086449627034,39.6
42.60238985258197,39.6
42.825073124950116,39.6
43.04892036581776,39.5
43.27393765926414,39.4
43.500131121170035,39.5
43.727506899384,39.5
43.956071173889484,39.6
44.18583015697281,39.6
44.416790093392,39.6
44.648957260546474,39.5
44.88233796864779,39.4
45.116938560890986,39.4
45.35276541362708,39.4
45.58982493653644,39.4
45.82812357280281,39.4
46.067667799288614,39.4
46.308464126710895,39.4
46.55051909981832,39.4
46.793839297569036,39.4
47.03843133330949,39.4
47.28430185495417,39.4
47.531457545166376,39.4
47.77990512153967,39.4
48.02965133678067,39.4
48.28070297889241,39.4
48.53306687135893,39.4
48.78674987333074,39.4
49.041758879811184,39.4
49.298100821843896,39.4
49.55578266670119,39.6
49.81481141807335,39.6
50.07519411625915,39.5
50.336937838356974,39.4
50.60004969845742,39.4
50.86453684783644,39.4
51.13040647514984,39.4
51.39766580662862,39.4
51.66632210627541,39.4
51.93638267606184,39.4
52.20785485612707,39.4
52.48074602497726,39.4
52.75506359968615,39.4
53.030815036096584,39.4
53.308007829023246,39.4
53.58664951245627,39.4
53.866747659766084,39.4
54.148309883909214,39.4
54.431343837635225,39.4
54.7158572136947,39.4
55.00185774504835,39.4
55.28935320507712,39.4
55.57835140779364,39.4
55.86886020805435,39.4
56.160887501773274,39.4
56.45444122613637,39.4
56.74952935981742,39.4
57.04615992319485,39.4
57.34434097856969,39.4
57.64408063038476,39.4
57.94538702544487,39.4
58.24826835313831,39.4
58.552732845659456,39.4
58.85878877823242,39.4
59.166444469336014,39.4
59.475708280929936,39.4
59.786588618681876,39.4
60.0990939321961,39.4
60.41323271524305,39.4
60.72901350599024,39.4
61.046444887234294,39.3
61.365535486634215,39.2
61.686293976945976,39.1
62.008729076258064,39.1
62.332849548228545,39.1
62.658664202323344,39.1
62.98618189405547,39.1
63.315411525225876,39.0
63.64636204416533,38.9
63.979042445977655,38.9
64.31346177278421,38.9
64.64962911396958,38.9
64.98755360642885,38.9
65.32724443481563,38.9
65.66871083179183,38.9
66.01196207827876,38.9
66.35700750370908,38.9
66.7038564862806,38.8
67.05251845321108,38.8
67.40300288099445,38.7
67.75531929565844,38.7
68.1094772730234,38.7
68.46548643896274,38.6
68.82335646966433,38.6
69.18309709189363,38.5
69.54471808325809,38.5
69.90822927247277,38.5
70.27364053962762,38.4
70.6409618164559,38.4
71.01020308660422,38.3
71.38137438590384,38.3
71.75448580264342,38.3
72.12954747784322,38.2
72.50656960553087,38.2
72.88556243301818,38.1
73.26653626117992,38.1
73.64950144473359,38.0
74.03446839252094,38.0
74.42144756779092,38.0
74.810449488484,38.0
75.20148472751808,38.0
75.59456391307583,38.0
75.98969772889355,37.9
76.38689691455168,37.8
76.78617226576647,37.8
77.18753463468363,37.8
77.59099493017311,37.8
77.99656411812569,37.8
78.404253221751,37.8
78.8140733218772,37.7
79.226035557252,37.7
79.64015112484554,37.7
80.05643128015467,37.6
80.47488733750892,37.6
80.89553067037787,37.5
81.31837271168051,37.4
81.74342495409579,37.4
82.170698950375,37.3
82.60020631365589,37.3
83.03195871777821,37.2
83.46596789760103,37.2
83.90224564932171,37.2
84.34080383079642,37.2
84.78165436186265,37.2
85.22480922466286,37.2
85.67028046397054,37.2
86.11808018751721,37.2
86.56822056632171,37.2
87.020713835021,37.2
87.47557229220259,37.2
87.93280830073893,37.2
88.39243428812335,37.1
88.85446274680783,37.0
89.31890623454267,37.0
89.78577737471758,37.0
90.25508885670492,36.9
90.72685343620469,36.9
91.20108393559097,36.9
91.67779324426061,36.9
92.15699431898352,36.9
92.63870018425483,36.9
93.12292393264887,36.9
93.60967872517497,36.9
94.09897779163542,36.9
94.5908344309847,36.9
95.0852620116911,36.8
95.58227397210023,36.7
96.08188382079996,36.7
96.5841051369878,36.9
97.08895157083991,37.1
97.59643684388209,37.3
98.10657474936274,37.3
98.61937915262773,37.4
99.13486399149741,37.4
99.65304327664518,37.5
100.17393109197839,37.6
100.69754159502135,37.7
101.22388901729977,37.8
101.75298766472777,37.9
102.28485191799675,38.0
102.81949623296607,38.1
103.35693514105618,38.2
103.89718324964329,38.3
104.44025524245698,38.4
104.98616587997819,38.4
105.53492999984189,38.4
106.08656251723878,38.5
106.64107842532215,38.5
107.19849279561431,38.5
107.75882077841675,38.6
108.32207760322176,38.7
108.88827857912626,38.7
109.45743909524856,38.7
110.02957462114523,38.7
110.60470070723336,38.7
111.18283298521138,38.8
111.76398716848561,38.9
112.3481790525961,38.9
112.93542451564652,38.9
113.5257395187356,38.9
114.11914010639099,38.9
114.71564240700522,38.9
115.3152626332741,38.9
115.91801708263789,38.9
116.52392213772293,39.0
117.13299426678874,39.1
117.74525002417371,39.1
118.36070605074681,39.1
118.97937907435858,39.1
119.60128591029638,39.1
120.22644346174131,39.3
120.85486872022751,39.4
121.4865787661046,39.4
122.12159076900052,39.4
122.75992198829012,39.4
123.40158977356222,39.4
124.04661156509306,39.4
124.69500489431896,39.4
125.34678738431336,39.4
126.00197675026583,39.4
126.6605907999634,39.4
127.3226474342747,39.4
127.98816464763628,39.4
128.6571605285424,39.4
129.32965326003517,39.4
130.00566112020084,39.4
130.68520248266435,39.3
131.36829581709074,39.2
132.05495968968575,39.1
132.74521276370103,39.1
133.43907379994133,39.1
134.1365616572744,39.1
134.83769529314347,39.1
135.54249376408254,39.1
136.25097622623485,39.1
136.96316193587217,39.1
137.67907024992007,39.0
138.39872062648203,38.9
139.1221326253702,38.8
139.84932590863562,38.8
140.58032024110324,38.7
141.31513549090906,38.6
142.05379163003997,38.6
142.7963087348772,38.5
143.5427069867405,38.4
144.29300667243896,38.3
145.04722818481977,38.3
145.80539202332486,38.2
146.56751879454652,38.1
147.333629212788,38.1
148.1037441006266,38.0
148.87788438947953,38.0
149.65607112017267,38.0
150.43832544351253,38.0
151.2246686208618,37.9
152.01512202471548,37.9
152.80970713928414,37.8
153.6084455610754,37.8
154.41135899948313,37.7
155.218469277376,37.7
156.02979833169113,37.6
156.8453682140304,37.5
157.66520109125955,37.3
158.48931924611142,37.1
159.3177450777899,36.9
160.15050110258113,36.8
160.9876099544629,36.7
161.82909438572216,36.6
162.67497726757185,36.4
163.52528159077312,36.2
164.38003046626017,36.0
165.23924712576837,36.0
166.1029549224657,36.0
166.97117733158728,36.0
167.8439379510743,36.0
168.72126050221348,36.0
169.60316883028446,36.1
170.48968690520502,36.3
171.38083882218535,36.5
172.27664880238083,36.7
173.17714119355136,36.9
174.08234047072295,37.1
174.99227123685273,37.2
175.9069582234984,37.3
176.82642629148881,37.4
177.75070043160196,37.5
178.67980576524164,37.6
179.61376754512278,37.6
180.55261115595593,37.5
181.49636211513797,37.4
182.44504607344558,37.4
183.39868881573247,37.4
184.35731626163007,37.3
185.3209544662519,37.2
186.28962962090262,37.2
187.26336805378796,37.1
188.24219623073301,37.1
189.2261407558986,37.0
190.21522837250714,37.0
191.20948596356752,37.0
192.20894055260666,37.0
193.21361930440384,36.9
194.22354952572874,36.8
195.2387586660848,36.7
196.25927431845295,36.7
197.28512422004457,36.6
198.31633625305224,36.6
199.35293844541056,36.6
200.39495897155572,36.5
201.4424261531923,36.5
202.4953684600627,36.4
203.55381451072122,36.3
204.6177930733116,36.3
205.6873330663489,36.2
206.76246355950653,36.2
207.84321377440395,36.2
208.92961308540407,36.2
210.02169102040844,36.2
211.11947726166272,36.2
212.22300164656127,36.2
213.33229416845913,36.2
214.447384977487,36.1
215.5683043813707,36.0
216.69508284625502,36.0
217.8277509975314,35.9
218.9663396206716,35.8
220.1108796620618,35.8
221.26140222984722,35.7
222.41793859477394,35.7
223.5805201910423,35.6
224.74917861715863,35.6
225.9239456367954,35.5
227.10485317965416,35.4
228.29193334233327,35.4
229.48521838920135,35.3
230.68474075327168,35.3
231.89053303708724,35.3
233.102628013603,35.2
234.32105862708036,35.2
235.5458579939798,35.1
236.77705940386227,35.1
238.0146963202937,35.0
239.25880238175446,35.0
240.50941140255387,34.9
241.76655737374873,34.9
243.03027446406858,34.8
244.30059702084168,34.7
245.57755957093218,34.7
246.86119682167464,34.6
248.1515436618211,34.6
249.44863516248657,34.6
250.75250657810346,34.6
252.0631933473797,34.6
253.3807310942614,34.6
254.7051556289027,34.6
256.03650294863604,34.6
257.3748092389545,34.6
258.72011087449107,34.5
260.0724444200114,34.4
261.4318466314045,34.3
262.79835445668317,34.3
264.17200503698814,34.2
265.5528357075972,34.2
266.94088399894025,34.1
268.336187637619,33.9
269.7387845474336,33.8
271.1487128504106,33.8
272.56601086784315,33.7
273.9907171213279,33.7
275.4228703338166,33.8
276.86250943066517,33.9
278.30967354069315,34.0
279.764401997247,34.1
281.2267343392687,34.2
282.6967103123723,34.3
284.1743698699204,34.3
285.65975317411466,34.2
287.152900597083,34.2
288.6538527219809,34.1
290.16265034409145,34.1
291.67933447193553,34.0
293.203946328386,34.0
294.7365273517884,33.9
296.27711919708696,33.9
297.8257637369567,33.9
299.38250306294265,33.9
300.947379486601,33.9
302.52043554065347,33.9
304.1017139801383,33.8
305.69125778357716,33.7
307.2891101541398,33.6
308.8953145208197,33.6
310.5099145396145,33.5
312.1329540947119,33.5
313.76447729968413,33.4
315.40452849868336,33.3
317.0531522676519,33.3
318.71039341552853,33.2
320.3762969854716,33.2
322.05090825607795,33.2
323.7342727426186,33.2
325.4264361982722,33.2
327.1274446153702,33.2
328.83734422664674,33.1
330.55618150649445,33.1
332.28400317222986,33.1
334.02085618535915,33.0
335.76678775285944,33.0
337.52184532845695,32.9
339.28607661392135,32.8
341.0595295603587,32.7
342.84225236951676,32.6
344.63429349509414,32.6
346.4357016440579,32.6
348.24652577796684,32.6
350.06681511430224,32.5
351.8966191278073,32.4
353.7359875518278,32.4
355.5849703796693,32.4
357.44361786595016,32.4
359.3119805279728,32.4
361.1901091470929,32.3
363.0780547701014,32.2
364.9758687106112,32.2
366.8836025504522,32.2
368.80130814107446,32.2
370.72903760495365,32.2
372.66684333701346,32.1
374.6147780060434,32.0
376.57289455613636,32.0
378.54124620812286,31.9
380.5198864610201,31.8
382.50886909348526,31.7
384.5082481652772,31.6
386.51807801872604,31.5
388.53841328020957,31.4
390.56930886163985,31.4
392.6108199619517,31.4
394.6630020686084,31.4
396.7259109591041,31.4
398.7996027024853,31.3
400.8841336608706,31.2
402.9795604909844,31.2
405.0859401456969,31.1
407.20332987557106,31.1
409.331787230421,31.1
411.4713700608718,31.1
413.6221365199375,31.1
415.78414506459575,31.1
417.95745445738237,31.1
420.1421237679842,31.1
422.33821237484636,31.1
424.5457799667861,31.0
426.76488654461485,31.0
428.9955924227691,30.9
431.23795823094935,30.9
433.49204491576995,30.9
435.7579137424112,30.9
438.0356262962907,30.8
440.3252444847303,30.7
442.62683053864555,30.7
444.9404470142319,30.7
447.2661567946673,30.6
449.60402309182115,30.7
451.9541094479714,30.9
454.3164797375345,31.0
456.6911981687959,31.0
459.0783292856624,31.1
461.4779379694089,31.2
463.89008944044906,31.3
466.31484926010245,31.3
468.7522833323791,31.3
471.20245790577025,31.3
473.6654395750488,31.3
476.14129528307956,31.3
478.630092322638,31.2
481.1318983382419,31.1
483.6467813279844,31.0
486.1748096453894,31.0
488.7160520012619,30.9
491.27057746556244,30.8
493.8384554692794,30.8
496.4197558063182,30.7
499.01454863539806,30.7
501.6229044819588,30.6
504.24489424007766,30.5
506.88058917439554,30.4
509.53006092205686,30.4
512.1933814946506,30.4
514.8706232801756,30.4
517.5618590449992,30.4
520.2671619358439,30.5
522.9866054817683,30.5
525.7202635961694,30.5
528.4682105787901,30.5
531.230521117739,30.5
534.0072702915224,30.5
536.7985335710792,30.5
539.6043868218401,30.5
542.4249063057814,30.5
545.2601686835053,30.4
548.1102510163182,30.3
550.9752307683272,30.3
553.8551858085453,30.3
556.7501944130083,30.2
559.6603352669016,30.2
562.5856874666987,30.2
565.5263305223134,30.1
568.4823443592555,30.0
571.4538093208106,30.0
574.4408061702153,30.0
577.4434160928608,30.0
580.4617206984933,30.0
583.4958020234345,30.0
586.5457425328113,30.0
589.6116251227962,29.9
592.6935331228639,29.8
595.7915502980484,29.7
598.9057608512304,29.6
602.0362494254149,29.5
605.1831011060411,29.4
608.3464014232891,29.4
611.5262363544065,29.4
614.7226923260454,29.5
617.9358562166111,29.5
621.1658153586235,29.5
624.4126575410903,29.4
627.6764710118958,29.3
630.957344480193,29.3
634.2553671188238,29.3
637.5706285667327,29.3
640.9032189314127,29.3
644.2532287913472,29.3
647.6207491984753,29.2
651.0058716806659,29.2
654.4086882442045,29.1
657.8292913762976,29.1
661.2677740475787,29.1
664.7242297146454,29.1
668.1987523225889,29.1
671.6914363075575,29.1
675.2023765993158,29.1
678.7316686238282,29.2
682.2794083058518,29.3
685.8456920715438,29.3
689.4306168510824,29.3
693.0342800813003,29.3
696.6567797083366,29.3
700.2982141902914,29.4
703.9586824999124,29.5
707.6382841272731,29.5
711.3371190824884,29.5
715.0552878984242,29.5
718.7928916334344,29.5
722.5500318741055,29.5
726.3268107380181,29.6
730.123330876526,29.7
733.9396954775374,29.8
737.7760082683312,29.9
741.6323735183645,29.9
745.508896042117,30.0
749.4056812019327,30.0
753.3228349108862,30.0
757.2604636356614,30.0
761.2186743994453,30.0
765.1975747848361,30.1
769.1972729367671,30.2
773.2178775654501,30.2
777.2594979493206,30.2
781.3222439380205,30.2
785.406225955371,30.3
789.5115550023859,30.3
793.6383426602791,30.3
797.7867010935024,30.4
801.9567430527921,30.5
806.1485818782347,30.6
810.3623315023465,30.6
814.59810645317,30.7
818.8560218573906,30.7
823.1361934434566,30.8
827.4387375447371,30.9
831.7637711026708,30.9
836.1114116699566,30.9
840.4817774137397,30.9
844.8749871188272,30.9
849.2911601909162,31.0
853.7304166598383,31.0
858.1928771828257,31.1
862.6786630477819,31.1
867.1878961765907,31.1
871.7206991284164,31.1
876.2771951030477,31.1
880.8575079442367,31.1
885.4617621430697,31.2
890.0900828413493,31.3
894.742595834996,31.3
899.4194275774676,31.3
904.1207051831946,31.3
908.8465564310401,31.3
913.5971097677627,31.3
918.3724943115215,31.3
923.1728398553701,31.4
927.998276870799,31.4
932.8489365112713,31.4
937.7249506157918,31.4
942.6264517124897,31.4
947.5535730222193,31.5
952.5064484621864,31.6
957.4852126495767,31.6
962.4900009052299,31.6
967.5209492573013,31.6
972.5781944449744,31.6
977.6618739221665,31.6
982.772125861269,31.6
987.9090891569025,31.6
993.0729034296917,31.6
998.26370903006,31.7
1003.4816470420445,31.8
1008.7268592871307,31.8
1013.9994883281055,31.8
1019.2996774729368,31.8
1024.627570778662,31.8
1029.9833130553077,31.8
1035.3670498698243,31.9
1040.778927550043,31.9
1046.219093188652,31.9
1051.687694647196,31.9
1057.1848805600926,31.9
1062.7108003386745,31.9
1068.2656041752484,31.9
1073.849443047181,32.0
1079.4624687209969,32.0
1085.104833756507,32.0
1090.7766915109553,32.0
1096.4781961431852,32.1
1102.2095026178308,32.1
1107.9707667095288,32.1
1113.7621450071517,32.1
1119.5837949180645,32.1
1125.4358746724013,32.1
1131.3185433273702,32.1
1137.231960771571,32.2
1143.1762877293438,32.2
1149.1516857651375,32.3
1155.1583172879002,32.3
1161.1963455554942,32.4
1167.2659346791324,32.4
1173.3672496278396,32.5
1179.5004562329357,32.5
1185.6657211925422,32.6
1191.8632120761172,32.6
1198.0930973290035,32.6
1204.355546277011,32.6
1210.650729131018,32.6
1216.9788169915967,32.6
1223.3399818536654,32.6
1229.7343966111616,32.6
1236.162235061742,32.6
1242.6236719115057,32.6
1249.1188827797416,32.5
1255.6480442037073,32.5
1262.2113336434193,32.5
1268.8089294864806,32.4
1275.4410110529293,32.4
1282.1077586001115,32.4
1288.8093533275808,32.3
1295.5459773820237,32.3
1302.3178138622095,32.2
1309.1250468239675,32.2
1315.967861285188,32.1
1322.8464432308563,32.0
1329.7609796180998,31.9
1336.7116583812742,31.8
1343.6986684370715,31.7
1350.7221996896535,31.6
1357.782443035813,31.6
1364.879590370164,31.5
1372.0138345903551,31.4
1379.1853696023147,31.4
1386.3943903255179,31.3
1393.6410926982915,31.3
1400.9256736831292,31.3
1408.248331272053,31.2
1415.6092644919916,31.1
1423.0086734101894,30.9
1430.4467591396458,30.8
1437.9237238445805,30.8
1445.439770745928,30.8
1452.9951041268616,30.7
1460.589929338344,30.7
1468.224452804715,30.6
1475.898882029292,30.6
1483.6134256000173,30.5
1491.3682931951248,30.5
1499.1636955888393,30.5
1506.999844657106,30.5
1514.8769533833477,30.4
1522.7952358642551,30.4
1530.754907315605,30.3
1538.7561840781082,30.2
1546.799283623296,30.2
1554.8844245594228,30.2
1563.0118266374113,30.2
1571.181710756826,30.2
1579.3942989718767,30.2
1587.649814497453,30.1
1595.9484817151922,30.0
1604.2905261795772,30.0
1612.6761746240677,30.0
1621.1056549672617,30.0
1629.5791963190893,30.0
1638.097028987047,30.0
1646.6593844824454,30.0
1655.266495526711,29.9
1663.9185960577072,29.8
1672.6159212360947,29.8
1681.3587074517213,29.8
1690.1471923300487,29.8
1698.9816147386093,29.7
1707.8622147934998,29.6
1716.789233865905,29.5
1725.7629145886658,29.5
1734.7835008628629,29.5
1743.8512378644525,29.5
1752.9663720509295,29.5
1762.1291511680254,29.5
1771.3398242564415,29.5
1780.598641658619,29.5
1789.9058550255418,29.4
1799.2617173235774,29.3
1808.6664828413498,29.2
1818.1204071966588,29.2
1827.6237473434162,29.1
1837.1767615786375,29.1
1846.7797095494598,29.1
1856.4328522602,29.0
1866.1364520794475,28.9
1875.8907727471963,28.9
1885.6960793820124,28.8
1895.552638488241,28.8
1905.4607179632462,28.8
1915.4205871047022,28.8
1925.4325166178992,28.8
1935.4967786231095,28.8
1945.6136466629825,28.8
1955.783395709978,28.8
1966.006302173841,28.8
1976.282643909114,28.8
1986.6127002226892,28.8
1996.996751881399,28.8
2007.4350811196462,28.8
2017.927971647083,28.8
2028.4757086563097,28.8
2039.078578830634,28.7
2049.736870351861,28.6
2060.4508729081267,28.6
2071.22087770177,28.6
2082.0471774572497,28.6
2092.9300664290977,28.5
2103.8698404099196,28.4
2114.8667967384304,28.4
2125.9212343075446,28.4
2137.0334535724887,28.4
2148.2037565589744,28.4
2159.4324468714053,28.4
2170.71982970113,28.3
2182.0662118347364,28.2
2193.4719016623894,28.1
2204.937209186215,27.9
2216.4624460287228,27.8
2228.0479254412767,27.8
2239.6939623126154,27.8
2251.4008731773993,27.8
2263.168976224821,27.8
2274.9985913072546,27.7
2286.890039948944,27.6
2298.843645354747,27.6
2310.8597324189163,27.6
2322.9386277339318,27.6
2335.0806595993763,27.5
2347.2861580308577,27.5
2359.5554547689862,27.5
2371.8888832883777,27.4
2384.2867788067265,27.4
2396.7494782939148,27.3
2409.2773204811715,27.3
2421.8706458702773,27.3
2434.5297967428205,27.3
2447.2551171695004,27.3
2460.0469530194778,27.2
2472.905651969775,27.2
2485.8315635147337,27.2
2498.825038975499,27.2
2511.88643150958,27.2
2525.0160961204438,27.2
2538.2143896671673,27.2
2551.481670874133,27.2
2564.8183003407817,27.2
2578.224640551411,27.2
2591.7010558850307,27.3
2605.247912625263,27.3
2618.8655789702975,27.3
2632.5544250429093,27.3
2646.314822900502,27.3
2660.14714654523,27.3
2674.051771934164,27.3
2688.029076989506,27.3
2702.079441608862,27.3
2716.20324767557,27.3
2730.400879069075,27.4
2744.6727216753675,27.4
2759.0191633974646,27.4
2773.440594165967,27.4
2787.9374059496395,27.4
2802.509992766076,27.4
2817.1587506924047,27.3
2831.8840778760564,27.3
2846.686374545581,27.3
2861.5660430215316,27.3
2876.5234877273942,27.3
2891.5591152005823,27.3
2906.6733341034837,27.3
2921.8665552345788,27.3
2937.139191539587,27.4
2952.4916581227058,27.4
2967.9243722578863,27.4
2983.4377534001765,27.4
2999.0322231971227,27.4
3014.7082055002275,27.4
3030.466126376471,27.5
3046.306414119893,27.5
3062.229499263226,27.5
3078.2358145896155,27.6
3094.325795144359,27.6
3110.4998782467446,27.7
3126.7585035019356,27.8
3143.1021128129173,28.0
3159.5311503925072,28.2
3176.0460627754296,28.2
3192.6472988304513,28.3
3209.335309772584,28.3
3226.1105491753406,28.4
3242.973472983081,28.4
3259.924539523382,28.5
3276.9642095195077,28.5
3294.0929461029286,28.5
3311.311214825911,28.6
3328.6194836741684,28.6
3346.018223079582,28.6
3363.507905932988,28.6
3381.089007597027,28.6
3398.762005919066,28.6
3416.527381244194,28.6
3434.385616428264,28.6
3452.337196851022,28.6
3470.382610429304,28.6
3488.5223476302926,28.6
3506.7569014848486,28.6
3525.0867676009134,28.6
3543.512444176976,28.6
3562.034432015617,28.6
3580.6532345371147,28.6
3599.369357793143,28.6
3618.1833104805046,28.5
3637.095603954969,28.4
3656.1067522451726,28.4
3675.2172720665826,28.4
3694.4276828355482,28.4
3713.738506683413,28.3
3733.1502684707093,28.2
3752.6634958014215,28.1
3772.2787190373247,28.1
3791.9964713124127,28.0
3811.817288547367,28.0
3831.7417094641373,27.9
3851.7702756005806,27.8
3871.9035313251793,27.8
3892.1420238518376,27.8
3912.4863032547537,27.8
3932.936922483372,27.8
3953.4944373774106,27.8
3974.1594066819653,27.8
3994.9323920627126,27.8
4015.8139581211503,27.8
4036.8046724099613,27.8
4057.9051054484326,27.8
4079.115830737964,27.8
4100.437424777656,27.8
4121.870467079975,27.8
4143.41554018651,27.7
4165.0732296838005,27.7
4186.844124219257,27.7
4208.728815517151,27.6
4230.72789839472,27.5
4252.841970778305,27.4
4275.071633719623,27.3
4297.417491412092,27.1
4319.880151207261,26.9
4342.460223631314,26.4
4365.158322401661,25.9
4387.975064443623,25.7
4410.911069907196,25.5
4433.9669621839075,25.3
4457.1433679237725,25.2
4480.4409170523,25.1
4503.860242787635,25.0
4527.40198165776,25.0
4551.0667735177985,25.0
4574.855261567406,24.9
4598.768092368251,24.8
4622.80591586159,24.7
4646.969385385929,24.4
4671.25915769478,24.2
4695.675892974527,24.0
4720.220254862348,23.9
4744.892910464259,23.8
4769.694530373255,23.7
4794.625788687525,23.6
4819.68736302878,23.5
4844.87993456067,23.4
4870.204188007296,23.3
4895.660811671819,23.2
4921.250497455168,23.2
4946.973940874864,23.2
4972.8318410838865,23.2
4998.824900889706,23.2
5024.953826773381,23.2
5051.219328908747,23.2
5077.622121181736,23.2
5104.162921209768,23.2
5130.842450361258,23.2
5157.661433775227,23.2
5184.620600380999,23.3
5211.720682918039,23.4
5238.962417955835,23.5
5266.346545913939,23.5
5293.873811082085,23.6
5321.544961640422,23.7
5349.360749679845,23.7
5377.321931222439,23.8
5405.429266242027,23.8
5433.683518684824,23.8
5462.085456490198,23.8
5490.635851611563,23.8
5519.335480037329,23.7
5548.185121812011,23.7
5577.185561057427,23.6
5606.337585994012,23.6
5635.641988962242,23.6
5665.0995664441625,23.6
5694.7111190850455,23.5
5724.477451715144,23.3
5754.399373371566,23.0
5784.477697320285,23.0
5814.713241078208,23.0
5845.10682643542,23.2
5875.659279477514,23.3
5906.371430608045,23.5
5937.244114571097,23.5
5968.278170473975,23.6
5999.4744418100045,23.8
6030.833776481469,23.9
6062.357026822636,24.0
6094.045049622959,23.9
6125.898706150321,23.9
6157.918862174471,23.8
6190.106387990547,23.7
6222.462158442733,23.7
6254.987052948034,23.6
6287.681955520183,23.5
6320.547754793659,23.5
6353.585344047851,23.5
6386.795621231329,23.4
6420.179488986247,23.3
6453.7378546729,23.2
6487.471630394349,23.2
6521.381733021235,23.3
6555.469084216698,23.6
6589.734610461422,23.8
6624.179243078815,23.9
6658.80391826033,24.0
6693.609577090902,24.2
6728.597165574533,24.5
6763.767634659991,25.1
6799.1219402666875,25.5
6834.661043310619,25.6
6870.385909730507,25.8
6906.297510514049,25.9
6942.39682172431,26.1
6978.684824526248,26.4
7015.162505213385,26.7
7051.830855234612,26.8
7088.690871221135,26.9
7125.7435550135615,26.9
7162.989913689153,27.0
7200.430959589155,27.0
7238.067710346342,27.0
7275.901188912673,27.0
7313.932423587085,27.0
7352.162448043451,26.9
7390.59230135867,26.9
7429.22302804091,26.8
7468.055678057999,26.7
7507.091306865953,26.6
7546.330975437692,26.5
7585.775750291836,26.4
7625.426703521717,26.3
7665.284912824515,26.2
7705.351461530549,26.1
7745.627438632719,25.8
7786.113938816104,25.5
7826.81206248772,25.2
7867.722915806424,25.0
7908.847610712972,24.9
7950.187264960275,24.7
7991.743002143727,24.3
8033.515951731782,23.9
8075.507249096639,23.7
8117.718035545101,23.7
8160.149458349601,23.6
8202.80267077938,23.5
8245.67883213183,23.5
8288.77910776401,23.4
8332.104669124305,23.4
8375.656693784302,23.4
8419.436365470749,23.5
8463.444874097753,23.7
8507.683415799123,23.7
8552.153192960874,23.8
8596.855414253905,24.4
8641.791294666864,24.8
8686.962055539152,25.2
8732.36892459413,25.4
8778.01313597248,25.5
8823.895930265779,26.6
8870.018554550163,27.7
8916.382262420266,28.1
8962.988314023276,28.3
9009.83797609319,28.5
9056.932521985234,28.7
9104.273231710486,28.8
9151.861391970657,28.9
9199.698296193066,29.0
9247.785244565785,29.1
9296.12354407301,29.1
9344.714508530542,29.0
9393.559458621517,28.5
9442.659721932305,27.9
9492.016632988581,27.7
9541.631533291613,27.3
9591.505771354708,26.6
9641.64070273987,26.0
9692.037690094652,25.5
9742.698103189163,24.9
9793.623318953358,24.2
9844.814721514387,23.5
9896.27370223427,22.8
9948.001659747684,22.2
10000.0,21.9
10052.270136285486,21.7
10104.813489285681,21.7
10157.6314871081,21.7
10210.725565324987,21.7
10264.09716701231,21.8
10317.747742788988,22.1
10371.678750856474,22.3
10425.891657038128,22.4
10480.387934819217,22.6
10535.16906538697,22.7
10590.236537670813,22.8
10645.591848382772,22.9
10701.236502058211,23.0
10757.172011096769,23.1
10813.399895803414,23.2
10869.921684429703,23.2
10926.73891321545,23.2
10983.85312643042,23.2
11041.265876416248,23.1
11098.978723628681,23.1
11156.993236680037,23.0
11215.310992381786,22.9
11273.933575787378,22.8
11332.862580235347,22.6
11392.099607392682,22.4
11451.646267298307,22.2
11511.504178406769,22.0
11571.674967632372,21.8
11632.16027039332,21.6
11692.961730656129,21.5
11754.08100098034,21.3
11815.519742563505,21.2
11877.27962528627,20.0
11939.362327757724,18.6
12001.76953736107,18.2
12064.50295029953,18.0
12127.56427164241,17.7
12190.95521537136,17.2
12254.677504427105,16.3
12318.732870756214,15.5
12383.123055358106,15.1
12447.849808332432,14.7
12512.914888926687,14.1
12578.320065583976,13.7
12644.067115991029,13.6
12710.157827126544,13.2
12776.593995309939,12.9
12843.377426249857,13.4
12910.50993509343,13.8
12977.99334647565,14.0
13045.829494568892,14.3
13114.020223132724,14.6
13182.567385564074,14.6
13251.472844947652,14.7
13320.738474106534,15.6
13390.366155652993,17.0
13460.35778203982,18.0
13530.715255611682,19.3
13601.440488656775,20.2
13672.535403458849,20.6
13744.001932349513,20.7
13815.842017760702,21.0
13888.057612277411,21.2
13960.650678690825,21.4
14033.62319005172,21.5
14106.977129724035,21.4
14180.714491438697,21.1
14254.837279347976,20.7
14329.347508079869,20.4
14404.247202792812,20.0
14479.538399230763,19.7
14555.223143778607,19.1
14631.303493517702,17.7
14707.78151628175,16.4
14784.65929071304,15.5
14861.938906319014,14.1
14939.622463529,13.7
15017.712073751207,14.1
15096.209859430292,14.4
15175.117954104964,14.6
15254.438502465904,14.7
15334.173660414117,14.9
15414.325595119602,15.0
15494.896485080177,15.1
15575.88852018064,15.1
15657.303901752315,15.1
15739.1448426331,15.0
15821.413567227246,14.9
15904.112311566014,14.7
15987.243323368504,14.5
16070.808862102673,13.5
16154.811199046684,11.9
16239.252617350698,10.2
16324.135412099,9.4
16409.461890372313,9.5
16495.23437131044,9.6
16581.455186175313,9.5
16668.12667841462,9.4
16755.251203725067,9.3
