10.0,18.0
10.052270136285475,18.0
10.104813489285682,18.0
10.157631487108103,18.1
10.210725565324982,18.1
10.264097167012295,18.1
10.317747742789004,18.2
10.371678750856479,18.3
10.425891657038118,18.3
10.480387934819216,18.4
10.535169065386981,18.4
10.590236537670812,18.4
10.64559184838276,18.4
10.701236502058206,18.5
10.757172011096776,18.6
10.813399895803409,18.6
10.869921684429707,18.7
10.926738913215466,18.7
10.98385312643042,18.8
11.041265876416237,18.8
11.098978723628681,18.9
11.156993236680048,18.9
11.215310992381788,18.9
11.27393357578736,18.9
11.332862580235341,19.0
11.392099607392687,19.0
11.451646267298301,19.1
11.511504178406776,19.2
11.571674967632385,19.2
11.632160270393321,19.3
11.692961730656117,19.3
11.75408100098034,19.3
11.815519742563518,19.3
11.87727962528627,19.4
11.939362327757706,19.5
12.001769537361062,19.6
12.064502950299536,19.7
12.127564271642404,19.7
12.190955215371359,19.8
12.254677504427118,19.8
12.318732870756214,19.8
12.383123055358094,19.8
12.447849808332432,19.9
12.5129148889267,20.0
12.578320065583968,20.0
12.644067115991009,20.0
12.710157827126565,20.0
12.776593995309947,20.0
12.843377426249843,20.1
12.910509935093431,20.1
12.977993346475664,20.2
13.045829494568892,20.3
13.11402022313271,20.3
13.182567385564074,20.3
13.251472844947658,20.3
13.320738474106527,20.4
13.390366155653,20.5
13.460357782039841,20.5
13.530715255611682,20.5
13.601440488656761,20.5
13.672535403458848,20.5
13.744001932349526,20.5
13.815842017760701,20.6
13.888057612277397,20.7
13.960650678690818,20.7
14.033623190051728,20.7
14.10697712972403,20.7
14.180714491438705,20.7
14.25483727934799,20.8
14.32934750807987,20.8
14.404247202792797,20.9
14.479538399230764,21.0
14.55522314377862,21.1
14.631303493517702,21.1
14.707781516281727,21.1
14.784659290713032,21.1
14.861938906319022,21.1
14.939622463528993,21.2
15.017712073751214,21.2
15.096209859430308,21.2
15.175117954104964,21.3
15.254438502465888,21.4
15.334173660414118,21.4
15.414325595119617,21.4
15.494896485080169,21.4
15.575888520180618,21.4
15.65730390175234,21.5
15.73914484263311,21.6
15.821413567227237,21.6
15.904112311566013,21.6
15.98724332336852,21.6
16.070808862102673,21.6
16.154811199046666,21.6
16.239252617350697,21.7
16.324135412099007,21.8
16.409461890372306,21.9
16.495234371310413,21.9
16.58145518617534,21.9
16.668126678414627,21.9
16.755251203725052,21.9
16.84283113011666,22.0
16.930868837977105,22.1
17.01936672013636,22.1
17.108327181931763,22.1
17.197752641273365,22.1
17.28764552870969,22.2
17.378008287493753,22.2
17.4688433736495,22.3
17.560153256038525,22.3
17.651940416427212,22.3
17.744207349554188,22.4
17.836956563198083,22.4
17.93019057824573,22.4
18.023911928760675,22.4
18.118123162052047,22.4
18.21282683874379,22.5
18.30802553284428,22.6
18.403721831816252,22.6
18.499918336647156,22.6
18.59661766191982,22.6
18.69382243588356,22.6
18.791535300525574,22.6
18.889758911642755,22.6
18.98849593891389,22.6
19.08774906597221,22.7
19.187520990478333,22.8
19.287814424193606,22.8
19.388632093053765,22.8
19.48997673724305,22.8
19.591851111268685,22.8
19.69425798403576,22.9
19.79720013892245,23.0
19.90068037385568,23.0
20.004701501387192,23.0
20.109266348769967,23.0
20.214377758035074,23.0
20.320038586068932,23.0
20.426251704690927,23.0
20.533020000731486,23.1
20.64034637611054,23.2
20.748233747916412,23.2
20.856685048485062,23.2
20.965703225479817,23.2
21.075291241971485,23.3
21.185452076518878,23.4
21.296188723249774,23.4
21.407504191942323,23.4
21.519401508106792,23.4
21.631883713067854,23.4
21.744953864047204,23.4
21.858615034246718,23.4
21.972870312931903,23.4
22.087722805515906,23.4
22.203175633643916,23.4
22.319231935278008,23.5
22.435894864782412,23.5
22.553167593009288,23.5
22.671053307384867,23.5
22.789555211996095,23.5
22.908676527677724,23.6
23.028420492099883,23.7
23.148790359856015,23.7
23.26978940255137,23.7
23.391420908891938,23.7
23.51368818477381,23.7
23.63659455337303,23.7
23.760143355235964,23.7
23.884337948370025,23.8
24.009181708334992,23.9
24.134678028334722,23.9
24.260830319309434,23.9
24.387642010028344,23.9
24.515116547182902,23.9
24.64325739548046,23.9
24.772068037738443,23.9
24.901551974979007,23.9
25.031712726524198,24.0
25.162553830091625,24.1
25.294078841890578,24.1
25.426291336718684,24.1
25.559194908059133,24.1
25.692793168178262,24.1
25.827089748223784,24.1
25.96208829832347,24.1
26.097792487684362,24.1
26.234206004692496,24.1
26.371332557013133,24.2
26.5091758716916,24.3
26.647739695254497,24.4
26.787027793811582,24.4
26.9270439531581,24.4
27.06779197887776,24.4
27.209275696446046,24.4
27.351498951334275,24.4
27.494465609114105,24.4
27.638179555562576,24.4
27.782644696767733,24.4
27.92786495923483,24.5
28.07384428999299,24.6
28.220586656702505,24.6
28.368096047762684,24.6
28.516376472420284,24.6
28.66543196087842,24.6
28.815266564406134,24.6
28.965884355448516,24.7
29.11728942773738,24.8
29.26948589640251,24.8
29.42247789808359,24.8
29.57626959104251,24.8
29.730865155276486,24.8
29.88626879263161,24.8
30.04248472691713,24.8
30.19951720402016,24.8
30.357370492021133,24.8
30.516048881309793,24.8
30.675556684701824,24.8
30.835898237556027,24.9
30.99707789789224,24.9
31.15910004650967,24.9
31.321969087106055,24.9
31.485689446397288,24.9
31.650265574237824,24.9
31.815701943741516,24.9
31.98200305140326,24.9
32.14917341722119,24.9
32.31721758481955,24.9
32.486140121572134,25.0
32.655945618726484,25.1
32.82663869152868,25.1
32.99822397934869,25.1
33.170706145806605,25.1
33.34408987889928,25.1
33.51837989112781,25.1
33.69358091962557,25.1
33.86969772628702,25.1
34.04673509789711,25.1
34.224697846261364,25.1
34.40359080833668,25.1
34.58341884636283,25.1
34.764186847994516,25.1
34.94589972643436,25.2
35.12856242056629,25.2
35.312179895089876,25.2
35.496757140655234,25.2
35.68229917399868,25.2
35.86881103807908,25.2
36.05629780221492,25.2
36.24476456222205,25.2
36.434216440552284,25.2
36.6246585864325,25.2
36.81609617600466,25.2
37.00853441246656,25.2
37.2019785262131,25.2
37.39643377497855,25.2
37.591905443979435,25.2
37.788398846058186,25.2
37.985919321827524,25.2
38.184472239815605,25.2
38.384062996612016,25.2
38.584697017014335,25.2
38.786379754175634,25.2
38.98911668975273,25.2
39.1929133340551,25.2
39.39777522619469,25.2
39.60370793423646,25.2
39.810717055349734,25.2
40.0188082159603,25.2
40.227987071903335,25.2
40.43825930857721,25.2
40.64963064109788,25.2
40.8621068144543,25.2
41.075693603664625,25.2
41.29039681393302,25.2
41.506222280807584,25.2
41.72317587033889,25.2
41.94126347923944,25.2
42.16049103504393,25.2
42.38086449627034,25.2
42.60238985258197,25.2
42.825073124950116,25.2
43.04892036581776,25.2
43.27393765926414,25.2
43.500131121170035,25.3
43.727506899384,25.4
43.956071173889484,25.5
44.18583015697281,25.5
44.416790093392,25.5
44.648957260546474,25.5
44.88233796864779,25.5
45.116938560890986,25.5
45.35276541362708,25.5
45.58982493653644,25.5
45.82812357280281,25.5
46.067667799288614,25.5
46.308464126710895,25.5
46.55051909981832,25.5
46.793839297569036,25.5
47.03843133330949,25.5
47.28430185495417,25.5
47.531457545166376,25.5
47.77990512153967,25.5
48.02965133678067,25.5
48.28070297889241,25.5
48.53306687135893,25.5
48.78674987333074,25.5
49.041758879811184,25.5
49.298100821843896,25.5
49.55578266670119,25.5
49.81481141807335,25.5
50.07519411625915,25.5
50.336937838356974,25.5
50.60004969845742,25.5
50.86453684783644,25.5
51.13040647514984,25.5
51.39766580662862,25.5
51.66632210627541,25.5
51.93638267606184,25.5
52.20785485612707,25.5
52.48074602497726,25.5
52.75506359968615,25.5
53.030815036096584,25.4
53.308007829023246,25.3
53.58664951245627,25.2
53.866747659766084,25.2
54.148309883909214,25.2
54.431343837635225,25.2
54.7158572136947,25.2
55.00185774504835,25.2
55.28935320507712,25.2
55.57835140779364,25.2
55.86886020805435,25.1
56.160887501773274,25.1
56.45444122613637,25.1
56.74952935981742,25.1
57.04615992319485,25.1
57.34434097856969,25.1
57.64408063038476,25.1
57.94538702544487,25.1
58.24826835313831,25.1
58.552732845659456,25.1
58.85878877823242,25.1
59.166444469336014,25.1
59.475708280929936,25.1
59.786588618681876,25.1
60.0990939321961,25.1
60.41323271524305,25.1
60.72901350599024,25.1
61.046444887234294,25.1
61.365535486634215,25.1
61.686293976945976,25.1
62.008729076258064,25.1
62.332849548228545,25.1
62.658664202323344,25.1
62.98618189405547,25.1
63.315411525225876,25.1
63.64636204416533,25.1
63.979042445977655,25.1
64.31346177278421,25.1
64.64962911396958,25.1
64.98755360642885,25.1
65.32724443481563,25.1
65.66871083179183,25.1
66.01196207827876,25.1
66.35700750370908,25.2
66.7038564862806,25.2
67.05251845321108,25.3
67.40300288099445,25.4
67.75531929565844,25.4
68.1094772730234,25.5
68.46548643896274,25.6
68.82335646966433,25.7
69.18309709189363,25.7
69.54471808325809,25.7
69.90822927247277,25.7
70.27364053962762,25.7
70.6409618164559,25.8
71.01020308660422,25.9
71.38137438590384,25.9
71.75448580264342,26.0
72.12954747784322,26.0
72.50656960553087,26.0
72.88556243301818,26.1
73.26653626117992,26.2
73.64950144473359,26.2
74.03446839252094,26.2
74.42144756779092,26.2
74.810449488484,26.2
75.20148472751808,26.2
75.59456391307583,26.2
75.98969772889355,26.2
76.38689691455168,26.3
76.78617226576647,26.4
77.18753463468363,26.4
77.59099493017311,26.4
77.99656411812569,26.4
78.404253221751,26.4
78.8140733218772,26.4
79.226035557252,26.4
79.64015112484554,26.4
80.05643128015467,26.4
80.47488733750892,26.4
80.89553067037787,26.4
81.31837271168051,26.4
81.74342495409579,26.6
82.170698950375,26.7
82.60020631365589,26.7
83.03195871777821,26.7
83.46596789760103,26.7
83.90224564932171,26.7
84.34080383079642,26.7
84.78165436186265,26.7
85.22480922466286,26.7
85.67028046397054,26.7
86.11808018751721,26.7
86.56822056632171,26.7
87.020713835021,26.7
87.47557229220259,26.7
87.93280830073893,26.7
88.39243428812335,26.8
88.85446274680783,26.8
89.31890623454267,26.9
89.78577737471758,26.9
90.25508885670492,26.9
90.72685343620469,26.9
91.20108393559097,26.9
91.67779324426061,26.9
92.15699431898352,26.9
92.63870018425483,26.9
93.12292393264887,26.9
93.60967872517497,26.9
94.09897779163542,26.9
94.5908344309847,26.9
95.0852620116911,26.9
95.58227397210023,26.9
96.08188382079996,26.9
96.5841051369878,26.9
97.08895157083991,26.9
97.59643684388209,26.9
98.10657474936274,26.9
98.61937915262773,26.9
99.13486399149741,26.9
99.65304327664518,26.9
100.17393109197839,26.9
100.69754159502135,26.9
101.22388901729977,26.9
101.75298766472777,26.9
102.28485191799675,26.9
102.81949623296607,26.9
103.35693514105618,26.9
103.89718324964329,26.9
104.44025524245698,26.9
104.98616587997819,26.9
105.53492999984189,26.9
106.08656251723878,26.9
106.64107842532215,26.9
107.19849279561431,26.9
107.75882077841675,26.9
108.32207760322176,26.9
108.88827857912626,26.9
109.45743909524856,26.9
110.02957462114523,26.9
110.60470070723336,26.9
111.18283298521138,26.9
111.76398716848561,26.9
112.3481790525961,26.9
112.93542451564652,26.9
113.5257395187356,26.9
114.11914010639099,26.9
114.71564240700522,26.9
115.3152626332741,26.9
115.91801708263789,26.9
116.52392213772293,27.0
117.13299426678874,27.1
117.74525002417371,27.1
118.36070605074681,27.1
118.97937907435858,27.1
119.60128591029638,27.1
120.22644346174131,27.1
120.85486872022751,27.1
121.4865787661046,27.1
122.12159076900052,27.1
122.75992198829012,27.1
123.40158977356222,27.1
124.04661156509306,27.1
124.69500489431896,27.1
125.34678738431336,27.1
126.00197675026583,27.1
126.6605907999634,27.0
127.3226474342747,27.0
127.98816464763628,26.9
128.6571605285424,26.9
129.32965326003517,26.9
130.00566112020084,26.9
130.68520248266435,26.9
131.36829581709074,26.9
132.05495968968575,26.9
132.74521276370103,26.9
133.43907379994133,26.9
134.1365616572744,26.9
134.83769529314347,26.9
135.54249376408254,26.9
136.25097622623485,26.9
136.96316193587217,26.9
137.67907024992007,26.9
138.39872062648203,26.9
139.1221326253702,26.9
139.84932590863562,26.9
140.58032024110324,26.9
141.31513549090906,26.9
142.05379163003997,26.9
142.7963087348772,26.9
143.5427069867405,26.9
144.29300667243896,26.9
145.04722818481977,26.9
145.80539202332486,26.9
146.56751879454652,26.9
147.333629212788,26.9
148.1037441006266,26.9
148.87788438947953,26.9
149.65607112017267,26.9
150.43832544351253,26.9
151.2246686208618,26.9
152.01512202471548,26.9
152.80970713928414,26.9
153.6084455610754,26.9
154.41135899948313,26.9
155.218469277376,26.9
156.02979833169113,26.9
156.8453682140304,26.9
157.66520109125955,26.9
158.48931924611142,26.9
159.3177450777899,26.9
160.15050110258113,26.9
160.9876099544629,26.9
161.82909438572216,26.9
162.67497726757185,26.9
163.52528159077312,26.8
164.38003046626017,26.7
165.23924712576837,26.7
166.1029549224657,26.8
166.97117733158728,26.8
167.8439379510743,26.9
168.72126050221348,26.9
169.60316883028446,26.9
170.48968690520502,26.9
171.38083882218535,26.9
172.27664880238083,26.9
173.17714119355136,26.9
174.08234047072295,26.9
174.99227123685273,26.9
175.9069582234984,26.9
176.82642629148881,26.9
177.75070043160196,26.9
178.67980576524164,26.9
179.61376754512278,26.9
180.55261115595593,26.9
181.49636211513797,26.9
182.44504607344558,26.9
183.39868881573247,26.9
184.35731626163007,26.9
185.3209544662519,26.9
186.28962962090262,26.9
187.26336805378796,26.9
188.24219623073301,26.9
189.2261407558986,26.9
190.21522837250714,26.9
191.20948596356752,26.9
192.20894055260666,26.9
193.21361930440384,26.9
194.22354952572874,26.9
195.2387586660848,26.9
196.25927431845295,26.9
197.28512422004457,26.9
198.31633625305224,26.9
199.35293844541056,26.9
200.39495897155572,26.9
201.4424261531923,26.9
202.4953684600627,26.9
203.55381451072122,26.9
204.6177930733116,26.9
205.6873330663489,26.9
206.76246355950653,26.9
207.84321377440395,26.9
208.92961308540407,26.9
210.02169102040844,26.9
211.11947726166272,26.9
212.22300164656127,26.9
213.33229416845913,26.9
214.447384977487,26.9
215.5683043813707,26.9
216.69508284625502,26.8
217.8277509975314,26.7
218.9663396206716,26.7
220.1108796620618,26.7
221.26140222984722,26.7
222.41793859477394,26.7
223.5805201910423,26.7
224.74917861715863,26.7
225.9239456367954,26.7
227.10485317965416,26.7
228.29193334233327,26.7
229.48521838920135,26.7
230.68474075327168,26.7
231.89053303708724,26.7
233.102628013603,26.7
234.32105862708036,26.7
235.5458579939798,26.7
236.77705940386227,26.7
238.0146963202937,26.7
239.25880238175446,26.7
240.50941140255387,26.7
241.76655737374873,26.7
243.03027446406858,26.7
244.30059702084168,26.7
245.57755957093218,26.7
246.86119682167464,26.7
248.1515436618211,26.7
249.44863516248657,26.7
250.75250657810346,26.7
252.0631933473797,26.7
253.3807310942614,26.7
254.7051556289027,26.7
256.03650294863604,26.7
257.3748092389545,26.7
258.72011087449107,26.6
260.0724444200114,26.5
261.4318466314045,26.4
262.79835445668317,26.4
264.17200503698814,26.4
265.5528357075972,26.4
266.94088399894025,26.4
268.336187637619,26.4
269.7387845474336,26.4
271.1487128504106,26.4
272.56601086784315,26.4
273.9907171213279,26.4
275.4228703338166,26.4
276.86250943066517,26.4
278.30967354069315,26.4
279.764401997247,26.4
281.2267343392687,26.4
282.6967103123723,26.4
284.1743698699204,26.4
285.65975317411466,26.4
287.152900597083,26.4
288.6538527219809,26.4
290.16265034409145,26.4
291.67933447193553,26.3
293.203946328386,26.2
294.7365273517884,26.2
296.27711919708696,26.2
297.8257637369567,26.2
299.38250306294265,26.2
300.947379486601,26.2
302.52043554065347,26.2
304.1017139801383,26.2
305.69125778357716,26.2
307.2891101541398,26.2
308.8953145208197,26.2
310.5099145396145,26.2
312.1329540947119,26.2
313.76447729968413,26.2
315.40452849868336,26.1
317.0531522676519,26.1
318.71039341552853,26.0
320.3762969854716,26.0
322.05090825607795,26.0
323.7342727426186,26.0
325.4264361982722,26.0
327.1274446153702,26.0
328.83734422664674,26.0
330.55618150649445,26.0
332.28400317222986,26.0
334.02085618535915,26.0
335.76678775285944,26.0
337.52184532845695,26.0
339.28607661392135,26.0
341.0595295603587,26.0
342.84225236951676,26.0
344.63429349509414,26.0
346.4357016440579,26.0
348.24652577796684,26.0
350.06681511430224,25.9
351.8966191278073,25.9
353.7359875518278,25.9
355.5849703796693,25.9
357.44361786595016,25.9
359.3119805279728,25.9
361.1901091470929,25.9
363.0780547701014,25.9
364.9758687106112,25.9
366.8836025504522,25.9
368.80130814107446,25.9
370.72903760495365,25.9
372.66684333701346,25.9
374.6147780060434,25.9
376.57289455613636,25.8
378.54124620812286,25.8
380.5198864610201,25.7
382.50886909348526,25.7
384.5082481652772,25.7
386.51807801872604,25.7
388.53841328020957,25.7
390.56930886163985,25.7
392.6108199619517,25.7
394.6630020686084,25.7
396.7259109591041,25.7
398.7996027024853,25.7
400.8841336608706,25.7
402.9795604909844,25.7
405.0859401456969,25.7
407.20332987557106,25.6
409.331787230421,25.5
411.4713700608718,25.5
413.6221365199375,25.5
415.78414506459575,25.5
417.95745445738237,25.5
420.1421237679842,25.5
422.33821237484636,25.5
424.5457799667861,25.5
426.76488654461485,25.5
428.9955924227691,25.5
431.23795823094935,25.5
433.49204491576995,25.5
435.7579137424112,25.5
438.0356262962907,25.4
440.3252444847303,25.3
442.62683053864555,25.2
444.9404470142319,25.2
447.2661567946673,25.2
449.60402309182115,25.2
451.9541094479714,25.2
454.3164797375345,25.2
456.6911981687959,25.2
459.0783292856624,25.2
461.4779379694089,25.2
463.89008944044906,25.2
466.31484926010245,25.1
468.7522833323791,25.1
471.20245790577025,25.1
473.6654395750488,25.1
476.14129528307956,25.1
478.630092322638,25.1
481.1318983382419,25.1
483.6467813279844,25.1
486.1748096453894,25.1
488.7160520012619,25.1
491.27057746556244,25.1
493.8384554692794,25.1
496.4197558063182,25.1
499.01454863539806,25.1
501.6229044819588,25.0
504.24489424007766,24.9
506.88058917439554,24.9
509.53006092205686,24.9
512.1933814946506,24.9
514.8706232801756,24.9
517.5618590449992,24.9
520.2671619358439,24.9
522.9866054817683,24.9
525.7202635961694,24.9
528.4682105787901,24.9
531.230521117739,24.9
534.0072702915224,24.9
536.7985335710792,24.8
539.6043868218401,24.8
542.4249063057814,24.8
545.2601686835053,24.8
548.1102510163182,24.8
550.9752307683272,24.8
553.8551858085453,24.8
556.7501944130083,24.8
559.6603352669016,24.8
562.5856874666987,24.8
565.5263305223134,24.7
568.4823443592555,24.6
571.4538093208106,24.6
574.4408061702153,24.6
577.4434160928608,24.6
580.4617206984933,24.6
583.4958020234345,24.6
586.5457425328113,24.6
589.6116251227962,24.6
592.6935331228639,24.6
595.7915502980484,24.6
598.9057608512304,24.6
602.0362494254149,24.6
605.1831011060411,24.6
608.3464014232891,24.6
611.5262363544065,24.6
614.7226923260454,24.6
617.9358562166111,24.6
621.1658153586235,24.6
624.4126575410903,24.6
627.6764710118958,24.6
630.957344480193,24.6
634.2553671188238,24.5
637.5706285667327,24.4
640.9032189314127,24.4
644.2532287913472,24.4
647.6207491984753,24.4
651.0058716806659,24.4
654.4086882442045,24.4
657.8292913762976,24.4
661.2677740475787,24.4
664.7242297146454,24.4
668.1987523225889,24.4
671.6914363075575,24.4
675.2023765993158,24.4
678.7316686238282,24.4
682.2794083058518,24.4
685.8456920715438,24.4
689.4306168510824,24.4
693.0342800813003,24.4
696.6567797083366,24.4
700.2982141902914,24.4
703.9586824999124,24.4
707.6382841272731,24.4
711.3371190824884,24.4
715.0552878984242,24.4
718.7928916334344,24.4
722.5500318741055,24.4
726.3268107380181,24.4
730.123330876526,24.4
733.9396954775374,24.4
737.7760082683312,24.4
741.6323735183645,24.4
745.508896042117,24.4
749.4056812019327,24.4
753.3228349108862,24.4
757.2604636356614,24.4
761.2186743994453,24.4
765.1975747848361,24.4
769.1972729367671,24.4
773.2178775654501,24.4
777.2594979493206,24.4
781.3222439380205,24.4
785.406225955371,24.4
789.5115550023859,24.4
793.6383426602791,24.4
797.7867010935024,24.4
801.9567430527921,24.3
806.1485818782347,24.3
810.3623315023465,24.3
814.59810645317,24.4
818.8560218573906,24.4
823.1361934434566,24.4
827.4387375447371,24.4
831.7637711026708,24.4
836.1114116699566,24.4
840.4817774137397,24.4
844.8749871188272,24.3
849.2911601909162,24.2
853.7304166598383,24.1
858.1928771828257,24.1
862.6786630477819,24.1
867.1878961765907,24.1
871.7206991284164,24.1
876.2771951030477,24.1
880.8575079442367,24.1
885.4617621430697,24.1
890.0900828413493,24.1
894.742595834996,24.0
899.4194275774676,23.9
904.1207051831946,23.9
908.8465564310401,23.9
913.5971097677627,23.9
918.3724943115215,23.9
923.1728398553701,23.8
927.998276870799,23.7
932.8489365112713,23.5
937.7249506157918,23.5
942.6264517124897,23.5
947.5535730222193,23.5
952.5064484621864,23.5
957.4852126495767,23.5
962.4900009052299,23.5
967.5209492573013,23.5
972.5781944449744,23.5
977.6618739221665,23.5
982.772125861269,23.5
987.9090891569025,23.5
993.0729034296917,23.5
998.26370903006,23.5
1003.4816470420445,23.5
1008.7268592871307,23.5
1013.9994883281055,23.5
1019.2996774729368,23.5
1024.627570778662,23.4
1029.9833130553077,23.4
1035.3670498698243,23.4
1040.778927550043,23.3
1046.219093188652,23.2
1051.687694647196,23.1
1057.1848805600926,23.0
1062.7108003386745,22.9
1068.2656041752484,22.9
1073.849443047181,22.8
1079.4624687209969,22.8
1085.104833756507,22.8
1090.7766915109553,22.8
1096.4781961431852,22.8
1102.2095026178308,22.8
1107.9707667095288,22.8
1113.7621450071517,22.8
1119.5837949180645,22.8
1125.4358746724013,22.8
1131.3185433273702,22.8
1137.231960771571,22.7
1143.1762877293438,22.6
1149.1516857651375,22.5
1155.1583172879002,22.5
1161.1963455554942,22.4
1167.2659346791324,22.4
1173.3672496278396,22.3
1179.5004562329357,22.2
1185.6657211925422,22.1
1191.8632120761172,22.0
1198.0930973290035,21.9
1204.355546277011,21.9
1210.650729131018,21.8
1216.9788169915967,21.7
1223.3399818536654,21.5
1229.7343966111616,21.3
1236.162235061742,21.3
1242.6236719115057,21.2
1249.1188827797416,21.2
1255.6480442037073,21.1
1262.2113336434193,21.0
1268.8089294864806,20.9
1275.4410110529293,20.8
1282.1077586001115,20.8
1288.8093533275808,20.7
1295.5459773820237,20.7
1302.3178138622095,20.6
1309.1250468239675,20.5
1315.967861285188,20.4
1322.8464432308563,20.3
1329.7609796180998,20.1
1336.7116583812742,20.1
1343.6986684370715,20.0
1350.7221996896535,20.0
1357.782443035813,20.0
1364.879590370164,20.0
1372.0138345903551,20.0
1379.1853696023147,19.9
1386.3943903255179,19.8
1393.6410926982915,19.7
1400.9256736831292,19.6
1408.248331272053,19.6
1415.6092644919916,19.5
1423.0086734101894,19.1
1430.4467591396458,18.7
1437.9237238445805,18.7
1445.439770745928,18.7
1452.9951041268616,18.8
1460.589929338344,18.9
1468.224452804715,18.8
1475.898882029292,18.7
1483.6134256000173,18.6
1491.3682931951248,18.5
1499.1636955888393,18.5
1506.999844657106,18.4
1514.8769533833477,18.4
1522.7952358642551,18.4
1530.754907315605,18.4
1538.7561840781082,18.3
1546.799283623296,18.2
1554.8844245594228,18.2
1563.0118266374113,18.2
1571.181710756826,18.2
1579.3942989718767,18.2
1587.649814497453,18.2
1595.9484817151922,18.2
1604.2905261795772,18.2
1612.6761746240677,18.2
1621.1056549672617,18.2
1629.5791963190893,18.2
1638.097028987047,18.2
1646.6593844824454,18.1
1655.266495526711,18.1
1663.9185960577072,18.0
1672.6159212360947,17.8
1681.3587074517213,17.7
1690.1471923300487,17.6
1698.9816147386093,17.6
1707.8622147934998,17.7
1716.789233865905,17.7
1725.7629145886658,17.8
1734.7835008628629,17.8
1743.8512378644525,17.8
1752.9663720509295,17.8
1762.1291511680254,17.9
1771.3398242564415,17.9
1780.598641658619,18.0
1789.9058550255418,18.0
1799.2617173235774,18.0
1808.6664828413498,18.0
1818.1204071966588,18.0
1827.6237473434162,18.2
1837.1767615786375,18.3
1846.7797095494598,18.3
1856.4328522602,18.4
1866.1364520794475,18.4
1875.8907727471963,18.5
1885.6960793820124,18.5
1895.552638488241,18.6
1905.4607179632462,18.6
1915.4205871047022,18.5
1925.4325166178992,18.4
1935.4967786231095,18.2
1945.6136466629825,18.0
1955.783395709978,17.9
1966.006302173841,17.8
1976.282643909114,17.8
1986.6127002226892,17.9
1996.996751881399,17.9
2007.4350811196462,18.0
2017.927971647083,18.1
2028.4757086563097,18.1
2039.078578830634,18.2
2049.736870351861,18.3
2060.4508729081267,18.4
2071.22087770177,18.5
2082.0471774572497,18.5
2092.9300664290977,18.6
2103.8698404099196,18.6
2114.8667967384304,18.6
2125.9212343075446,18.7
2137.0334535724887,18.7
2148.2037565589744,18.8
2159.4324468714053,18.9
2170.71982970113,19.0
2182.0662118347364,19.1
2193.4719016623894,19.1
2204.937209186215,19.1
2216.4624460287228,19.1
2228.0479254412767,19.1
2239.6939623126154,19.1
2251.4008731773993,19.1
2263.168976224821,19.1
2274.9985913072546,19.0
2286.890039948944,18.9
2298.843645354747,18.8
2310.8597324189163,18.8
2322.9386277339318,18.7
2335.0806595993763,18.6
2347.2861580308577,18.5
2359.5554547689862,18.5
2371.8888832883777,18.4
2384.2867788067265,18.3
2396.7494782939148,18.2
2409.2773204811715,18.1
2421.8706458702773,18.0
2434.5297967428205,17.8
2447.2551171695004,17.6
2460.0469530194778,17.4
2472.905651969775,17.3
2485.8315635147337,17.2
2498.825038975499,17.1
2511.88643150958,17.0
2525.0160961204438,16.9
2538.2143896671673,16.6
2551.481670874133,16.4
2564.8183003407817,16.4
2578.224640551411,16.5
2591.7010558850307,16.6
2605.247912625263,16.6
2618.8655789702975,16.6
2632.5544250429093,16.6
2646.314822900502,16.5
2660.14714654523,16.5
2674.051771934164,16.5
2688.029076989506,16.4
2702.079441608862,16.4
2716.20324767557,16.3
2730.400879069075,16.3
2744.6727216753675,16.4
2759.0191633974646,16.4
2773.440594165967,16.5
2787.9374059496395,16.5
2802.509992766076,16.6
2817.1587506924047,16.6
2831.8840778760564,16.6
2846.686374545581,16.7
2861.5660430215316,16.8
2876.5234877273942,16.9
2891.5591152005823,17.0
2906.6733341034837,17.1
2921.8665552345788,17.0
2937.139191539587,16.9
2952.4916581227058,16.6
2967.9243722578863,16.3
2983.4377534001765,16.2
2999.0322231971227,16.2
3014.7082055002275,16.3
3030.466126376471,16.3
3046.306414119893,16.3
3062.229499263226,16.4
3078.2358145896155,16.4
3094.325795144359,16.5
3110.4998782467446,16.5
3126.7585035019356,16.6
3143.1021128129173,16.7
3159.5311503925072,16.7
3176.0460627754296,16.8
3192.6472988304513,16.7
3209.335309772584,16.6
3226.1105491753406,16.4
3242.973472983081,16.4
3259.924539523382,16.4
3276.9642095195077,16.5
3294.0929461029286,16.6
3311.311214825911,16.7
3328.6194836741684,16.8
3346.018223079582,16.9
3363.507905932988,17.2
3381.089007597027,17.4
3398.762005919066,17.5
3416.527381244194,17.5
3434.385616428264,17.5
3452.337196851022,17.5
3470.382610429304,17.5
3488.5223476302926,17.6
3506.7569014848486,17.6
3525.0867676009134,17.6
3543.512444176976,17.6
3562.034432015617,17.6
3580.6532345371147,17.6
3599.369357793143,17.5
3618.1833104805046,17.5
3637.095603954969,17.5
3656.1067522451726,17.5
3675.2172720665826,17.7
3694.4276828355482,17.8
3713.738506683413,17.7
3733.1502684707093,17.5
3752.6634958014215,17.2
3772.2787190373247,17.0
3791.9964713124127,16.9
3811.817288547367,16.8
3831.7417094641373,16.7
3851.7702756005806,16.6
3871.9035313251793,16.4
3892.1420238518376,16.4
3912.4863032547537,16.5
3932.936922483372,16.5
3953.4944373774106,16.6
3974.1594066819653,16.6
3994.9323920627126,16.6
4015.8139581211503,16.6
4036.8046724099613,16.6
4057.9051054484326,16.7
4079.115830737964,16.8
4100.437424777656,16.8
4121.870467079975,16.7
4143.41554018651,16.6
4165.0732296838005,16.4
4186.844124219257,16.4
4208.728815517151,16.3
4230.72789839472,16.3
4252.841970778305,16.3
4275.071633719623,16.3
4297.417491412092,16.3
4319.880151207261,16.2
4342.460223631314,16.1
4365.158322401661,16.0
4387.975064443623,16.0
4410.911069907196,16.0
4433.9669621839075,15.9
4457.1433679237725,15.9
4480.4409170523,15.9
4503.860242787635,15.8
4527.40198165776,15.7
4551.0667735177985,15.7
4574.855261567406,15.6
4598.768092368251,15.6
4622.80591586159,15.5
4646.969385385929,15.4
4671.25915769478,15.4
4695.675892974527,15.3
4720.220254862348,15.3
4744.892910464259,15.3
4769.694530373255,15.3
4794.625788687525,15.3
4819.68736302878,15.3
4844.87993456067,15.4
4870.204188007296,15.5
4895.660811671819,15.5
4921.250497455168,15.6
4946.973940874864,15.6
4972.8318410838865,15.6
4998.824900889706,15.8
5024.953826773381,16.0
5051.219328908747,16.1
5077.622121181736,16.2
5104.162921209768,16.2
5130.842450361258,16.3
5157.661433775227,16.5
5184.620600380999,16.7
5211.720682918039,16.8
5238.962417955835,16.9
5266.346545913939,17.0
5293.873811082085,17.1
5321.544961640422,17.3
5349.360749679845,17.4
5377.321931222439,17.5
5405.429266242027,17.5
5433.683518684824,17.5
5462.085456490198,17.5
5490.635851611563,17.4
5519.335480037329,17.4
5548.185121812011,17.3
5577.185561057427,17.2
5606.337585994012,17.2
5635.641988962242,17.2
5665.0995664441625,17.1
5694.7111190850455,17.0
5724.477451715144,16.6
5754.399373371566,16.2
5784.477697320285,16.1
5814.713241078208,16.1
5845.10682643542,16.1
5875.659279477514,16.2
5906.371430608045,16.3
5937.244114571097,16.3
5968.278170473975,16.6
5999.4744418100045,17.7
6030.833776481469,18.7
6062.357026822636,19.1
6094.045049622959,19.5
6125.898706150321,20.0
6157.918862174471,20.5
6190.106387990547,21.5
6222.462158442733,22.4
6254.987052948034,22.6
6287.681955520183,22.8
6320.547754793659,23.0
6353.585344047851,23.2
6386.795621231329,23.6
6420.179488986247,23.8
6453.7378546729,24.0
6487.471630394349,24.1
6521.381733021235,24.3
6555.469084216698,24.5
6589.734610461422,24.6
6624.179243078815,24.5
6658.80391826033,24.4
6693.609577090902,24.3
6728.597165574533,24.1
6763.767634659991,23.9
6799.1219402666875,23.8
6834.661043310619,23.7
6870.385909730507,23.4
6906.297510514049,23.0
6942.39682172431,22.8
6978.684824526248,22.6
7015.162505213385,22.5
7051.830855234612,22.3
7088.690871221135,22.0
7125.7435550135615,21.6
7162.989913689153,21.3
7200.430959589155,21.2
7238.067710346342,21.1
7275.901188912673,20.9
7313.932423587085,20.7
7352.162448043451,20.5
7390.59230135867,20.4
7429.22302804091,20.2
7468.055678057999,20.1
7507.091306865953,19.9
7546.330975437692,19.8
7585.775750291836,19.7
7625.426703521717,19.7
7665.284912824515,19.6
7705.351461530549,19.5
7745.627438632719,19.4
7786.113938816104,19.3
7826.81206248772,19.3
7867.722915806424,19.3
7908.847610712972,19.3
7950.187264960275,19.2
7991.743002143727,19.2
8033.515951731782,19.2
8075.507249096639,19.3
8117.718035545101,19.3
8160.149458349601,19.3
8202.80267077938,19.2
8245.67883213183,19.1
8288.77910776401,19.0
8332.104669124305,18.8
8375.656693784302,18.6
8419.436365470749,18.5
8463.444874097753,18.4
8507.683415799123,18.2
8552.153192960874,18.0
8596.855414253905,17.7
8641.791294666864,17.5
8686.962055539152,17.5
8732.36892459413,17.5
8778.01313597248,17.5
8823.895930265779,17.6
8870.018554550163,17.8
8916.382262420266,17.9
8962.988314023276,18.0
9009.83797609319,18.0
9056.932521985234,18.0
9104.273231710486,18.0
9151.861391970657,18.0
9199.698296193066,18.0
9247.785244565785,18.0
9296.12354407301,17.9
9344.714508530542,17.8
9393.559458621517,17.5
9442.659721932305,17.2
9492.016632988581,17.1
9541.631533291613,16.8
9591.505771354708,16.3
9641.64070273987,15.8
9692.037690094652,14.9
9742.698103189163,13.9
9793.623318953358,13.6
9844.814721514387,13.1
9896.27370223427,12.4
9948.001659747684,11.8
10000.0,11.5
10052.270136285486,11.3
10104.813489285681,11.1
10157.6314871081,11.2
10210.725565324987,11.3
10264.09716701231,11.6
10317.747742788988,11.9
10371.678750856474,12.1
10425.891657038128,12.2
10480.387934819217,12.4
10535.16906538697,12.5
10590.236537670813,12.6
10645.591848382772,12.7
10701.236502058211,12.8
10757.172011096769,12.8
10813.399895803414,12.8
10869.921684429703,12.7
10926.73891321545,13.0
10983.85312643042,13.3
11041.265876416248,14.0
11098.978723628681,14.7
11156.993236680037,14.8
11215.310992381786,14.9
11273.933575787378,14.9
11332.862580235347,15.0
11392.099607392682,14.9
11451.646267298307,14.4
11511.504178406769,13.8
11571.674967632372,13.5
11632.16027039332,12.9
11692.961730656129,12.2
11754.08100098034,11.9
11815.519742563505,11.7
11877.27962528627,11.0
11939.362327757724,10.5
12001.76953736107,10.5
12064.50295029953,10.6
12127.56427164241,10.7
12190.95521537136,10.7
12254.677504427105,10.8
12318.732870756214,11.0
12383.123055358106,11.2
12447.849808332432,11.3
12512.914888926687,11.5
12578.320065583976,11.6
12644.067115991029,11.6
12710.157827126544,11.6
12776.593995309939,11.7
12843.377426249857,11.8
12910.50993509343,11.8
12977.99334647565,11.8
13045.829494568892,11.8
13114.020223132724,11.8
13182.567385564074,12.0
13251.472844947652,12.2
13320.738474106534,12.5
13390.366155652993,12.8
13460.35778203982,13.0
13530.715255611682,14.2
13601.440488656775,15.6
13672.535403458849,16.2
13744.001932349513,16.6
13815.842017760702,17.0
13888.057612277411,17.8
13960.650678690825,18.4
14033.62319005172,18.5
14106.977129724035,18.6
14180.714491438697,18.8
14254.837279347976,18.9
14329.347508079869,19.1
14404.247202792812,19.2
14479.538399230763,19.3
14555.223143778607,19.2
14631.303493517702,19.1
14707.78151628175,19.0
14784.65929071304,18.5
14861.938906319014,18.0
14939.622463529,17.9
15017.712073751207,17.6
15096.209859430292,17.4
15175.117954104964,17.0
15254.438502465904,16.7
15334.173660414117,15.3
15414.325595119602,13.6
15494.896485080177,13.0
15575.88852018064,11.9
15657.303901752315,10.2
15739.1448426331,8.6
15821.413567227246,6.7
15904.112311566014,5.2
15987.243323368504,4.6
16070.808862102673,3.6
16154.811199046684,5.3
16239.252617350698,7.1
16324.135412099,7.5
16409.461890372313,7.8
16495.23437131044,7.9
16581.455186175313,7.8
16668.12667841462,7.7
16755.251203725067,7.6
