10.0,21.9
10.052270136285475,22.1
10.104813489285682,22.1
10.157631487108103,22.2
10.210725565324982,22.2
10.264097167012295,22.3
10.317747742789004,22.3
10.371678750856479,22.3
10.425891657038118,22.3
10.480387934819216,22.3
10.535169065386981,22.4
10.590236537670812,22.4
10.64559184838276,22.5
10.701236502058206,22.5
10.757172011096776,22.6
10.813399895803409,22.7
10.869921684429707,22.7
10.926738913215466,22.8
10.98385312643042,22.8
11.041265876416237,22.8
11.098978723628681,22.8
11.156993236680048,22.9
11.215310992381788,23.0
11.27393357578736,23.1
11.332862580235341,23.2
11.392099607392687,23.3
11.451646267298301,23.3
11.511504178406776,23.4
11.571674967632385,23.4
11.632160270393321,23.5
11.692961730656117,23.5
11.75408100098034,23.5
11.815519742563518,23.6
11.87727962528627,23.6
11.939362327757706,23.7
12.001769537361062,23.7
12.064502950299536,23.8
12.127564271642404,23.8
12.190955215371359,23.8
12.254677504427118,23.8
12.318732870756214,23.8
12.383123055358094,23.9
12.447849808332432,23.9
12.5129148889267,24.0
12.578320065583968,24.1
12.644067115991009,24.2
12.710157827126565,24.2
12.776593995309947,24.2
12.843377426249843,24.2
12.910509935093431,24.2
12.977993346475664,24.4
13.045829494568892,24.5
13.11402022313271,24.5
13.182567385564074,24.6
13.251472844947658,24.6
13.320738474106527,24.7
13.390366155653,24.7
13.460357782039841,24.7
13.530715255611682,24.7
13.601440488656761,24.8
13.672535403458848,24.8
13.744001932349526,24.9
13.815842017760701,24.9
13.888057612277397,25.0
13.960650678690818,25.0
14.033623190051728,25.0
14.10697712972403,25.0
14.180714491438705,25.0
14.25483727934799,25.1
14.32934750807987,25.1
14.404247202792797,25.2
14.479538399230764,25.3
14.55522314377862,25.4
14.631303493517702,25.4
14.707781516281727,25.6
14.784659290713032,25.7
14.861938906319022,25.7
14.939622463528993,25.7
15.017712073751214,25.7
15.096209859430308,25.7
15.175117954104964,25.7
15.254438502465888,25.7
15.334173660414118,25.8
15.414325595119617,25.8
15.494896485080169,25.9
15.575888520180618,26.0
15.65730390175234,26.0
15.73914484263311,26.1
15.821413567227237,26.1
15.904112311566013,26.1
15.98724332336852,26.1
16.070808862102673,26.1
16.154811199046666,26.2
16.239252617350697,26.2
16.324135412099007,26.3
16.409461890372306,26.4
16.495234371310413,26.4
16.58145518617534,26.4
16.668126678414627,26.4
16.755251203725052,26.4
16.84283113011666,26.5
16.930868837977105,26.6
17.01936672013636,26.6
17.108327181931763,26.6
17.197752641273365,26.7
17.28764552870969,26.8
17.378008287493753,26.9
17.4688433736495,26.9
17.560153256038525,26.9
17.651940416427212,26.9
17.744207349554188,26.9
17.836956563198083,27.0
17.93019057824573,27.0
18.023911928760675,27.1
18.118123162052047,27.1
18.21282683874379,27.2
18.30802553284428,27.3
18.403721831816252,27.3
18.499918336647156,27.3
18.59661766191982,27.3
18.69382243588356,27.4
18.791535300525574,27.4
18.889758911642755,27.4
18.98849593891389,27.4
19.08774906597221,27.5
19.187520990478333,27.6
19.287814424193606,27.6
19.388632093053765,27.6
19.48997673724305,27.6
19.591851111268685,27.6
19.69425798403576,27.7
19.79720013892245,27.8
19.90068037385568,27.8
20.004701501387192,27.8
20.109266348769967,27.8
20.214377758035074,27.8
20.320038586068932,27.9
20.426251704690927,28.0
20.533020000731486,28.0
20.64034637611054,28.0
20.748233747916412,28.0
20.856685048485062,28.0
20.965703225479817,28.0
21.075291241971485,28.0
21.185452076518878,28.2
21.296188723249774,28.3
21.407504191942323,28.3
21.519401508106792,28.3
21.631883713067854,28.4
21.744953864047204,28.4
21.858615034246718,28.5
21.972870312931903,28.5
22.087722805515906,28.5
22.203175633643916,28.5
22.319231935278008,28.6
22.435894864782412,28.6
22.553167593009288,28.7
22.671053307384867,28.7
22.789555211996095,28.7
22.908676527677724,28.7
23.028420492099883,28.8
23.148790359856015,28.8
23.26978940255137,28.8
23.391420908891938,28.8
23.51368818477381,28.8
23.63659455337303,28.8
23.760143355235964,28.9
23.884337948370025,29.0
24.009181708334992,29.0
24.134678028334722,29.0
24.260830319309434,29.0
24.387642010028344,29.0
24.515116547182902,29.1
24.64325739548046,29.2
24.772068037738443,29.2
24.901551974979007,29.2
25.031712726524198,29.2
25.162553830091625,29.2
25.294078841890578,29.2
25.426291336718684,29.2
25.559194908059133,29.4
25.692793168178262,29.5
25.827089748223784,29.5
25.96208829832347,29.5
26.097792487684362,29.5
26.234206004692496,29.5
26.371332557013133,29.6
26.5091758716916,29.7
26.647739695254497,29.7
26.787027793811582,29.7
26.9270439531581,29.7
27.06779197887776,29.7
27.209275696446046,29.7
27.351498951334275,29.8
27.494465609114105,29.9
27.638179555562576,29.9
27.782644696767733,29.9
27.92786495923483,29.9
28.07384428999299,29.9
28.220586656702505,29.9
28.368096047762684,29.9
28.516376472420284,30.0
28.66543196087842,30.0
28.815266564406134,30.0
28.965884355448516,30.0
29.11728942773738,30.0
29.26948589640251,30.0
29.42247789808359,30.0
29.57626959104251,30.1
29.730865155276486,30.2
29.88626879263161,30.2
30.04248472691713,30.2
30.19951720402016,30.2
30.357370492021133,30.2
30.516048881309793,30.3
30.675556684701824,30.4
30.835898237556027,30.4
30.99707789789224,30.4
31.15910004650967,30.4
31.321969087106055,30.4
31.485689446397288,30.4
31.650265574237824,30.6
31.815701943741516,30.7
31.98200305140326,30.7
32.14917341722119,30.7
32.31721758481955,30.7
32.486140121572134,30.7
32.655945618726484,30.7
32.82663869152868,30.7
32.99822397934869,30.7
33.170706145806605,30.8
33.34408987889928,30.9
33.51837989112781,30.9
33.69358091962557,30.9
33.86969772628702,30.9
34.04673509789711,30.9
34.224697846261364,30.9
34.40359080833668,30.9
34.58341884636283,31.0
34.764186847994516,31.1
34.94589972643436,31.1
35.12856242056629,31.1
35.312179895089876,31.1
35.496757140655234,31.1
35.68229917399868,31.1
35.86881103807908,31.1
36.05629780221492,31.2
36.24476456222205,31.2
36.434216440552284,31.2
36.6246585864325,31.2
36.81609617600466,31.2
37.00853441246656,31.2
37.2019785262131,31.2
37.39643377497855,31.2
37.591905443979435,31.2
37.788398846058186,31.2
37.985919321827524,31.2
38.184472239815605,31.3
38.384062996612016,31.4
38.584697017014335,31.4
38.786379754175634,31.4
38.98911668975273,31.4
39.1929133340551,31.4
39.39777522619469,31.4
39.60370793423646,31.5
39.810717055349734,31.6
40.0188082159603,31.6
40.227987071903335,31.6
40.43825930857721,31.6
40.64963064109788,31.6
40.8621068144543,31.6
41.075693603664625,31.6
41.29039681393302,31.6
41.506222280807584,31.7
41.72317587033889,31.8
41.94126347923944,31.9
42.16049103504393,31.9
42.38086449627034,31.9
42.60238985258197,31.9
42.825073124950116,31.9
43.04892036581776,31.9
43.27393765926414,31.9
43.500131121170035,32.0
43.727506899384,32.0
43.956071173889484,32.1
44.18583015697281,32.1
44.416790093392,32.1
44.648957260546474,32.1
44.88233796864779,32.1
45.116938560890986,32.1
45.35276541362708,32.1
45.58982493653644,32.1
45.82812357280281,32.1
46.067667799288614,32.1
46.308464126710895,32.2
46.55051909981832,32.3
46.793839297569036,32.3
47.03843133330949,32.3
47.28430185495417,32.3
47.531457545166376,32.3
47.77990512153967,32.3
48.02965133678067,32.3
48.28070297889241,32.3
48.53306687135893,32.3
48.78674987333074,32.3
49.041758879811184,32.3
49.298100821843896,32.3
49.55578266670119,32.3
49.81481141807335,32.3
50.07519411625915,32.4
50.336937838356974,32.4
50.60004969845742,32.4
50.86453684783644,32.4
51.13040647514984,32.4
51.39766580662862,32.4
51.66632210627541,32.4
51.93638267606184,32.4
52.20785485612707,32.4
52.48074602497726,32.4
52.75506359968615,32.4
53.030815036096584,32.4
53.308007829023246,32.5
53.58664951245627,32.6
53.866747659766084,32.6
54.148309883909214,32.6
54.431343837635225,32.6
54.7158572136947,32.6
55.00185774504835,32.6
55.28935320507712,32.6
55.57835140779364,32.6
55.86886020805435,32.6
56.160887501773274,32.6
56.45444122613637,32.6
56.74952935981742,32.6
57.04615992319485,32.6
57.34434097856969,32.7
57.64408063038476,32.8
57.94538702544487,32.8
58.24826835313831,32.8
58.552732845659456,32.8
58.85878877823242,32.8
59.166444469336014,32.8
59.475708280929936,32.8
59.786588618681876,32.8
60.0990939321961,32.8
60.41323271524305,32.8
60.72901350599024,32.8
61.046444887234294,32.8
61.365535486634215,32.8
61.686293976945976,32.8
62.008729076258064,32.8
62.332849548228545,32.8
62.658664202323344,32.8
62.98618189405547,32.9
63.315411525225876,33.0
63.64636204416533,33.0
63.979042445977655,33.0
64.31346177278421,33.0
64.64962911396958,33.0
64.98755360642885,33.0
65.32724443481563,33.0
65.66871083179183,33.0
66.01196207827876,33.0
66.35700750370908,33.0
66.7038564862806,33.0
67.05251845321108,33.0
67.40300288099445,33.0
67.75531929565844,33.0
68.1094772730234,33.0
68.46548643896274,33.0
68.82335646966433,33.0
69.18309709189363,33.0
69.54471808325809,33.0
69.90822927247277,33.0
70.27364053962762,33.0
70.6409618164559,33.0
71.01020308660422,33.1
71.38137438590384,33.2
71.75448580264342,33.3
72.12954747784322,33.3
72.50656960553087,33.3
72.88556243301818,33.3
73.26653626117992,33.3
73.64950144473359,33.3
74.03446839252094,33.3
74.42144756779092,33.3
74.810449488484,33.3
75.20148472751808,33.3
75.59456391307583,33.3
75.98969772889355,33.3
76.38689691455168,33.3
76.78617226576647,33.3
77.18753463468363,33.3
77.59099493017311,33.3
77.99656411812569,33.3
78.404253221751,33.3
78.8140733218772,33.3
79.226035557252,33.3
79.64015112484554,33.3
80.05643128015467,33.3
80.47488733750892,33.3
80.89553067037787,33.3
81.31837271168051,33.4
81.74342495409579,33.5
82.170698950375,33.5
82.60020631365589,33.5
83.03195871777821,33.5
83.46596789760103,33.5
83.90224564932171,33.5
84.34080383079642,33.5
84.78165436186265,33.5
85.22480922466286,33.5
85.67028046397054,33.5
86.11808018751721,33.5
86.56822056632171,33.5
87.020713835021,33.5
87.47557229220259,33.5
87.93280830073893,33.5
88.39243428812335,33.5
88.85446274680783,33.5
89.31890623454267,33.5
89.78577737471758,33.5
90.25508885670492,33.5
90.72685343620469,33.5
91.20108393559097,33.5
91.67779324426061,33.5
92.15699431898352,33.5
92.63870018425483,33.5
93.12292393264887,33.5
93.60967872517497,33.5
94.09897779163542,33.5
94.5908344309847,33.5
95.0852620116911,33.5
95.58227397210023,33.5
96.08188382079996,33.5
96.5841051369878,33.5
97.08895157083991,33.5
97.59643684388209,33.5
98.10657474936274,33.5
98.61937915262773,33.5
99.13486399149741,33.5
99.65304327664518,33.5
100.17393109197839,33.5
100.69754159502135,33.5
101.22388901729977,33.5
101.75298766472777,33.4
102.28485191799675,33.3
102.81949623296607,33.3
103.35693514105618,33.3
103.89718324964329,33.3
104.44025524245698,33.3
104.98616587997819,33.3
105.53492999984189,33.3
106.08656251723878,33.3
106.64107842532215,33.3
107.19849279561431,33.3
107.75882077841675,33.3
108.32207760322176,33.3
108.88827857912626,33.2
109.45743909524856,33.1
110.02957462114523,33.0
110.60470070723336,33.0
111.18283298521138,33.0
111.76398716848561,32.9
112.3481790525961,32.8
112.93542451564652,32.8
113.5257395187356,32.8
114.11914010639099,32.8
114.71564240700522,32.8
115.3152626332741,32.8
115.91801708263789,32.7
116.52392213772293,32.7
117.13299426678874,32.6
117.74525002417371,32.6
118.36070605074681,32.6
118.97937907435858,32.6
119.60128591029638,32.5
120.22644346174131,32.5
120.85486872022751,32.4
121.4865787661046,32.4
122.12159076900052,32.4
122.75992198829012,32.4
123.40158977356222,32.4
124.04661156509306,32.4
124.69500489431896,32.4
125.34678738431336,32.4
126.00197675026583,32.4
126.6605907999634,32.3
127.3226474342747,32.3
127.98816464763628,32.3
128.6571605285424,32.3
129.32965326003517,32.3
130.00566112020084,32.3
130.68520248266435,32.3
131.36829581709074,32.3
132.05495968968575,32.4
132.74521276370103,32.4
133.43907379994133,32.4
134.1365616572744,32.5
134.83769529314347,32.5
135.54249376408254,32.6
136.25097622623485,32.6
136.96316193587217,32.6
137.67907024992007,32.6
138.39872062648203,32.7
139.1221326253702,32.7
139.84932590863562,32.8
140.58032024110324,32.8
141.31513549090906,32.9
142.05379163003997,32.9
142.7963087348772,32.9
143.5427069867405,32.9
144.29300667243896,33.0
145.04722818481977,33.1
145.80539202332486,33.1
146.56751879454652,33.1
147.333629212788,33.1
148.1037441006266,33.1
148.87788438947953,33.0
149.65607112017267,33.0
150.43832544351253,33.0
151.2246686208618,33.0
152.01512202471548,32.9
152.80970713928414,32.9
153.6084455610754,32.9
154.41135899948313,32.9
155.218469277376,32.8
156.02979833169113,32.8
156.8453682140304,32.8
157.66520109125955,32.7
158.48931924611142,32.6
159.3177450777899,32.6
160.15050110258113,32.5
160.9876099544629,32.4
161.82909438572216,32.2
162.67497726757185,32.1
163.52528159077312,32.1
164.38003046626017,32.0
165.23924712576837,32.0
166.1029549224657,31.9
166.97117733158728,31.8
167.8439379510743,31.7
168.72126050221348,31.8
169.60316883028446,31.8
170.48968690520502,31.9
171.38083882218535,31.9
172.27664880238083,32.0
173.17714119355136,32.0
174.08234047072295,32.1
174.99227123685273,32.1
175.9069582234984,32.2
176.82642629148881,32.2
177.75070043160196,32.3
178.67980576524164,32.3
179.61376754512278,32.3
180.55261115595593,32.3
181.49636211513797,32.3
182.44504607344558,32.4
183.39868881573247,32.4
184.35731626163007,32.4
185.3209544662519,32.4
186.28962962090262,32.4
187.26336805378796,32.4
188.24219623073301,32.4
189.2261407558986,32.4
190.21522837250714,32.4
191.20948596356752,32.4
192.20894055260666,32.4
193.21361930440384,32.4
194.22354952572874,32.4
195.2387586660848,32.4
196.25927431845295,32.3
197.28512422004457,32.3
198.31633625305224,32.3
199.35293844541056,32.3
200.39495897155572,32.3
201.4424261531923,32.2
202.4953684600627,32.2
203.55381451072122,32.1
204.6177930733116,32.1
205.6873330663489,32.1
206.76246355950653,32.1
207.84321377440395,32.1
208.92961308540407,32.1
210.02169102040844,32.1
211.11947726166272,32.0
212.22300164656127,31.9
213.33229416845913,31.8
214.447384977487,31.7
215.5683043813707,31.7
216.69508284625502,31.6
217.8277509975314,31.6
218.9663396206716,31.6
220.1108796620618,31.5
221.26140222984722,31.5
222.41793859477394,31.4
223.5805201910423,31.4
224.74917861715863,31.3
225.9239456367954,31.2
227.10485317965416,31.1
228.29193334233327,30.9
229.48521838920135,30.8
230.68474075327168,30.7
231.89053303708724,30.7
233.102628013603,30.7
234.32105862708036,30.7
235.5458579939798,30.7
236.77705940386227,30.7
238.0146963202937,30.7
239.25880238175446,30.7
240.50941140255387,30.7
241.76655737374873,30.6
243.03027446406858,30.5
244.30059702084168,30.4
245.57755957093218,30.4
246.86119682167464,30.4
248.1515436618211,30.4
249.44863516248657,30.3
250.75250657810346,30.2
252.0631933473797,30.2
253.3807310942614,30.2
254.7051556289027,30.2
256.03650294863604,30.2
257.3748092389545,30.1
258.72011087449107,30.0
260.0724444200114,30.0
261.4318466314045,30.0
262.79835445668317,30.0
264.17200503698814,30.1
265.5528357075972,30.2
266.94088399894025,30.2
268.336187637619,30.2
269.7387845474336,30.2
271.1487128504106,30.2
272.56601086784315,30.2
273.9907171213279,30.2
275.4228703338166,30.2
276.86250943066517,30.2
278.30967354069315,30.2
279.764401997247,30.3
281.2267343392687,30.4
282.6967103123723,30.4
284.1743698699204,30.4
285.65975317411466,30.4
287.152900597083,30.5
288.6538527219809,30.6
290.16265034409145,30.7
291.67933447193553,30.7
293.203946328386,30.7
294.7365273517884,30.7
296.27711919708696,30.7
297.8257637369567,30.7
299.38250306294265,30.7
300.947379486601,30.7
302.52043554065347,30.7
304.1017139801383,30.7
305.69125778357716,30.7
307.2891101541398,30.7
308.8953145208197,30.8
310.5099145396145,30.9
312.1329540947119,30.9
313.76447729968413,30.9
315.40452849868336,30.9
317.0531522676519,30.9
318.71039341552853,30.9
320.3762969854716,30.9
322.05090825607795,30.9
323.7342727426186,30.9
325.4264361982722,30.9
327.1274446153702,30.9
328.83734422664674,30.9
330.55618150649445,30.9
332.28400317222986,30.9
334.02085618535915,30.8
335.76678775285944,30.7
337.52184532845695,30.7
339.28607661392135,30.7
341.0595295603587,30.7
342.84225236951676,30.7
344.63429349509414,30.7
346.4357016440579,30.7
348.24652577796684,30.7
350.06681511430224,30.7
351.8966191278073,30.7
353.7359875518278,30.7
355.5849703796693,30.6
357.44361786595016,30.5
359.3119805279728,30.4
361.1901091470929,30.4
363.0780547701014,30.4
364.9758687106112,30.4
366.8836025504522,30.3
368.80130814107446,30.2
370.72903760495365,30.2
372.66684333701346,30.2
374.6147780060434,30.1
376.57289455613636,30.1
378.54124620812286,30.0
380.5198864610201,30.0
382.50886909348526,29.9
384.5082481652772,29.9
386.51807801872604,29.9
388.53841328020957,29.9
390.56930886163985,29.9
392.6108199619517,29.9
394.6630020686084,29.8
396.7259109591041,29.6
398.7996027024853,29.5
400.8841336608706,29.5
402.9795604909844,29.5
405.0859401456969,29.6
407.20332987557106,29.6
409.331787230421,29.6
411.4713700608718,29.6
413.6221365199375,29.7
415.78414506459575,29.7
417.95745445738237,29.7
420.1421237679842,29.7
422.33821237484636,29.7
424.5457799667861,29.7
426.76488654461485,29.7
428.9955924227691,29.7
431.23795823094935,29.7
433.49204491576995,29.7
435.7579137424112,29.7
438.0356262962907,29.6
440.3252444847303,29.5
442.62683053864555,29.5
444.9404470142319,29.5
447.2661567946673,29.5
449.60402309182115,29.5
451.9541094479714,29.5
454.3164797375345,29.5
456.6911981687959,29.5
459.0783292856624,29.5
461.4779379694089,29.5
463.89008944044906,29.5
466.31484926010245,29.5
468.7522833323791,29.5
471.20245790577025,29.4
473.6654395750488,29.3
476.14129528307956,29.2
478.630092322638,29.1
481.1318983382419,29.1
483.6467813279844,29.0
486.1748096453894,29.0
488.7160520012619,29.0
491.27057746556244,29.0
493.8384554692794,28.9
496.4197558063182,28.9
499.01454863539806,28.9
501.6229044819588,28.8
504.24489424007766,28.8
506.88058917439554,28.7
509.53006092205686,28.7
512.1933814946506,28.7
514.8706232801756,28.6
517.5618590449992,28.6
520.2671619358439,28.6
522.9866054817683,28.5
525.7202635961694,28.5
528.4682105787901,28.4
531.230521117739,28.4
534.0072702915224,28.4
536.7985335710792,28.3
539.6043868218401,28.3
542.4249063057814,28.3
545.2601686835053,28.3
548.1102510163182,28.3
550.9752307683272,28.2
553.8551858085453,28.1
556.7501944130083,28.0
559.6603352669016,28.0
562.5856874666987,28.0
565.5263305223134,28.0
568.4823443592555,28.0
571.4538093208106,28.0
574.4408061702153,28.0
577.4434160928608,28.0
580.4617206984933,28.0
583.4958020234345,28.0
586.5457425328113,28.0
589.6116251227962,28.0
592.6935331228639,28.0
595.7915502980484,28.0
598.9057608512304,28.0
602.0362494254149,27.9
605.1831011060411,27.8
608.3464014232891,27.8
611.5262363544065,27.8
614.7226923260454,27.8
617.9358562166111,27.8
621.1658153586235,27.8
624.4126575410903,27.8
627.6764710118958,27.8
630.957344480193,27.8
634.2553671188238,27.9
637.5706285667327,28.0
640.9032189314127,28.0
644.2532287913472,28.0
647.6207491984753,28.0
651.0058716806659,28.0
654.4086882442045,28.0
657.8292913762976,28.0
661.2677740475787,28.0
664.7242297146454,28.0
668.1987523225889,28.0
671.6914363075575,28.0
675.2023765993158,28.0
678.7316686238282,28.0
682.2794083058518,28.0
685.8456920715438,28.0
689.4306168510824,28.0
693.0342800813003,28.0
696.6567797083366,28.0
700.2982141902914,28.0
703.9586824999124,28.0
707.6382841272731,28.0
711.3371190824884,28.0
715.0552878984242,28.0
718.7928916334344,27.9
722.5500318741055,27.9
726.3268107380181,27.8
730.123330876526,27.8
733.9396954775374,27.8
737.7760082683312,27.8
741.6323735183645,27.8
745.508896042117,27.8
749.4056812019327,27.8
753.3228349108862,27.8
757.2604636356614,27.8
761.2186743994453,27.8
765.1975747848361,27.8
769.1972729367671,27.8
773.2178775654501,27.8
777.2594979493206,27.8
781.3222439380205,27.7
785.406225955371,27.6
789.5115550023859,27.6
793.6383426602791,27.6
797.7867010935024,27.6
801.9567430527921,27.6
806.1485818782347,27.6
810.3623315023465,27.6
814.59810645317,27.6
818.8560218573906,27.6
823.1361934434566,27.6
827.4387375447371,27.5
831.7637711026708,27.4
836.1114116699566,27.4
840.4817774137397,27.4
844.8749871188272,27.4
849.2911601909162,27.4
853.7304166598383,27.4
858.1928771828257,27.4
862.6786630477819,27.4
867.1878961765907,27.4
871.7206991284164,27.3
876.2771951030477,27.3
880.8575079442367,27.3
885.4617621430697,27.3
890.0900828413493,27.3
894.742595834996,27.3
899.4194275774676,27.3
904.1207051831946,27.2
908.8465564310401,27.2
913.5971097677627,27.1
918.3724943115215,27.1
923.1728398553701,27.1
927.998276870799,27.1
932.8489365112713,27.1
937.7249506157918,27.1
942.6264517124897,27.1
947.5535730222193,27.1
952.5064484621864,27.1
957.4852126495767,27.0
962.4900009052299,26.8
967.5209492573013,26.7
972.5781944449744,26.5
977.6618739221665,26.5
982.772125861269,26.5
987.9090891569025,26.5
993.0729034296917,26.5
998.26370903006,26.5
1003.4816470420445,26.5
1008.7268592871307,26.5
1013.9994883281055,26.4
1019.2996774729368,26.3
1024.627570778662,26.3
1029.9833130553077,26.2
1035.3670498698243,26.2
1040.778927550043,26.2
1046.219093188652,26.2
1051.687694647196,26.2
1057.1848805600926,26.2
1062.7108003386745,26.2
1068.2656041752484,26.2
1073.849443047181,26.2
1079.4624687209969,26.2
1085.104833756507,26.2
1090.7766915109553,26.2
1096.4781961431852,26.2
1102.2095026178308,26.2
1107.9707667095288,26.2
1113.7621450071517,26.2
1119.5837949180645,26.2
1125.4358746724013,26.2
1131.3185433273702,26.2
1137.231960771571,26.2
1143.1762877293438,26.2
1149.1516857651375,26.2
1155.1583172879002,26.2
1161.1963455554942,26.2
1167.2659346791324,26.2
1173.3672496278396,26.2
1179.5004562329357,26.2
1185.6657211925422,26.2
1191.8632120761172,26.1
1198.0930973290035,26.1
1204.355546277011,26.1
1210.650729131018,26.0
1216.9788169915967,26.0
1223.3399818536654,25.9
1229.7343966111616,25.9
1236.162235061742,25.9
1242.6236719115057,25.9
1249.1188827797416,25.8
1255.6480442037073,25.8
1262.2113336434193,25.7
1268.8089294864806,25.7
1275.4410110529293,25.6
1282.1077586001115,25.6
1288.8093533275808,25.5
1295.5459773820237,25.5
1302.3178138622095,25.4
1309.1250468239675,25.3
1315.967861285188,25.2
1322.8464432308563,25.1
1329.7609796180998,25.1
1336.7116583812742,25.0
1343.6986684370715,25.0
1350.7221996896535,25.0
1357.782443035813,25.0
1364.879590370164,25.0
1372.0138345903551,24.9
1379.1853696023147,24.9
1386.3943903255179,24.9
1393.6410926982915,24.8
1400.9256736831292,24.7
1408.248331272053,24.7
1415.6092644919916,24.7
1423.0086734101894,24.7
1430.4467591396458,24.7
1437.9237238445805,24.6
1445.439770745928,24.5
1452.9951041268616,24.4
1460.589929338344,24.3
1468.224452804715,24.2
1475.898882029292,24.2
1483.6134256000173,24.2
1491.3682931951248,24.2
1499.1636955888393,24.2
1506.999844657106,24.2
1514.8769533833477,24.2
1522.7952358642551,24.2
1530.754907315605,24.2
1538.7561840781082,24.1
1546.799283623296,24.1
1554.8844245594228,24.0
1563.0118266374113,24.0
1571.181710756826,24.0
1579.3942989718767,24.0
1587.649814497453,24.0
1595.9484817151922,24.0
1604.2905261795772,24.0
1612.6761746240677,24.0
1621.1056549672617,24.0
1629.5791963190893,24.0
1638.097028987047,24.0
1646.6593844824454,24.0
1655.266495526711,24.1
1663.9185960577072,24.2
1672.6159212360947,24.2
1681.3587074517213,24.2
1690.1471923300487,24.2
1698.9816147386093,24.2
1707.8622147934998,24.2
1716.789233865905,24.2
1725.7629145886658,24.2
1734.7835008628629,24.2
1743.8512378644525,24.2
1752.9663720509295,24.2
1762.1291511680254,24.2
1771.3398242564415,24.2
1780.598641658619,24.2
1789.9058550255418,24.2
1799.2617173235774,24.2
1808.6664828413498,24.2
1818.1204071966588,24.2
1827.6237473434162,24.2
1837.1767615786375,24.2
1846.7797095494598,24.2
1856.4328522602,24.2
1866.1364520794475,24.1
1875.8907727471963,24.0
1885.6960793820124,24.0
1895.552638488241,24.0
1905.4607179632462,24.0
1915.4205871047022,24.0
1925.4325166178992,24.0
1935.4967786231095,24.0
1945.6136466629825,24.0
1955.783395709978,24.0
1966.006302173841,24.0
1976.282643909114,23.9
1986.6127002226892,23.8
1996.996751881399,23.8
2007.4350811196462,23.8
2017.927971647083,23.8
2028.4757086563097,23.8
2039.078578830634,23.8
2049.736870351861,23.8
2060.4508729081267,23.8
2071.22087770177,23.8
2082.0471774572497,23.8
2092.9300664290977,23.7
2103.8698404099196,23.6
2114.8667967384304,23.6
2125.9212343075446,23.5
2137.0334535724887,23.5
2148.2037565589744,23.4
2159.4324468714053,23.3
2170.71982970113,23.2
2182.0662118347364,23.1
2193.4719016623894,23.0
2204.937209186215,22.9
2216.4624460287228,22.8
2228.0479254412767,22.5
2239.6939623126154,22.3
2251.4008731773993,22.1
2263.168976224821,22.0
2274.9985913072546,21.9
2286.890039948944,21.8
2298.843645354747,21.7
2310.8597324189163,21.6
2322.9386277339318,21.5
2335.0806595993763,21.5
2347.2861580308577,21.4
2359.5554547689862,21.3
2371.8888832883777,21.3
2384.2867788067265,21.2
2396.7494782939148,21.2
2409.2773204811715,21.2
2421.8706458702773,21.2
2434.5297967428205,21.2
2447.2551171695004,21.1
2460.0469530194778,21.1
2472.905651969775,21.0
2485.8315635147337,21.0
2498.825038975499,20.9
2511.88643150958,20.9
2525.0160961204438,20.8
2538.2143896671673,20.7
2551.481670874133,20.7
2564.8183003407817,20.7
2578.224640551411,20.7
2591.7010558850307,20.7
2605.247912625263,20.7
2618.8655789702975,20.8
2632.5544250429093,20.8
2646.314822900502,20.8
2660.14714654523,20.8
2674.051771934164,20.9
2688.029076989506,20.9
2702.079441608862,20.9
2716.20324767557,20.8
2730.400879069075,20.7
2744.6727216753675,20.6
2759.0191633974646,20.5
2773.440594165967,20.4
2787.9374059496395,20.3
2802.509992766076,20.2
2817.1587506924047,20.2
2831.8840778760564,20.1
2846.686374545581,20.0
2861.5660430215316,20.0
2876.5234877273942,19.9
2891.5591152005823,19.9
2906.6733341034837,19.8
2921.8665552345788,19.8
2937.139191539587,19.7
2952.4916581227058,19.7
2967.9243722578863,19.7
2983.4377534001765,19.7
2999.0322231971227,19.7
3014.7082055002275,19.7
3030.466126376471,19.7
3046.306414119893,19.7
3062.229499263226,19.7
3078.2358145896155,19.7
3094.325795144359,19.7
3110.4998782467446,19.8
3126.7585035019356,19.9
3143.1021128129173,19.9
3159.5311503925072,19.9
3176.0460627754296,20.0
3192.6472988304513,20.0
3209.335309772584,20.0
3226.1105491753406,20.0
3242.973472983081,20.0
3259.924539523382,20.0
3276.9642095195077,20.0
3294.0929461029286,20.0
3311.311214825911,19.9
3328.6194836741684,19.8
3346.018223079582,19.8
3363.507905932988,19.7
3381.089007597027,19.6
3398.762005919066,19.5
3416.527381244194,19.4
3434.385616428264,19.3
3452.337196851022,19.1
3470.382610429304,19.0
3488.5223476302926,18.9
3506.7569014848486,18.8
3525.0867676009134,18.7
3543.512444176976,18.6
3562.034432015617,18.5
3580.6532345371147,18.3
3599.369357793143,18.2
3618.1833104805046,18.1
3637.095603954969,17.9
3656.1067522451726,17.7
3675.2172720665826,17.5
3694.4276828355482,17.3
3713.738506683413,17.1
3733.1502684707093,16.9
3752.6634958014215,16.7
3772.2787190373247,16.5
3791.9964713124127,16.3
3811.817288547367,16.1
3831.7417094641373,15.9
3851.7702756005806,15.7
3871.9035313251793,15.5
3892.1420238518376,15.3
3912.4863032547537,15.1
3932.936922483372,14.9
3953.4944373774106,14.7
3974.1594066819653,14.7
3994.9323920627126,14.6
4015.8139581211503,14.6
4036.8046724099613,14.6
4057.9051054484326,14.5
4079.115830737964,14.3
4100.437424777656,14.1
4121.870467079975,14.0
4143.41554018651,13.8
4165.0732296838005,13.8
4186.844124219257,13.7
4208.728815517151,13.7
4230.72789839472,13.6
4252.841970778305,13.5
4275.071633719623,13.4
4297.417491412092,13.3
4319.880151207261,13.3
4342.460223631314,13.2
4365.158322401661,13.1
4387.975064443623,13.0
4410.911069907196,12.9
4433.9669621839075,12.8
4457.1433679237725,12.8
4480.4409170523,12.7
4503.860242787635,12.8
4527.40198165776,13.4
4551.0667735177985,13.9
4574.855261567406,14.4
4598.768092368251,15.0
4622.80591586159,15.5
4646.969385385929,16.1
4671.25915769478,16.6
4695.675892974527,17.2
4720.220254862348,17.7
4744.892910464259,18.2
4769.694530373255,18.8
4794.625788687525,19.3
4819.68736302878,19.9
4844.87993456067,20.2
4870.204188007296,20.3
4895.660811671819,20.5
4921.250497455168,20.6
4946.973940874864,20.7
4972.8318410838865,20.8
4998.824900889706,20.8
5024.953826773381,20.9
5051.219328908747,20.8
5077.622121181736,20.8
5104.162921209768,20.7
5130.842450361258,20.6
5157.661433775227,20.1
5184.620600380999,19.6
5211.720682918039,19.4
5238.962417955835,19.2
5266.346545913939,19.0
5293.873811082085,18.8
5321.544961640422,18.5
5349.360749679845,18.2
5377.321931222439,18.0
5405.429266242027,17.8
5433.683518684824,17.6
5462.085456490198,17.2
5490.635851611563,16.9
5519.335480037329,16.7
5548.185121812011,16.6
5577.185561057427,16.4
5606.337585994012,16.2
5635.641988962242,16.0
5665.0995664441625,15.9
5694.7111190850455,15.9
5724.477451715144,15.9
5754.399373371566,15.9
5784.477697320285,15.9
5814.713241078208,15.9
5845.10682643542,16.0
5875.659279477514,16.0
5906.371430608045,16.1
5937.244114571097,16.1
5968.278170473975,16.1
5999.4744418100045,16.1
6030.833776481469,16.1
6062.357026822636,16.1
6094.045049622959,16.2
6125.898706150321,16.2
6157.918862174471,16.3
6190.106387990547,16.4
6222.462158442733,16.5
6254.987052948034,16.6
6287.681955520183,16.7
6320.547754793659,16.8
6353.585344047851,16.9
6386.795621231329,17.1
6420.179488986247,17.2
6453.7378546729,17.3
6487.471630394349,17.4
6521.381733021235,17.4
6555.469084216698,17.6
6589.734610461422,18.0
6624.179243078815,18.2
6658.80391826033,18.3
6693.609577090902,18.4
6728.597165574533,18.5
6763.767634659991,18.7
6799.1219402666875,19.0
6834.661043310619,19.1
6870.385909730507,19.2
6906.297510514049,19.2
6942.39682172431,19.2
6978.684824526248,19.2
7015.162505213385,19.2
7051.830855234612,19.1
7088.690871221135,19.0
7125.7435550135615,18.8
7162.989913689153,18.6
7200.430959589155,18.5
7238.067710346342,18.4
7275.901188912673,18.2
7313.932423587085,17.6
7352.162448043451,17.0
7390.59230135867,16.3
7429.22302804091,15.7
7468.055678057999,15.0
7507.091306865953,14.6
7546.330975437692,14.5
7585.775750291836,14.3
7625.426703521717,14.1
7665.284912824515,14.2
7705.351461530549,14.3
7745.627438632719,14.9
7786.113938816104,15.6
7826.81206248772,15.9
7867.722915806424,16.1
7908.847610712972,16.4
7950.187264960275,16.7
7991.743002143727,17.1
8033.515951731782,17.7
8075.507249096639,18.0
8117.718035545101,18.2
8160.149458349601,18.4
8202.80267077938,18.5
8245.67883213183,18.6
8288.77910776401,18.8
8332.104669124305,18.9
8375.656693784302,19.0
8419.436365470749,19.0
8463.444874097753,19.0
8507.683415799123,18.9
8552.153192960874,18.9
8596.855414253905,18.8
8641.791294666864,18.7
8686.962055539152,18.6
8732.36892459413,18.6
8778.01313597248,18.5
8823.895930265779,18.5
8870.018554550163,18.7
8916.382262420266,18.9
8962.988314023276,19.1
9009.83797609319,19.4
9056.932521985234,19.6
9104.273231710486,19.7
9151.861391970657,19.8
9199.698296193066,19.9
9247.785244565785,20.0
9296.12354407301,20.0
9344.714508530542,20.0
9393.559458621517,20.0
9442.659721932305,20.0
9492.016632988581,20.1
9541.631533291613,20.2
9591.505771354708,20.1
9641.64070273987,19.9
9692.037690094652,19.8
9742.698103189163,19.6
9793.623318953358,19.1
9844.814721514387,18.7
9896.27370223427,17.9
9948.001659747684,17.1
10000.0,16.7
10052.270136285486,16.3
10104.813489285681,15.6
10157.6314871081,15.0
10210.725565324987,14.5
10264.09716701231,13.0
10317.747742788988,11.0
10371.678750856474,10.3
10425.891657038128,10.1
10480.387934819217,10.0
10535.16906538697,9.9
10590.236537670813,9.8
10645.591848382772,9.7
10701.236502058211,9.9
10757.172011096769,10.4
10813.399895803414,10.9
10869.921684429703,11.1
10926.73891321545,11.3
10983.85312643042,11.4
11041.265876416248,11.5
11098.978723628681,11.5
11156.993236680037,11.6
11215.310992381786,11.6
11273.933575787378,11.5
11332.862580235347,11.4
11392.099607392682,11.3
11451.646267298307,11.3
11511.504178406769,11.2
11571.674967632372,11.2
11632.16027039332,11.1
11692.961730656129,11.4
11754.08100098034,11.8
11815.519742563505,12.1
11877.27962528627,12.3
11939.362327757724,12.4
12001.76953736107,12.6
12064.50295029953,12.9
12127.56427164241,13.3
12190.95521537136,13.6
12254.677504427105,14.4
12318.732870756214,15.0
12383.123055358106,15.5
12447.849808332432,15.9
12512.914888926687,16.0
12578.320065583976,16.1
12644.067115991029,16.2
12710.157827126544,16.2
12776.593995309939,16.2
12843.377426249857,16.1
12910.50993509343,16.0
12977.99334647565,15.9
13045.829494568892,15.9
13114.020223132724,16.0
13182.567385564074,16.1
13251.472844947652,16.2
13320.738474106534,16.3
13390.366155652993,16.3
13460.35778203982,16.4
13530.715255611682,16.4
13601.440488656775,16.4
13672.535403458849,16.3
13744.001932349513,16.2
13815.842017760702,16.2
13888.057612277411,16.2
13960.650678690825,16.3
14033.62319005172,16.3
14106.977129724035,16.3
14180.714491438697,16.2
14254.837279347976,16.2
14329.347508079869,16.2
14404.247202792812,16.2
14479.538399230763,16.2
14555.223143778607,16.2
14631.303493517702,16.2
14707.78151628175,16.1
14784.65929071304,15.8
14861.938906319014,15.5
14939.622463529,15.2
15017.712073751207,15.0
15096.209859430292,14.8
15175.117954104964,14.7
15254.438502465904,14.7
15334.173660414117,14.6
15414.325595119602,13.9
15494.896485080177,13.0
15575.88852018064,12.5
15657.303901752315,12.0
15739.1448426331,11.5
15821.413567227246,11.2
15904.112311566014,10.2
15987.243323368504,8.8
16070.808862102673,8.1
16154.811199046684,7.8
16239.252617350698,7.4
16324.135412099,7.2
16409.461890372313,7.0
16495.23437131044,7.0
16581.455186175313,7.2
16668.12667841462,7.5
16755.251203725067,7.2
