10.0,12.8
10.052270136285475,12.8
10.104813489285682,12.9
10.157631487108103,12.9
10.210725565324982,12.9
10.264097167012295,13.0
10.317747742789004,13.0
10.371678750856479,13.0
10.425891657038118,13.0
10.480387934819216,13.0
10.535169065386981,13.1
10.590236537670812,13.2
10.64559184838276,13.2
10.701236502058206,13.2
10.757172011096776,13.2
10.813399895803409,13.3
10.869921684429707,13.3
10.926738913215466,13.4
10.98385312643042,13.4
11.041265876416237,13.5
11.098978723628681,13.5
11.156993236680048,13.5
11.215310992381788,13.5
11.27393357578736,13.5
11.332862580235341,13.6
11.392099607392687,13.7
11.451646267298301,13.7
11.511504178406776,13.7
11.571674967632385,13.7
11.632160270393321,13.7
11.692961730656117,13.8
11.75408100098034,13.8
11.815519742563518,13.9
11.87727962528627,14.0
11.939362327757706,14.0
12.001769537361062,14.1
12.064502950299536,14.1
12.127564271642404,14.1
12.190955215371359,14.1
12.254677504427118,14.2
12.318732870756214,14.3
12.383123055358094,14.4
12.447849808332432,14.5
12.5129148889267,14.6
12.578320065583968,14.6
12.644067115991009,14.6
12.710157827126565,14.6
12.776593995309947,14.7
12.843377426249843,14.8
12.910509935093431,14.8
12.977993346475664,14.8
13.045829494568892,14.8
13.11402022313271,14.8
13.182567385564074,14.8
13.251472844947658,14.9
13.320738474106527,14.9
13.390366155653,15.0
13.460357782039841,15.0
13.530715255611682,15.1
13.601440488656761,15.1
13.672535403458848,15.1
13.744001932349526,15.1
13.815842017760701,15.2
13.888057612277397,15.3
13.960650678690818,15.3
14.033623190051728,15.3
14.10697712972403,15.3
14.180714491438705,15.3
14.25483727934799,15.3
14.32934750807987,15.4
14.404247202792797,15.5
14.479538399230764,15.6
14.55522314377862,15.7
14.631303493517702,15.7
14.707781516281727,15.7
14.784659290713032,15.7
14.861938906319022,15.7
14.939622463528993,15.8
15.017712073751214,15.9
15.096209859430308,15.9
15.175117954104964,15.9
15.254438502465888,15.9
15.334173660414118,15.9
15.414325595119617,16.0
15.494896485080169,16.0
15.575888520180618,16.1
15.65730390175234,16.1
15.73914484263311,16.2
15.821413567227237,16.2
15.904112311566013,16.2
15.98724332336852,16.2
16.070808862102673,16.3
16.154811199046666,16.4
16.239252617350697,16.4
16.324135412099007,16.4
16.409461890372306,16.4
16.495234371310413,16.5
16.58145518617534,16.6
16.668126678414627,16.7
16.755251203725052,16.7
16.84283113011666,16.8
16.930868837977105,16.8
17.01936672013636,16.9
17.108327181931763,16.9
17.197752641273365,16.9
17.28764552870969,17.0
17.378008287493753,17.0
17.4688433736495,17.1
17.560153256038525,17.1
17.651940416427212,17.2
17.744207349554188,17.2
17.836956563198083,17.2
17.93019057824573,17.2
18.023911928760675,17.2
18.118123162052047,17.3
18.21282683874379,17.4
18.30802553284428,17.4
18.403721831816252,17.4
18.499918336647156,17.4
18.59661766191982,17.5
18.69382243588356,17.5
18.791535300525574,17.6
18.889758911642755,17.6
18.98849593891389,17.6
19.08774906597221,17.6
19.187520990478333,17.6
19.287814424193606,17.7
19.388632093053765,17.7
19.48997673724305,17.8
19.591851111268685,17.9
19.69425798403576,17.9
19.79720013892245,18.0
19.90068037385568,18.0
20.004701501387192,18.0
20.109266348769967,18.1
20.214377758035074,18.1
20.320038586068932,18.2
20.426251704690927,18.2
20.533020000731486,18.2
20.64034637611054,18.2
20.748233747916412,18.2
20.856685048485062,18.3
20.965703225479817,18.3
21.075291241971485,18.4
21.185452076518878,18.4
21.296188723249774,18.5
21.407504191942323,18.5
21.519401508106792,18.5
21.631883713067854,18.5
21.744953864047204,18.5
21.858615034246718,18.6
21.972870312931903,18.6
22.087722805515906,18.7
22.203175633643916,18.8
22.319231935278008,18.9
22.435894864782412,18.9
22.553167593009288,18.9
22.671053307384867,19.0
22.789555211996095,19.1
22.908676527677724,19.2
23.028420492099883,19.2
23.148790359856015,19.2
23.26978940255137,19.2
23.391420908891938,19.3
23.51368818477381,19.3
23.63659455337303,19.4
23.760143355235964,19.4
23.884337948370025,19.4
24.009181708334992,19.4
24.134678028334722,19.5
24.260830319309434,19.5
24.387642010028344,19.6
24.515116547182902,19.6
24.64325739548046,19.6
24.772068037738443,19.7
24.901551974979007,19.7
25.031712726524198,19.8
25.162553830091625,19.9
25.294078841890578,19.9
25.426291336718684,19.9
25.559194908059133,19.9
25.692793168178262,19.9
25.827089748223784,20.0
25.96208829832347,20.1
26.097792487684362,20.1
26.234206004692496,20.1
26.371332557013133,20.1
26.5091758716916,20.1
26.647739695254497,20.1
26.787027793811582,20.1
26.9270439531581,20.2
27.06779197887776,20.3
27.209275696446046,20.3
27.351498951334275,20.4
27.494465609114105,20.4
27.638179555562576,20.4
27.782644696767733,20.5
27.92786495923483,20.6
28.07384428999299,20.7
28.220586656702505,20.7
28.368096047762684,20.7
28.516376472420284,20.7
28.66543196087842,20.7
28.815266564406134,20.7
28.965884355448516,20.7
29.11728942773738,20.8
29.26948589640251,20.8
29.42247789808359,20.8
29.57626959104251,20.8
29.730865155276486,20.8
29.88626879263161,20.8
30.04248472691713,20.9
30.19951720402016,21.0
30.357370492021133,21.1
30.516048881309793,21.2
30.675556684701824,21.2
30.835898237556027,21.2
30.99707789789224,21.2
31.15910004650967,21.2
31.321969087106055,21.2
31.485689446397288,21.4
31.650265574237824,21.5
31.815701943741516,21.5
31.98200305140326,21.5
32.14917341722119,21.6
32.31721758481955,21.6
32.486140121572134,21.7
32.655945618726484,21.7
32.82663869152868,21.7
32.99822397934869,21.7
33.170706145806605,21.8
33.34408987889928,21.8
33.51837989112781,21.9
33.69358091962557,21.9
33.86969772628702,21.9
34.04673509789711,21.9
34.224697846261364,22.0
34.40359080833668,22.0
34.58341884636283,22.1
34.764186847994516,22.1
34.94589972643436,22.2
35.12856242056629,22.2
35.312179895089876,22.2
35.496757140655234,22.2
35.68229917399868,22.2
35.86881103807908,22.3
36.05629780221492,22.3
36.24476456222205,22.4
36.434216440552284,22.4
36.6246585864325,22.5
36.81609617600466,22.6
37.00853441246656,22.6
37.2019785262131,22.6
37.39643377497855,22.6
37.591905443979435,22.6
37.788398846058186,22.6
37.985919321827524,22.7
38.184472239815605,22.8
38.384062996612016,22.8
38.584697017014335,22.8
38.786379754175634,22.8
38.98911668975273,22.8
39.1929133340551,22.8
39.39777522619469,22.9
39.60370793423646,23.0
39.810717055349734,23.0
40.0188082159603,23.0
40.227987071903335,23.0
40.43825930857721,23.0
40.64963064109788,23.1
40.8621068144543,23.1
41.075693603664625,23.1
41.29039681393302,23.1
41.506222280807584,23.1
41.72317587033889,23.2
41.94126347923944,23.3
42.16049103504393,23.3
42.38086449627034,23.3
42.60238985258197,23.4
42.825073124950116,23.5
43.04892036581776,23.5
43.27393765926414,23.5
43.500131121170035,23.5
43.727506899384,23.5
43.956071173889484,23.5
44.18583015697281,23.6
44.416790093392,23.7
44.648957260546474,23.7
44.88233796864779,23.7
45.116938560890986,23.7
45.35276541362708,23.7
45.58982493653644,23.7
45.82812357280281,23.7
46.067667799288614,23.9
46.308464126710895,24.0
46.55051909981832,24.0
46.793839297569036,24.0
47.03843133330949,24.1
47.28430185495417,24.1
47.531457545166376,24.2
47.77990512153967,24.2
48.02965133678067,24.2
48.28070297889241,24.2
48.53306687135893,24.3
48.78674987333074,24.4
49.041758879811184,24.4
49.298100821843896,24.4
49.55578266670119,24.4
49.81481141807335,24.5
50.07519411625915,24.5
50.336937838356974,24.5
50.60004969845742,24.5
50.86453684783644,24.5
51.13040647514984,24.5
51.39766580662862,24.5
51.66632210627541,24.5
51.93638267606184,24.5
52.20785485612707,24.5
52.48074602497726,24.6
52.75506359968615,24.7
53.030815036096584,24.7
53.308007829023246,24.7
53.58664951245627,24.7
53.866747659766084,24.7
54.148309883909214,24.7
54.431343837635225,24.7
54.7158572136947,24.7
55.00185774504835,24.7
55.28935320507712,24.7
55.57835140779364,24.8
55.86886020805435,24.8
56.160887501773274,24.8
56.45444122613637,24.8
56.74952935981742,24.8
57.04615992319485,24.8
57.34434097856969,24.8
57.64408063038476,24.8
57.94538702544487,24.7
58.24826835313831,24.7
58.552732845659456,24.7
58.85878877823242,24.7
59.166444469336014,24.7
59.475708280929936,24.7
59.786588618681876,24.7
60.0990939321961,24.7
60.41323271524305,24.7
60.72901350599024,24.7
61.046444887234294,24.7
61.365535486634215,24.7
61.686293976945976,24.8
62.008729076258064,24.8
62.332849548228545,24.8
62.658664202323344,24.8
62.98618189405547,24.8
63.315411525225876,24.8
63.64636204416533,24.9
63.979042445977655,24.9
64.31346177278421,25.0
64.64962911396958,25.1
64.98755360642885,25.1
65.32724443481563,25.1
65.66871083179183,25.2
66.01196207827876,25.3
66.35700750370908,25.3
66.7038564862806,25.4
67.05251845321108,25.5
67.40300288099445,25.5
67.75531929565844,25.5
68.1094772730234,25.5
68.46548643896274,25.5
68.82335646966433,25.5
69.18309709189363,25.5
69.54471808325809,25.5
69.90822927247277,25.5
70.27364053962762,25.5
70.6409618164559,25.5
71.01020308660422,25.5
71.38137438590384,25.4
71.75448580264342,25.3
72.12954747784322,25.3
72.50656960553087,25.3
72.88556243301818,25.3
73.26653626117992,25.3
73.64950144473359,25.3
74.03446839252094,25.3
74.42144756779092,25.3
74.810449488484,25.3
75.20148472751808,25.3
75.59456391307583,25.3
75.98969772889355,25.3
76.38689691455168,25.4
76.78617226576647,25.5
77.18753463468363,25.6
77.59099493017311,25.6
77.99656411812569,25.7
78.404253221751,25.7
78.8140733218772,25.8
79.226035557252,25.8
79.64015112484554,25.9
80.05643128015467,26.1
80.47488733750892,26.2
80.89553067037787,26.3
81.31837271168051,26.5
81.74342495409579,26.6
82.170698950375,26.7
82.60020631365589,26.7
83.03195871777821,26.7
83.46596789760103,26.7
83.90224564932171,26.7
84.34080383079642,26.7
84.78165436186265,26.8
85.22480922466286,26.8
85.67028046397054,26.9
86.11808018751721,26.9
86.56822056632171,27.0
87.020713835021,27.0
87.47557229220259,27.0
87.93280830073893,27.0
88.39243428812335,27.0
88.85446274680783,27.1
89.31890623454267,27.2
89.78577737471758,27.2
90.25508885670492,27.2
90.72685343620469,27.2
91.20108393559097,27.2
91.67779324426061,27.3
92.15699431898352,27.4
92.63870018425483,27.4
93.12292393264887,27.4
93.60967872517497,27.4
94.09897779163542,27.4
94.5908344309847,27.4
95.0852620116911,27.4
95.58227397210023,27.5
96.08188382079996,27.6
96.5841051369878,27.6
97.08895157083991,27.6
97.59643684388209,27.6
98.10657474936274,27.6
98.61937915262773,27.6
99.13486399149741,27.6
99.65304327664518,27.6
100.17393109197839,27.6
100.69754159502135,27.6
101.22388901729977,27.7
101.75298766472777,27.8
102.28485191799675,27.8
102.81949623296607,27.8
103.35693514105618,27.8
103.89718324964329,27.8
104.44025524245698,27.8
104.98616587997819,27.8
105.53492999984189,27.8
106.08656251723878,27.8
106.64107842532215,27.8
107.19849279561431,27.8
107.75882077841675,27.9
108.32207760322176,27.9
108.88827857912626,27.9
109.45743909524856,27.9
110.02957462114523,27.9
110.60470070723336,27.9
111.18283298521138,27.9
111.76398716848561,27.9
112.3481790525961,27.9
112.93542451564652,27.9
113.5257395187356,27.9
114.11914010639099,28.0
114.71564240700522,28.1
115.3152626332741,28.1
115.91801708263789,28.1
116.52392213772293,28.1
117.13299426678874,28.1
117.74525002417371,28.1
118.36070605074681,28.1
118.97937907435858,28.1
119.60128591029638,28.1
120.22644346174131,28.1
120.85486872022751,28.1
121.4865787661046,28.1
122.12159076900052,28.1
122.75992198829012,28.2
123.40158977356222,28.2
124.04661156509306,28.3
124.69500489431896,28.3
125.34678738431336,28.3
126.00197675026583,28.3
126.6605907999634,28.3
127.3226474342747,28.3
127.98816464763628,28.3
128.6571605285424,28.3
129.32965326003517,28.3
130.00566112020084,28.3
130.68520248266435,28.3
131.36829581709074,28.3
132.05495968968575,28.3
132.74521276370103,28.3
133.43907379994133,28.3
134.1365616572744,28.3
134.83769529314347,28.3
135.54249376408254,28.3
136.25097622623485,28.3
136.96316193587217,28.3
137.67907024992007,28.3
138.39872062648203,28.3
139.1221326253702,28.3
139.84932590863562,28.3
140.58032024110324,28.3
141.31513549090906,28.3
142.05379163003997,28.3
142.7963087348772,28.4
143.5427069867405,28.4
144.29300667243896,28.5
145.04722818481977,28.5
145.80539202332486,28.5
146.56751879454652,28.5
147.333629212788,28.5
148.1037441006266,28.5
148.87788438947953,28.5
149.65607112017267,28.5
150.43832544351253,28.5
151.2246686208618,28.5
152.01512202471548,28.5
152.80970713928414,28.5
153.6084455610754,28.5
154.41135899948313,28.5
155.218469277376,28.5
156.02979833169113,28.5
156.8453682140304,28.5
157.66520109125955,28.5
158.48931924611142,28.5
159.3177450777899,28.5
160.15050110258113,28.4
160.9876099544629,28.3
161.82909438572216,28.3
162.67497726757185,28.3
163.52528159077312,28.3
164.38003046626017,28.3
165.23924712576837,28.3
166.1029549224657,28.3
166.97117733158728,28.3
167.8439379510743,28.3
168.72126050221348,28.3
169.60316883028446,28.3
170.48968690520502,28.3
171.38083882218535,28.3
172.27664880238083,28.3
173.17714119355136,28.3
174.08234047072295,28.3
174.99227123685273,28.3
175.9069582234984,28.3
176.82642629148881,28.3
177.75070043160196,28.3
178.67980576524164,28.3
179.61376754512278,28.3
180.55261115595593,28.3
181.49636211513797,28.3
182.44504607344558,28.3
183.39868881573247,28.3
184.35731626163007,28.3
185.3209544662519,28.3
186.28962962090262,28.3
187.26336805378796,28.4
188.24219623073301,28.4
189.2261407558986,28.5
190.21522837250714,28.5
191.20948596356752,28.5
192.20894055260666,28.5
193.21361930440384,28.5
194.22354952572874,28.5
195.2387586660848,28.5
196.25927431845295,28.5
197.28512422004457,28.5
198.31633625305224,28.5
199.35293844541056,28.5
200.39495897155572,28.5
201.4424261531923,28.5
202.4953684600627,28.5
203.55381451072122,28.5
204.6177930733116,28.5
205.6873330663489,28.5
206.76246355950653,28.5
207.84321377440395,28.5
208.92961308540407,28.5
210.02169102040844,28.5
211.11947726166272,28.4
212.22300164656127,28.4
213.33229416845913,28.3
214.447384977487,28.3
215.5683043813707,28.3
216.69508284625502,28.3
217.8277509975314,28.3
218.9663396206716,28.3
220.1108796620618,28.3
221.26140222984722,28.3
222.41793859477394,28.3
223.5805201910423,28.3
224.74917861715863,28.3
225.9239456367954,28.3
227.10485317965416,28.3
228.29193334233327,28.3
229.48521838920135,28.3
230.68474075327168,28.3
231.89053303708724,28.3
233.102628013603,28.3
234.32105862708036,28.3
235.5458579939798,28.3
236.77705940386227,28.3
238.0146963202937,28.3
239.25880238175446,28.3
240.50941140255387,28.2
241.76655737374873,28.2
243.03027446406858,28.1
244.30059702084168,28.1
245.57755957093218,28.1
246.86119682167464,28.1
248.1515436618211,28.1
249.44863516248657,28.1
250.75250657810346,28.1
252.0631933473797,28.1
253.3807310942614,28.1
254.7051556289027,28.1
256.03650294863604,28.1
257.3748092389545,28.1
258.72011087449107,28.0
260.0724444200114,27.9
261.4318466314045,27.9
262.79835445668317,27.9
264.17200503698814,27.9
265.5528357075972,27.9
266.94088399894025,27.9
268.336187637619,27.9
269.7387845474336,27.9
271.1487128504106,27.8
272.56601086784315,27.8
273.9907171213279,27.8
275.4228703338166,27.8
276.86250943066517,27.8
278.30967354069315,27.8
279.764401997247,27.8
281.2267343392687,27.8
282.6967103123723,27.8
284.1743698699204,27.7
285.65975317411466,27.6
287.152900597083,27.6
288.6538527219809,27.6
290.16265034409145,27.6
291.67933447193553,27.6
293.203946328386,27.6
294.7365273517884,27.6
296.27711919708696,27.6
297.8257637369567,27.6
299.38250306294265,27.6
300.947379486601,27.5
302.52043554065347,27.4
304.1017139801383,27.4
305.69125778357716,27.4
307.2891101541398,27.4
308.8953145208197,27.4
310.5099145396145,27.4
312.1329540947119,27.4
313.76447729968413,27.4
315.40452849868336,27.4
317.0531522676519,27.4
318.71039341552853,27.4
320.3762969854716,27.4
322.05090825607795,27.4
323.7342727426186,27.4
325.4264361982722,27.4
327.1274446153702,27.4
328.83734422664674,27.4
330.55618150649445,27.4
332.28400317222986,27.4
334.02085618535915,27.4
335.76678775285944,27.4
337.52184532845695,27.4
339.28607661392135,27.3
341.0595295603587,27.2
342.84225236951676,27.2
344.63429349509414,27.2
346.4357016440579,27.2
348.24652577796684,27.2
350.06681511430224,27.2
351.8966191278073,27.2
353.7359875518278,27.2
355.5849703796693,27.2
357.44361786595016,27.2
359.3119805279728,27.2
361.1901091470929,27.2
363.0780547701014,27.2
364.9758687106112,27.2
366.8836025504522,27.2
368.80130814107446,27.2
370.72903760495365,27.2
372.66684333701346,27.2
374.6147780060434,27.2
376.57289455613636,27.1
378.54124620812286,27.1
380.5198864610201,27.0
382.50886909348526,27.0
384.5082481652772,27.0
386.51807801872604,27.0
388.53841328020957,27.0
390.56930886163985,27.0
392.6108199619517,27.0
394.6630020686084,27.0
396.7259109591041,27.0
398.7996027024853,27.0
400.8841336608706,27.0
402.9795604909844,27.0
405.0859401456969,27.0
407.20332987557106,27.0
409.331787230421,27.0
411.4713700608718,27.0
413.6221365199375,26.9
415.78414506459575,26.8
417.95745445738237,26.8
420.1421237679842,26.8
422.33821237484636,26.8
424.5457799667861,26.8
426.76488654461485,26.8
428.9955924227691,26.8
431.23795823094935,26.8
433.49204491576995,26.8
435.7579137424112,26.8
438.0356262962907,26.8
440.3252444847303,26.7
442.62683053864555,26.7
444.9404470142319,26.7
447.2661567946673,26.7
449.60402309182115,26.7
451.9541094479714,26.7
454.3164797375345,26.7
456.6911981687959,26.7
459.0783292856624,26.7
461.4779379694089,26.7
463.89008944044906,26.7
466.31484926010245,26.7
468.7522833323791,26.7
471.20245790577025,26.7
473.6654395750488,26.7
476.14129528307956,26.7
478.630092322638,26.7
481.1318983382419,26.7
483.6467813279844,26.6
486.1748096453894,26.6
488.7160520012619,26.5
491.27057746556244,26.5
493.8384554692794,26.5
496.4197558063182,26.5
499.01454863539806,26.5
501.6229044819588,26.5
504.24489424007766,26.5
506.88058917439554,26.5
509.53006092205686,26.5
512.1933814946506,26.5
514.8706232801756,26.5
517.5618590449992,26.5
520.2671619358439,26.5
522.9866054817683,26.5
525.7202635961694,26.5
528.4682105787901,26.5
531.230521117739,26.5
534.0072702915224,26.5
536.7985335710792,26.4
539.6043868218401,26.3
542.4249063057814,26.3
545.2601686835053,26.3
548.1102510163182,26.3
550.9752307683272,26.3
553.8551858085453,26.3
556.7501944130083,26.3
559.6603352669016,26.3
562.5856874666987,26.3
565.5263305223134,26.3
568.4823443592555,26.3
571.4538093208106,26.3
574.4408061702153,26.3
577.4434160928608,26.3
580.4617206984933,26.3
583.4958020234345,26.3
586.5457425328113,26.3
589.6116251227962,26.2
592.6935331228639,26.1
595.7915502980484,26.0
598.9057608512304,26.0
602.0362494254149,26.0
605.1831011060411,26.0
608.3464014232891,26.0
611.5262363544065,26.0
614.7226923260454,26.0
617.9358562166111,26.0
621.1658153586235,26.0
624.4126575410903,26.0
627.6764710118958,26.0
630.957344480193,26.0
634.2553671188238,26.0
637.5706285667327,26.0
640.9032189314127,26.0
644.2532287913472,26.0
647.6207491984753,26.0
651.0058716806659,26.0
654.4086882442045,26.0
657.8292913762976,26.0
661.2677740475787,26.0
664.7242297146454,26.0
668.1987523225889,26.0
671.6914363075575,26.0
675.2023765993158,26.0
678.7316686238282,26.0
682.2794083058518,26.0
685.8456920715438,26.0
689.4306168510824,25.9
693.0342800813003,25.8
696.6567797083366,25.8
700.2982141902914,25.8
703.9586824999124,25.8
707.6382841272731,25.8
711.3371190824884,25.8
715.0552878984242,25.8
718.7928916334344,25.8
722.5500318741055,25.8
726.3268107380181,25.8
730.123330876526,25.9
733.9396954775374,26.0
737.7760082683312,26.0
741.6323735183645,26.0
745.508896042117,26.0
749.4056812019327,26.0
753.3228349108862,26.0
757.2604636356614,26.0
761.2186743994453,26.0
765.1975747848361,26.0
769.1972729367671,26.0
773.2178775654501,26.0
777.2594979493206,26.0
781.3222439380205,26.0
785.406225955371,26.0
789.5115550023859,26.0
793.6383426602791,26.2
797.7867010935024,26.3
801.9567430527921,26.3
806.1485818782347,26.3
810.3623315023465,26.3
814.59810645317,26.4
818.8560218573906,26.5
823.1361934434566,26.5
827.4387375447371,26.5
831.7637711026708,26.5
836.1114116699566,26.5
840.4817774137397,26.5
844.8749871188272,26.5
849.2911601909162,26.6
853.7304166598383,26.6
858.1928771828257,26.7
862.6786630477819,26.7
867.1878961765907,26.7
871.7206991284164,26.8
876.2771951030477,26.8
880.8575079442367,26.8
885.4617621430697,26.8
890.0900828413493,26.8
894.742595834996,26.8
899.4194275774676,26.9
904.1207051831946,27.0
908.8465564310401,27.0
913.5971097677627,27.0
918.3724943115215,27.0
923.1728398553701,27.0
927.998276870799,26.9
932.8489365112713,26.8
937.7249506157918,26.8
942.6264517124897,26.8
947.5535730222193,26.8
952.5064484621864,26.8
957.4852126495767,26.8
962.4900009052299,26.8
967.5209492573013,26.8
972.5781944449744,26.7
977.6618739221665,26.7
982.772125861269,26.6
987.9090891569025,26.5
993.0729034296917,26.5
998.26370903006,26.4
1003.4816470420445,26.3
1008.7268592871307,26.3
1013.9994883281055,26.3
1019.2996774729368,26.4
1024.627570778662,26.4
1029.9833130553077,26.5
1035.3670498698243,26.5
1040.778927550043,26.6
1046.219093188652,26.7
1051.687694647196,26.8
1057.1848805600926,26.8
1062.7108003386745,26.8
1068.2656041752484,26.8
1073.849443047181,26.8
1079.4624687209969,26.8
1085.104833756507,26.8
1090.7766915109553,26.9
1096.4781961431852,26.9
1102.2095026178308,27.0
1107.9707667095288,27.0
1113.7621450071517,27.0
1119.5837949180645,27.0
1125.4358746724013,27.0
1131.3185433273702,27.0
1137.231960771571,27.0
1143.1762877293438,27.0
1149.1516857651375,27.0
1155.1583172879002,26.9
1161.1963455554942,26.9
1167.2659346791324,26.8
1173.3672496278396,26.8
1179.5004562329357,26.8
1185.6657211925422,26.8
1191.8632120761172,26.7
1198.0930973290035,26.7
1204.355546277011,26.7
1210.650729131018,26.6
1216.9788169915967,26.5
1223.3399818536654,26.4
1229.7343966111616,26.3
1236.162235061742,26.3
1242.6236719115057,26.3
1249.1188827797416,26.3
1255.6480442037073,26.2
1262.2113336434193,26.1
1268.8089294864806,26.0
1275.4410110529293,25.9
1282.1077586001115,25.9
1288.8093533275808,25.8
1295.5459773820237,25.8
1302.3178138622095,25.7
1309.1250468239675,25.7
1315.967861285188,25.6
1322.8464432308563,25.5
1329.7609796180998,25.5
1336.7116583812742,25.4
1343.6986684370715,25.4
1350.7221996896535,25.3
1357.782443035813,25.3
1364.879590370164,25.2
1372.0138345903551,25.1
1379.1853696023147,25.0
1386.3943903255179,24.9
1393.6410926982915,24.8
1400.9256736831292,24.8
1408.248331272053,24.7
1415.6092644919916,24.5
1423.0086734101894,24.5
1430.4467591396458,24.5
1437.9237238445805,24.5
1445.439770745928,24.4
1452.9951041268616,24.4
1460.589929338344,24.4
1468.224452804715,24.3
1475.898882029292,24.3
1483.6134256000173,24.2
1491.3682931951248,24.2
1499.1636955888393,24.2
1506.999844657106,24.2
1514.8769533833477,24.2
1522.7952358642551,24.2
1530.754907315605,24.2
1538.7561840781082,24.2
1546.799283623296,24.2
1554.8844245594228,24.2
1563.0118266374113,24.2
1571.181710756826,24.2
1579.3942989718767,24.2
1587.649814497453,24.2
1595.9484817151922,24.2
1604.2905261795772,24.2
1612.6761746240677,24.1
1621.1056549672617,24.1
1629.5791963190893,24.1
1638.097028987047,24.0
1646.6593844824454,24.0
1655.266495526711,24.0
1663.9185960577072,24.0
1672.6159212360947,24.0
1681.3587074517213,24.0
1690.1471923300487,24.0
1698.9816147386093,24.0
1707.8622147934998,23.9
1716.789233865905,23.8
1725.7629145886658,23.7
1734.7835008628629,23.7
1743.8512378644525,23.7
1752.9663720509295,23.7
1762.1291511680254,23.7
1771.3398242564415,23.7
1780.598641658619,23.7
1789.9058550255418,23.6
1799.2617173235774,23.5
1808.6664828413498,23.5
1818.1204071966588,23.5
1827.6237473434162,23.5
1837.1767615786375,23.5
1846.7797095494598,23.5
1856.4328522602,23.4
1866.1364520794475,23.3
1875.8907727471963,23.2
1885.6960793820124,23.2
1895.552638488241,23.1
1905.4607179632462,23.1
1915.4205871047022,23.0
1925.4325166178992,22.9
1935.4967786231095,22.7
1945.6136466629825,22.6
1955.783395709978,22.6
1966.006302173841,22.6
1976.282643909114,22.6
1986.6127002226892,22.6
1996.996751881399,22.6
2007.4350811196462,22.6
2017.927971647083,22.5
2028.4757086563097,22.5
2039.078578830634,22.5
2049.736870351861,22.5
2060.4508729081267,22.5
2071.22087770177,22.6
2082.0471774572497,22.6
2092.9300664290977,22.5
2103.8698404099196,22.4
2114.8667967384304,22.4
2125.9212343075446,22.4
2137.0334535724887,22.4
2148.2037565589744,22.4
2159.4324468714053,22.4
2170.71982970113,22.3
2182.0662118347364,22.2
2193.4719016623894,22.1
2204.937209186215,22.1
2216.4624460287228,22.0
2228.0479254412767,22.0
2239.6939623126154,22.0
2251.4008731773993,22.0
2263.168976224821,22.0
2274.9985913072546,21.9
2286.890039948944,21.9
2298.843645354747,21.8
2310.8597324189163,21.7
2322.9386277339318,21.7
2335.0806595993763,21.7
2347.2861580308577,21.6
2359.5554547689862,21.6
2371.8888832883777,21.6
2384.2867788067265,21.5
2396.7494782939148,21.4
2409.2773204811715,21.3
2421.8706458702773,21.2
2434.5297967428205,21.1
2447.2551171695004,21.0
2460.0469530194778,20.9
2472.905651969775,20.9
2485.8315635147337,20.8
2498.825038975499,20.8
2511.88643150958,20.7
2525.0160961204438,20.6
2538.2143896671673,20.5
2551.481670874133,20.4
2564.8183003407817,20.4
2578.224640551411,20.3
2591.7010558850307,20.3
2605.247912625263,20.3
2618.8655789702975,20.3
2632.5544250429093,20.3
2646.314822900502,20.4
2660.14714654523,20.4
2674.051771934164,20.4
2688.029076989506,20.5
2702.079441608862,20.6
2716.20324767557,20.6
2730.400879069075,20.7
2744.6727216753675,20.6
2759.0191633974646,20.4
2773.440594165967,20.3
2787.9374059496395,20.3
2802.509992766076,20.3
2817.1587506924047,20.3
2831.8840778760564,20.3
2846.686374545581,20.3
2861.5660430215316,20.3
2876.5234877273942,20.2
2891.5591152005823,20.1
2906.6733341034837,20.1
2921.8665552345788,20.1
2937.139191539587,20.1
2952.4916581227058,20.2
2967.9243722578863,20.3
2983.4377534001765,20.4
2999.0322231971227,20.4
3014.7082055002275,20.5
3030.466126376471,20.5
3046.306414119893,20.5
3062.229499263226,20.5
3078.2358145896155,20.5
3094.325795144359,20.6
3110.4998782467446,20.6
3126.7585035019356,20.7
3143.1021128129173,20.7
3159.5311503925072,20.8
3176.0460627754296,20.8
3192.6472988304513,20.8
3209.335309772584,20.9
3226.1105491753406,21.0
3242.973472983081,21.0
3259.924539523382,21.0
3276.9642095195077,21.0
3294.0929461029286,21.0
3311.311214825911,21.0
3328.6194836741684,21.1
3346.018223079582,21.1
3363.507905932988,21.2
3381.089007597027,21.3
3398.762005919066,21.4
3416.527381244194,21.4
3434.385616428264,21.5
3452.337196851022,21.6
3470.382610429304,21.7
3488.5223476302926,21.7
3506.7569014848486,21.7
3525.0867676009134,21.7
3543.512444176976,21.6
3562.034432015617,21.6
3580.6532345371147,21.5
3599.369357793143,21.4
3618.1833104805046,21.3
3637.095603954969,21.2
3656.1067522451726,21.0
3675.2172720665826,20.8
3694.4276828355482,20.7
3713.738506683413,20.6
3733.1502684707093,20.3
3752.6634958014215,20.0
3772.2787190373247,19.9
3791.9964713124127,19.8
3811.817288547367,19.7
3831.7417094641373,19.6
3851.7702756005806,19.5
3871.9035313251793,19.4
3892.1420238518376,19.3
3912.4863032547537,19.3
3932.936922483372,19.2
3953.4944373774106,19.2
3974.1594066819653,19.1
3994.9323920627126,19.0
4015.8139581211503,18.9
4036.8046724099613,18.8
4057.9051054484326,18.7
4079.115830737964,18.7
4100.437424777656,18.7
4121.870467079975,18.6
4143.41554018651,18.5
4165.0732296838005,18.3
4186.844124219257,18.3
4208.728815517151,18.2
4230.72789839472,18.2
4252.841970778305,18.1
4275.071633719623,18.0
4297.417491412092,17.9
4319.880151207261,17.8
4342.460223631314,17.6
4365.158322401661,17.4
4387.975064443623,17.3
4410.911069907196,17.3
4433.9669621839075,17.2
4457.1433679237725,17.2
4480.4409170523,17.2
4503.860242787635,17.2
4527.40198165776,17.1
4551.0667735177985,17.1
4574.855261567406,17.0
4598.768092368251,16.9
4622.80591586159,16.8
4646.969385385929,16.7
4671.25915769478,16.5
4695.675892974527,16.4
4720.220254862348,16.2
4744.892910464259,16.1
4769.694530373255,16.0
4794.625788687525,15.9
4819.68736302878,15.8
4844.87993456067,15.7
4870.204188007296,15.6
4895.660811671819,15.4
4921.250497455168,15.3
4946.973940874864,15.2
4972.8318410838865,15.2
4998.824900889706,15.2
5024.953826773381,15.1
5051.219328908747,15.0
5077.622121181736,14.8
5104.162921209768,14.5
5130.842450361258,14.3
5157.661433775227,14.2
5184.620600380999,14.1
5211.720682918039,14.0
5238.962417955835,13.9
5266.346545913939,13.8
5293.873811082085,13.7
5321.544961640422,13.6
5349.360749679845,13.6
5377.321931222439,13.5
5405.429266242027,13.5
5433.683518684824,13.4
5462.085456490198,13.4
5490.635851611563,13.3
5519.335480037329,13.2
5548.185121812011,13.1
5577.185561057427,13.0
5606.337585994012,12.9
5635.641988962242,12.9
5665.0995664441625,12.8
5694.7111190850455,12.6
5724.477451715144,12.4
5754.399373371566,12.2
5784.477697320285,12.2
5814.713241078208,12.1
5845.10682643542,12.1
5875.659279477514,12.0
5906.371430608045,11.9
5937.244114571097,11.8
5968.278170473975,11.7
5999.4744418100045,11.6
6030.833776481469,11.4
6062.357026822636,11.4
6094.045049622959,11.4
6125.898706150321,11.4
6157.918862174471,11.4
6190.106387990547,11.6
6222.462158442733,11.8
6254.987052948034,12.0
6287.681955520183,12.1
6320.547754793659,12.2
6353.585344047851,12.2
6386.795621231329,12.3
6420.179488986247,12.4
6453.7378546729,12.6
6487.471630394349,12.7
6521.381733021235,12.9
6555.469084216698,13.1
6589.734610461422,13.3
6624.179243078815,13.4
6658.80391826033,13.5
6693.609577090902,13.5
6728.597165574533,13.6
6763.767634659991,13.8
6799.1219402666875,14.0
6834.661043310619,14.1
6870.385909730507,14.2
6906.297510514049,14.2
6942.39682172431,14.3
6978.684824526248,14.4
7015.162505213385,14.4
7051.830855234612,14.5
7088.690871221135,14.6
7125.7435550135615,14.7
7162.989913689153,14.8
7200.430959589155,14.8
7238.067710346342,14.8
7275.901188912673,14.8
7313.932423587085,14.8
7352.162448043451,14.7
7390.59230135867,14.6
7429.22302804091,14.4
7468.055678057999,14.3
7507.091306865953,14.2
7546.330975437692,14.1
7585.775750291836,14.1
7625.426703521717,14.1
7665.284912824515,14.3
7705.351461530549,14.4
7745.627438632719,14.5
7786.113938816104,14.6
7826.81206248772,14.7
7867.722915806424,15.0
7908.847610712972,15.3
7950.187264960275,15.4
7991.743002143727,15.6
8033.515951731782,15.8
8075.507249096639,16.0
8117.718035545101,16.3
8160.149458349601,16.8
8202.80267077938,17.1
8245.67883213183,17.2
8288.77910776401,17.3
8332.104669124305,17.3
8375.656693784302,17.4
8419.436365470749,17.5
8463.444874097753,17.5
8507.683415799123,17.6
8552.153192960874,17.5
8596.855414253905,17.5
8641.791294666864,17.4
8686.962055539152,17.3
8732.36892459413,17.3
8778.01313597248,17.2
8823.895930265779,17.2
8870.018554550163,17.1
8916.382262420266,17.1
8962.988314023276,17.1
9009.83797609319,17.1
9056.932521985234,17.1
9104.273231710486,17.1
9151.861391970657,17.1
9199.698296193066,17.1
9247.785244565785,17.1
9296.12354407301,17.1
9344.714508530542,17.1
9393.559458621517,17.1
9442.659721932305,17.1
9492.016632988581,17.1
9541.631533291613,17.1
9591.505771354708,17.1
9641.64070273987,17.1
9692.037690094652,17.1
9742.698103189163,17.1
9793.623318953358,17.1
9844.814721514387,17.1
9896.27370223427,17.1
9948.001659747684,17.3
10000.0,17.6
10052.270136285486,17.7
10104.813489285681,17.8
10157.6314871081,17.8
10210.725565324987,17.9
10264.09716701231,17.9
10317.747742788988,18.0
10371.678750856474,18.0
10425.891657038128,18.0
10480.387934819217,18.0
10535.16906538697,17.9
10590.236537670813,17.8
10645.591848382772,17.7
10701.236502058211,17.7
10757.172011096769,17.6
10813.399895803414,17.4
10869.921684429703,17.1
10926.73891321545,16.4
10983.85312643042,15.9
11041.265876416248,15.7
11098.978723628681,15.4
11156.993236680037,15.1
11215.310992381786,14.7
11273.933575787378,13.8
11332.862580235347,13.0
11392.099607392682,12.7
11451.646267298307,12.3
11511.504178406769,11.8
11571.674967632372,11.4
11632.16027039332,11.1
11692.961730656129,10.9
11754.08100098034,10.8
11815.519742563505,10.8
11877.27962528627,10.3
11939.362327757724,9.9
12001.76953736107,9.8
12064.50295029953,9.8
12127.56427164241,9.8
12190.95521537136,9.7
12254.677504427105,9.5
12318.732870756214,9.2
12383.123055358106,9.0
12447.849808332432,8.9
12512.914888926687,8.8
12578.320065583976,8.7
12644.067115991029,8.6
12710.157827126544,8.4
12776.593995309939,8.4
12843.377426249857,8.6
12910.50993509343,8.8
12977.99334647565,8.9
13045.829494568892,9.1
13114.020223132724,9.5
13182.567385564074,9.8
13251.472844947652,9.9
13320.738474106534,9.9
13390.366155652993,10.0
13460.35778203982,10.1
13530.715255611682,10.5
13601.440488656775,10.9
13672.535403458849,11.1
13744.001932349513,11.3
13815.842017760702,11.5
13888.057612277411,11.9
13960.650678690825,12.2
14033.62319005172,12.3
14106.977129724035,12.4
14180.714491438697,12.5
14254.837279347976,12.7
14329.347508079869,12.9
14404.247202792812,13.1
14479.538399230763,13.2
14555.223143778607,13.3
14631.303493517702,13.4
14707.78151628175,13.5
14784.65929071304,13.7
14861.938906319014,13.8
14939.622463529,13.9
15017.712073751207,14.0
15096.209859430292,14.0
15175.117954104964,14.1
15254.438502465904,14.0
15334.173660414117,14.0
15414.325595119602,13.9
15494.896485080177,13.8
15575.88852018064,13.7
15657.303901752315,13.5
15739.1448426331,13.3
15821.413567227246,12.7
15904.112311566014,12.2
15987.243323368504,12.0
16070.808862102673,9.7
16154.811199046684,6.8
16239.252617350698,5.8
16324.135412099,5.3
16409.461890372313,4.6
16495.23437131044,3.4
16581.455186175313,2.5
16668.12667841462,2.2
16755.251203725067,2.0
