10.0,24.4
10.052270136285475,24.4
10.104813489285682,24.5
10.157631487108103,24.4
10.210725565324982,24.3
10.264097167012295,24.2
10.317747742789004,24.2
10.371678750856479,24.2
10.425891657038118,24.1
10.480387934819216,24.2
10.535169065386981,24.2
10.590236537670812,24.3
10.64559184838276,24.3
10.701236502058206,24.4
10.757172011096776,24.5
10.813399895803409,24.5
10.869921684429707,24.5
10.926738913215466,24.5
10.98385312643042,24.6
11.041265876416237,24.6
11.098978723628681,24.6
11.156993236680048,24.6
11.215310992381788,24.6
11.27393357578736,24.6
11.332862580235341,24.7
11.392099607392687,24.7
11.451646267298301,24.8
11.511504178406776,24.9
11.571674967632385,24.9
11.632160270393321,25.0
11.692961730656117,25.0
11.75408100098034,25.2
11.815519742563518,25.2
11.87727962528627,25.3
11.939362327757706,25.3
12.001769537361062,25.3
12.064502950299536,25.3
12.127564271642404,25.3
12.190955215371359,25.4
12.254677504427118,25.4
12.318732870756214,25.4
12.383123055358094,25.4
12.447849808332432,25.5
12.5129148889267,25.6
12.578320065583968,25.6
12.644067115991009,25.6
12.710157827126565,25.6
12.776593995309947,25.7
12.843377426249843,25.7
12.910509935093431,25.8
12.977993346475664,25.8
13.045829494568892,25.8
13.11402022313271,25.8
13.182567385564074,25.9
13.251472844947658,25.9
13.320738474106527,26.0
13.390366155653,26.1
13.460357782039841,26.1
13.530715255611682,26.1
13.601440488656761,26.2
13.672535403458848,26.2
13.744001932349526,26.3
13.815842017760701,26.3
13.888057612277397,26.3
13.960650678690818,26.3
14.033623190051728,26.3
14.10697712972403,26.4
14.180714491438705,26.5
14.25483727934799,26.5
14.32934750807987,26.5
14.404247202792797,26.5
14.479538399230764,26.5
14.55522314377862,26.6
14.631303493517702,26.6
14.707781516281727,26.6
14.784659290713032,26.7
14.861938906319022,26.7
14.939622463528993,26.7
15.017712073751214,26.8
15.096209859430308,26.8
15.175117954104964,26.8
15.254438502465888,26.9
15.334173660414118,26.9
15.414325595119617,27.0
15.494896485080169,27.0
15.575888520180618,27.1
15.65730390175234,27.1
15.73914484263311,27.2
15.821413567227237,27.2
15.904112311566013,27.2
15.98724332336852,27.2
16.070808862102673,27.3
16.154811199046666,27.3
16.239252617350697,27.4
16.324135412099007,27.5
16.409461890372306,27.5
16.495234371310413,27.5
16.58145518617534,27.6
16.668126678414627,27.7
16.755251203725052,27.7
16.84283113011666,27.8
16.930868837977105,27.9
17.01936672013636,27.9
17.108327181931763,27.9
17.197752641273365,27.9
17.28764552870969,27.9
17.378008287493753,28.0
17.4688433736495,28.0
17.560153256038525,28.1
17.651940416427212,28.1
17.744207349554188,28.1
17.836956563198083,28.1
17.93019057824573,28.2
18.023911928760675,28.2
18.118123162052047,28.2
18.21282683874379,28.3
18.30802553284428,28.3
18.403721831816252,28.4
18.499918336647156,28.4
18.59661766191982,28.4
18.69382243588356,28.4
18.791535300525574,28.5
18.889758911642755,28.6
18.98849593891389,28.7
19.08774906597221,28.7
19.187520990478333,28.7
19.287814424193606,28.7
19.388632093053765,28.7
19.48997673724305,28.8
19.591851111268685,28.9
19.69425798403576,29.0
19.79720013892245,29.0
19.90068037385568,29.1
20.004701501387192,29.1
20.109266348769967,29.1
20.214377758035074,29.1
20.320038586068932,29.2
20.426251704690927,29.2
20.533020000731486,29.2
20.64034637611054,29.3
20.748233747916412,29.3
20.856685048485062,29.3
20.965703225479817,29.4
21.075291241971485,29.4
21.185452076518878,29.5
21.296188723249774,29.6
21.407504191942323,29.6
21.519401508106792,29.6
21.631883713067854,29.6
21.744953864047204,29.7
21.858615034246718,29.8
21.972870312931903,29.9
22.087722805515906,29.9
22.203175633643916,29.9
22.319231935278008,29.9
22.435894864782412,29.9
22.553167593009288,30.0
22.671053307384867,30.1
22.789555211996095,30.1
22.908676527677724,30.2
23.028420492099883,30.3
23.148790359856015,30.3
23.26978940255137,30.3
23.391420908891938,30.3
23.51368818477381,30.3
23.63659455337303,30.4
23.760143355235964,30.4
23.884337948370025,30.5
24.009181708334992,30.5
24.134678028334722,30.5
24.260830319309434,30.6
24.387642010028344,30.6
24.515116547182902,30.7
24.64325739548046,30.7
24.772068037738443,30.8
24.901551974979007,30.8
25.031712726524198,30.8
25.162553830091625,30.8
25.294078841890578,30.8
25.426291336718684,30.8
25.559194908059133,30.9
25.692793168178262,31.1
25.827089748223784,31.2
25.96208829832347,31.2
26.097792487684362,31.2
26.234206004692496,31.2
26.371332557013133,31.3
26.5091758716916,31.3
26.647739695254497,31.4
26.787027793811582,31.5
26.9270439531581,31.5
27.06779197887776,31.5
27.209275696446046,31.5
27.351498951334275,31.5
27.494465609114105,31.5
27.638179555562576,31.6
27.782644696767733,31.6
27.92786495923483,31.7
28.07384428999299,31.7
28.220586656702505,31.8
28.368096047762684,31.8
28.516376472420284,31.8
28.66543196087842,31.8
28.815266564406134,31.9
28.965884355448516,31.9
29.11728942773738,32.0
29.26948589640251,32.1
29.42247789808359,32.2
29.57626959104251,32.2
29.730865155276486,32.2
29.88626879263161,32.2
30.04248472691713,32.2
30.19951720402016,32.3
30.357370492021133,32.4
30.516048881309793,32.4
30.675556684701824,32.4
30.835898237556027,32.4
30.99707789789224,32.4
31.15910004650967,32.4
31.321969087106055,32.5
31.485689446397288,32.6
31.650265574237824,32.7
31.815701943741516,32.8
31.98200305140326,32.9
32.14917341722119,32.9
32.31721758481955,32.9
32.486140121572134,33.0
32.655945618726484,33.0
32.82663869152868,33.0
32.99822397934869,33.0
33.170706145806605,33.0
33.34408987889928,33.0
33.51837989112781,33.1
33.69358091962557,33.1
33.86969772628702,33.2
34.04673509789711,33.2
34.224697846261364,33.3
34.40359080833668,33.3
34.58341884636283,33.3
34.764186847994516,33.4
34.94589972643436,33.4
35.12856242056629,33.4
35.312179895089876,33.4
35.496757140655234,33.4
35.68229917399868,33.5
35.86881103807908,33.6
36.05629780221492,33.6
36.24476456222205,33.6
36.434216440552284,33.6
36.6246585864325,33.6
36.81609617600466,33.7
37.00853441246656,33.8
37.2019785262131,33.8
37.39643377497855,33.8
37.591905443979435,33.8
37.788398846058186,33.8
37.985919321827524,34.0
38.184472239815605,34.1
38.384062996612016,34.1
38.584697017014335,34.1
38.786379754175634,34.1
38.98911668975273,34.1
39.1929133340551,34.2
39.39777522619469,34.2
39.60370793423646,34.3
39.810717055349734,34.3
40.0188082159603,34.3
40.227987071903335,34.4
40.43825930857721,34.5
40.64963064109788,34.5
40.8621068144543,34.5
41.075693603664625,34.5
41.29039681393302,34.5
41.506222280807584,34.6
41.72317587033889,34.6
41.94126347923944,34.6
42.16049103504393,34.6
42.38086449627034,34.6
42.60238985258197,34.7
42.825073124950116,34.8
43.04892036581776,34.8
43.27393765926414,34.8
43.500131121170035,34.8
43.727506899384,34.8
43.956071173889484,34.9
44.18583015697281,35.0
44.416790093392,35.0
44.648957260546474,35.0
44.88233796864779,35.0
45.116938560890986,35.0
45.35276541362708,35.0
45.58982493653644,35.0
45.82812357280281,35.0
46.067667799288614,35.1
46.308464126710895,35.2
46.55051909981832,35.3
46.793839297569036,35.3
47.03843133330949,35.3
47.28430185495417,35.3
47.531457545166376,35.3
47.77990512153967,35.4
48.02965133678067,35.5
48.28070297889241,35.5
48.53306687135893,35.5
48.78674987333074,35.5
49.041758879811184,35.6
49.298100821843896,35.7
49.55578266670119,35.7
49.81481141807335,35.7
50.07519411625915,35.7
50.336937838356974,35.7
50.60004969845742,35.7
50.86453684783644,35.7
51.13040647514984,35.7
51.39766580662862,35.8
51.66632210627541,35.8
51.93638267606184,35.8
52.20785485612707,35.8
52.48074602497726,35.8
52.75506359968615,35.8
53.030815036096584,35.9
53.308007829023246,36.0
53.58664951245627,36.0
53.866747659766084,36.0
54.148309883909214,36.0
54.431343837635225,36.0
54.7158572136947,36.0
55.00185774504835,36.0
55.28935320507712,36.1
55.57835140779364,36.2
55.86886020805435,36.2
56.160887501773274,36.2
56.45444122613637,36.2
56.74952935981742,36.2
57.04615992319485,36.2
57.34434097856969,36.2
57.64408063038476,36.4
57.94538702544487,36.5
58.24826835313831,36.5
58.552732845659456,36.5
58.85878877823242,36.5
59.166444469336014,36.5
59.475708280929936,36.5
59.786588618681876,36.5
60.0990939321961,36.5
60.41323271524305,36.5
60.72901350599024,36.5
61.046444887234294,36.5
61.365535486634215,36.5
61.686293976945976,36.6
62.008729076258064,36.7
62.332849548228545,36.7
62.658664202323344,36.7
62.98618189405547,36.7
63.315411525225876,36.7
63.64636204416533,36.7
63.979042445977655,36.7
64.31346177278421,36.7
64.64962911396958,36.7
64.98755360642885,36.7
65.32724443481563,36.7
65.66871083179183,36.8
66.01196207827876,36.9
66.35700750370908,36.9
66.7038564862806,36.9
67.05251845321108,36.9
67.40300288099445,36.9
67.75531929565844,36.9
68.1094772730234,36.9
68.46548643896274,36.9
68.82335646966433,37.0
69.18309709189363,37.0
69.54471808325809,37.0
69.90822927247277,37.0
70.27364053962762,37.0
70.6409618164559,37.0
71.01020308660422,37.0
71.38137438590384,37.0
71.75448580264342,37.0
72.12954747784322,37.0
72.50656960553087,37.0
72.88556243301818,37.0
73.26653626117992,37.0
73.64950144473359,37.0
74.03446839252094,37.0
74.42144756779092,37.0
74.810449488484,37.0
75.20148472751808,37.1
75.59456391307583,37.2
75.98969772889355,37.2
76.38689691455168,37.2
76.78617226576647,37.2
77.18753463468363,37.2
77.59099493017311,37.2
77.99656411812569,37.2
78.404253221751,37.2
78.8140733218772,37.2
79.226035557252,37.2
79.64015112484554,37.2
80.05643128015467,37.2
80.47488733750892,37.2
80.89553067037787,37.2
81.31837271168051,37.3
81.74342495409579,37.3
82.170698950375,37.4
82.60020631365589,37.4
83.03195871777821,37.4
83.46596789760103,37.4
83.90224564932171,37.4
84.34080383079642,37.4
84.78165436186265,37.4
85.22480922466286,37.4
85.67028046397054,37.4
86.11808018751721,37.4
86.56822056632171,37.4
87.020713835021,37.4
87.47557229220259,37.4
87.93280830073893,37.4
88.39243428812335,37.4
88.85446274680783,37.5
89.31890623454267,37.6
89.78577737471758,37.6
90.25508885670492,37.6
90.72685343620469,37.6
91.20108393559097,37.6
91.67779324426061,37.6
92.15699431898352,37.6
92.63870018425483,37.6
93.12292393264887,37.6
93.60967872517497,37.6
94.09897779163542,37.6
94.5908344309847,37.6
95.0852620116911,37.6
95.58227397210023,37.6
96.08188382079996,37.6
96.5841051369878,37.6
97.08895157083991,37.6
97.59643684388209,37.6
98.10657474936274,37.6
98.61937915262773,37.6
99.13486399149741,37.6
99.65304327664518,37.6
100.17393109197839,37.6
100.69754159502135,37.6
101.22388901729977,37.6
101.75298766472777,37.6
102.28485191799675,37.6
102.81949623296607,37.6
103.35693514105618,37.6
103.89718324964329,37.6
104.44025524245698,37.6
104.98616587997819,37.6
105.53492999984189,37.6
106.08656251723878,37.5
106.64107842532215,37.5
107.19849279561431,37.5
107.75882077841675,37.5
108.32207760322176,37.5
108.88827857912626,37.5
109.45743909524856,37.5
110.02957462114523,37.4
110.60470070723336,37.4
111.18283298521138,37.4
111.76398716848561,37.4
112.3481790525961,37.4
112.93542451564652,37.4
113.5257395187356,37.4
114.11914010639099,37.4
114.71564240700522,37.3
115.3152626332741,37.2
115.91801708263789,37.2
116.52392213772293,37.2
117.13299426678874,37.2
117.74525002417371,37.2
118.36070605074681,37.2
118.97937907435858,37.1
119.60128591029638,37.0
120.22644346174131,37.0
120.85486872022751,37.0
121.4865787661046,37.0
122.12159076900052,37.0
122.75992198829012,36.9
123.40158977356222,36.8
124.04661156509306,36.8
124.69500489431896,36.8
125.34678738431336,36.8
126.00197675026583,36.8
126.6605907999634,36.8
127.3226474342747,36.8
127.98816464763628,36.7
128.6571605285424,36.7
129.32965326003517,36.7
130.00566112020084,36.7
130.68520248266435,36.7
131.36829581709074,36.8
132.05495968968575,36.8
132.74521276370103,36.8
133.43907379994133,36.8
134.1365616572744,36.8
134.83769529314347,36.8
135.54249376408254,36.8
136.25097622623485,36.8
136.96316193587217,36.9
137.67907024992007,36.9
138.39872062648203,36.9
139.1221326253702,36.9
139.84932590863562,36.9
140.58032024110324,36.9
141.31513549090906,36.9
142.05379163003997,36.9
142.7963087348772,36.9
143.5427069867405,36.9
144.29300667243896,36.9
145.04722818481977,36.9
145.80539202332486,36.9
146.56751879454652,36.9
147.333629212788,36.9
148.1037441006266,37.0
148.87788438947953,37.0
149.65607112017267,37.1
150.43832544351253,37.1
151.2246686208618,37.2
152.01512202471548,37.3
152.80970713928414,37.4
153.6084455610754,37.5
154.41135899948313,37.5
155.218469277376,37.6
156.02979833169113,37.6
156.8453682140304,37.6
157.66520109125955,37.6
158.48931924611142,37.5
159.3177450777899,37.5
160.15050110258113,37.4
160.9876099544629,37.4
161.82909438572216,37.3
162.67497726757185,37.3
163.52528159077312,37.2
164.38003046626017,37.1
165.23924712576837,37.0
166.1029549224657,36.9
166.97117733158728,36.8
167.8439379510743,36.8
168.72126050221348,36.7
169.60316883028446,36.7
170.48968690520502,36.7
171.38083882218535,36.7
172.27664880238083,36.7
173.17714119355136,36.7
174.08234047072295,36.7
174.99227123685273,36.7
175.9069582234984,36.8
176.82642629148881,36.9
177.75070043160196,36.9
178.67980576524164,36.9
179.61376754512278,36.9
180.55261115595593,36.9
181.49636211513797,36.9
182.44504607344558,36.9
183.39868881573247,36.9
184.35731626163007,36.8
185.3209544662519,36.7
186.28962962090262,36.7
187.26336805378796,36.7
188.24219623073301,36.7
189.2261407558986,36.7
190.21522837250714,36.7
191.20948596356752,36.7
192.20894055260666,36.6
193.21361930440384,36.5
194.22354952572874,36.5
195.2387586660848,36.5
196.25927431845295,36.5
197.28512422004457,36.5
198.31633625305224,36.4
199.35293844541056,36.3
200.39495897155572,36.1
201.4424261531923,36.0
202.4953684600627,36.0
203.55381451072122,36.0
204.6177930733116,36.0
205.6873330663489,36.0
206.76246355950653,36.0
207.84321377440395,36.0
208.92961308540407,36.0
210.02169102040844,36.0
211.11947726166272,36.0
212.22300164656127,36.0
213.33229416845913,35.9
214.447384977487,35.8
215.5683043813707,35.8
216.69508284625502,35.8
217.8277509975314,35.8
218.9663396206716,35.8
220.1108796620618,35.8
221.26140222984722,35.8
222.41793859477394,35.8
223.5805201910423,35.8
224.74917861715863,35.8
225.9239456367954,35.8
227.10485317965416,35.8
228.29193334233327,35.8
229.48521838920135,35.8
230.68474075327168,35.8
231.89053303708724,35.8
233.102628013603,35.8
234.32105862708036,35.8
235.5458579939798,35.8
236.77705940386227,35.7
238.0146963202937,35.7
239.25880238175446,35.7
240.50941140255387,35.7
241.76655737374873,35.7
243.03027446406858,35.6
244.30059702084168,35.6
245.57755957093218,35.5
246.86119682167464,35.5
248.1515436618211,35.5
249.44863516248657,35.5
250.75250657810346,35.4
252.0631933473797,35.4
253.3807310942614,35.3
254.7051556289027,35.2
256.03650294863604,35.1
257.3748092389545,35.0
258.72011087449107,34.9
260.0724444200114,34.9
261.4318466314045,34.8
262.79835445668317,34.7
264.17200503698814,34.7
265.5528357075972,34.6
266.94088399894025,34.6
268.336187637619,34.6
269.7387845474336,34.6
271.1487128504106,34.6
272.56601086784315,34.5
273.9907171213279,34.5
275.4228703338166,34.5
276.86250943066517,34.4
278.30967354069315,34.3
279.764401997247,34.2
281.2267343392687,34.2
282.6967103123723,34.1
284.1743698699204,34.1
285.65975317411466,34.0
287.152900597083,33.9
288.6538527219809,33.8
290.16265034409145,33.6
291.67933447193553,33.5
293.203946328386,33.5
294.7365273517884,33.4
296.27711919708696,33.4
297.8257637369567,33.3
299.38250306294265,33.2
300.947379486601,33.2
302.52043554065347,33.1
304.1017139801383,33.1
305.69125778357716,33.0
307.2891101541398,32.9
308.8953145208197,32.8
310.5099145396145,32.8
312.1329540947119,32.7
313.76447729968413,32.6
315.40452849868336,32.6
317.0531522676519,32.6
318.71039341552853,32.6
320.3762969854716,32.5
322.05090825607795,32.5
323.7342727426186,32.4
325.4264361982722,32.3
327.1274446153702,32.3
328.83734422664674,32.2
330.55618150649445,32.1
332.28400317222986,32.1
334.02085618535915,32.0
335.76678775285944,32.0
337.52184532845695,31.9
339.28607661392135,31.9
341.0595295603587,31.8
342.84225236951676,31.8
344.63429349509414,31.7
346.4357016440579,31.8
348.24652577796684,31.8
350.06681511430224,31.8
351.8966191278073,31.8
353.7359875518278,31.7
355.5849703796693,31.7
357.44361786595016,31.7
359.3119805279728,31.7
361.1901091470929,31.7
363.0780547701014,31.6
364.9758687106112,31.5
366.8836025504522,31.5
368.80130814107446,31.5
370.72903760495365,31.5
372.66684333701346,31.5
374.6147780060434,31.5
376.57289455613636,31.5
378.54124620812286,31.5
380.5198864610201,31.5
382.50886909348526,31.5
384.5082481652772,31.5
386.51807801872604,31.5
388.53841328020957,31.4
390.56930886163985,31.4
392.6108199619517,31.3
394.6630020686084,31.3
396.7259109591041,31.4
398.7996027024853,31.4
400.8841336608706,31.4
402.9795604909844,31.5
405.0859401456969,31.5
407.20332987557106,31.5
409.331787230421,31.5
411.4713700608718,31.5
413.6221365199375,31.5
415.78414506459575,31.5
417.95745445738237,31.5
420.1421237679842,31.5
422.33821237484636,31.5
424.5457799667861,31.5
426.76488654461485,31.5
428.9955924227691,31.5
431.23795823094935,31.6
433.49204491576995,31.7
435.7579137424112,31.7
438.0356262962907,31.7
440.3252444847303,31.7
442.62683053864555,31.7
444.9404470142319,31.7
447.2661567946673,31.7
449.60402309182115,31.7
451.9541094479714,31.8
454.3164797375345,31.9
456.6911981687959,31.9
459.0783292856624,31.9
461.4779379694089,31.9
463.89008944044906,31.9
466.31484926010245,31.9
468.7522833323791,32.0
471.20245790577025,32.0
473.6654395750488,32.0
476.14129528307956,32.0
478.630092322638,32.0
481.1318983382419,32.0
483.6467813279844,32.0
486.1748096453894,32.0
488.7160520012619,32.0
491.27057746556244,32.0
493.8384554692794,32.0
496.4197558063182,32.0
499.01454863539806,32.0
501.6229044819588,32.0
504.24489424007766,32.0
506.88058917439554,32.0
509.53006092205686,32.0
512.1933814946506,32.0
514.8706232801756,32.0
517.5618590449992,32.0
520.2671619358439,32.0
522.9866054817683,32.0
525.7202635961694,32.0
528.4682105787901,32.0
531.230521117739,32.0
534.0072702915224,32.0
536.7985335710792,32.0
539.6043868218401,32.0
542.4249063057814,32.0
545.2601686835053,32.0
548.1102510163182,32.0
550.9752307683272,32.0
553.8551858085453,32.0
556.7501944130083,32.0
559.6603352669016,32.0
562.5856874666987,32.0
565.5263305223134,32.0
568.4823443592555,32.0
571.4538093208106,32.0
574.4408061702153,32.0
577.4434160928608,31.9
580.4617206984933,31.9
583.4958020234345,31.9
586.5457425328113,31.9
589.6116251227962,31.9
592.6935331228639,31.9
595.7915502980484,31.9
598.9057608512304,31.9
602.0362494254149,31.9
605.1831011060411,31.9
608.3464014232891,31.9
611.5262363544065,32.0
614.7226923260454,32.0
617.9358562166111,32.0
621.1658153586235,32.0
624.4126575410903,32.0
627.6764710118958,32.0
630.957344480193,32.0
634.2553671188238,32.0
637.5706285667327,32.0
640.9032189314127,32.0
644.2532287913472,32.0
647.6207491984753,32.0
651.0058716806659,32.0
654.4086882442045,32.0
657.8292913762976,32.0
661.2677740475787,32.0
664.7242297146454,32.0
668.1987523225889,32.0
671.6914363075575,32.0
675.2023765993158,32.0
678.7316686238282,32.1
682.2794083058518,32.2
685.8456920715438,32.2
689.4306168510824,32.2
693.0342800813003,32.2
696.6567797083366,32.2
700.2982141902914,32.2
703.9586824999124,32.2
707.6382841272731,32.2
711.3371190824884,32.2
715.0552878984242,32.2
718.7928916334344,32.2
722.5500318741055,32.2
726.3268107380181,32.2
730.123330876526,32.2
733.9396954775374,32.3
737.7760082683312,32.3
741.6323735183645,32.4
745.508896042117,32.4
749.4056812019327,32.4
753.3228349108862,32.4
757.2604636356614,32.4
761.2186743994453,32.4
765.1975747848361,32.4
769.1972729367671,32.4
773.2178775654501,32.4
777.2594979493206,32.4
781.3222439380205,32.3
785.406225955371,32.3
789.5115550023859,32.3
793.6383426602791,32.2
797.7867010935024,32.2
801.9567430527921,32.2
806.1485818782347,32.2
810.3623315023465,32.1
814.59810645317,32.1
818.8560218573906,32.2
823.1361934434566,32.2
827.4387375447371,32.2
831.7637711026708,32.2
836.1114116699566,32.2
840.4817774137397,32.2
844.8749871188272,32.2
849.2911601909162,32.2
853.7304166598383,32.3
858.1928771828257,32.4
862.6786630477819,32.4
867.1878961765907,32.4
871.7206991284164,32.4
876.2771951030477,32.4
880.8575079442367,32.4
885.4617621430697,32.4
890.0900828413493,32.4
894.742595834996,32.5
899.4194275774676,32.5
904.1207051831946,32.6
908.8465564310401,32.6
913.5971097677627,32.6
918.3724943115215,32.6
923.1728398553701,32.6
927.998276870799,32.6
932.8489365112713,32.6
937.7249506157918,32.6
942.6264517124897,32.6
947.5535730222193,32.6
952.5064484621864,32.7
957.4852126495767,32.8
962.4900009052299,32.9
967.5209492573013,32.9
972.5781944449744,32.9
977.6618739221665,32.9
982.772125861269,32.9
987.9090891569025,32.9
993.0729034296917,32.9
998.26370903006,32.9
1003.4816470420445,33.0
1008.7268592871307,33.1
1013.9994883281055,33.1
1019.2996774729368,33.1
1024.627570778662,33.1
1029.9833130553077,33.1
1035.3670498698243,33.1
1040.778927550043,33.1
1046.219093188652,33.1
1051.687694647196,33.1
1057.1848805600926,33.1
1062.7108003386745,33.1
1068.2656041752484,33.1
1073.849443047181,33.1
1079.4624687209969,33.1
1085.104833756507,33.0
1090.7766915109553,32.9
1096.4781961431852,32.9
1102.2095026178308,32.9
1107.9707667095288,32.9
1113.7621450071517,32.9
1119.5837949180645,32.9
1125.4358746724013,32.9
1131.3185433273702,32.9
1137.231960771571,32.8
1143.1762877293438,32.7
1149.1516857651375,32.6
1155.1583172879002,32.6
1161.1963455554942,32.5
1167.2659346791324,32.5
1173.3672496278396,32.4
1179.5004562329357,32.3
1185.6657211925422,32.3
1191.8632120761172,32.2
1198.0930973290035,32.2
1204.355546277011,32.2
1210.650729131018,32.1
1216.9788169915967,32.1
1223.3399818536654,32.0
1229.7343966111616,31.9
1236.162235061742,31.9
1242.6236719115057,31.8
1249.1188827797416,31.7
1255.6480442037073,31.7
1262.2113336434193,31.6
1268.8089294864806,31.6
1275.4410110529293,31.5
1282.1077586001115,31.4
1288.8093533275808,31.3
1295.5459773820237,31.2
1302.3178138622095,31.1
1309.1250468239675,31.0
1315.967861285188,30.9
1322.8464432308563,30.8
1329.7609796180998,30.7
1336.7116583812742,30.6
1343.6986684370715,30.5
1350.7221996896535,30.4
1357.782443035813,30.4
1364.879590370164,30.3
1372.0138345903551,30.2
1379.1853696023147,30.1
1386.3943903255179,30.0
1393.6410926982915,29.9
1400.9256736831292,29.7
1408.248331272053,29.5
1415.6092644919916,29.4
1423.0086734101894,29.2
1430.4467591396458,29.2
1437.9237238445805,29.1
1445.439770745928,29.0
1452.9951041268616,28.9
1460.589929338344,28.7
1468.224452804715,28.6
1475.898882029292,28.5
1483.6134256000173,28.5
1491.3682931951248,28.4
1499.1636955888393,28.3
1506.999844657106,28.2
1514.8769533833477,28.2
1522.7952358642551,28.2
1530.754907315605,28.2
1538.7561840781082,28.2
1546.799283623296,28.2
1554.8844245594228,28.3
1563.0118266374113,28.5
1571.181710756826,28.6
1579.3942989718767,28.7
1587.649814497453,28.9
1595.9484817151922,29.1
1604.2905261795772,29.3
1612.6761746240677,29.5
1621.1056549672617,29.6
1629.5791963190893,29.8
1638.097028987047,30.0
1646.6593844824454,30.2
1655.266495526711,30.4
1663.9185960577072,30.5
1672.6159212360947,30.5
1681.3587074517213,30.6
1690.1471923300487,30.6
1698.9816147386093,30.6
1707.8622147934998,30.6
1716.789233865905,30.5
1725.7629145886658,30.4
1734.7835008628629,30.4
1743.8512378644525,30.4
1752.9663720509295,30.4
1762.1291511680254,30.4
1771.3398242564415,30.4
1780.598641658619,30.3
1789.9058550255418,30.3
1799.2617173235774,30.2
1808.6664828413498,30.2
1818.1204071966588,30.1
1827.6237473434162,30.1
1837.1767615786375,30.0
1846.7797095494598,30.0
1856.4328522602,29.9
1866.1364520794475,29.9
1875.8907727471963,29.8
1885.6960793820124,29.7
1895.552638488241,29.6
1905.4607179632462,29.6
1915.4205871047022,29.6
1925.4325166178992,29.6
1935.4967786231095,29.6
1945.6136466629825,29.5
1955.783395709978,29.4
1966.006302173841,29.4
1976.282643909114,29.4
1986.6127002226892,29.4
1996.996751881399,29.4
2007.4350811196462,29.3
2017.927971647083,29.3
2028.4757086563097,29.2
2039.078578830634,29.2
2049.736870351861,29.2
2060.4508729081267,29.1
2071.22087770177,29.0
2082.0471774572497,29.0
2092.9300664290977,28.9
2103.8698404099196,28.8
2114.8667967384304,28.8
2125.9212343075446,28.8
2137.0334535724887,28.7
2148.2037565589744,28.7
2159.4324468714053,28.6
2170.71982970113,28.6
2182.0662118347364,28.5
2193.4719016623894,28.4
2204.937209186215,28.4
2216.4624460287228,28.3
2228.0479254412767,28.3
2239.6939623126154,28.3
2251.4008731773993,28.2
2263.168976224821,28.1
2274.9985913072546,28.0
2286.890039948944,28.0
2298.843645354747,27.9
2310.8597324189163,27.9
2322.9386277339318,27.8
2335.0806595993763,27.7
2347.2861580308577,27.6
2359.5554547689862,27.6
2371.8888832883777,27.6
2384.2867788067265,27.5
2396.7494782939148,27.4
2409.2773204811715,27.5
2421.8706458702773,27.5
2434.5297967428205,27.5
2447.2551171695004,27.6
2460.0469530194778,27.6
2472.905651969775,27.6
2485.8315635147337,27.6
2498.825038975499,27.6
2511.88643150958,27.6
2525.0160961204438,27.6
2538.2143896671673,27.6
2551.481670874133,27.6
2564.8183003407817,27.7
2578.224640551411,27.7
2591.7010558850307,27.7
2605.247912625263,27.7
2618.8655789702975,27.7
2632.5544250429093,27.7
2646.314822900502,27.7
2660.14714654523,27.7
2674.051771934164,27.8
2688.029076989506,27.9
2702.079441608862,27.9
2716.20324767557,27.8
2730.400879069075,27.7
2744.6727216753675,27.7
2759.0191633974646,27.6
2773.440594165967,27.6
2787.9374059496395,27.6
2802.509992766076,27.6
2817.1587506924047,27.5
2831.8840778760564,27.5
2846.686374545581,27.5
2861.5660430215316,27.4
2876.5234877273942,27.3
2891.5591152005823,27.2
2906.6733341034837,27.2
2921.8665552345788,27.2
2937.139191539587,27.2
2952.4916581227058,27.3
2967.9243722578863,27.4
2983.4377534001765,27.5
2999.0322231971227,27.5
3014.7082055002275,27.5
3030.466126376471,27.5
3046.306414119893,27.6
3062.229499263226,27.6
3078.2358145896155,27.7
3094.325795144359,27.7
3110.4998782467446,27.7
3126.7585035019356,27.7
3143.1021128129173,27.8
3159.5311503925072,27.9
3176.0460627754296,27.9
3192.6472988304513,27.9
3209.335309772584,28.0
3226.1105491753406,28.0
3242.973472983081,28.0
3259.924539523382,27.9
3276.9642095195077,27.9
3294.0929461029286,27.9
3311.311214825911,27.9
3328.6194836741684,27.9
3346.018223079582,27.9
3363.507905932988,27.9
3381.089007597027,27.8
3398.762005919066,27.7
3416.527381244194,27.6
3434.385616428264,27.6
3452.337196851022,27.6
3470.382610429304,27.5
3488.5223476302926,27.4
3506.7569014848486,27.5
3525.0867676009134,27.5
3543.512444176976,27.5
3562.034432015617,27.6
3580.6532345371147,27.6
3599.369357793143,27.6
3618.1833104805046,27.6
3637.095603954969,27.6
3656.1067522451726,27.6
3675.2172720665826,27.5
3694.4276828355482,27.4
3713.738506683413,27.4
3733.1502684707093,27.4
3752.6634958014215,27.4
3772.2787190373247,27.4
3791.9964713124127,27.4
3811.817288547367,27.5
3831.7417094641373,27.7
3851.7702756005806,27.8
3871.9035313251793,27.9
3892.1420238518376,28.0
3912.4863032547537,28.1
3932.936922483372,28.2
3953.4944373774106,28.3
3974.1594066819653,28.4
3994.9323920627126,28.5
4015.8139581211503,28.6
4036.8046724099613,28.7
4057.9051054484326,28.7
4079.115830737964,28.8
4100.437424777656,28.8
4121.870467079975,28.8
4143.41554018651,28.8
4165.0732296838005,28.8
4186.844124219257,28.8
4208.728815517151,28.8
4230.72789839472,28.8
4252.841970778305,28.8
4275.071633719623,28.8
4297.417491412092,28.8
4319.880151207261,28.8
4342.460223631314,28.8
4365.158322401661,28.8
4387.975064443623,28.8
4410.911069907196,28.8
4433.9669621839075,28.7
4457.1433679237725,28.7
4480.4409170523,28.6
4503.860242787635,28.6
4527.40198165776,28.5
4551.0667735177985,28.4
4574.855261567406,28.2
4598.768092368251,28.0
4622.80591586159,27.9
4646.969385385929,27.8
4671.25915769478,27.7
4695.675892974527,27.4
4720.220254862348,27.1
4744.892910464259,26.9
4769.694530373255,26.8
4794.625788687525,26.7
4819.68736302878,26.5
4844.87993456067,26.3
4870.204188007296,26.1
4895.660811671819,25.9
4921.250497455168,25.8
4946.973940874864,25.6
4972.8318410838865,25.5
4998.824900889706,25.3
5024.953826773381,25.1
5051.219328908747,24.9
5077.622121181736,24.7
5104.162921209768,24.5
5130.842450361258,24.4
5157.661433775227,24.3
5184.620600380999,24.2
5211.720682918039,24.1
5238.962417955835,23.9
5266.346545913939,23.7
5293.873811082085,23.5
5321.544961640422,23.4
5349.360749679845,23.3
5377.321931222439,23.2
5405.429266242027,23.2
5433.683518684824,23.1
5462.085456490198,23.0
5490.635851611563,22.9
5519.335480037329,22.8
5548.185121812011,22.7
5577.185561057427,22.5
5606.337585994012,22.5
5635.641988962242,22.4
5665.0995664441625,22.4
5694.7111190850455,22.4
5724.477451715144,22.5
5754.399373371566,22.6
5784.477697320285,22.7
5814.713241078208,22.8
5845.10682643542,22.8
5875.659279477514,22.9
5906.371430608045,22.9
5937.244114571097,22.9
5968.278170473975,22.9
5999.4744418100045,22.9
6030.833776481469,23.0
6062.357026822636,23.1
6094.045049622959,23.1
6125.898706150321,23.1
6157.918862174471,23.1
6190.106387990547,23.1
6222.462158442733,23.1
6254.987052948034,23.1
6287.681955520183,23.2
6320.547754793659,23.2
6353.585344047851,23.3
6386.795621231329,23.3
6420.179488986247,23.4
6453.7378546729,23.4
6487.471630394349,23.5
6521.381733021235,23.5
6555.469084216698,23.6
6589.734610461422,23.7
6624.179243078815,23.7
6658.80391826033,23.8
6693.609577090902,24.1
6728.597165574533,24.3
6763.767634659991,24.5
6799.1219402666875,24.6
6834.661043310619,24.7
6870.385909730507,24.7
6906.297510514049,24.8
6942.39682172431,24.8
6978.684824526248,24.8
7015.162505213385,24.8
7051.830855234612,24.8
7088.690871221135,24.8
7125.7435550135615,24.8
7162.989913689153,24.8
7200.430959589155,24.8
7238.067710346342,24.8
7275.901188912673,24.8
7313.932423587085,24.8
7352.162448043451,24.8
7390.59230135867,25.1
7429.22302804091,25.3
7468.055678057999,25.4
7507.091306865953,25.6
7546.330975437692,25.8
7585.775750291836,26.1
7625.426703521717,26.5
7665.284912824515,26.8
7705.351461530549,27.3
7745.627438632719,27.7
7786.113938816104,28.2
7826.81206248772,28.8
7867.722915806424,29.3
7908.847610712972,30.2
7950.187264960275,31.4
7991.743002143727,32.2
8033.515951731782,32.6
8075.507249096639,32.9
8117.718035545101,33.2
8160.149458349601,33.9
8202.80267077938,34.7
8245.67883213183,35.0
8288.77910776401,35.2
8332.104669124305,35.4
8375.656693784302,35.5
8419.436365470749,35.7
8463.444874097753,36.0
8507.683415799123,36.1
8552.153192960874,36.2
8596.855414253905,36.2
8641.791294666864,36.2
8686.962055539152,36.2
8732.36892459413,36.1
8778.01313597248,36.0
8823.895930265779,35.9
8870.018554550163,35.7
8916.382262420266,35.4
8962.988314023276,35.2
9009.83797609319,35.0
9056.932521985234,34.8
9104.273231710486,34.6
9151.861391970657,34.4
9199.698296193066,34.2
9247.785244565785,34.0
9296.12354407301,33.8
9344.714508530542,33.6
9393.559458621517,33.4
9442.659721932305,33.2
9492.016632988581,32.9
9541.631533291613,32.7
9591.505771354708,32.5
9641.64070273987,32.3
9692.037690094652,32.0
9742.698103189163,31.7
9793.623318953358,31.3
9844.814721514387,31.0
9896.27370223427,30.8
9948.001659747684,30.5
10000.0,30.2
10052.270136285486,29.9
10104.813489285681,29.7
10157.6314871081,29.2
10210.725565324987,28.6
10264.09716701231,28.2
10317.747742788988,28.0
10371.678750856474,27.8
10425.891657038128,27.6
10480.387934819217,27.2
10535.16906538697,26.5
10590.236537670813,26.1
10645.591848382772,25.8
10701.236502058211,25.6
10757.172011096769,25.4
10813.399895803414,24.8
10869.921684429703,23.9
10926.73891321545,23.3
10983.85312643042,22.9
11041.265876416248,22.5
11098.978723628681,22.2
11156.993236680037,21.0
11215.310992381786,19.5
11273.933575787378,18.6
11332.862580235347,17.9
11392.099607392682,17.3
11451.646267298307,16.6
11511.504178406769,15.6
11571.674967632372,11.5
11632.16027039332,7.7
11692.961730656129,7.2
11754.08100098034,6.0
11815.519742563505,4.9
11877.27962528627,4.7
11939.362327757724,4.7
12001.76953736107,4.8
12064.50295029953,4.7
12127.56427164241,4.8
12190.95521537136,5.2
12254.677504427105,5.8
12318.732870756214,6.3
12383.123055358106,6.7
12447.849808332432,6.9
12512.914888926687,7.1
12578.320065583976,7.3
12644.067115991029,7.4
12710.157827126544,7.6
12776.593995309939,7.9
12843.377426249857,8.1
12910.50993509343,8.7
12977.99334647565,9.4
13045.829494568892,9.8
13114.020223132724,10.2
13182.567385564074,10.6
13251.472844947652,11.1
13320.738474106534,12.0
13390.366155652993,14.0
13460.35778203982,15.6
13530.715255611682,16.0
13601.440488656775,16.5
13672.535403458849,16.9
13744.001932349513,17.3
13815.842017760702,17.6
13888.057612277411,18.0
13960.650678690825,18.3
14033.62319005172,18.4
14106.977129724035,18.3
14180.714491438697,18.2
14254.837279347976,18.1
14329.347508079869,17.8
14404.247202792812,17.4
14479.538399230763,17.0
14555.223143778607,16.8
14631.303493517702,14.9
14707.78151628175,12.9
14784.65929071304,11.7
14861.938906319014,10.3
14939.622463529,9.3
15017.712073751207,8.3
15096.209859430292,6.8
15175.117954104964,5.6
15254.438502465904,6.1
15334.173660414117,7.0
15414.325595119602,7.6
15494.896485080177,8.2
15575.88852018064,8.7
15657.303901752315,9.1
15739.1448426331,9.6
15821.413567227246,10.4
15904.112311566014,11.2
15987.243323368504,11.8
16070.808862102673,12.3
16154.811199046684,12.7
16239.252617350698,13.3
16324.135412099,14.0
16409.461890372313,14.8
16495.23437131044,15.3
16581.455186175313,15.5
16668.12667841462,15.4
16755.251203725067,15.5
