10.0,18.1
10.052270136285475,18.2
10.104813489285682,18.3
10.157631487108103,18.4
10.210725565324982,18.6
10.264097167012295,18.8
10.317747742789004,18.9
10.371678750856479,18.8
10.425891657038118,18.7
10.480387934819216,18.6
10.535169065386981,18.7
10.590236537670812,18.9
10.64559184838276,19.1
10.701236502058206,19.2
10.757172011096776,19.3
10.813399895803409,19.4
10.869921684429707,19.6
10.926738913215466,19.7
10.98385312643042,20.1
11.041265876416237,20.4
11.098978723628681,20.5
11.156993236680048,20.5
11.215310992381788,20.6
11.27393357578736,20.7
11.332862580235341,20.8
11.392099607392687,21.0
11.451646267298301,21.1
11.511504178406776,21.2
11.571674967632385,21.3
11.632160270393321,21.4
11.692961730656117,21.5
11.75408100098034,21.6
11.815519742563518,21.7
11.87727962528627,21.9
11.939362327757706,22.2
12.001769537361062,22.3
12.064502950299536,22.4
12.127564271642404,22.5
12.190955215371359,22.6
12.254677504427118,22.7
12.318732870756214,22.8
12.383123055358094,22.9
12.447849808332432,23.0
12.5129148889267,23.2
12.578320065583968,23.3
12.644067115991009,23.5
12.710157827126565,23.5
12.776593995309947,23.7
12.843377426249843,23.9
12.910509935093431,24.0
12.977993346475664,24.1
13.045829494568892,24.2
13.11402022313271,24.3
13.182567385564074,24.4
13.251472844947658,24.5
13.320738474106527,24.6
13.390366155653,24.7
13.460357782039841,24.8
13.530715255611682,25.0
13.601440488656761,25.1
13.672535403458848,25.2
13.744001932349526,25.3
13.815842017760701,25.4
13.888057612277397,25.5
13.960650678690818,25.6
14.033623190051728,25.7
14.10697712972403,25.8
14.180714491438705,25.9
14.25483727934799,25.9
14.32934750807987,26.0
14.404247202792797,26.2
14.479538399230764,26.3
14.55522314377862,26.4
14.631303493517702,26.5
14.707781516281727,26.6
14.784659290713032,26.6
14.861938906319022,26.8
14.939622463528993,26.9
15.017712073751214,27.1
15.096209859430308,27.2
15.175117954104964,27.3
15.254438502465888,27.4
15.334173660414118,27.5
15.414325595119617,27.5
15.494896485080169,27.6
15.575888520180618,27.7
15.65730390175234,27.8
15.73914484263311,27.9
15.821413567227237,28.0
15.904112311566013,28.0
15.98724332336852,28.1
16.070808862102673,28.2
16.154811199046666,28.2
16.239252617350697,28.2
16.324135412099007,28.3
16.409461890372306,28.4
16.495234371310413,28.5
16.58145518617534,28.6
16.668126678414627,28.7
16.755251203725052,28.7
16.84283113011666,28.8
16.930868837977105,28.8
17.01936672013636,28.9
17.108327181931763,29.0
17.197752641273365,29.0
17.28764552870969,29.1
17.378008287493753,29.1
17.4688433736495,29.2
17.560153256038525,29.2
17.651940416427212,29.3
17.744207349554188,29.4
17.836956563198083,29.5
17.93019057824573,29.6
18.023911928760675,29.7
18.118123162052047,29.8
18.21282683874379,29.8
18.30802553284428,29.9
18.403721831816252,30.0
18.499918336647156,30.1
18.59661766191982,30.1
18.69382243588356,30.1
18.791535300525574,30.1
18.889758911642755,30.1
18.98849593891389,30.1
19.08774906597221,30.1
19.187520990478333,30.2
19.287814424193606,30.3
19.388632093053765,30.3
19.48997673724305,30.4
19.591851111268685,30.4
19.69425798403576,30.5
19.79720013892245,30.6
19.90068037385568,30.6
20.004701501387192,30.6
20.109266348769967,30.6
20.214377758035074,30.6
20.320038586068932,30.6
20.426251704690927,30.6
20.533020000731486,30.7
20.64034637611054,30.8
20.748233747916412,30.8
20.856685048485062,30.8
20.965703225479817,30.8
21.075291241971485,30.8
21.185452076518878,30.9
21.296188723249774,31.0
21.407504191942323,31.0
21.519401508106792,31.0
21.631883713067854,31.0
21.744953864047204,31.0
21.858615034246718,31.0
21.972870312931903,31.0
22.087722805515906,31.0
22.203175633643916,31.1
22.319231935278008,31.2
22.435894864782412,31.2
22.553167593009288,31.2
22.671053307384867,31.2
22.789555211996095,31.2
22.908676527677724,31.2
23.028420492099883,31.2
23.148790359856015,31.2
23.26978940255137,31.2
23.391420908891938,31.2
23.51368818477381,31.2
23.63659455337303,31.2
23.760143355235964,31.2
23.884337948370025,31.2
24.009181708334992,31.3
24.134678028334722,31.3
24.260830319309434,31.3
24.387642010028344,31.3
24.515116547182902,31.3
24.64325739548046,31.3
24.772068037738443,31.3
24.901551974979007,31.3
25.031712726524198,31.3
25.162553830091625,31.3
25.294078841890578,31.3
25.426291336718684,31.3
25.559194908059133,31.3
25.692793168178262,31.4
25.827089748223784,31.5
25.96208829832347,31.5
26.097792487684362,31.5
26.234206004692496,31.5
26.371332557013133,31.5
26.5091758716916,31.5
26.647739695254497,31.5
26.787027793811582,31.5
26.9270439531581,31.5
27.06779197887776,31.5
27.209275696446046,31.5
27.351498951334275,31.5
27.494465609114105,31.5
27.638179555562576,31.5
27.782644696767733,31.5
27.92786495923483,31.5
28.07384428999299,31.5
28.220586656702505,31.5
28.368096047762684,31.5
28.516376472420284,31.5
28.66543196087842,31.5
28.815266564406134,31.5
28.965884355448516,31.4
29.11728942773738,31.3
29.26948589640251,31.3
29.42247789808359,31.3
29.57626959104251,31.3
29.730865155276486,31.3
29.88626879263161,31.3
30.04248472691713,31.3
30.19951720402016,31.3
30.357370492021133,31.2
30.516048881309793,31.2
30.675556684701824,31.2
30.835898237556027,31.2
30.99707789789224,31.2
31.15910004650967,31.2
31.321969087106055,31.2
31.485689446397288,31.2
31.650265574237824,31.2
31.815701943741516,31.2
31.98200305140326,31.2
32.14917341722119,31.2
32.31721758481955,31.2
32.486140121572134,31.2
32.655945618726484,31.2
32.82663869152868,31.2
32.99822397934869,31.2
33.170706145806605,31.2
33.34408987889928,31.2
33.51837989112781,31.2
33.69358091962557,31.2
33.86969772628702,31.2
34.04673509789711,31.2
34.224697846261364,31.2
34.40359080833668,31.2
34.58341884636283,31.2
34.764186847994516,31.2
34.94589972643436,31.2
35.12856242056629,31.2
35.312179895089876,31.2
35.496757140655234,31.2
35.68229917399868,31.2
35.86881103807908,31.2
36.05629780221492,31.2
36.24476456222205,31.2
36.434216440552284,31.1
36.6246585864325,31.0
36.81609617600466,31.0
37.00853441246656,31.0
37.2019785262131,31.0
37.39643377497855,31.0
37.591905443979435,31.0
37.788398846058186,31.0
37.985919321827524,31.0
38.184472239815605,31.0
38.384062996612016,31.0
38.584697017014335,31.0
38.786379754175634,31.0
38.98911668975273,30.9
39.1929133340551,30.9
39.39777522619469,30.8
39.60370793423646,30.8
39.810717055349734,30.8
40.0188082159603,30.8
40.227987071903335,30.8
40.43825930857721,30.8
40.64963064109788,30.8
40.8621068144543,30.8
41.075693603664625,30.8
41.29039681393302,30.8
41.506222280807584,30.8
41.72317587033889,30.8
41.94126347923944,30.8
42.16049103504393,30.7
42.38086449627034,30.6
42.60238985258197,30.6
42.825073124950116,30.6
43.04892036581776,30.6
43.27393765926414,30.6
43.500131121170035,30.6
43.727506899384,30.6
43.956071173889484,30.6
44.18583015697281,30.6
44.416790093392,30.6
44.648957260546474,30.5
44.88233796864779,30.4
45.116938560890986,30.4
45.35276541362708,30.4
45.58982493653644,30.4
45.82812357280281,30.4
46.067667799288614,30.4
46.308464126710895,30.4
46.55051909981832,30.4
46.793839297569036,30.4
47.03843133330949,30.4
47.28430185495417,30.4
47.531457545166376,30.4
47.77990512153967,30.3
48.02965133678067,30.2
48.28070297889241,30.2
48.53306687135893,30.2
48.78674987333074,30.2
49.041758879811184,30.2
49.298100821843896,30.2
49.55578266670119,30.2
49.81481141807335,30.2
50.07519411625915,30.1
50.336937838356974,30.1
50.60004969845742,30.1
50.86453684783644,30.1
51.13040647514984,30.1
51.39766580662862,30.1
51.66632210627541,30.1
51.93638267606184,30.1
52.20785485612707,30.1
52.48074602497726,30.1
52.75506359968615,30.1
53.030815036096584,30.0
53.308007829023246,30.0
53.58664951245627,29.9
53.866747659766084,29.9
54.148309883909214,29.9
54.431343837635225,29.9
54.7158572136947,29.9
55.00185774504835,29.9
55.28935320507712,29.8
55.57835140779364,29.8
55.86886020805435,29.7
56.160887501773274,29.7
56.45444122613637,29.7
56.74952935981742,29.7
57.04615992319485,29.7
57.34434097856969,29.7
57.64408063038476,29.7
57.94538702544487,29.7
58.24826835313831,29.7
58.552732845659456,29.7
58.85878877823242,29.6
59.166444469336014,29.5
59.475708280929936,29.4
59.786588618681876,29.4
60.0990939321961,29.4
60.41323271524305,29.4
60.72901350599024,29.4
61.046444887234294,29.3
61.365535486634215,29.2
61.686293976945976,29.2
62.008729076258064,29.2
62.332849548228545,29.2
62.658664202323344,29.2
62.98618189405547,29.2
63.315411525225876,29.2
63.64636204416533,29.2
63.979042445977655,29.2
64.31346177278421,29.1
64.64962911396958,29.1
64.98755360642885,29.0
65.32724443481563,29.0
65.66871083179183,29.0
66.01196207827876,29.0
66.35700750370908,29.0
66.7038564862806,29.0
67.05251845321108,29.0
67.40300288099445,29.0
67.75531929565844,28.9
68.1094772730234,28.9
68.46548643896274,28.9
68.82335646966433,28.9
69.18309709189363,28.9
69.54471808325809,28.9
69.90822927247277,28.9
70.27364053962762,28.9
70.6409618164559,28.9
71.01020308660422,28.9
71.38137438590384,28.8
71.75448580264342,28.7
72.12954747784322,28.7
72.50656960553087,28.7
72.88556243301818,28.7
73.26653626117992,28.7
73.64950144473359,28.7
74.03446839252094,28.7
74.42144756779092,28.7
74.810449488484,28.7
75.20148472751808,28.7
75.59456391307583,28.6
75.98969772889355,28.5
76.38689691455168,28.5
76.78617226576647,28.5
77.18753463468363,28.5
77.59099493017311,28.5
77.99656411812569,28.5
78.404253221751,28.5
78.8140733218772,28.5
79.226035557252,28.5
79.64015112484554,28.4
80.05643128015467,28.3
80.47488733750892,28.2
80.89553067037787,28.2
81.31837271168051,28.2
81.74342495409579,28.2
82.170698950375,28.2
82.60020631365589,28.2
83.03195871777821,28.2
83.46596789760103,28.2
83.90224564932171,28.2
84.34080383079642,28.2
84.78165436186265,28.2
85.22480922466286,28.2
85.67028046397054,28.1
86.11808018751721,28.1
86.56822056632171,28.1
87.020713835021,28.1
87.47557229220259,28.1
87.93280830073893,28.1
88.39243428812335,28.1
88.85446274680783,28.1
89.31890623454267,28.1
89.78577737471758,28.0
90.25508885670492,27.9
90.72685343620469,27.9
91.20108393559097,27.9
91.67779324426061,27.9
92.15699431898352,27.9
92.63870018425483,27.9
93.12292393264887,27.9
93.60967872517497,27.9
94.09897779163542,27.9
94.5908344309847,27.9
95.0852620116911,27.8
95.58227397210023,27.8
96.08188382079996,27.8
96.5841051369878,27.8
97.08895157083991,27.8
97.59643684388209,27.8
98.10657474936274,27.8
98.61937915262773,27.8
99.13486399149741,27.7
99.65304327664518,27.6
100.17393109197839,27.6
100.69754159502135,27.6
101.22388901729977,27.6
101.75298766472777,27.6
102.28485191799675,27.6
102.81949623296607,27.6
103.35693514105618,27.6
103.89718324964329,27.6
104.44025524245698,27.5
104.98616587997819,27.4
105.53492999984189,27.4
106.08656251723878,27.4
106.64107842532215,27.3
107.19849279561431,27.3
107.75882077841675,27.2
108.32207760322176,27.1
108.88827857912626,27.1
109.45743909524856,27.1
110.02957462114523,27.1
110.60470070723336,27.1
111.18283298521138,27.1
111.76398716848561,27.1
112.3481790525961,27.0
112.93542451564652,26.9
113.5257395187356,26.9
114.11914010639099,26.9
114.71564240700522,26.9
115.3152626332741,26.8
115.91801708263789,26.7
116.52392213772293,26.7
117.13299426678874,26.7
117.74525002417371,26.6
118.36070605074681,26.5
118.97937907435858,26.5
119.60128591029638,26.5
120.22644346174131,26.5
120.85486872022751,26.5
121.4865787661046,26.5
122.12159076900052,26.5
122.75992198829012,26.5
123.40158977356222,26.5
124.04661156509306,26.5
124.69500489431896,26.4
125.34678738431336,26.4
126.00197675026583,26.4
126.6605907999634,26.3
127.3226474342747,26.3
127.98816464763628,26.2
128.6571605285424,26.2
129.32965326003517,26.2
130.00566112020084,26.2
130.68520248266435,26.1
131.36829581709074,26.1
132.05495968968575,26.0
132.74521276370103,26.0
133.43907379994133,26.0
134.1365616572744,26.0
134.83769529314347,26.0
135.54249376408254,26.0
136.25097622623485,26.0
136.96316193587217,26.0
137.67907024992007,25.9
138.39872062648203,25.8
139.1221326253702,25.8
139.84932590863562,25.8
140.58032024110324,25.7
141.31513549090906,25.6
142.05379163003997,25.6
142.7963087348772,25.6
143.5427069867405,25.6
144.29300667243896,25.6
145.04722818481977,25.5
145.80539202332486,25.4
146.56751879454652,25.4
147.333629212788,25.4
148.1037441006266,25.3
148.87788438947953,25.3
149.65607112017267,25.3
150.43832544351253,25.3
151.2246686208618,25.3
152.01512202471548,25.2
152.80970713928414,25.2
153.6084455610754,25.1
154.41135899948313,25.1
155.218469277376,25.1
156.02979833169113,25.1
156.8453682140304,25.1
157.66520109125955,25.0
158.48931924611142,25.0
159.3177450777899,24.9
160.15050110258113,24.8
160.9876099544629,24.7
161.82909438572216,24.5
162.67497726757185,24.5
163.52528159077312,24.4
164.38003046626017,24.4
165.23924712576837,24.4
166.1029549224657,24.4
166.97117733158728,24.4
167.8439379510743,24.4
168.72126050221348,24.3
169.60316883028446,24.2
170.48968690520502,24.2
171.38083882218535,24.2
172.27664880238083,24.1
173.17714119355136,24.1
174.08234047072295,24.1
174.99227123685273,24.1
175.9069582234984,24.1
176.82642629148881,24.1
177.75070043160196,24.0
178.67980576524164,24.0
179.61376754512278,23.9
180.55261115595593,23.8
181.49636211513797,23.8
182.44504607344558,23.7
183.39868881573247,23.7
184.35731626163007,23.7
185.3209544662519,23.7
186.28962962090262,23.6
187.26336805378796,23.5
188.24219623073301,23.4
189.2261407558986,23.4
190.21522837250714,23.3
191.20948596356752,23.3
192.20894055260666,23.3
193.21361930440384,23.3
194.22354952572874,23.2
195.2387586660848,23.2
196.25927431845295,23.1
197.28512422004457,23.1
198.31633625305224,23.0
199.35293844541056,23.0
200.39495897155572,23.0
201.4424261531923,23.0
202.4953684600627,23.0
203.55381451072122,22.9
204.6177930733116,22.9
205.6873330663489,22.8
206.76246355950653,22.7
207.84321377440395,22.7
208.92961308540407,22.6
210.02169102040844,22.5
211.11947726166272,22.5
212.22300164656127,22.4
213.33229416845913,22.3
214.447384977487,22.3
215.5683043813707,22.3
216.69508284625502,22.2
217.8277509975314,22.1
218.9663396206716,22.0
220.1108796620618,22.0
221.26140222984722,21.9
222.41793859477394,21.9
223.5805201910423,21.9
224.74917861715863,21.9
225.9239456367954,21.9
227.10485317965416,21.9
228.29193334233327,21.9
229.48521838920135,21.8
230.68474075327168,21.7
231.89053303708724,21.7
233.102628013603,21.7
234.32105862708036,21.7
235.5458579939798,21.7
236.77705940386227,21.7
238.0146963202937,21.6
239.25880238175446,21.6
240.50941140255387,21.6
241.76655737374873,21.6
243.03027446406858,21.6
244.30059702084168,21.6
245.57755957093218,21.6
246.86119682167464,21.6
248.1515436618211,21.6
249.44863516248657,21.6
250.75250657810346,21.6
252.0631933473797,21.6
253.3807310942614,21.6
254.7051556289027,21.6
256.03650294863604,21.6
257.3748092389545,21.6
258.72011087449107,21.6
260.0724444200114,21.6
261.4318466314045,21.6
262.79835445668317,21.6
264.17200503698814,21.6
265.5528357075972,21.6
266.94088399894025,21.6
268.336187637619,21.6
269.7387845474336,21.6
271.1487128504106,21.5
272.56601086784315,21.5
273.9907171213279,21.4
275.4228703338166,21.4
276.86250943066517,21.4
278.30967354069315,21.4
279.764401997247,21.4
281.2267343392687,21.4
282.6967103123723,21.4
284.1743698699204,21.4
285.65975317411466,21.4
287.152900597083,21.4
288.6538527219809,21.4
290.16265034409145,21.4
291.67933447193553,21.4
293.203946328386,21.4
294.7365273517884,21.3
296.27711919708696,21.2
297.8257637369567,21.2
299.38250306294265,21.2
300.947379486601,21.2
302.52043554065347,21.2
304.1017139801383,21.2
305.69125778357716,21.2
307.2891101541398,21.2
308.8953145208197,21.2
310.5099145396145,21.2
312.1329540947119,21.2
313.76447729968413,21.2
315.40452849868336,21.2
317.0531522676519,21.2
318.71039341552853,21.2
320.3762969854716,21.2
322.05090825607795,21.2
323.7342727426186,21.2
325.4264361982722,21.2
327.1274446153702,21.2
328.83734422664674,21.2
330.55618150649445,21.2
332.28400317222986,21.2
334.02085618535915,21.3
335.76678775285944,21.3
337.52184532845695,21.4
339.28607661392135,21.4
341.0595295603587,21.4
342.84225236951676,21.4
344.63429349509414,21.4
346.4357016440579,21.4
348.24652577796684,21.4
350.06681511430224,21.4
351.8966191278073,21.4
353.7359875518278,21.4
355.5849703796693,21.4
357.44361786595016,21.4
359.3119805279728,21.5
361.1901091470929,21.6
363.0780547701014,21.6
364.9758687106112,21.6
366.8836025504522,21.6
368.80130814107446,21.6
370.72903760495365,21.6
372.66684333701346,21.6
374.6147780060434,21.7
376.57289455613636,21.7
378.54124620812286,21.7
380.5198864610201,21.7
382.50886909348526,21.7
384.5082481652772,21.7
386.51807801872604,21.7
388.53841328020957,21.8
390.56930886163985,21.8
392.6108199619517,21.9
394.6630020686084,21.9
396.7259109591041,21.9
398.7996027024853,21.9
400.8841336608706,22.0
402.9795604909844,22.0
405.0859401456969,22.1
407.20332987557106,22.1
409.331787230421,22.2
411.4713700608718,22.3
413.6221365199375,22.3
415.78414506459575,22.3
417.95745445738237,22.3
420.1421237679842,22.3
422.33821237484636,22.3
424.5457799667861,22.3
426.76488654461485,22.3
428.9955924227691,22.3
431.23795823094935,22.3
433.49204491576995,22.5
435.7579137424112,22.6
438.0356262962907,22.6
440.3252444847303,22.6
442.62683053864555,22.6
444.9404470142319,22.6
447.2661567946673,22.6
449.60402309182115,22.6
451.9541094479714,22.7
454.3164797375345,22.7
456.6911981687959,22.8
459.0783292856624,22.8
461.4779379694089,22.8
463.89008944044906,22.8
466.31484926010245,22.9
468.7522833323791,22.9
471.20245790577025,23.0
473.6654395750488,23.0
476.14129528307956,23.0
478.630092322638,23.0
481.1318983382419,23.0
483.6467813279844,23.0
486.1748096453894,23.0
488.7160520012619,23.0
491.27057746556244,23.1
493.8384554692794,23.1
496.4197558063182,23.1
499.01454863539806,23.1
501.6229044819588,23.1
504.24489424007766,23.2
506.88058917439554,23.3
509.53006092205686,23.3
512.1933814946506,23.3
514.8706232801756,23.3
517.5618590449992,23.4
520.2671619358439,23.5
522.9866054817683,23.5
525.7202635961694,23.5
528.4682105787901,23.5
531.230521117739,23.5
534.0072702915224,23.5
536.7985335710792,23.5
539.6043868218401,23.6
542.4249063057814,23.7
545.2601686835053,23.7
548.1102510163182,23.7
550.9752307683272,23.8
553.8551858085453,23.9
556.7501944130083,23.9
559.6603352669016,23.9
562.5856874666987,23.9
565.5263305223134,23.9
568.4823443592555,24.0
571.4538093208106,24.1
574.4408061702153,24.1
577.4434160928608,24.1
580.4617206984933,24.1
583.4958020234345,24.1
586.5457425328113,24.2
589.6116251227962,24.2
592.6935331228639,24.2
595.7915502980484,24.2
598.9057608512304,24.2
602.0362494254149,24.3
605.1831011060411,24.3
608.3464014232891,24.4
611.5262363544065,24.4
614.7226923260454,24.4
617.9358562166111,24.4
621.1658153586235,24.4
624.4126575410903,24.4
627.6764710118958,24.5
630.957344480193,24.6
634.2553671188238,24.6
637.5706285667327,24.6
640.9032189314127,24.6
644.2532287913472,24.6
647.6207491984753,24.6
651.0058716806659,24.6
654.4086882442045,24.6
657.8292913762976,24.6
661.2677740475787,24.8
664.7242297146454,24.9
668.1987523225889,24.9
671.6914363075575,24.9
675.2023765993158,24.9
678.7316686238282,25.0
682.2794083058518,25.1
685.8456920715438,25.1
689.4306168510824,25.1
693.0342800813003,25.1
696.6567797083366,25.1
700.2982141902914,25.2
703.9586824999124,25.3
707.6382841272731,25.3
711.3371190824884,25.3
715.0552878984242,25.3
718.7928916334344,25.3
722.5500318741055,25.3
726.3268107380181,25.3
730.123330876526,25.4
733.9396954775374,25.4
737.7760082683312,25.5
741.6323735183645,25.5
745.508896042117,25.6
749.4056812019327,25.6
753.3228349108862,25.6
757.2604636356614,25.7
761.2186743994453,25.8
765.1975747848361,25.8
769.1972729367671,25.8
773.2178775654501,25.8
777.2594979493206,25.8
781.3222439380205,25.8
785.406225955371,25.8
789.5115550023859,25.9
793.6383426602791,26.0
797.7867010935024,26.1
801.9567430527921,26.2
806.1485818782347,26.3
810.3623315023465,26.3
814.59810645317,26.4
818.8560218573906,26.4
823.1361934434566,26.4
827.4387375447371,26.4
831.7637711026708,26.4
836.1114116699566,26.4
840.4817774137397,26.5
844.8749871188272,26.5
849.2911601909162,26.6
853.7304166598383,26.6
858.1928771828257,26.7
862.6786630477819,26.8
867.1878961765907,26.9
871.7206991284164,26.9
876.2771951030477,26.9
880.8575079442367,26.9
885.4617621430697,26.9
890.0900828413493,26.9
894.742595834996,27.0
899.4194275774676,27.1
904.1207051831946,27.2
908.8465564310401,27.3
913.5971097677627,27.3
918.3724943115215,27.4
923.1728398553701,27.4
927.998276870799,27.5
932.8489365112713,27.6
937.7249506157918,27.7
942.6264517124897,27.7
947.5535730222193,27.8
952.5064484621864,27.8
957.4852126495767,27.8
962.4900009052299,27.8
967.5209492573013,27.8
972.5781944449744,27.9
977.6618739221665,27.9
982.772125861269,27.9
987.9090891569025,27.9
993.0729034296917,27.9
998.26370903006,28.0
1003.4816470420445,28.1
1008.7268592871307,28.1
1013.9994883281055,28.1
1019.2996774729368,28.1
1024.627570778662,28.1
1029.9833130553077,28.1
1035.3670498698243,28.1
1040.778927550043,28.2
1046.219093188652,28.2
1051.687694647196,28.2
1057.1848805600926,28.2
1062.7108003386745,28.2
1068.2656041752484,28.2
1073.849443047181,28.2
1079.4624687209969,28.2
1085.104833756507,28.2
1090.7766915109553,28.2
1096.4781961431852,28.2
1102.2095026178308,28.2
1107.9707667095288,28.2
1113.7621450071517,28.2
1119.5837949180645,28.2
1125.4358746724013,28.2
1131.3185433273702,28.2
1137.231960771571,28.2
1143.1762877293438,28.2
1149.1516857651375,28.2
1155.1583172879002,28.2
1161.1963455554942,28.2
1167.2659346791324,28.2
1173.3672496278396,28.2
1179.5004562329357,28.2
1185.6657211925422,28.2
1191.8632120761172,28.2
1198.0930973290035,28.2
1204.355546277011,28.2
1210.650729131018,28.2
1216.9788169915967,28.2
1223.3399818536654,28.1
1229.7343966111616,28.1
1236.162235061742,28.1
1242.6236719115057,28.1
1249.1188827797416,28.1
1255.6480442037073,28.1
1262.2113336434193,28.1
1268.8089294864806,28.1
1275.4410110529293,28.1
1282.1077586001115,28.1
1288.8093533275808,28.1
1295.5459773820237,28.0
1302.3178138622095,27.9
1309.1250468239675,27.9
1315.967861285188,27.9
1322.8464432308563,27.8
1329.7609796180998,27.8
1336.7116583812742,27.7
1343.6986684370715,27.7
1350.7221996896535,27.6
1357.782443035813,27.6
1364.879590370164,27.6
1372.0138345903551,27.6
1379.1853696023147,27.6
1386.3943903255179,27.5
1393.6410926982915,27.5
1400.9256736831292,27.4
1408.248331272053,27.4
1415.6092644919916,27.3
1423.0086734101894,27.2
1430.4467591396458,27.1
1437.9237238445805,27.1
1445.439770745928,27.1
1452.9951041268616,27.1
1460.589929338344,27.1
1468.224452804715,27.0
1475.898882029292,27.0
1483.6134256000173,26.9
1491.3682931951248,26.9
1499.1636955888393,26.9
1506.999844657106,26.9
1514.8769533833477,27.0
1522.7952358642551,27.1
1530.754907315605,27.2
1538.7561840781082,27.3
1546.799283623296,27.4
1554.8844245594228,27.5
1563.0118266374113,27.5
1571.181710756826,27.6
1579.3942989718767,27.8
1587.649814497453,27.9
1595.9484817151922,27.9
1604.2905261795772,28.0
1612.6761746240677,28.0
1621.1056549672617,28.1
1629.5791963190893,28.1
1638.097028987047,28.2
1646.6593844824454,28.3
1655.266495526711,28.4
1663.9185960577072,28.5
1672.6159212360947,28.6
1681.3587074517213,28.6
1690.1471923300487,28.7
1698.9816147386093,28.7
1707.8622147934998,28.7
1716.789233865905,28.7
1725.7629145886658,28.7
1734.7835008628629,28.7
1743.8512378644525,28.7
1752.9663720509295,28.7
1762.1291511680254,28.7
1771.3398242564415,28.7
1780.598641658619,28.7
1789.9058550255418,28.7
1799.2617173235774,28.7
1808.6664828413498,28.7
1818.1204071966588,28.6
1827.6237473434162,28.6
1837.1767615786375,28.5
1846.7797095494598,28.5
1856.4328522602,28.5
1866.1364520794475,28.4
1875.8907727471963,28.3
1885.6960793820124,28.2
1895.552638488241,28.2
1905.4607179632462,28.1
1915.4205871047022,28.1
1925.4325166178992,28.0
1935.4967786231095,27.9
1945.6136466629825,27.7
1955.783395709978,27.6
1966.006302173841,27.5
1976.282643909114,27.4
1986.6127002226892,27.3
1996.996751881399,27.1
2007.4350811196462,26.9
2017.927971647083,26.9
2028.4757086563097,27.1
2039.078578830634,27.2
2049.736870351861,27.5
2060.4508729081267,27.7
2071.22087770177,27.8
2082.0471774572497,27.8
2092.9300664290977,27.9
2103.8698404099196,27.9
2114.8667967384304,27.9
2125.9212343075446,27.9
2137.0334535724887,27.9
2148.2037565589744,27.9
2159.4324468714053,27.9
2170.71982970113,27.9
2182.0662118347364,27.9
2193.4719016623894,27.9
2204.937209186215,27.8
2216.4624460287228,27.8
2228.0479254412767,27.8
2239.6939623126154,27.7
2251.4008731773993,27.7
2263.168976224821,27.6
2274.9985913072546,27.5
2286.890039948944,27.4
2298.843645354747,27.3
2310.8597324189163,27.1
2322.9386277339318,26.9
2335.0806595993763,26.8
2347.2861580308577,26.7
2359.5554547689862,26.6
2371.8888832883777,26.5
2384.2867788067265,26.4
2396.7494782939148,26.3
2409.2773204811715,26.2
2421.8706458702773,26.0
2434.5297967428205,25.8
2447.2551171695004,25.6
2460.0469530194778,25.3
2472.905651969775,25.1
2485.8315635147337,25.0
2498.825038975499,24.9
2511.88643150958,24.8
2525.0160961204438,24.7
2538.2143896671673,24.3
2551.481670874133,23.9
2564.8183003407817,23.7
2578.224640551411,23.6
2591.7010558850307,23.5
2605.247912625263,23.4
2618.8655789702975,23.4
2632.5544250429093,23.3
2646.314822900502,23.2
2660.14714654523,23.1
2674.051771934164,23.1
2688.029076989506,23.0
2702.079441608862,22.9
2716.20324767557,22.8
2730.400879069075,22.7
2744.6727216753675,22.6
2759.0191633974646,22.3
2773.440594165967,22.1
2787.9374059496395,21.9
2802.509992766076,21.8
2817.1587506924047,21.7
2831.8840778760564,21.6
2846.686374545581,21.4
2861.5660430215316,21.1
2876.5234877273942,21.0
2891.5591152005823,20.9
2906.6733341034837,20.8
2921.8665552345788,20.7
2937.139191539587,20.6
2952.4916581227058,20.3
2967.9243722578863,20.0
2983.4377534001765,19.8
2999.0322231971227,19.6
3014.7082055002275,19.5
3030.466126376471,19.5
3046.306414119893,19.4
3062.229499263226,19.3
3078.2358145896155,19.3
3094.325795144359,19.2
3110.4998782467446,19.1
3126.7585035019356,19.0
3143.1021128129173,18.9
3159.5311503925072,18.7
3176.0460627754296,18.7
3192.6472988304513,18.6
3209.335309772584,18.5
3226.1105491753406,18.4
3242.973472983081,18.4
3259.924539523382,18.3
3276.9642095195077,18.3
3294.0929461029286,18.2
3311.311214825911,18.2
3328.6194836741684,18.1
3346.018223079582,18.1
3363.507905932988,18.0
3381.089007597027,18.0
3398.762005919066,17.9
3416.527381244194,17.9
3434.385616428264,17.8
3452.337196851022,17.6
3470.382610429304,17.5
3488.5223476302926,17.3
3506.7569014848486,17.2
3525.0867676009134,17.1
3543.512444176976,17.0
3562.034432015617,17.0
3580.6532345371147,16.9
3599.369357793143,16.8
3618.1833104805046,16.7
3637.095603954969,16.6
3656.1067522451726,16.5
3675.2172720665826,16.4
3694.4276828355482,16.2
3713.738506683413,16.1
3733.1502684707093,15.6
3752.6634958014215,15.2
3772.2787190373247,15.0
3791.9964713124127,14.9
3811.817288547367,14.7
3831.7417094641373,14.6
3851.7702756005806,14.3
3871.9035313251793,14.1
3892.1420238518376,13.8
3912.4863032547537,13.6
3932.936922483372,13.5
3953.4944373774106,13.4
3974.1594066819653,13.3
3994.9323920627126,13.2
4015.8139581211503,12.9
4036.8046724099613,12.5
4057.9051054484326,12.2
4079.115830737964,11.9
4100.437424777656,11.6
4121.870467079975,11.3
4143.41554018651,11.0
4165.0732296838005,10.7
4186.844124219257,10.3
4208.728815517151,10.0
4230.72789839472,9.7
4252.841970778305,9.5
4275.071633719623,9.6
4297.417491412092,9.9
4319.880151207261,10.3
4342.460223631314,10.5
4365.158322401661,10.6
4387.975064443623,10.8
4410.911069907196,11.5
4433.9669621839075,13.0
4457.1433679237725,14.1
4480.4409170523,14.4
4503.860242787635,14.9
4527.40198165776,15.5
4551.0667735177985,16.1
4574.855261567406,16.7
4598.768092368251,17.4
4622.80591586159,18.1
4646.969385385929,18.9
4671.25915769478,19.5
4695.675892974527,20.0
4720.220254862348,20.4
4744.892910464259,20.6
4769.694530373255,20.9
4794.625788687525,21.2
4819.68736302878,21.5
4844.87993456067,21.6
4870.204188007296,21.7
4895.660811671819,21.6
4921.250497455168,21.6
4946.973940874864,21.5
4972.8318410838865,21.5
4998.824900889706,21.5
5024.953826773381,21.4
5051.219328908747,21.3
5077.622121181736,20.9
5104.162921209768,20.5
5130.842450361258,20.3
5157.661433775227,20.1
5184.620600380999,20.0
5211.720682918039,19.8
5238.962417955835,19.5
5266.346545913939,19.2
5293.873811082085,18.9
5321.544961640422,18.9
5349.360749679845,18.9
5377.321931222439,18.9
5405.429266242027,18.8
5433.683518684824,18.7
5462.085456490198,18.7
5490.635851611563,18.6
5519.335480037329,18.6
5548.185121812011,18.5
5577.185561057427,18.4
5606.337585994012,18.4
5635.641988962242,18.4
5665.0995664441625,18.3
5694.7111190850455,18.3
5724.477451715144,18.3
5754.399373371566,18.3
5784.477697320285,18.3
5814.713241078208,18.4
5845.10682643542,18.5
5875.659279477514,18.5
5906.371430608045,18.5
5937.244114571097,18.5
5968.278170473975,18.5
5999.4744418100045,18.5
6030.833776481469,18.5
6062.357026822636,18.5
6094.045049622959,18.5
6125.898706150321,18.5
6157.918862174471,18.5
6190.106387990547,18.5
6222.462158442733,18.5
6254.987052948034,18.5
6287.681955520183,18.4
6320.547754793659,18.4
6353.585344047851,18.4
6386.795621231329,18.3
6420.179488986247,18.3
6453.7378546729,18.2
6487.471630394349,18.2
6521.381733021235,18.1
6555.469084216698,18.1
6589.734610461422,18.0
6624.179243078815,17.9
6658.80391826033,17.7
6693.609577090902,17.4
6728.597165574533,17.2
6763.767634659991,17.1
6799.1219402666875,17.0
6834.661043310619,16.9
6870.385909730507,16.6
6906.297510514049,16.4
6942.39682172431,16.2
6978.684824526248,16.0
7015.162505213385,15.9
7051.830855234612,15.7
7088.690871221135,15.2
7125.7435550135615,14.1
7162.989913689153,13.3
7200.430959589155,13.2
7238.067710346342,13.1
7275.901188912673,12.7
7313.932423587085,12.2
7352.162448043451,11.9
7390.59230135867,11.5
7429.22302804091,11.4
7468.055678057999,11.5
7507.091306865953,11.6
7546.330975437692,11.7
7585.775750291836,12.5
7625.426703521717,13.6
7665.284912824515,14.1
7705.351461530549,14.4
7745.627438632719,14.6
7786.113938816104,14.9
7826.81206248772,15.4
7867.722915806424,16.1
7908.847610712972,16.5
7950.187264960275,16.9
7991.743002143727,17.2
8033.515951731782,17.5
8075.507249096639,17.7
8117.718035545101,17.9
8160.149458349601,18.8
8202.80267077938,19.6
8245.67883213183,19.7
8288.77910776401,19.9
8332.104669124305,20.1
8375.656693784302,20.2
8419.436365470749,20.3
8463.444874097753,20.3
8507.683415799123,20.3
8552.153192960874,20.3
8596.855414253905,20.3
8641.791294666864,20.3
8686.962055539152,20.3
8732.36892459413,20.2
8778.01313597248,20.1
8823.895930265779,20.1
8870.018554550163,20.1
8916.382262420266,20.2
8962.988314023276,20.3
9009.83797609319,20.4
9056.932521985234,20.4
9104.273231710486,20.5
9151.861391970657,20.6
9199.698296193066,20.7
9247.785244565785,20.9
9296.12354407301,21.0
9344.714508530542,21.0
9393.559458621517,21.0
9442.659721932305,21.0
9492.016632988581,20.9
9541.631533291613,20.8
9591.505771354708,20.6
9641.64070273987,20.5
9692.037690094652,20.1
9742.698103189163,19.7
9793.623318953358,19.5
9844.814721514387,19.1
9896.27370223427,18.6
9948.001659747684,18.3
10000.0,18.1
10052.270136285486,17.9
10104.813489285681,17.8
10157.6314871081,17.2
10210.725565324987,16.8
10264.09716701231,16.8
10317.747742788988,16.8
10371.678750856474,16.8
10425.891657038128,16.8
10480.387934819217,16.8
10535.16906538697,16.8
10590.236537670813,16.8
10645.591848382772,16.8
10701.236502058211,16.7
10757.172011096769,16.6
10813.399895803414,16.6
10869.921684429703,16.5
10926.73891321545,16.4
10983.85312643042,16.2
11041.265876416248,16.1
11098.978723628681,15.9
11156.993236680037,15.7
11215.310992381786,15.5
11273.933575787378,14.8
11332.862580235347,14.1
11392.099607392682,13.9
11451.646267298307,13.7
11511.504178406769,13.3
11571.674967632372,12.9
11632.16027039332,12.6
11692.961730656129,12.4
11754.08100098034,12.3
11815.519742563505,12.2
11877.27962528627,11.7
11939.362327757724,11.2
12001.76953736107,11.0
12064.50295029953,10.9
12127.56427164241,10.9
12190.95521537136,10.8
12254.677504427105,10.4
12318.732870756214,10.0
12383.123055358106,9.8
12447.849808332432,9.7
12512.914888926687,9.7
12578.320065583976,9.8
12644.067115991029,10.2
12710.157827126544,10.7
12776.593995309939,10.9
12843.377426249857,11.4
12910.50993509343,12.0
12977.99334647565,12.2
13045.829494568892,12.5
13114.020223132724,13.1
13182.567385564074,13.4
13251.472844947652,13.5
13320.738474106534,13.7
13390.366155652993,13.9
13460.35778203982,14.0
13530.715255611682,14.4
13601.440488656775,15.0
13672.535403458849,15.2
13744.001932349513,15.3
13815.842017760702,15.4
13888.057612277411,15.5
13960.650678690825,15.6
14033.62319005172,15.7
14106.977129724035,15.6
14180.714491438697,15.5
14254.837279347976,15.4
14329.347508079869,15.3
14404.247202792812,15.2
14479.538399230763,15.0
14555.223143778607,14.7
14631.303493517702,14.3
14707.78151628175,13.8
14784.65929071304,11.8
14861.938906319014,9.6
14939.622463529,9.0
15017.712073751207,8.4
15096.209859430292,7.7
15175.117954104964,6.8
15254.438502465904,6.1
15334.173660414117,4.8
15414.325595119602,3.6
15494.896485080177,3.6
15575.88852018064,3.8
15657.303901752315,3.9
15739.1448426331,5.1
15821.413567227246,6.5
15904.112311566014,7.0
15987.243323368504,7.1
16070.808862102673,7.3
16154.811199046684,7.5
16239.252617350698,7.6
16324.135412099,7.7
16409.461890372313,7.6
16495.23437131044,7.4
16581.455186175313,7.1
16668.12667841462,6.9
16755.251203725067,6.6
