10.0,14.4
10.052270136285475,14.6
10.104813489285682,14.7
10.157631487108103,14.6
10.210725565324982,14.6
10.264097167012295,14.5
10.317747742789004,14.4
10.371678750856479,14.3
10.425891657038118,14.4
10.480387934819216,14.5
10.535169065386981,14.8
10.590236537670812,15.0
10.64559184838276,15.1
10.701236502058206,15.0
10.757172011096776,15.0
10.813399895803409,14.9
10.869921684429707,14.8
10.926738913215466,14.9
10.98385312643042,15.0
11.041265876416237,15.0
11.098978723628681,15.1
11.156993236680048,15.2
11.215310992381788,15.2
11.27393357578736,15.3
11.332862580235341,15.4
11.392099607392687,15.4
11.451646267298301,15.5
11.511504178406776,15.6
11.571674967632385,15.6
11.632160270393321,15.6
11.692961730656117,15.7
11.75408100098034,15.7
11.815519742563518,15.8
11.87727962528627,15.9
11.939362327757706,15.9
12.001769537361062,16.0
12.064502950299536,16.0
12.127564271642404,16.0
12.190955215371359,16.0
12.254677504427118,16.1
12.318732870756214,16.1
12.383123055358094,16.2
12.447849808332432,16.3
12.5129148889267,16.4
12.578320065583968,16.5
12.644067115991009,16.6
12.710157827126565,16.7
12.776593995309947,16.8
12.843377426249843,16.8
12.910509935093431,16.9
12.977993346475664,17.0
13.045829494568892,17.0
13.11402022313271,17.0
13.182567385564074,17.1
13.251472844947658,17.1
13.320738474106527,17.2
13.390366155653,17.3
13.460357782039841,17.3
13.530715255611682,17.4
13.601440488656761,17.4
13.672535403458848,17.5
13.744001932349526,17.6
13.815842017760701,17.6
13.888057612277397,17.6
13.960650678690818,17.6
14.033623190051728,17.7
14.10697712972403,17.8
14.180714491438705,17.9
14.25483727934799,17.9
14.32934750807987,18.0
14.404247202792797,18.1
14.479538399230764,18.1
14.55522314377862,18.1
14.631303493517702,18.2
14.707781516281727,18.2
14.784659290713032,18.2
14.861938906319022,18.3
14.939622463528993,18.4
15.017712073751214,18.5
15.096209859430308,18.6
15.175117954104964,18.7
15.254438502465888,18.8
15.334173660414118,18.9
15.414325595119617,18.9
15.494896485080169,19.0
15.575888520180618,19.1
15.65730390175234,19.1
15.73914484263311,19.2
15.821413567227237,19.2
15.904112311566013,19.3
15.98724332336852,19.3
16.070808862102673,19.4
16.154811199046666,19.4
16.239252617350697,19.5
16.324135412099007,19.5
16.409461890372306,19.5
16.495234371310413,19.6
16.58145518617534,19.6
16.668126678414627,19.7
16.755251203725052,19.7
16.84283113011666,19.8
16.930868837977105,19.8
17.01936672013636,19.9
17.108327181931763,20.0
17.197752641273365,20.1
17.28764552870969,20.2
17.378008287493753,20.2
17.4688433736495,20.3
17.560153256038525,20.3
17.651940416427212,20.4
17.744207349554188,20.4
17.836956563198083,20.5
17.93019057824573,20.5
18.023911928760675,20.6
18.118123162052047,20.7
18.21282683874379,20.7
18.30802553284428,20.8
18.403721831816252,20.8
18.499918336647156,20.8
18.59661766191982,20.8
18.69382243588356,20.9
18.791535300525574,20.9
18.889758911642755,21.0
18.98849593891389,21.0
19.08774906597221,21.1
19.187520990478333,21.2
19.287814424193606,21.3
19.388632093053765,21.4
19.48997673724305,21.5
19.591851111268685,21.6
19.69425798403576,21.6
19.79720013892245,21.7
19.90068037385568,21.8
20.004701501387192,21.8
20.109266348769967,21.8
20.214377758035074,21.9
20.320038586068932,21.9
20.426251704690927,22.0
20.533020000731486,22.0
20.64034637611054,22.0
20.748233747916412,22.1
20.856685048485062,22.1
20.965703225479817,22.2
21.075291241971485,22.2
21.185452076518878,22.3
21.296188723249774,22.4
21.407504191942323,22.4
21.519401508106792,22.5
21.631883713067854,22.6
21.744953864047204,22.6
21.858615034246718,22.7
21.972870312931903,22.7
22.087722805515906,22.8
22.203175633643916,22.8
22.319231935278008,22.9
22.435894864782412,22.9
22.553167593009288,22.9
22.671053307384867,23.0
22.789555211996095,23.0
22.908676527677724,23.1
23.028420492099883,23.1
23.148790359856015,23.2
23.26978940255137,23.3
23.391420908891938,23.4
23.51368818477381,23.4
23.63659455337303,23.5
23.760143355235964,23.6
23.884337948370025,23.7
24.009181708334992,23.8
24.134678028334722,23.9
24.260830319309434,23.9
24.387642010028344,24.0
24.515116547182902,24.0
24.64325739548046,24.0
24.772068037738443,24.0
24.901551974979007,24.0
25.031712726524198,24.1
25.162553830091625,24.1
25.294078841890578,24.2
25.426291336718684,24.2
25.559194908059133,24.3
25.692793168178262,24.4
25.827089748223784,24.4
25.96208829832347,24.5
26.097792487684362,24.5
26.234206004692496,24.5
26.371332557013133,24.6
26.5091758716916,24.6
26.647739695254497,24.6
26.787027793811582,24.7
26.9270439531581,24.8
27.06779197887776,24.9
27.209275696446046,24.9
27.351498951334275,25.0
27.494465609114105,25.0
27.638179555562576,25.0
27.782644696767733,25.1
27.92786495923483,25.1
28.07384428999299,25.1
28.220586656702505,25.2
28.368096047762684,25.2
28.516376472420284,25.2
28.66543196087842,25.3
28.815266564406134,25.3
28.965884355448516,25.4
29.11728942773738,25.5
29.26948589640251,25.6
29.42247789808359,25.6
29.57626959104251,25.6
29.730865155276486,25.6
29.88626879263161,25.6
30.04248472691713,25.7
30.19951720402016,25.9
30.357370492021133,26.0
30.516048881309793,26.1
30.675556684701824,26.1
30.835898237556027,26.2
30.99707789789224,26.2
31.15910004650967,26.2
31.321969087106055,26.3
31.485689446397288,26.3
31.650265574237824,26.3
31.815701943741516,26.4
31.98200305140326,26.5
32.14917341722119,26.5
32.31721758481955,26.5
32.486140121572134,26.6
32.655945618726484,26.6
32.82663869152868,26.6
32.99822397934869,26.6
33.170706145806605,26.6
33.34408987889928,26.7
33.51837989112781,26.7
33.69358091962557,26.8
33.86969772628702,26.9
34.04673509789711,26.9
34.224697846261364,26.9
34.40359080833668,26.9
34.58341884636283,27.0
34.764186847994516,27.1
34.94589972643436,27.1
35.12856242056629,27.1
35.312179895089876,27.2
35.496757140655234,27.3
35.68229917399868,27.4
35.86881103807908,27.4
36.05629780221492,27.4
36.24476456222205,27.4
36.434216440552284,27.4
36.6246585864325,27.5
36.81609617600466,27.6
37.00853441246656,27.6
37.2019785262131,27.6
37.39643377497855,27.6
37.591905443979435,27.7
37.788398846058186,27.7
37.985919321827524,27.7
38.184472239815605,27.7
38.384062996612016,27.7
38.584697017014335,27.7
38.786379754175634,27.8
38.98911668975273,27.8
39.1929133340551,27.9
39.39777522619469,28.0
39.60370793423646,28.1
39.810717055349734,28.1
40.0188082159603,28.1
40.227987071903335,28.1
40.43825930857721,28.2
40.64963064109788,28.3
40.8621068144543,28.4
41.075693603664625,28.4
41.29039681393302,28.4
41.506222280807584,28.4
41.72317587033889,28.5
41.94126347923944,28.6
42.16049103504393,28.6
42.38086449627034,28.6
42.60238985258197,28.7
42.825073124950116,28.8
43.04892036581776,28.8
43.27393765926414,28.8
43.500131121170035,28.8
43.727506899384,28.8
43.956071173889484,28.8
44.18583015697281,28.8
44.416790093392,28.9
44.648957260546474,28.9
44.88233796864779,28.9
45.116938560890986,28.9
45.35276541362708,28.9
45.58982493653644,28.9
45.82812357280281,28.9
46.067667799288614,29.0
46.308464126710895,29.1
46.55051909981832,29.1
46.793839297569036,29.1
47.03843133330949,29.1
47.28430185495417,29.1
47.531457545166376,29.1
47.77990512153967,29.2
48.02965133678067,29.3
48.28070297889241,29.3
48.53306687135893,29.3
48.78674987333074,29.3
49.041758879811184,29.3
49.298100821843896,29.3
49.55578266670119,29.4
49.81481141807335,29.5
50.07519411625915,29.5
50.336937838356974,29.5
50.60004969845742,29.5
50.86453684783644,29.5
51.13040647514984,29.5
51.39766580662862,29.5
51.66632210627541,29.5
51.93638267606184,29.5
52.20785485612707,29.5
52.48074602497726,29.5
52.75506359968615,29.5
53.030815036096584,29.5
53.308007829023246,29.5
53.58664951245627,29.5
53.866747659766084,29.6
54.148309883909214,29.7
54.431343837635225,29.7
54.7158572136947,29.7
55.00185774504835,29.7
55.28935320507712,29.7
55.57835140779364,29.7
55.86886020805435,29.7
56.160887501773274,29.7
56.45444122613637,29.8
56.74952935981742,29.9
57.04615992319485,29.9
57.34434097856969,29.9
57.64408063038476,29.9
57.94538702544487,29.9
58.24826835313831,29.9
58.552732845659456,29.9
58.85878877823242,29.9
59.166444469336014,29.9
59.475708280929936,29.9
59.786588618681876,29.9
60.0990939321961,29.9
60.41323271524305,29.9
60.72901350599024,29.9
61.046444887234294,29.9
61.365535486634215,29.9
61.686293976945976,29.9
62.008729076258064,29.9
62.332849548228545,29.9
62.658664202323344,29.9
62.98618189405547,29.9
63.315411525225876,29.9
63.64636204416533,29.9
63.979042445977655,29.9
64.31346177278421,29.9
64.64962911396958,29.9
64.98755360642885,29.9
65.32724443481563,29.9
65.66871083179183,29.9
66.01196207827876,29.9
66.35700750370908,29.9
66.7038564862806,29.9
67.05251845321108,29.9
67.40300288099445,29.9
67.75531929565844,29.9
68.1094772730234,29.9
68.46548643896274,29.9
68.82335646966433,29.9
69.18309709189363,29.9
69.54471808325809,29.9
69.90822927247277,29.9
70.27364053962762,29.9
70.6409618164559,29.9
71.01020308660422,29.9
71.38137438590384,29.9
71.75448580264342,29.9
72.12954747784322,29.9
72.50656960553087,29.9
72.88556243301818,29.9
73.26653626117992,29.9
73.64950144473359,29.9
74.03446839252094,29.9
74.42144756779092,29.9
74.810449488484,29.9
75.20148472751808,29.9
75.59456391307583,29.8
75.98969772889355,29.7
76.38689691455168,29.7
76.78617226576647,29.7
77.18753463468363,29.7
77.59099493017311,29.7
77.99656411812569,29.7
78.404253221751,29.7
78.8140733218772,29.7
79.226035557252,29.7
79.64015112484554,29.6
80.05643128015467,29.6
80.47488733750892,29.6
80.89553067037787,29.6
81.31837271168051,29.6
81.74342495409579,29.6
82.170698950375,29.6
82.60020631365589,29.6
83.03195871777821,29.5
83.46596789760103,29.5
83.90224564932171,29.5
84.34080383079642,29.5
84.78165436186265,29.5
85.22480922466286,29.5
85.67028046397054,29.5
86.11808018751721,29.5
86.56822056632171,29.5
87.020713835021,29.5
87.47557229220259,29.5
87.93280830073893,29.4
88.39243428812335,29.3
88.85446274680783,29.3
89.31890623454267,29.3
89.78577737471758,29.3
90.25508885670492,29.3
90.72685343620469,29.3
91.20108393559097,29.3
91.67779324426061,29.3
92.15699431898352,29.2
92.63870018425483,29.2
93.12292393264887,29.2
93.60967872517497,29.2
94.09897779163542,29.2
94.5908344309847,29.2
95.0852620116911,29.2
95.58227397210023,29.2
96.08188382079996,29.1
96.5841051369878,29.0
97.08895157083991,28.9
97.59643684388209,28.9
98.10657474936274,28.9
98.61937915262773,28.9
99.13486399149741,28.9
99.65304327664518,28.9
100.17393109197839,28.9
100.69754159502135,28.9
101.22388901729977,28.9
101.75298766472777,29.0
102.28485191799675,29.0
102.81949623296607,29.0
103.35693514105618,29.1
103.89718324964329,29.1
104.44025524245698,29.1
104.98616587997819,29.1
105.53492999984189,29.2
106.08656251723878,29.2
106.64107842532215,29.2
107.19849279561431,29.3
107.75882077841675,29.3
108.32207760322176,29.3
108.88827857912626,29.3
109.45743909524856,29.3
110.02957462114523,29.3
110.60470070723336,29.3
111.18283298521138,29.3
111.76398716848561,29.3
112.3481790525961,29.3
112.93542451564652,29.3
113.5257395187356,29.3
114.11914010639099,29.4
114.71564240700522,29.5
115.3152626332741,29.5
115.91801708263789,29.5
116.52392213772293,29.5
117.13299426678874,29.5
117.74525002417371,29.5
118.36070605074681,29.6
118.97937907435858,29.7
119.60128591029638,29.7
120.22644346174131,29.7
120.85486872022751,29.7
121.4865787661046,29.7
122.12159076900052,29.7
122.75992198829012,29.8
123.40158977356222,29.8
124.04661156509306,29.9
124.69500489431896,29.9
125.34678738431336,29.9
126.00197675026583,30.0
126.6605907999634,30.0
127.3226474342747,30.0
127.98816464763628,30.0
128.6571605285424,30.0
129.32965326003517,30.0
130.00566112020084,30.0
130.68520248266435,30.0
131.36829581709074,30.0
132.05495968968575,30.0
132.74521276370103,30.1
133.43907379994133,30.2
134.1365616572744,30.2
134.83769529314347,30.2
135.54249376408254,30.2
136.25097622623485,30.2
136.96316193587217,30.2
137.67907024992007,30.2
138.39872062648203,30.2
139.1221326253702,30.2
139.84932590863562,30.2
140.58032024110324,30.2
141.31513549090906,30.2
142.05379163003997,30.2
142.7963087348772,30.2
143.5427069867405,30.2
144.29300667243896,30.2
145.04722818481977,30.2
145.80539202332486,30.2
146.56751879454652,30.2
147.333629212788,30.1
148.1037441006266,30.0
148.87788438947953,29.9
149.65607112017267,29.9
150.43832544351253,29.8
151.2246686208618,29.7
152.01512202471548,29.6
152.80970713928414,29.5
153.6084455610754,29.4
154.41135899948313,29.3
155.218469277376,29.3
156.02979833169113,29.2
156.8453682140304,29.1
157.66520109125955,29.0
158.48931924611142,28.9
159.3177450777899,28.8
160.15050110258113,28.7
160.9876099544629,28.7
161.82909438572216,28.6
162.67497726757185,28.5
163.52528159077312,28.4
164.38003046626017,28.3
165.23924712576837,28.2
166.1029549224657,28.1
166.97117733158728,28.1
167.8439379510743,28.0
168.72126050221348,27.9
169.60316883028446,27.8
170.48968690520502,27.7
171.38083882218535,27.6
172.27664880238083,27.5
173.17714119355136,27.5
174.08234047072295,27.4
174.99227123685273,27.3
175.9069582234984,27.2
176.82642629148881,27.3
177.75070043160196,27.3
178.67980576524164,27.4
179.61376754512278,27.4
180.55261115595593,27.4
181.49636211513797,27.4
182.44504607344558,27.4
183.39868881573247,27.4
184.35731626163007,27.4
185.3209544662519,27.4
186.28962962090262,27.3
187.26336805378796,27.2
188.24219623073301,27.2
189.2261407558986,27.2
190.21522837250714,27.2
191.20948596356752,27.2
192.20894055260666,27.1
193.21361930440384,27.0
194.22354952572874,26.9
195.2387586660848,26.8
196.25927431845295,26.7
197.28512422004457,26.6
198.31633625305224,26.5
199.35293844541056,26.5
200.39495897155572,26.4
201.4424261531923,26.4
202.4953684600627,26.3
203.55381451072122,26.3
204.6177930733116,26.3
205.6873330663489,26.3
206.76246355950653,26.2
207.84321377440395,26.2
208.92961308540407,26.1
210.02169102040844,26.0
211.11947726166272,26.0
212.22300164656127,25.9
213.33229416845913,25.8
214.447384977487,25.7
215.5683043813707,25.6
216.69508284625502,25.5
217.8277509975314,25.4
218.9663396206716,25.3
220.1108796620618,25.3
221.26140222984722,25.2
222.41793859477394,25.2
223.5805201910423,25.1
224.74917861715863,25.1
225.9239456367954,25.1
227.10485317965416,25.0
228.29193334233327,25.0
229.48521838920135,24.9
230.68474075327168,24.9
231.89053303708724,24.8
233.102628013603,24.7
234.32105862708036,24.6
235.5458579939798,24.5
236.77705940386227,24.4
238.0146963202937,24.4
239.25880238175446,24.3
240.50941140255387,24.2
241.76655737374873,24.2
243.03027446406858,24.1
244.30059702084168,24.1
245.57755957093218,24.0
246.86119682167464,24.0
248.1515436618211,24.0
249.44863516248657,23.9
250.75250657810346,23.8
252.0631933473797,23.7
253.3807310942614,23.6
254.7051556289027,23.6
256.03650294863604,23.6
257.3748092389545,23.6
258.72011087449107,23.6
260.0724444200114,23.6
261.4318466314045,23.5
262.79835445668317,23.4
264.17200503698814,23.3
265.5528357075972,23.3
266.94088399894025,23.3
268.336187637619,23.3
269.7387845474336,23.3
271.1487128504106,23.2
272.56601086784315,23.1
273.9907171213279,23.1
275.4228703338166,23.1
276.86250943066517,23.0
278.30967354069315,23.0
279.764401997247,22.9
281.2267343392687,22.9
282.6967103123723,22.9
284.1743698699204,22.9
285.65975317411466,22.9
287.152900597083,22.9
288.6538527219809,22.9
290.16265034409145,22.9
291.67933447193553,22.9
293.203946328386,22.9
294.7365273517884,22.9
296.27711919708696,22.9
297.8257637369567,22.9
299.38250306294265,22.9
300.947379486601,22.9
302.52043554065347,22.9
304.1017139801383,22.9
305.69125778357716,22.9
307.2891101541398,22.9
308.8953145208197,22.9
310.5099145396145,22.9
312.1329540947119,23.0
313.76447729968413,23.1
315.40452849868336,23.1
317.0531522676519,23.1
318.71039341552853,23.1
320.3762969854716,23.1
322.05090825607795,23.1
323.7342727426186,23.1
325.4264361982722,23.1
327.1274446153702,23.1
328.83734422664674,23.2
330.55618150649445,23.2
332.28400317222986,23.2
334.02085618535915,23.2
335.76678775285944,23.3
337.52184532845695,23.3
339.28607661392135,23.4
341.0595295603587,23.4
342.84225236951676,23.4
344.63429349509414,23.4
346.4357016440579,23.4
348.24652577796684,23.4
350.06681511430224,23.4
351.8966191278073,23.4
353.7359875518278,23.5
355.5849703796693,23.6
357.44361786595016,23.7
359.3119805279728,23.7
361.1901091470929,23.8
363.0780547701014,23.9
364.9758687106112,24.0
366.8836025504522,24.0
368.80130814107446,24.0
370.72903760495365,24.1
372.66684333701346,24.1
374.6147780060434,24.2
376.57289455613636,24.2
378.54124620812286,24.2
380.5198864610201,24.3
382.50886909348526,24.3
384.5082481652772,24.4
386.51807801872604,24.5
388.53841328020957,24.5
390.56930886163985,24.5
392.6108199619517,24.5
394.6630020686084,24.5
396.7259109591041,24.6
398.7996027024853,24.7
400.8841336608706,24.8
402.9795604909844,24.8
405.0859401456969,24.9
407.20332987557106,24.9
409.331787230421,25.0
411.4713700608718,25.1
413.6221365199375,25.1
415.78414506459575,25.1
417.95745445738237,25.1
420.1421237679842,25.1
422.33821237484636,25.1
424.5457799667861,25.1
426.76488654461485,25.2
428.9955924227691,25.2
431.23795823094935,25.3
433.49204491576995,25.4
435.7579137424112,25.5
438.0356262962907,25.5
440.3252444847303,25.6
442.62683053864555,25.6
444.9404470142319,25.7
447.2661567946673,25.8
449.60402309182115,25.8
451.9541094479714,25.9
454.3164797375345,25.9
456.6911981687959,26.0
459.0783292856624,26.1
461.4779379694089,26.2
463.89008944044906,26.3
466.31484926010245,26.3
468.7522833323791,26.3
471.20245790577025,26.3
473.6654395750488,26.3
476.14129528307956,26.3
478.630092322638,26.4
481.1318983382419,26.5
483.6467813279844,26.5
486.1748096453894,26.5
488.7160520012619,26.5
491.27057746556244,26.6
493.8384554692794,26.6
496.4197558063182,26.6
499.01454863539806,26.6
501.6229044819588,26.6
504.24489424007766,26.6
506.88058917439554,26.6
509.53006092205686,26.6
512.1933814946506,26.6
514.8706232801756,26.6
517.5618590449992,26.6
520.2671619358439,26.6
522.9866054817683,26.6
525.7202635961694,26.6
528.4682105787901,26.6
531.230521117739,26.6
534.0072702915224,26.6
536.7985335710792,26.5
539.6043868218401,26.5
542.4249063057814,26.5
545.2601686835053,26.5
548.1102510163182,26.5
550.9752307683272,26.5
553.8551858085453,26.5
556.7501944130083,26.5
559.6603352669016,26.5
562.5856874666987,26.5
565.5263305223134,26.5
568.4823443592555,26.5
571.4538093208106,26.5
574.4408061702153,26.5
577.4434160928608,26.5
580.4617206984933,26.5
583.4958020234345,26.5
586.5457425328113,26.5
589.6116251227962,26.5
592.6935331228639,26.5
595.7915502980484,26.5
598.9057608512304,26.5
602.0362494254149,26.4
605.1831011060411,26.4
608.3464014232891,26.3
611.5262363544065,26.3
614.7226923260454,26.3
617.9358562166111,26.3
621.1658153586235,26.3
624.4126575410903,26.3
627.6764710118958,26.3
630.957344480193,26.3
634.2553671188238,26.3
637.5706285667327,26.3
640.9032189314127,26.3
644.2532287913472,26.3
647.6207491984753,26.3
651.0058716806659,26.3
654.4086882442045,26.3
657.8292913762976,26.3
661.2677740475787,26.3
664.7242297146454,26.3
668.1987523225889,26.2
671.6914363075575,26.2
675.2023765993158,26.1
678.7316686238282,26.1
682.2794083058518,26.1
685.8456920715438,26.1
689.4306168510824,26.1
693.0342800813003,26.1
696.6567797083366,26.1
700.2982141902914,26.1
703.9586824999124,26.1
707.6382841272731,26.1
711.3371190824884,26.1
715.0552878984242,26.1
718.7928916334344,26.2
722.5500318741055,26.2
726.3268107380181,26.2
730.123330876526,26.3
733.9396954775374,26.3
737.7760082683312,26.3
741.6323735183645,26.3
745.508896042117,26.3
749.4056812019327,26.3
753.3228349108862,26.3
757.2604636356614,26.3
761.2186743994453,26.3
765.1975747848361,26.2
769.1972729367671,26.2
773.2178775654501,26.2
777.2594979493206,26.2
781.3222439380205,26.2
785.406225955371,26.2
789.5115550023859,26.2
793.6383426602791,26.2
797.7867010935024,26.1
801.9567430527921,26.1
806.1485818782347,26.1
810.3623315023465,26.1
814.59810645317,26.1
818.8560218573906,26.1
823.1361934434566,26.1
827.4387375447371,26.1
831.7637711026708,26.1
836.1114116699566,26.1
840.4817774137397,26.1
844.8749871188272,26.1
849.2911601909162,26.1
853.7304166598383,26.1
858.1928771828257,26.2
862.6786630477819,26.2
867.1878961765907,26.2
871.7206991284164,26.2
876.2771951030477,26.2
880.8575079442367,26.2
885.4617621430697,26.2
890.0900828413493,26.2
894.742595834996,26.2
899.4194275774676,26.3
904.1207051831946,26.3
908.8465564310401,26.3
913.5971097677627,26.3
918.3724943115215,26.3
923.1728398553701,26.3
927.998276870799,26.3
932.8489365112713,26.3
937.7249506157918,26.3
942.6264517124897,26.3
947.5535730222193,26.3
952.5064484621864,26.3
957.4852126495767,26.3
962.4900009052299,26.3
967.5209492573013,26.3
972.5781944449744,26.3
977.6618739221665,26.3
982.772125861269,26.3
987.9090891569025,26.3
993.0729034296917,26.3
998.26370903006,26.3
1003.4816470420445,26.3
1008.7268592871307,26.3
1013.9994883281055,26.3
1019.2996774729368,26.3
1024.627570778662,26.3
1029.9833130553077,26.2
1035.3670498698243,26.2
1040.778927550043,26.2
1046.219093188652,26.1
1051.687694647196,26.1
1057.1848805600926,26.1
1062.7108003386745,26.1
1068.2656041752484,26.1
1073.849443047181,26.0
1079.4624687209969,25.9
1085.104833756507,25.9
1090.7766915109553,25.8
1096.4781961431852,25.8
1102.2095026178308,25.8
1107.9707667095288,25.8
1113.7621450071517,25.8
1119.5837949180645,25.7
1125.4358746724013,25.6
1131.3185433273702,25.5
1137.231960771571,25.4
1143.1762877293438,25.4
1149.1516857651375,25.3
1155.1583172879002,25.3
1161.1963455554942,25.2
1167.2659346791324,25.1
1173.3672496278396,25.0
1179.5004562329357,25.0
1185.6657211925422,24.9
1191.8632120761172,24.9
1198.0930973290035,24.8
1204.355546277011,24.8
1210.650729131018,24.7
1216.9788169915967,24.7
1223.3399818536654,24.6
1229.7343966111616,24.6
1236.162235061742,24.5
1242.6236719115057,24.5
1249.1188827797416,24.4
1255.6480442037073,24.4
1262.2113336434193,24.3
1268.8089294864806,24.2
1275.4410110529293,24.2
1282.1077586001115,24.1
1288.8093533275808,24.1
1295.5459773820237,24.0
1302.3178138622095,24.0
1309.1250468239675,23.9
1315.967861285188,23.9
1322.8464432308563,23.8
1329.7609796180998,23.8
1336.7116583812742,23.7
1343.6986684370715,23.7
1350.7221996896535,23.6
1357.782443035813,23.6
1364.879590370164,23.5
1372.0138345903551,23.4
1379.1853696023147,23.3
1386.3943903255179,23.2
1393.6410926982915,23.1
1400.9256736831292,23.1
1408.248331272053,23.0
1415.6092644919916,22.9
1423.0086734101894,22.9
1430.4467591396458,22.9
1437.9237238445805,22.9
1445.439770745928,22.9
1452.9951041268616,22.9
1460.589929338344,22.8
1468.224452804715,22.8
1475.898882029292,22.8
1483.6134256000173,22.8
1491.3682931951248,22.8
1499.1636955888393,22.8
1506.999844657106,22.7
1514.8769533833477,22.6
1522.7952358642551,22.6
1530.754907315605,22.6
1538.7561840781082,22.5
1546.799283623296,22.4
1554.8844245594228,22.4
1563.0118266374113,22.4
1571.181710756826,22.4
1579.3942989718767,22.4
1587.649814497453,22.4
1595.9484817151922,22.4
1604.2905261795772,22.4
1612.6761746240677,22.4
1621.1056549672617,22.4
1629.5791963190893,22.4
1638.097028987047,22.4
1646.6593844824454,22.4
1655.266495526711,22.4
1663.9185960577072,22.4
1672.6159212360947,22.4
1681.3587074517213,22.4
1690.1471923300487,22.4
1698.9816147386093,22.4
1707.8622147934998,22.3
1716.789233865905,22.2
1725.7629145886658,22.2
1734.7835008628629,22.2
1743.8512378644525,22.2
1752.9663720509295,22.2
1762.1291511680254,22.2
1771.3398242564415,22.2
1780.598641658619,22.2
1789.9058550255418,22.2
1799.2617173235774,22.2
1808.6664828413498,22.2
1818.1204071966588,22.1
1827.6237473434162,22.1
1837.1767615786375,22.0
1846.7797095494598,22.0
1856.4328522602,22.0
1866.1364520794475,22.0
1875.8907727471963,22.0
1885.6960793820124,22.0
1895.552638488241,22.0
1905.4607179632462,22.0
1915.4205871047022,22.0
1925.4325166178992,21.9
1935.4967786231095,21.9
1945.6136466629825,21.8
1955.783395709978,21.8
1966.006302173841,21.8
1976.282643909114,21.8
1986.6127002226892,21.7
1996.996751881399,21.7
2007.4350811196462,21.7
2017.927971647083,21.7
2028.4757086563097,21.6
2039.078578830634,21.6
2049.736870351861,21.6
2060.4508729081267,21.6
2071.22087770177,21.5
2082.0471774572497,21.5
2092.9300664290977,21.5
2103.8698404099196,21.5
2114.8667967384304,21.4
2125.9212343075446,21.4
2137.0334535724887,21.4
2148.2037565589744,21.4
2159.4324468714053,21.3
2170.71982970113,21.3
2182.0662118347364,21.3
2193.4719016623894,21.2
2204.937209186215,21.2
2216.4624460287228,21.1
2228.0479254412767,21.0
2239.6939623126154,21.0
2251.4008731773993,20.9
2263.168976224821,20.8
2274.9985913072546,20.7
2286.890039948944,20.6
2298.843645354747,20.5
2310.8597324189163,20.3
2322.9386277339318,20.2
2335.0806595993763,20.1
2347.2861580308577,20.0
2359.5554547689862,20.0
2371.8888832883777,20.0
2384.2867788067265,19.9
2396.7494782939148,19.9
2409.2773204811715,19.8
2421.8706458702773,19.8
2434.5297967428205,19.7
2447.2551171695004,19.7
2460.0469530194778,19.6
2472.905651969775,19.6
2485.8315635147337,19.5
2498.825038975499,19.5
2511.88643150958,19.5
2525.0160961204438,19.4
2538.2143896671673,19.3
2551.481670874133,19.3
2564.8183003407817,19.3
2578.224640551411,19.3
2591.7010558850307,19.3
2605.247912625263,19.3
2618.8655789702975,19.3
2632.5544250429093,19.3
2646.314822900502,19.3
2660.14714654523,19.3
2674.051771934164,19.3
2688.029076989506,19.3
2702.079441608862,19.3
2716.20324767557,19.2
2730.400879069075,19.2
2744.6727216753675,19.1
2759.0191633974646,19.0
2773.440594165967,19.0
2787.9374059496395,19.0
2802.509992766076,19.0
2817.1587506924047,19.0
2831.8840778760564,19.0
2846.686374545581,19.0
2861.5660430215316,19.0
2876.5234877273942,19.0
2891.5591152005823,19.0
2906.6733341034837,19.0
2921.8665552345788,19.1
2937.139191539587,19.2
2952.4916581227058,19.2
2967.9243722578863,19.4
2983.4377534001765,19.5
2999.0322231971227,19.7
3014.7082055002275,19.8
3030.466126376471,19.8
3046.306414119893,19.9
3062.229499263226,20.0
3078.2358145896155,20.1
3094.325795144359,20.2
3110.4998782467446,20.3
3126.7585035019356,20.5
3143.1021128129173,20.6
3159.5311503925072,20.7
3176.0460627754296,20.8
3192.6472988304513,21.0
3209.335309772584,21.1
3226.1105491753406,21.2
3242.973472983081,21.3
3259.924539523382,21.5
3276.9642095195077,21.6
3294.0929461029286,21.7
3311.311214825911,21.7
3328.6194836741684,21.6
3346.018223079582,21.6
3363.507905932988,21.5
3381.089007597027,21.5
3398.762005919066,21.4
3416.527381244194,21.4
3434.385616428264,21.2
3452.337196851022,20.8
3470.382610429304,20.5
3488.5223476302926,20.4
3506.7569014848486,20.2
3525.0867676009134,20.1
3543.512444176976,20.0
3562.034432015617,19.9
3580.6532345371147,19.8
3599.369357793143,19.7
3618.1833104805046,19.5
3637.095603954969,19.4
3656.1067522451726,19.3
3675.2172720665826,19.1
3694.4276828355482,18.9
3713.738506683413,18.8
3733.1502684707093,18.7
3752.6634958014215,18.5
3772.2787190373247,18.3
3791.9964713124127,18.0
3811.817288547367,17.8
3831.7417094641373,17.6
3851.7702756005806,17.6
3871.9035313251793,17.6
3892.1420238518376,17.5
3912.4863032547537,17.5
3932.936922483372,17.4
3953.4944373774106,17.3
3974.1594066819653,17.2
3994.9323920627126,17.1
4015.8139581211503,17.0
4036.8046724099613,16.9
4057.9051054484326,16.9
4079.115830737964,16.8
4100.437424777656,16.7
4121.870467079975,16.7
4143.41554018651,16.7
4165.0732296838005,16.7
4186.844124219257,16.6
4208.728815517151,16.6
4230.72789839472,16.6
4252.841970778305,16.6
4275.071633719623,16.6
4297.417491412092,16.5
4319.880151207261,16.5
4342.460223631314,16.4
4365.158322401661,16.3
4387.975064443623,16.3
4410.911069907196,16.2
4433.9669621839075,16.1
4457.1433679237725,16.0
4480.4409170523,15.9
4503.860242787635,15.8
4527.40198165776,15.7
4551.0667735177985,15.5
4574.855261567406,15.4
4598.768092368251,15.3
4622.80591586159,15.2
4646.969385385929,15.1
4671.25915769478,14.8
4695.675892974527,14.6
4720.220254862348,14.5
4744.892910464259,14.3
4769.694530373255,14.2
4794.625788687525,14.0
4819.68736302878,13.8
4844.87993456067,13.7
4870.204188007296,13.5
4895.660811671819,13.2
4921.250497455168,12.9
4946.973940874864,12.7
4972.8318410838865,12.7
4998.824900889706,12.6
5024.953826773381,12.5
5051.219328908747,12.4
5077.622121181736,12.1
5104.162921209768,11.8
5130.842450361258,11.6
5157.661433775227,11.5
5184.620600380999,11.4
5211.720682918039,11.3
5238.962417955835,11.2
5266.346545913939,11.0
5293.873811082085,11.0
5321.544961640422,11.0
5349.360749679845,11.0
5377.321931222439,11.0
5405.429266242027,11.0
5433.683518684824,11.0
5462.085456490198,11.0
5490.635851611563,11.0
5519.335480037329,11.0
5548.185121812011,11.0
5577.185561057427,11.1
5606.337585994012,11.3
5635.641988962242,11.8
5665.0995664441625,12.1
5694.7111190850455,12.2
5724.477451715144,12.4
5754.399373371566,12.5
5784.477697320285,12.9
5814.713241078208,13.4
5845.10682643542,13.7
5875.659279477514,13.8
5906.371430608045,14.0
5937.244114571097,14.1
5968.278170473975,14.4
5999.4744418100045,14.7
6030.833776481469,15.0
6062.357026822636,15.1
6094.045049622959,15.2
6125.898706150321,15.2
6157.918862174471,15.3
6190.106387990547,15.3
6222.462158442733,15.2
6254.987052948034,15.1
6287.681955520183,15.0
6320.547754793659,14.8
6353.585344047851,14.6
6386.795621231329,14.4
6420.179488986247,14.3
6453.7378546729,14.2
6487.471630394349,14.0
6521.381733021235,13.8
6555.469084216698,13.6
6589.734610461422,13.3
6624.179243078815,12.9
6658.80391826033,12.7
6693.609577090902,12.9
6728.597165574533,12.9
6763.767634659991,13.0
6799.1219402666875,13.0
6834.661043310619,13.1
6870.385909730507,13.3
6906.297510514049,13.5
6942.39682172431,13.6
6978.684824526248,13.8
7015.162505213385,13.9
7051.830855234612,14.0
7088.690871221135,14.1
7125.7435550135615,14.3
7162.989913689153,14.5
7200.430959589155,14.7
7238.067710346342,14.9
7275.901188912673,15.0
7313.932423587085,15.2
7352.162448043451,15.3
7390.59230135867,15.4
7429.22302804091,15.5
7468.055678057999,15.5
7507.091306865953,15.6
7546.330975437692,15.6
7585.775750291836,15.9
7625.426703521717,16.4
7665.284912824515,16.6
7705.351461530549,16.7
7745.627438632719,16.8
7786.113938816104,16.9
7826.81206248772,17.2
7867.722915806424,17.7
7908.847610712972,18.0
7950.187264960275,18.2
7991.743002143727,18.4
8033.515951731782,18.6
8075.507249096639,18.7
8117.718035545101,19.0
8160.149458349601,19.6
8202.80267077938,20.1
8245.67883213183,20.4
8288.77910776401,20.9
8332.104669124305,21.5
8375.656693784302,21.9
8419.436365470749,22.2
8463.444874097753,22.5
8507.683415799123,22.8
8552.153192960874,23.1
8596.855414253905,23.5
8641.791294666864,23.8
8686.962055539152,23.9
8732.36892459413,24.0
8778.01313597248,24.1
8823.895930265779,24.2
8870.018554550163,24.2
8916.382262420266,24.3
8962.988314023276,24.2
9009.83797609319,24.1
9056.932521985234,24.1
9104.273231710486,24.1
9151.861391970657,24.1
9199.698296193066,24.1
9247.785244565785,24.1
9296.12354407301,24.1
9344.714508530542,24.0
9393.559458621517,23.9
9442.659721932305,23.8
9492.016632988581,23.7
9541.631533291613,23.5
9591.505771354708,23.2
9641.64070273987,22.9
9692.037690094652,22.2
9742.698103189163,21.1
9793.623318953358,20.5
9844.814721514387,20.4
9896.27370223427,20.0
9948.001659747684,19.6
10000.0,19.2
10052.270136285486,18.8
10104.813489285681,18.3
10157.6314871081,17.3
10210.725565324987,16.2
10264.09716701231,15.6
10317.747742788988,15.2
10371.678750856474,14.9
10425.891657038128,14.7
10480.387934819217,14.5
10535.16906538697,13.4
10590.236537670813,12.0
10645.591848382772,11.3
10701.236502058211,10.7
10757.172011096769,10.1
10813.399895803414,9.5
10869.921684429703,8.8
10926.73891321545,7.2
10983.85312643042,5.9
11041.265876416248,5.7
11098.978723628681,5.5
11156.993236680037,5.2
11215.310992381786,5.0
11273.933575787378,4.8
11332.862580235347,4.6
11392.099607392682,4.5
11451.646267298307,4.5
11511.504178406769,4.6
11571.674967632372,4.6
11632.16027039332,4.6
11692.961730656129,4.6
11754.08100098034,4.7
11815.519742563505,4.7
11877.27962528627,4.7
11939.362327757724,4.7
12001.76953736107,4.8
12064.50295029953,4.8
12127.56427164241,5.0
12190.95521537136,5.0
12254.677504427105,4.3
12318.732870756214,3.9
12383.123055358106,4.3
12447.849808332432,4.5
12512.914888926687,4.7
12578.320065583976,4.7
12644.067115991029,5.4
12710.157827126544,6.3
12776.593995309939,6.7
12843.377426249857,7.5
12910.50993509343,8.1
12977.99334647565,8.2
13045.829494568892,8.5
13114.020223132724,9.1
13182.567385564074,9.4
13251.472844947652,9.6
13320.738474106534,9.9
13390.366155652993,10.2
13460.35778203982,10.5
13530.715255611682,11.7
13601.440488656775,12.9
13672.535403458849,13.2
13744.001932349513,13.3
13815.842017760702,13.5
13888.057612277411,13.7
13960.650678690825,13.9
14033.62319005172,14.0
14106.977129724035,13.9
14180.714491438697,13.6
14254.837279347976,13.3
14329.347508079869,13.1
14404.247202792812,13.0
14479.538399230763,12.8
14555.223143778607,12.5
14631.303493517702,12.1
14707.78151628175,11.5
14784.65929071304,10.1
14861.938906319014,8.7
14939.622463529,8.3
15017.712073751207,8.0
15096.209859430292,7.8
15175.117954104964,7.4
15254.438502465904,7.1
15334.173660414117,7.1
15414.325595119602,7.2
15494.896485080177,7.3
15575.88852018064,7.3
15657.303901752315,7.3
15739.1448426331,7.2
15821.413567227246,7.2
15904.112311566014,7.1
15987.243323368504,7.1
16070.808862102673,7.0
16154.811199046684,7.1
16239.252617350698,7.3
16324.135412099,7.4
16409.461890372313,7.6
16495.23437131044,7.8
16581.455186175313,8.1
16668.12667841462,8.4
16755.251203725067,8.7
