10.0,38.8
10.052270136285475,38.9
10.104813489285682,38.9
10.157631487108103,38.9
10.210725565324982,38.9
10.264097167012295,38.9
10.317747742789004,38.9
10.371678750856479,38.9
10.425891657038118,38.9
10.480387934819216,38.9
10.535169065386981,38.9
10.590236537670812,38.9
10.64559184838276,39.0
10.701236502058206,39.0
10.757172011096776,39.0
10.813399895803409,39.0
10.869921684429707,39.0
10.926738913215466,39.0
10.98385312643042,39.0
11.041265876416237,39.0
11.098978723628681,39.1
11.156993236680048,39.2
11.215310992381788,39.2
11.27393357578736,39.2
11.332862580235341,39.2
11.392099607392687,39.2
11.451646267298301,39.2
11.511504178406776,39.2
11.571674967632385,39.2
11.632160270393321,39.2
11.692961730656117,39.2
11.75408100098034,39.3
11.815519742563518,39.4
11.87727962528627,39.4
11.939362327757706,39.4
12.001769537361062,39.4
12.064502950299536,39.4
12.127564271642404,39.4
12.190955215371359,39.4
12.254677504427118,39.4
12.318732870756214,39.4
12.383123055358094,39.4
12.447849808332432,39.4
12.5129148889267,39.4
12.578320065583968,39.4
12.644067115991009,39.4
12.710157827126565,39.5
12.776593995309947,39.5
12.843377426249843,39.6
12.910509935093431,39.6
12.977993346475664,39.6
13.045829494568892,39.6
13.11402022313271,39.6
13.182567385564074,39.6
13.251472844947658,39.6
13.320738474106527,39.6
13.390366155653,39.6
13.460357782039841,39.6
13.530715255611682,39.6
13.601440488656761,39.6
13.672535403458848,39.6
13.744001932349526,39.6
13.815842017760701,39.6
13.888057612277397,39.6
13.960650678690818,39.8
14.033623190051728,39.9
14.10697712972403,39.9
14.180714491438705,39.9
14.25483727934799,39.9
14.32934750807987,39.9
14.404247202792797,39.9
14.479538399230764,39.9
14.55522314377862,39.9
14.631303493517702,39.9
14.707781516281727,39.9
14.784659290713032,39.9
14.861938906319022,39.9
14.939622463528993,39.9
15.017712073751214,40.0
15.096209859430308,40.1
15.175117954104964,40.1
15.254438502465888,40.1
15.334173660414118,40.1
15.414325595119617,40.1
15.494896485080169,40.1
15.575888520180618,40.1
15.65730390175234,40.1
15.73914484263311,40.1
15.821413567227237,40.1
15.904112311566013,40.1
15.98724332336852,40.1
16.070808862102673,40.1
16.154811199046666,40.1
16.239252617350697,40.1
16.324135412099007,40.1
16.409461890372306,40.1
16.495234371310413,40.1
16.58145518617534,40.1
16.668126678414627,40.1
16.755251203725052,40.1
16.84283113011666,40.2
16.930868837977105,40.3
17.01936672013636,40.3
17.108327181931763,40.3
17.197752641273365,40.3
17.28764552870969,40.3
17.378008287493753,40.3
17.4688433736495,40.3
17.560153256038525,40.3
17.651940416427212,40.3
17.744207349554188,40.3
17.836956563198083,40.3
17.93019057824573,40.3
18.023911928760675,40.3
18.118123162052047,40.3
18.21282683874379,40.3
18.30802553284428,40.3
18.403721831816252,40.3
18.499918336647156,40.3
18.59661766191982,40.3
18.69382243588356,40.3
18.791535300525574,40.3
18.889758911642755,40.3
18.98849593891389,40.3
19.08774906597221,40.3
19.187520990478333,40.3
19.287814424193606,40.3
19.388632093053765,40.3
19.48997673724305,40.3
19.591851111268685,40.3
19.69425798403576,40.3
19.79720013892245,40.3
19.90068037385568,40.3
20.004701501387192,40.4
20.109266348769967,40.4
20.214377758035074,40.4
20.320038586068932,40.4
20.426251704690927,40.4
20.533020000731486,40.4
20.64034637611054,40.4
20.748233747916412,40.4
20.856685048485062,40.4
20.965703225479817,40.4
21.075291241971485,40.4
21.185452076518878,40.4
21.296188723249774,40.4
21.407504191942323,40.4
21.519401508106792,40.4
21.631883713067854,40.4
21.744953864047204,40.4
21.858615034246718,40.4
21.972870312931903,40.4
22.087722805515906,40.4
22.203175633643916,40.4
22.319231935278008,40.4
22.435894864782412,40.4
22.553167593009288,40.4
22.671053307384867,40.4
22.789555211996095,40.4
22.908676527677724,40.4
23.028420492099883,40.4
23.148790359856015,40.4
23.26978940255137,40.4
23.391420908891938,40.4
23.51368818477381,40.4
23.63659455337303,40.4
23.760143355235964,40.4
23.884337948370025,40.4
24.009181708334992,40.4
24.134678028334722,40.4
24.260830319309434,40.4
24.387642010028344,40.4
24.515116547182902,40.4
24.64325739548046,40.4
24.772068037738443,40.5
24.901551974979007,40.5
25.031712726524198,40.6
25.162553830091625,40.6
25.294078841890578,40.6
25.426291336718684,40.6
25.559194908059133,40.6
25.692793168178262,40.6
25.827089748223784,40.6
25.96208829832347,40.6
26.097792487684362,40.6
26.234206004692496,40.6
26.371332557013133,40.6
26.5091758716916,40.6
26.647739695254497,40.6
26.787027793811582,40.6
26.9270439531581,40.6
27.06779197887776,40.6
27.209275696446046,40.6
27.351498951334275,40.6
27.494465609114105,40.6
27.638179555562576,40.6
27.782644696767733,40.6
27.92786495923483,40.6
28.07384428999299,40.6
28.220586656702505,40.6
28.368096047762684,40.6
28.516376472420284,40.6
28.66543196087842,40.6
28.815266564406134,40.6
28.965884355448516,40.6
29.11728942773738,40.6
29.26948589640251,40.6
29.42247789808359,40.6
29.57626959104251,40.6
29.730865155276486,40.6
29.88626879263161,40.6
30.04248472691713,40.6
30.19951720402016,40.6
30.357370492021133,40.6
30.516048881309793,40.6
30.675556684701824,40.6
30.835898237556027,40.6
30.99707789789224,40.6
31.15910004650967,40.6
31.321969087106055,40.6
31.485689446397288,40.6
31.650265574237824,40.6
31.815701943741516,40.6
31.98200305140326,40.6
32.14917341722119,40.6
32.31721758481955,40.6
32.486140121572134,40.6
32.655945618726484,40.6
32.82663869152868,40.6
32.99822397934869,40.6
33.170706145806605,40.6
33.34408987889928,40.6
33.51837989112781,40.6
33.69358091962557,40.6
33.86969772628702,40.6
34.04673509789711,40.6
34.224697846261364,40.6
34.40359080833668,40.6
34.58341884636283,40.6
34.764186847994516,40.6
34.94589972643436,40.6
35.12856242056629,40.6
35.312179895089876,40.6
35.496757140655234,40.6
35.68229917399868,40.6
35.86881103807908,40.6
36.05629780221492,40.6
36.24476456222205,40.6
36.434216440552284,40.6
36.6246585864325,40.6
36.81609617600466,40.6
37.00853441246656,40.6
37.2019785262131,40.6
37.39643377497855,40.6
37.591905443979435,40.6
37.788398846058186,40.6
37.985919321827524,40.6
38.184472239815605,40.6
38.384062996612016,40.5
38.584697017014335,40.4
38.786379754175634,40.4
38.98911668975273,40.4
39.1929133340551,40.4
39.39777522619469,40.4
39.60370793423646,40.4
39.810717055349734,40.4
40.0188082159603,40.4
40.227987071903335,40.4
40.43825930857721,40.4
40.64963064109788,40.4
40.8621068144543,40.4
41.075693603664625,40.4
41.29039681393302,40.4
41.506222280807584,40.4
41.72317587033889,40.4
41.94126347923944,40.4
42.16049103504393,40.4
42.38086449627034,40.4
42.60238985258197,40.4
42.825073124950116,40.4
43.04892036581776,40.4
43.27393765926414,40.4
43.500131121170035,40.4
43.727506899384,40.4
43.956071173889484,40.4
44.18583015697281,40.4
44.416790093392,40.4
44.648957260546474,40.4
44.88233796864779,40.4
45.116938560890986,40.4
45.35276541362708,40.4
45.58982493653644,40.4
45.82812357280281,40.4
46.067667799288614,40.4
46.308464126710895,40.4
46.55051909981832,40.4
46.793839297569036,40.4
47.03843133330949,40.4
47.28430185495417,40.4
47.531457545166376,40.4
47.77990512153967,40.4
48.02965133678067,40.4
48.28070297889241,40.4
48.53306687135893,40.4
48.78674987333074,40.4
49.041758879811184,40.4
49.298100821843896,40.4
49.55578266670119,40.3
49.81481141807335,40.3
50.07519411625915,40.3
50.336937838356974,40.3
50.60004969845742,40.3
50.86453684783644,40.3
51.13040647514984,40.3
51.39766580662862,40.3
51.66632210627541,40.3
51.93638267606184,40.3
52.20785485612707,40.3
52.48074602497726,40.3
52.75506359968615,40.3
53.030815036096584,40.3
53.308007829023246,40.3
53.58664951245627,40.3
53.866747659766084,40.3
54.148309883909214,40.3
54.431343837635225,40.3
54.7158572136947,40.3
55.00185774504835,40.3
55.28935320507712,40.3
55.57835140779364,40.3
55.86886020805435,40.3
56.160887501773274,40.3
56.45444122613637,40.3
56.74952935981742,40.3
57.04615992319485,40.3
57.34434097856969,40.3
57.64408063038476,40.3
57.94538702544487,40.3
58.24826835313831,40.2
58.552732845659456,40.2
58.85878877823242,40.1
59.166444469336014,40.1
59.475708280929936,40.1
59.786588618681876,40.1
60.0990939321961,40.1
60.41323271524305,40.1
60.72901350599024,40.1
61.046444887234294,40.1
61.365535486634215,40.1
61.686293976945976,40.1
62.008729076258064,40.1
62.332849548228545,40.1
62.658664202323344,40.1
62.98618189405547,40.1
63.315411525225876,40.1
63.64636204416533,40.1
63.979042445977655,40.1
64.31346177278421,40.1
64.64962911396958,40.1
64.98755360642885,40.1
65.32724443481563,40.1
65.66871083179183,40.1
66.01196207827876,40.1
66.35700750370908,40.1
66.7038564862806,40.1
67.05251845321108,40.1
67.40300288099445,40.1
67.75531929565844,40.0
68.1094772730234,39.9
68.46548643896274,39.9
68.82335646966433,39.9
69.18309709189363,39.9
69.54471808325809,39.9
69.90822927247277,39.9
70.27364053962762,39.9
70.6409618164559,39.9
71.01020308660422,39.9
71.38137438590384,39.9
71.75448580264342,39.9
72.12954747784322,39.9
72.50656960553087,39.9
72.88556243301818,39.9
73.26653626117992,39.9
73.64950144473359,39.8
74.03446839252094,39.7
74.42144756779092,39.6
74.810449488484,39.6
75.20148472751808,39.6
75.59456391307583,39.6
75.98969772889355,39.6
76.38689691455168,39.6
76.78617226576647,39.6
77.18753463468363,39.6
77.59099493017311,39.6
77.99656411812569,39.6
78.404253221751,39.6
78.8140733218772,39.6
79.226035557252,39.6
79.64015112484554,39.6
80.05643128015467,39.6
80.47488733750892,39.6
80.89553067037787,39.6
81.31837271168051,39.6
81.74342495409579,39.6
82.170698950375,39.6
82.60020631365589,39.6
83.03195871777821,39.6
83.46596789760103,39.6
83.90224564932171,39.6
84.34080383079642,39.6
84.78165436186265,39.6
85.22480922466286,39.6
85.67028046397054,39.5
86.11808018751721,39.5
86.56822056632171,39.4
87.020713835021,39.4
87.47557229220259,39.4
87.93280830073893,39.4
88.39243428812335,39.4
88.85446274680783,39.4
89.31890623454267,39.4
89.78577737471758,39.4
90.25508885670492,39.4
90.72685343620469,39.4
91.20108393559097,39.3
91.67779324426061,39.3
92.15699431898352,39.2
92.63870018425483,39.2
93.12292393264887,39.2
93.60967872517497,39.2
94.09897779163542,39.2
94.5908344309847,39.2
95.0852620116911,39.2
95.58227397210023,39.2
96.08188382079996,39.2
96.5841051369878,39.2
97.08895157083991,39.2
97.59643684388209,39.1
98.10657474936274,39.0
98.61937915262773,39.0
99.13486399149741,39.0
99.65304327664518,39.0
100.17393109197839,39.0
100.69754159502135,39.0
101.22388901729977,39.0
101.75298766472777,38.9
102.28485191799675,38.9
102.81949623296607,38.9
103.35693514105618,38.9
103.89718324964329,38.9
104.44025524245698,38.9
104.98616587997819,38.9
105.53492999984189,38.9
106.08656251723878,38.9
106.64107842532215,38.9
107.19849279561431,38.9
107.75882077841675,38.8
108.32207760322176,38.8
108.88827857912626,38.7
109.45743909524856,38.7
110.02957462114523,38.7
110.60470070723336,38.7
111.18283298521138,38.7
111.76398716848561,38.7
112.3481790525961,38.7
112.93542451564652,38.6
113.5257395187356,38.5
114.11914010639099,38.5
114.71564240700522,38.5
115.3152626332741,38.5
115.91801708263789,38.5
116.52392213772293,38.5
117.13299426678874,38.5
117.74525002417371,38.5
118.36070605074681,38.5
118.97937907435858,38.5
119.60128591029638,38.5
120.22644346174131,38.4
120.85486872022751,38.3
121.4865787661046,38.2
122.12159076900052,38.2
122.75992198829012,38.2
123.40158977356222,38.2
124.04661156509306,38.1
124.69500489431896,38.0
125.34678738431336,38.0
126.00197675026583,38.0
126.6605907999634,38.0
127.3226474342747,38.0
127.98816464763628,38.0
128.6571605285424,38.0
129.32965326003517,38.0
130.00566112020084,38.0
130.68520248266435,38.0
131.36829581709074,38.0
132.05495968968575,37.9
132.74521276370103,37.8
133.43907379994133,37.8
134.1365616572744,37.8
134.83769529314347,37.8
135.54249376408254,37.8
136.25097622623485,37.8
136.96316193587217,37.8
137.67907024992007,37.8
138.39872062648203,37.8
139.1221326253702,37.8
139.84932590863562,37.8
140.58032024110324,37.8
141.31513549090906,37.8
142.05379163003997,37.8
142.7963087348772,37.8
143.5427069867405,37.8
144.29300667243896,37.9
145.04722818481977,37.9
145.80539202332486,38.0
146.56751879454652,38.0
147.333629212788,38.0
148.1037441006266,38.0
148.87788438947953,38.0
149.65607112017267,38.0
150.43832544351253,38.0
151.2246686208618,38.0
152.01512202471548,38.0
152.80970713928414,38.0
153.6084455610754,38.0
154.41135899948313,38.0
155.218469277376,38.0
156.02979833169113,38.0
156.8453682140304,37.9
157.66520109125955,37.8
158.48931924611142,37.8
159.3177450777899,37.7
160.15050110258113,37.7
160.9876099544629,37.7
161.82909438572216,37.6
162.67497726757185,37.6
163.52528159077312,37.5
164.38003046626017,37.4
165.23924712576837,37.4
166.1029549224657,37.3
166.97117733158728,37.3
167.8439379510743,37.3
168.72126050221348,37.3
169.60316883028446,37.3
170.48968690520502,37.3
171.38083882218535,37.3
172.27664880238083,37.3
173.17714119355136,37.4
174.08234047072295,37.5
174.99227123685273,37.5
175.9069582234984,37.5
176.82642629148881,37.5
177.75070043160196,37.5
178.67980576524164,37.5
179.61376754512278,37.5
180.55261115595593,37.5
181.49636211513797,37.5
182.44504607344558,37.5
183.39868881573247,37.5
184.35731626163007,37.6
185.3209544662519,37.7
186.28962962090262,37.7
187.26336805378796,37.7
188.24219623073301,37.7
189.2261407558986,37.7
190.21522837250714,37.7
191.20948596356752,37.7
192.20894055260666,37.6
193.21361930440384,37.5
194.22354952572874,37.5
195.2387586660848,37.5
196.25927431845295,37.5
197.28512422004457,37.5
198.31633625305224,37.5
199.35293844541056,37.5
200.39495897155572,37.5
201.4424261531923,37.5
202.4953684600627,37.5
203.55381451072122,37.5
204.6177930733116,37.5
205.6873330663489,37.5
206.76246355950653,37.5
207.84321377440395,37.5
208.92961308540407,37.5
210.02169102040844,37.4
211.11947726166272,37.4
212.22300164656127,37.3
213.33229416845913,37.3
214.447384977487,37.3
215.5683043813707,37.3
216.69508284625502,37.3
217.8277509975314,37.3
218.9663396206716,37.3
220.1108796620618,37.2
221.26140222984722,37.1
222.41793859477394,37.0
223.5805201910423,37.0
224.74917861715863,37.0
225.9239456367954,37.0
227.10485317965416,37.0
228.29193334233327,37.0
229.48521838920135,37.0
230.68474075327168,36.9
231.89053303708724,36.9
233.102628013603,36.8
234.32105862708036,36.8
235.5458579939798,36.7
236.77705940386227,36.7
238.0146963202937,36.6
239.25880238175446,36.6
240.50941140255387,36.6
241.76655737374873,36.6
243.03027446406858,36.6
244.30059702084168,36.6
245.57755957093218,36.6
246.86119682167464,36.6
248.1515436618211,36.6
249.44863516248657,36.5
250.75250657810346,36.5
252.0631933473797,36.5
253.3807310942614,36.5
254.7051556289027,36.5
256.03650294863604,36.5
257.3748092389545,36.5
258.72011087449107,36.5
260.0724444200114,36.5
261.4318466314045,36.5
262.79835445668317,36.5
264.17200503698814,36.4
265.5528357075972,36.3
266.94088399894025,36.3
268.336187637619,36.3
269.7387845474336,36.3
271.1487128504106,36.3
272.56601086784315,36.3
273.9907171213279,36.3
275.4228703338166,36.3
276.86250943066517,36.2
278.30967354069315,36.1
279.764401997247,36.1
281.2267343392687,36.1
282.6967103123723,36.1
284.1743698699204,36.1
285.65975317411466,36.1
287.152900597083,36.1
288.6538527219809,36.0
290.16265034409145,35.9
291.67933447193553,35.8
293.203946328386,35.8
294.7365273517884,35.8
296.27711919708696,35.8
297.8257637369567,35.8
299.38250306294265,35.8
300.947379486601,35.8
302.52043554065347,35.8
304.1017139801383,35.8
305.69125778357716,35.7
307.2891101541398,35.6
308.8953145208197,35.6
310.5099145396145,35.6
312.1329540947119,35.6
313.76447729968413,35.6
315.40452849868336,35.6
317.0531522676519,35.6
318.71039341552853,35.6
320.3762969854716,35.6
322.05090825607795,35.6
323.7342727426186,35.5
325.4264361982722,35.4
327.1274446153702,35.4
328.83734422664674,35.4
330.55618150649445,35.4
332.28400317222986,35.4
334.02085618535915,35.4
335.76678775285944,35.4
337.52184532845695,35.4
339.28607661392135,35.4
341.0595295603587,35.4
342.84225236951676,35.4
344.63429349509414,35.4
346.4357016440579,35.4
348.24652577796684,35.3
350.06681511430224,35.3
351.8966191278073,35.3
353.7359875518278,35.3
355.5849703796693,35.3
357.44361786595016,35.3
359.3119805279728,35.3
361.1901091470929,35.3
363.0780547701014,35.3
364.9758687106112,35.3
366.8836025504522,35.3
368.80130814107446,35.3
370.72903760495365,35.3
372.66684333701346,35.3
374.6147780060434,35.3
376.57289455613636,35.3
378.54124620812286,35.3
380.5198864610201,35.3
382.50886909348526,35.3
384.5082481652772,35.3
386.51807801872604,35.3
388.53841328020957,35.3
390.56930886163985,35.3
392.6108199619517,35.3
394.6630020686084,35.2
396.7259109591041,35.1
398.7996027024853,35.1
400.8841336608706,35.1
402.9795604909844,35.1
405.0859401456969,35.1
407.20332987557106,35.1
409.331787230421,35.1
411.4713700608718,35.1
413.6221365199375,35.1
415.78414506459575,35.1
417.95745445738237,35.1
420.1421237679842,35.1
422.33821237484636,35.1
424.5457799667861,35.1
426.76488654461485,35.1
428.9955924227691,35.1
431.23795823094935,35.1
433.49204491576995,35.1
435.7579137424112,35.1
438.0356262962907,35.1
440.3252444847303,35.1
442.62683053864555,35.1
444.9404470142319,35.1
447.2661567946673,35.1
449.60402309182115,35.1
451.9541094479714,35.1
454.3164797375345,35.1
456.6911981687959,35.1
459.0783292856624,35.1
461.4779379694089,35.1
463.89008944044906,35.1
466.31484926010245,35.1
468.7522833323791,35.1
471.20245790577025,35.1
473.6654395750488,35.1
476.14129528307956,35.1
478.630092322638,35.1
481.1318983382419,35.1
483.6467813279844,35.1
486.1748096453894,35.1
488.7160520012619,35.0
491.27057746556244,34.9
493.8384554692794,34.9
496.4197558063182,34.9
499.01454863539806,34.9
501.6229044819588,34.9
504.24489424007766,34.9
506.88058917439554,34.9
509.53006092205686,34.9
512.1933814946506,34.9
514.8706232801756,34.9
517.5618590449992,34.9
520.2671619358439,34.9
522.9866054817683,34.9
525.7202635961694,34.9
528.4682105787901,34.9
531.230521117739,34.9
534.0072702915224,34.9
536.7985335710792,34.9
539.6043868218401,34.9
542.4249063057814,34.9
545.2601686835053,34.9
548.1102510163182,34.9
550.9752307683272,34.9
553.8551858085453,34.9
556.7501944130083,34.9
559.6603352669016,34.9
562.5856874666987,34.9
565.5263305223134,34.9
568.4823443592555,34.9
571.4538093208106,35.0
574.4408061702153,35.1
577.4434160928608,35.1
580.4617206984933,35.1
583.4958020234345,35.1
586.5457425328113,35.1
589.6116251227962,35.1
592.6935331228639,35.1
595.7915502980484,35.1
598.9057608512304,35.1
602.0362494254149,35.2
605.1831011060411,35.2
608.3464014232891,35.3
611.5262363544065,35.3
614.7226923260454,35.3
617.9358562166111,35.3
621.1658153586235,35.3
624.4126575410903,35.4
627.6764710118958,35.4
630.957344480193,35.4
634.2553671188238,35.4
637.5706285667327,35.4
640.9032189314127,35.4
644.2532287913472,35.4
647.6207491984753,35.5
651.0058716806659,35.6
654.4086882442045,35.6
657.8292913762976,35.6
661.2677740475787,35.6
664.7242297146454,35.6
668.1987523225889,35.6
671.6914363075575,35.6
675.2023765993158,35.6
678.7316686238282,35.7
682.2794083058518,35.8
685.8456920715438,35.8
689.4306168510824,35.8
693.0342800813003,35.8
696.6567797083366,35.8
700.2982141902914,35.8
703.9586824999124,35.8
707.6382841272731,35.8
711.3371190824884,35.8
715.0552878984242,35.8
718.7928916334344,35.8
722.5500318741055,35.8
726.3268107380181,35.8
730.123330876526,35.8
733.9396954775374,35.9
737.7760082683312,36.0
741.6323735183645,36.1
745.508896042117,36.1
749.4056812019327,36.1
753.3228349108862,36.1
757.2604636356614,36.1
761.2186743994453,36.1
765.1975747848361,36.2
769.1972729367671,36.3
773.2178775654501,36.3
777.2594979493206,36.3
781.3222439380205,36.3
785.406225955371,36.3
789.5115550023859,36.3
793.6383426602791,36.3
797.7867010935024,36.3
801.9567430527921,36.3
806.1485818782347,36.3
810.3623315023465,36.4
814.59810645317,36.5
818.8560218573906,36.5
823.1361934434566,36.5
827.4387375447371,36.5
831.7637711026708,36.6
836.1114116699566,36.6
840.4817774137397,36.6
844.8749871188272,36.6
849.2911601909162,36.6
853.7304166598383,36.6
858.1928771828257,36.6
862.6786630477819,36.6
867.1878961765907,36.7
871.7206991284164,36.8
876.2771951030477,36.8
880.8575079442367,36.8
885.4617621430697,36.8
890.0900828413493,36.8
894.742595834996,36.8
899.4194275774676,36.8
904.1207051831946,36.8
908.8465564310401,36.9
913.5971097677627,37.0
918.3724943115215,37.0
923.1728398553701,37.0
927.998276870799,37.0
932.8489365112713,37.0
937.7249506157918,37.0
942.6264517124897,37.0
947.5535730222193,37.0
952.5064484621864,37.0
957.4852126495767,37.0
962.4900009052299,37.0
967.5209492573013,37.1
972.5781944449744,37.2
977.6618739221665,37.3
982.772125861269,37.3
987.9090891569025,37.3
993.0729034296917,37.3
998.26370903006,37.3
1003.4816470420445,37.3
1008.7268592871307,37.3
1013.9994883281055,37.3
1019.2996774729368,37.3
1024.627570778662,37.3
1029.9833130553077,37.3
1035.3670498698243,37.3
1040.778927550043,37.3
1046.219093188652,37.3
1051.687694647196,37.3
1057.1848805600926,37.3
1062.7108003386745,37.3
1068.2656041752484,37.3
1073.849443047181,37.3
1079.4624687209969,37.3
1085.104833756507,37.3
1090.7766915109553,37.3
1096.4781961431852,37.3
1102.2095026178308,37.2
1107.9707667095288,37.1
1113.7621450071517,37.0
1119.5837949180645,37.0
1125.4358746724013,37.0
1131.3185433273702,37.0
1137.231960771571,36.9
1143.1762877293438,36.9
1149.1516857651375,36.8
1155.1583172879002,36.8
1161.1963455554942,36.7
1167.2659346791324,36.7
1173.3672496278396,36.6
1179.5004562329357,36.6
1185.6657211925422,36.5
1191.8632120761172,36.5
1198.0930973290035,36.4
1204.355546277011,36.3
1210.650729131018,36.2
1216.9788169915967,36.1
1223.3399818536654,35.9
1229.7343966111616,35.8
1236.162235061742,35.7
1242.6236719115057,35.7
1249.1188827797416,35.6
1255.6480442037073,35.5
1262.2113336434193,35.4
1268.8089294864806,35.3
1275.4410110529293,35.2
1282.1077586001115,35.2
1288.8093533275808,35.1
1295.5459773820237,35.0
1302.3178138622095,34.9
1309.1250468239675,34.8
1315.967861285188,34.6
1322.8464432308563,34.5
1329.7609796180998,34.4
1336.7116583812742,34.3
1343.6986684370715,34.3
1350.7221996896535,34.2
1357.782443035813,34.2
1364.879590370164,34.1
1372.0138345903551,34.0
1379.1853696023147,34.0
1386.3943903255179,34.0
1393.6410926982915,34.0
1400.9256736831292,34.0
1408.248331272053,33.9
1415.6092644919916,33.9
1423.0086734101894,33.8
1430.4467591396458,33.7
1437.9237238445805,33.7
1445.439770745928,33.7
1452.9951041268616,33.7
1460.589929338344,33.6
1468.224452804715,33.5
1475.898882029292,33.4
1483.6134256000173,33.4
1491.3682931951248,33.3
1499.1636955888393,33.2
1506.999844657106,33.2
1514.8769533833477,33.2
1522.7952358642551,33.3
1530.754907315605,33.4
1538.7561840781082,33.5
1546.799283623296,33.5
1554.8844245594228,33.4
1563.0118266374113,33.3
1571.181710756826,33.2
1579.3942989718767,33.2
1587.649814497453,33.2
1595.9484817151922,33.2
1604.2905261795772,33.2
1612.6761746240677,33.2
1621.1056549672617,33.2
1629.5791963190893,33.1
1638.097028987047,33.1
1646.6593844824454,33.0
1655.266495526711,32.9
1663.9185960577072,32.9
1672.6159212360947,32.8
1681.3587074517213,32.8
1690.1471923300487,32.8
1698.9816147386093,32.8
1707.8622147934998,32.7
1716.789233865905,32.7
1725.7629145886658,32.7
1734.7835008628629,32.6
1743.8512378644525,32.5
1752.9663720509295,32.3
1762.1291511680254,32.2
1771.3398242564415,32.1
1780.598641658619,32.0
1789.9058550255418,31.9
1799.2617173235774,31.8
1808.6664828413498,31.7
1818.1204071966588,31.6
1827.6237473434162,31.6
1837.1767615786375,31.5
1846.7797095494598,31.4
1856.4328522602,31.3
1866.1364520794475,31.1
1875.8907727471963,31.0
1885.6960793820124,30.9
1895.552638488241,30.8
1905.4607179632462,30.6
1915.4205871047022,30.4
1925.4325166178992,30.3
1935.4967786231095,30.2
1945.6136466629825,30.1
1955.783395709978,30.0
1966.006302173841,29.9
1976.282643909114,29.8
1986.6127002226892,29.7
1996.996751881399,29.6
2007.4350811196462,29.5
2017.927971647083,29.5
2028.4757086563097,29.4
2039.078578830634,29.4
2049.736870351861,29.3
2060.4508729081267,29.2
2071.22087770177,29.0
2082.0471774572497,28.9
2092.9300664290977,28.9
2103.8698404099196,28.9
2114.8667967384304,28.8
2125.9212343075446,28.6
2137.0334535724887,28.4
2148.2037565589744,28.3
2159.4324468714053,28.3
2170.71982970113,28.2
2182.0662118347364,28.1
2193.4719016623894,27.9
2204.937209186215,27.7
2216.4624460287228,27.6
2228.0479254412767,27.6
2239.6939623126154,27.5
2251.4008731773993,27.4
2263.168976224821,27.2
2274.9985913072546,27.0
2286.890039948944,26.8
2298.843645354747,26.7
2310.8597324189163,26.6
2322.9386277339318,26.5
2335.0806595993763,26.4
2347.2861580308577,26.2
2359.5554547689862,26.0
2371.8888832883777,25.9
2384.2867788067265,25.7
2396.7494782939148,25.6
2409.2773204811715,25.3
2421.8706458702773,25.0
2434.5297967428205,24.8
2447.2551171695004,24.6
2460.0469530194778,24.4
2472.905651969775,24.2
2485.8315635147337,24.0
2498.825038975499,23.8
2511.88643150958,23.7
2525.0160961204438,23.6
2538.2143896671673,23.5
2551.481670874133,23.4
2564.8183003407817,23.2
2578.224640551411,23.0
2591.7010558850307,22.9
2605.247912625263,22.8
2618.8655789702975,22.7
2632.5544250429093,22.7
2646.314822900502,22.7
2660.14714654523,22.6
2674.051771934164,22.5
2688.029076989506,22.3
2702.079441608862,22.2
2716.20324767557,22.1
2730.400879069075,22.0
2744.6727216753675,21.9
2759.0191633974646,21.8
2773.440594165967,21.7
2787.9374059496395,21.6
2802.509992766076,21.6
2817.1587506924047,21.5
2831.8840778760564,21.4
2846.686374545581,21.3
2861.5660430215316,21.0
2876.5234877273942,20.7
2891.5591152005823,20.5
2906.6733341034837,20.4
2921.8665552345788,20.3
2937.139191539587,20.2
2952.4916581227058,20.1
2967.9243722578863,20.1
2983.4377534001765,20.1
2999.0322231971227,20.1
3014.7082055002275,20.1
3030.466126376471,20.0
3046.306414119893,20.0
3062.229499263226,19.9
3078.2358145896155,19.9
3094.325795144359,19.9
3110.4998782467446,19.9
3126.7585035019356,19.9
3143.1021128129173,19.9
3159.5311503925072,19.9
3176.0460627754296,19.9
3192.6472988304513,19.9
3209.335309772584,19.9
3226.1105491753406,19.9
3242.973472983081,19.9
3259.924539523382,19.9
3276.9642095195077,19.9
3294.0929461029286,19.8
3311.311214825911,19.7
3328.6194836741684,19.6
3346.018223079582,19.6
3363.507905932988,19.6
3381.089007597027,19.5
3398.762005919066,19.4
3416.527381244194,19.4
3434.385616428264,19.4
3452.337196851022,19.4
3470.382610429304,19.4
3488.5223476302926,19.3
3506.7569014848486,19.2
3525.0867676009134,19.1
3543.512444176976,19.0
3562.034432015617,19.0
3580.6532345371147,18.9
3599.369357793143,18.8
3618.1833104805046,18.7
3637.095603954969,18.5
3656.1067522451726,18.4
3675.2172720665826,18.2
3694.4276828355482,18.0
3713.738506683413,17.8
3733.1502684707093,17.6
3752.6634958014215,17.4
3772.2787190373247,17.2
3791.9964713124127,17.1
3811.817288547367,17.0
3831.7417094641373,16.7
3851.7702756005806,16.4
3871.9035313251793,16.4
3892.1420238518376,16.3
3912.4863032547537,16.3
3932.936922483372,16.2
3953.4944373774106,16.1
3974.1594066819653,16.0
3994.9323920627126,15.8
4015.8139581211503,15.6
4036.8046724099613,15.5
4057.9051054484326,15.5
4079.115830737964,15.4
4100.437424777656,15.3
4121.870467079975,15.2
4143.41554018651,15.0
4165.0732296838005,14.8
4186.844124219257,14.7
4208.728815517151,14.7
4230.72789839472,14.6
4252.841970778305,14.6
4275.071633719623,14.7
4297.417491412092,14.8
4319.880151207261,14.9
4342.460223631314,15.1
4365.158322401661,15.3
4387.975064443623,15.4
4410.911069907196,15.5
4433.9669621839075,15.6
4457.1433679237725,15.8
4480.4409170523,16.2
4503.860242787635,16.5
4527.40198165776,16.7
4551.0667735177985,16.9
4574.855261567406,17.2
4598.768092368251,17.6
4622.80591586159,18.0
4646.969385385929,18.2
4671.25915769478,18.5
4695.675892974527,18.7
4720.220254862348,19.0
4744.892910464259,19.5
4769.694530373255,20.0
4794.625788687525,20.3
4819.68736302878,20.4
4844.87993456067,20.5
4870.204188007296,20.5
4895.660811671819,20.6
4921.250497455168,20.6
4946.973940874864,20.5
4972.8318410838865,20.4
4998.824900889706,20.3
5024.953826773381,20.2
5051.219328908747,20.1
5077.622121181736,20.0
5104.162921209768,19.9
5130.842450361258,19.8
5157.661433775227,19.6
5184.620600380999,19.4
5211.720682918039,19.2
5238.962417955835,19.0
5266.346545913939,18.8
5293.873811082085,18.6
5321.544961640422,18.5
5349.360749679845,18.4
5377.321931222439,18.3
5405.429266242027,18.1
5433.683518684824,18.0
5462.085456490198,17.9
5490.635851611563,17.8
5519.335480037329,17.7
5548.185121812011,17.6
5577.185561057427,17.4
5606.337585994012,17.2
5635.641988962242,17.1
5665.0995664441625,16.9
5694.7111190850455,16.8
5724.477451715144,16.6
5754.399373371566,16.3
5784.477697320285,16.1
5814.713241078208,16.1
5845.10682643542,16.1
5875.659279477514,16.1
5906.371430608045,16.1
5937.244114571097,16.1
5968.278170473975,16.1
5999.4744418100045,16.1
6030.833776481469,16.2
6062.357026822636,16.3
6094.045049622959,16.4
6125.898706150321,16.6
6157.918862174471,16.9
6190.106387990547,17.1
6222.462158442733,17.3
6254.987052948034,17.6
6287.681955520183,17.8
6320.547754793659,18.1
6353.585344047851,18.4
6386.795621231329,18.7
6420.179488986247,18.9
6453.7378546729,19.2
6487.471630394349,19.4
6521.381733021235,19.6
6555.469084216698,19.7
6589.734610461422,19.9
6624.179243078815,20.1
6658.80391826033,20.3
6693.609577090902,20.4
6728.597165574533,20.6
6763.767634659991,20.7
6799.1219402666875,20.8
6834.661043310619,20.8
6870.385909730507,20.8
6906.297510514049,20.8
6942.39682172431,20.8
6978.684824526248,20.7
7015.162505213385,20.5
7051.830855234612,20.3
7088.690871221135,20.2
7125.7435550135615,20.1
7162.989913689153,20.0
7200.430959589155,19.9
7238.067710346342,19.7
7275.901188912673,19.4
7313.932423587085,19.1
7352.162448043451,19.0
7390.59230135867,18.9
7429.22302804091,18.8
7468.055678057999,18.7
7507.091306865953,18.8
7546.330975437692,18.8
7585.775750291836,18.9
7625.426703521717,18.9
7665.284912824515,19.0
7705.351461530549,19.1
7745.627438632719,19.3
7786.113938816104,19.4
7826.81206248772,19.5
7867.722915806424,19.6
7908.847610712972,19.8
7950.187264960275,20.0
7991.743002143727,20.2
8033.515951731782,20.3
8075.507249096639,20.3
8117.718035545101,20.3
8160.149458349601,20.4
8202.80267077938,20.4
8245.67883213183,20.4
8288.77910776401,20.3
8332.104669124305,20.2
8375.656693784302,20.1
8419.436365470749,20.0
8463.444874097753,19.9
8507.683415799123,19.8
8552.153192960874,19.6
8596.855414253905,19.3
8641.791294666864,19.0
8686.962055539152,18.8
8732.36892459413,18.8
8778.01313597248,18.7
8823.895930265779,18.6
8870.018554550163,18.4
8916.382262420266,18.2
8962.988314023276,18.0
9009.83797609319,18.0
9056.932521985234,18.1
9104.273231710486,18.2
9151.861391970657,18.3
9199.698296193066,18.4
9247.785244565785,18.5
9296.12354407301,18.6
9344.714508530542,18.7
9393.559458621517,18.9
9442.659721932305,19.0
9492.016632988581,19.2
9541.631533291613,19.4
9591.505771354708,19.6
9641.64070273987,19.8
9692.037690094652,19.9
9742.698103189163,20.0
9793.623318953358,20.0
9844.814721514387,20.1
9896.27370223427,20.1
9948.001659747684,20.1
10000.0,20.1
10052.270136285486,20.1
10104.813489285681,20.0
10157.6314871081,19.9
10210.725565324987,19.7
10264.09716701231,19.5
10317.747742788988,19.3
10371.678750856474,19.1
10425.891657038128,19.0
10480.387934819217,18.4
10535.16906538697,17.7
10590.236537670813,17.4
10645.591848382772,17.1
10701.236502058211,16.9
10757.172011096769,16.7
10813.399895803414,16.2
10869.921684429703,15.4
10926.73891321545,14.8
10983.85312643042,14.5
11041.265876416248,14.1
11098.978723628681,13.8
11156.993236680037,13.1
11215.310992381786,11.8
11273.933575787378,10.8
11332.862580235347,10.2
11392.099607392682,9.8
11451.646267298307,9.4
11511.504178406769,8.8
11571.674967632372,7.2
11632.16027039332,6.0
11692.961730656129,6.2
11754.08100098034,6.9
11815.519742563505,7.3
11877.27962528627,8.3
11939.362327757724,9.5
12001.76953736107,9.9
12064.50295029953,10.2
12127.56427164241,10.9
12190.95521537136,11.7
12254.677504427105,12.1
12318.732870756214,12.5
12383.123055358106,12.9
12447.849808332432,13.3
12512.914888926687,13.8
12578.320065583976,14.5
12644.067115991029,15.2
12710.157827126544,15.8
12776.593995309939,16.3
12843.377426249857,16.7
12910.50993509343,17.3
12977.99334647565,17.8
13045.829494568892,18.0
13114.020223132724,18.3
13182.567385564074,18.5
13251.472844947652,18.7
13320.738474106534,19.2
13390.366155652993,20.3
13460.35778203982,21.4
13530.715255611682,21.8
13601.440488656775,22.2
13672.535403458849,22.5
13744.001932349513,22.8
13815.842017760702,23.1
13888.057612277411,23.5
13960.650678690825,23.8
14033.62319005172,23.9
14106.977129724035,24.0
14180.714491438697,24.0
14254.837279347976,24.0
14329.347508079869,24.0
14404.247202792812,24.0
14479.538399230763,24.0
14555.223143778607,23.9
14631.303493517702,23.6
14707.78151628175,23.3
14784.65929071304,23.0
14861.938906319014,22.8
14939.622463529,22.5
15017.712073751207,22.0
15096.209859430292,20.9
15175.117954104964,19.6
15254.438502465904,18.2
15334.173660414117,16.7
15414.325595119602,15.8
15494.896485080177,15.1
15575.88852018064,13.3
15657.303901752315,11.2
15739.1448426331,9.8
15821.413567227246,8.4
15904.112311566014,7.7
15987.243323368504,7.4
16070.808862102673,6.6
16154.811199046684,5.8
16239.252617350698,5.8
16324.135412099,5.7
16409.461890372313,5.6
16495.23437131044,5.5
16581.455186175313,5.4
16668.12667841462,5.1
16755.251203725067,3.3
