10.0,39.1
10.052270136285475,39.1
10.104813489285682,39.1
10.157631487108103,39.1
10.210725565324982,39.1
10.264097167012295,39.1
10.317747742789004,39.2
10.371678750856479,39.3
10.425891657038118,39.3
10.480387934819216,39.3
10.535169065386981,39.4
10.590236537670812,39.4
10.64559184838276,39.4
10.701236502058206,39.4
10.757172011096776,39.5
10.813399895803409,39.6
10.869921684429707,39.6
10.926738913215466,39.6
10.98385312643042,39.6
11.041265876416237,39.6
11.098978723628681,39.7
11.156993236680048,39.8
11.215310992381788,39.8
11.27393357578736,39.8
11.332862580235341,39.8
11.392099607392687,39.8
11.451646267298301,39.9
11.511504178406776,40.0
11.571674967632385,40.1
11.632160270393321,40.1
11.692961730656117,40.1
11.75408100098034,40.2
11.815519742563518,40.3
11.87727962528627,40.3
11.939362327757706,40.3
12.001769537361062,40.3
12.064502950299536,40.4
12.127564271642404,40.5
12.190955215371359,40.5
12.254677504427118,40.5
12.318732870756214,40.5
12.383123055358094,40.5
12.447849808332432,40.5
12.5129148889267,40.6
12.578320065583968,40.6
12.644067115991009,40.6
12.710157827126565,40.6
12.776593995309947,40.6
12.843377426249843,40.6
12.910509935093431,40.6
12.977993346475664,40.6
13.045829494568892,40.6
13.11402022313271,40.7
13.182567385564074,40.7
13.251472844947658,40.8
13.320738474106527,40.8
13.390366155653,40.8
13.460357782039841,40.8
13.530715255611682,40.9
13.601440488656761,41.0
13.672535403458848,41.0
13.744001932349526,41.0
13.815842017760701,41.0
13.888057612277397,41.0
13.960650678690818,41.2
14.033623190051728,41.3
14.10697712972403,41.3
14.180714491438705,41.3
14.25483727934799,41.3
14.32934750807987,41.4
14.404247202792797,41.5
14.479538399230764,41.5
14.55522314377862,41.5
14.631303493517702,41.5
14.707781516281727,41.5
14.784659290713032,41.5
14.861938906319022,41.5
14.939622463528993,41.5
15.017712073751214,41.6
15.096209859430308,41.7
15.175117954104964,41.7
15.254438502465888,41.7
15.334173660414118,41.7
15.414325595119617,41.7
15.494896485080169,41.7
15.575888520180618,41.8
15.65730390175234,41.8
15.73914484263311,41.8
15.821413567227237,41.8
15.904112311566013,41.8
15.98724332336852,41.8
16.070808862102673,41.9
16.154811199046666,42.0
16.239252617350697,42.0
16.324135412099007,42.0
16.409461890372306,42.0
16.495234371310413,42.0
16.58145518617534,42.0
16.668126678414627,42.1
16.755251203725052,42.2
16.84283113011666,42.2
16.930868837977105,42.2
17.01936672013636,42.2
17.108327181931763,42.2
17.197752641273365,42.3
17.28764552870969,42.4
17.378008287493753,42.5
17.4688433736495,42.5
17.560153256038525,42.5
17.651940416427212,42.5
17.744207349554188,42.5
17.836956563198083,42.5
17.93019057824573,42.5
18.023911928760675,42.6
18.118123162052047,42.7
18.21282683874379,42.7
18.30802553284428,42.7
18.403721831816252,42.7
18.499918336647156,42.7
18.59661766191982,42.7
18.69382243588356,42.7
18.791535300525574,42.7
18.889758911642755,42.8
18.98849593891389,42.9
19.08774906597221,42.9
19.187520990478333,42.9
19.287814424193606,42.9
19.388632093053765,42.9
19.48997673724305,42.9
19.591851111268685,43.0
19.69425798403576,43.0
19.79720013892245,43.0
19.90068037385568,43.0
20.004701501387192,43.0
20.109266348769967,43.0
20.214377758035074,43.0
20.320038586068932,43.1
20.426251704690927,43.2
20.533020000731486,43.2
20.64034637611054,43.2
20.748233747916412,43.2
20.856685048485062,43.2
20.965703225479817,43.2
21.075291241971485,43.2
21.185452076518878,43.3
21.296188723249774,43.4
21.407504191942323,43.4
21.519401508106792,43.4
21.631883713067854,43.4
21.744953864047204,43.4
21.858615034246718,43.4
21.972870312931903,43.4
22.087722805515906,43.4
22.203175633643916,43.4
22.319231935278008,43.4
22.435894864782412,43.5
22.553167593009288,43.6
22.671053307384867,43.6
22.789555211996095,43.6
22.908676527677724,43.6
23.028420492099883,43.6
23.148790359856015,43.6
23.26978940255137,43.8
23.391420908891938,43.9
23.51368818477381,43.9
23.63659455337303,43.9
23.760143355235964,43.9
23.884337948370025,43.9
24.009181708334992,43.9
24.134678028334722,43.9
24.260830319309434,43.9
24.387642010028344,43.9
24.515116547182902,43.9
24.64325739548046,43.9
24.772068037738443,44.0
24.901551974979007,44.0
25.031712726524198,44.1
25.162553830091625,44.1
25.294078841890578,44.1
25.426291336718684,44.1
25.559194908059133,44.1
25.692793168178262,44.1
25.827089748223784,44.1
25.96208829832347,44.2
26.097792487684362,44.3
26.234206004692496,44.3
26.371332557013133,44.3
26.5091758716916,44.3
26.647739695254497,44.3
26.787027793811582,44.3
26.9270439531581,44.3
27.06779197887776,44.3
27.209275696446046,44.3
27.351498951334275,44.3
27.494465609114105,44.3
27.638179555562576,44.4
27.782644696767733,44.4
27.92786495923483,44.4
28.07384428999299,44.4
28.220586656702505,44.4
28.368096047762684,44.4
28.516376472420284,44.4
28.66543196087842,44.4
28.815266564406134,44.4
28.965884355448516,44.4
29.11728942773738,44.4
29.26948589640251,44.5
29.42247789808359,44.6
29.57626959104251,44.6
29.730865155276486,44.6
29.88626879263161,44.6
30.04248472691713,44.6
30.19951720402016,44.6
30.357370492021133,44.6
30.516048881309793,44.6
30.675556684701824,44.6
30.835898237556027,44.6
30.99707789789224,44.6
31.15910004650967,44.6
31.321969087106055,44.7
31.485689446397288,44.8
31.650265574237824,44.8
31.815701943741516,44.8
31.98200305140326,44.8
32.14917341722119,44.8
32.31721758481955,44.8
32.486140121572134,44.8
32.655945618726484,44.8
32.82663869152868,44.8
32.99822397934869,44.8
33.170706145806605,44.8
33.34408987889928,44.8
33.51837989112781,44.8
33.69358091962557,44.8
33.86969772628702,45.0
34.04673509789711,45.1
34.224697846261364,45.1
34.40359080833668,45.1
34.58341884636283,45.1
34.764186847994516,45.1
34.94589972643436,45.1
35.12856242056629,45.1
35.312179895089876,45.1
35.496757140655234,45.1
35.68229917399868,45.1
35.86881103807908,45.1
36.05629780221492,45.1
36.24476456222205,45.2
36.434216440552284,45.3
36.6246585864325,45.3
36.81609617600466,45.3
37.00853441246656,45.3
37.2019785262131,45.3
37.39643377497855,45.3
37.591905443979435,45.3
37.788398846058186,45.3
37.985919321827524,45.3
38.184472239815605,45.3
38.384062996612016,45.3
38.584697017014335,45.3
38.786379754175634,45.3
38.98911668975273,45.3
39.1929133340551,45.3
39.39777522619469,45.3
39.60370793423646,45.3
39.810717055349734,45.3
40.0188082159603,45.3
40.227987071903335,45.4
40.43825930857721,45.5
40.64963064109788,45.5
40.8621068144543,45.5
41.075693603664625,45.5
41.29039681393302,45.5
41.506222280807584,45.5
41.72317587033889,45.5
41.94126347923944,45.5
42.16049103504393,45.5
42.38086449627034,45.5
42.60238985258197,45.5
42.825073124950116,45.5
43.04892036581776,45.5
43.27393765926414,45.5
43.500131121170035,45.5
43.727506899384,45.5
43.956071173889484,45.5
44.18583015697281,45.5
44.416790093392,45.5
44.648957260546474,45.5
44.88233796864779,45.5
45.116938560890986,45.5
45.35276541362708,45.5
45.58982493653644,45.5
45.82812357280281,45.5
46.067667799288614,45.5
46.308464126710895,45.5
46.55051909981832,45.5
46.793839297569036,45.5
47.03843133330949,45.5
47.28430185495417,45.5
47.531457545166376,45.5
47.77990512153967,45.6
48.02965133678067,45.6
48.28070297889241,45.6
48.53306687135893,45.6
48.78674987333074,45.6
49.041758879811184,45.6
49.298100821843896,45.6
49.55578266670119,45.6
49.81481141807335,45.6
50.07519411625915,45.6
50.336937838356974,45.6
50.60004969845742,45.6
50.86453684783644,45.6
51.13040647514984,45.6
51.39766580662862,45.6
51.66632210627541,45.6
51.93638267606184,45.6
52.20785485612707,45.6
52.48074602497726,45.6
52.75506359968615,45.6
53.030815036096584,45.6
53.308007829023246,45.6
53.58664951245627,45.6
53.866747659766084,45.6
54.148309883909214,45.6
54.431343837635225,45.6
54.7158572136947,45.6
55.00185774504835,45.6
55.28935320507712,45.6
55.57835140779364,45.6
55.86886020805435,45.6
56.160887501773274,45.6
56.45444122613637,45.6
56.74952935981742,45.6
57.04615992319485,45.6
57.34434097856969,45.6
57.64408063038476,45.6
57.94538702544487,45.6
58.24826835313831,45.6
58.552732845659456,45.6
58.85878877823242,45.6
59.166444469336014,45.6
59.475708280929936,45.6
59.786588618681876,45.6
60.0990939321961,45.6
60.41323271524305,45.6
60.72901350599024,45.6
61.046444887234294,45.6
61.365535486634215,45.6
61.686293976945976,45.5
62.008729076258064,45.5
62.332849548228545,45.5
62.658664202323344,45.5
62.98618189405547,45.5
63.315411525225876,45.5
63.64636204416533,45.5
63.979042445977655,45.5
64.31346177278421,45.5
64.64962911396958,45.5
64.98755360642885,45.5
65.32724443481563,45.5
65.66871083179183,45.5
66.01196207827876,45.5
66.35700750370908,45.5
66.7038564862806,45.5
67.05251845321108,45.5
67.40300288099445,45.5
67.75531929565844,45.5
68.1094772730234,45.5
68.46548643896274,45.5
68.82335646966433,45.5
69.18309709189363,45.5
69.54471808325809,45.5
69.90822927247277,45.5
70.27364053962762,45.5
70.6409618164559,45.5
71.01020308660422,45.5
71.38137438590384,45.5
71.75448580264342,45.5
72.12954747784322,45.5
72.50656960553087,45.5
72.88556243301818,45.4
73.26653626117992,45.3
73.64950144473359,45.3
74.03446839252094,45.3
74.42144756779092,45.3
74.810449488484,45.3
75.20148472751808,45.3
75.59456391307583,45.3
75.98969772889355,45.3
76.38689691455168,45.3
76.78617226576647,45.3
77.18753463468363,45.3
77.59099493017311,45.3
77.99656411812569,45.3
78.404253221751,45.2
78.8140733218772,45.1
79.226035557252,45.1
79.64015112484554,45.1
80.05643128015467,45.1
80.47488733750892,45.1
80.89553067037787,45.1
81.31837271168051,45.1
81.74342495409579,45.1
82.170698950375,45.1
82.60020631365589,45.1
83.03195871777821,45.1
83.46596789760103,45.1
83.90224564932171,45.1
84.34080383079642,45.0
84.78165436186265,44.9
85.22480922466286,44.8
85.67028046397054,44.8
86.11808018751721,44.8
86.56822056632171,44.8
87.020713835021,44.7
87.47557229220259,44.6
87.93280830073893,44.6
88.39243428812335,44.6
88.85446274680783,44.6
89.31890623454267,44.6
89.78577737471758,44.5
90.25508885670492,44.4
90.72685343620469,44.4
91.20108393559097,44.4
91.67779324426061,44.4
92.15699431898352,44.4
92.63870018425483,44.3
93.12292393264887,44.3
93.60967872517497,44.3
94.09897779163542,44.3
94.5908344309847,44.3
95.0852620116911,44.3
95.58227397210023,44.2
96.08188382079996,44.1
96.5841051369878,44.1
97.08895157083991,44.1
97.59643684388209,44.1
98.10657474936274,44.1
98.61937915262773,44.1
99.13486399149741,44.0
99.65304327664518,43.9
100.17393109197839,43.9
100.69754159502135,43.9
101.22388901729977,43.9
101.75298766472777,43.8
102.28485191799675,43.7
102.81949623296607,43.6
103.35693514105618,43.6
103.89718324964329,43.6
104.44025524245698,43.6
104.98616587997819,43.6
105.53492999984189,43.6
106.08656251723878,43.6
106.64107842532215,43.6
107.19849279561431,43.6
107.75882077841675,43.5
108.32207760322176,43.5
108.88827857912626,43.4
109.45743909524856,43.4
110.02957462114523,43.4
110.60470070723336,43.4
111.18283298521138,43.4
111.76398716848561,43.4
112.3481790525961,43.4
112.93542451564652,43.3
113.5257395187356,43.2
114.11914010639099,43.1
114.71564240700522,43.1
115.3152626332741,43.0
115.91801708263789,43.0
116.52392213772293,43.0
117.13299426678874,43.0
117.74525002417371,42.9
118.36070605074681,42.8
118.97937907435858,42.8
119.60128591029638,42.7
120.22644346174131,42.7
120.85486872022751,42.6
121.4865787661046,42.6
122.12159076900052,42.5
122.75992198829012,42.4
123.40158977356222,42.3
124.04661156509306,42.2
124.69500489431896,42.0
125.34678738431336,41.9
126.00197675026583,41.8
126.6605907999634,41.8
127.3226474342747,41.7
127.98816464763628,41.7
128.6571605285424,41.6
129.32965326003517,41.6
130.00566112020084,41.5
130.68520248266435,41.4
131.36829581709074,41.4
132.05495968968575,41.3
132.74521276370103,41.3
133.43907379994133,41.3
134.1365616572744,41.3
134.83769529314347,41.3
135.54249376408254,41.3
136.25097622623485,41.3
136.96316193587217,41.3
137.67907024992007,41.3
138.39872062648203,41.3
139.1221326253702,41.3
139.84932590863562,41.3
140.58032024110324,41.3
141.31513549090906,41.3
142.05379163003997,41.4
142.7963087348772,41.5
143.5427069867405,41.5
144.29300667243896,41.5
145.04722818481977,41.5
145.80539202332486,41.5
146.56751879454652,41.5
147.333629212788,41.5
148.1037441006266,41.5
148.87788438947953,41.5
149.65607112017267,41.5
150.43832544351253,41.5
151.2246686208618,41.5
152.01512202471548,41.5
152.80970713928414,41.4
153.6084455610754,41.3
154.41135899948313,41.1
155.218469277376,41.0
156.02979833169113,40.9
156.8453682140304,40.8
157.66520109125955,40.6
158.48931924611142,40.4
159.3177450777899,40.2
160.15050110258113,40.0
160.9876099544629,39.8
161.82909438572216,39.6
162.67497726757185,39.3
163.52528159077312,39.0
164.38003046626017,38.9
165.23924712576837,38.7
166.1029549224657,38.5
166.97117733158728,38.3
167.8439379510743,38.1
168.72126050221348,37.9
169.60316883028446,37.8
170.48968690520502,37.7
171.38083882218535,37.7
172.27664880238083,37.7
173.17714119355136,37.7
174.08234047072295,37.7
174.99227123685273,37.7
175.9069582234984,37.7
176.82642629148881,37.7
177.75070043160196,37.7
178.67980576524164,37.7
179.61376754512278,37.7
180.55261115595593,37.7
181.49636211513797,37.7
182.44504607344558,37.7
183.39868881573247,37.7
184.35731626163007,37.7
185.3209544662519,37.7
186.28962962090262,37.6
187.26336805378796,37.5
188.24219623073301,37.4
189.2261407558986,37.3
190.21522837250714,37.3
191.20948596356752,37.2
192.20894055260666,37.1
193.21361930440384,37.0
194.22354952572874,36.9
195.2387586660848,36.9
196.25927431845295,36.8
197.28512422004457,36.8
198.31633625305224,36.7
199.35293844541056,36.6
200.39495897155572,36.5
201.4424261531923,36.5
202.4953684600627,36.5
203.55381451072122,36.4
204.6177930733116,36.3
205.6873330663489,36.3
206.76246355950653,36.3
207.84321377440395,36.3
208.92961308540407,36.3
210.02169102040844,36.3
211.11947726166272,36.3
212.22300164656127,36.3
213.33229416845913,36.2
214.447384977487,36.1
215.5683043813707,36.0
216.69508284625502,36.0
217.8277509975314,36.0
218.9663396206716,36.0
220.1108796620618,35.9
221.26140222984722,35.8
222.41793859477394,35.8
223.5805201910423,35.8
224.74917861715863,35.8
225.9239456367954,35.8
227.10485317965416,35.8
228.29193334233327,35.8
229.48521838920135,35.8
230.68474075327168,35.8
231.89053303708724,35.8
233.102628013603,35.8
234.32105862708036,35.8
235.5458579939798,35.8
236.77705940386227,35.8
238.0146963202937,35.8
239.25880238175446,35.9
240.50941140255387,36.0
241.76655737374873,36.0
243.03027446406858,36.0
244.30059702084168,36.0
245.57755957093218,36.1
246.86119682167464,36.2
248.1515436618211,36.3
249.44863516248657,36.3
250.75250657810346,36.3
252.0631933473797,36.3
253.3807310942614,36.3
254.7051556289027,36.4
256.03650294863604,36.5
257.3748092389545,36.5
258.72011087449107,36.5
260.0724444200114,36.5
261.4318466314045,36.6
262.79835445668317,36.7
264.17200503698814,36.7
265.5528357075972,36.7
266.94088399894025,36.7
268.336187637619,36.7
269.7387845474336,36.7
271.1487128504106,36.8
272.56601086784315,36.8
273.9907171213279,36.8
275.4228703338166,36.8
276.86250943066517,36.8
278.30967354069315,36.9
279.764401997247,37.0
281.2267343392687,37.0
282.6967103123723,37.0
284.1743698699204,37.0
285.65975317411466,37.0
287.152900597083,37.0
288.6538527219809,37.0
290.16265034409145,37.1
291.67933447193553,37.1
293.203946328386,37.2
294.7365273517884,37.2
296.27711919708696,37.2
297.8257637369567,37.2
299.38250306294265,37.2
300.947379486601,37.2
302.52043554065347,37.2
304.1017139801383,37.2
305.69125778357716,37.2
307.2891101541398,37.2
308.8953145208197,37.3
310.5099145396145,37.4
312.1329540947119,37.5
313.76447729968413,37.5
315.40452849868336,37.5
317.0531522676519,37.5
318.71039341552853,37.5
320.3762969854716,37.5
322.05090825607795,37.6
323.7342727426186,37.7
325.4264361982722,37.7
327.1274446153702,37.7
328.83734422664674,37.7
330.55618150649445,37.7
332.28400317222986,37.7
334.02085618535915,37.7
335.76678775285944,37.7
337.52184532845695,37.7
339.28607661392135,37.7
341.0595295603587,37.7
342.84225236951676,37.8
344.63429349509414,37.9
346.4357016440579,37.9
348.24652577796684,37.9
350.06681511430224,37.9
351.8966191278073,37.9
353.7359875518278,37.9
355.5849703796693,37.9
357.44361786595016,37.9
359.3119805279728,37.9
361.1901091470929,38.0
363.0780547701014,38.0
364.9758687106112,38.0
366.8836025504522,38.0
368.80130814107446,38.0
370.72903760495365,38.0
372.66684333701346,38.0
374.6147780060434,38.0
376.57289455613636,38.1
378.54124620812286,38.1
380.5198864610201,38.2
382.50886909348526,38.2
384.5082481652772,38.2
386.51807801872604,38.2
388.53841328020957,38.2
390.56930886163985,38.2
392.6108199619517,38.3
394.6630020686084,38.4
396.7259109591041,38.4
398.7996027024853,38.4
400.8841336608706,38.4
402.9795604909844,38.4
405.0859401456969,38.4
407.20332987557106,38.4
409.331787230421,38.4
411.4713700608718,38.4
413.6221365199375,38.4
415.78414506459575,38.4
417.95745445738237,38.5
420.1421237679842,38.6
422.33821237484636,38.6
424.5457799667861,38.6
426.76488654461485,38.6
428.9955924227691,38.6
431.23795823094935,38.6
433.49204491576995,38.6
435.7579137424112,38.6
438.0356262962907,38.6
440.3252444847303,38.6
442.62683053864555,38.6
444.9404470142319,38.6
447.2661567946673,38.6
449.60402309182115,38.6
451.9541094479714,38.6
454.3164797375345,38.6
456.6911981687959,38.6
459.0783292856624,38.6
461.4779379694089,38.6
463.89008944044906,38.6
466.31484926010245,38.6
468.7522833323791,38.6
471.20245790577025,38.6
473.6654395750488,38.6
476.14129528307956,38.6
478.630092322638,38.6
481.1318983382419,38.6
483.6467813279844,38.6
486.1748096453894,38.6
488.7160520012619,38.6
491.27057746556244,38.6
493.8384554692794,38.6
496.4197558063182,38.6
499.01454863539806,38.6
501.6229044819588,38.6
504.24489424007766,38.6
506.88058917439554,38.6
509.53006092205686,38.6
512.1933814946506,38.6
514.8706232801756,38.6
517.5618590449992,38.6
520.2671619358439,38.6
522.9866054817683,38.6
525.7202635961694,38.6
528.4682105787901,38.6
531.230521117739,38.6
534.0072702915224,38.6
536.7985335710792,38.6
539.6043868218401,38.6
542.4249063057814,38.6
545.2601686835053,38.6
548.1102510163182,38.6
550.9752307683272,38.6
553.8551858085453,38.6
556.7501944130083,38.6
559.6603352669016,38.6
562.5856874666987,38.6
565.5263305223134,38.6
568.4823443592555,38.6
571.4538093208106,38.8
574.4408061702153,38.9
577.4434160928608,38.9
580.4617206984933,38.9
583.4958020234345,38.9
586.5457425328113,38.9
589.6116251227962,38.9
592.6935331228639,38.9
595.7915502980484,38.9
598.9057608512304,38.9
602.0362494254149,38.9
605.1831011060411,38.9
608.3464014232891,38.9
611.5262363544065,38.9
614.7226923260454,38.9
617.9358562166111,38.9
621.1658153586235,38.9
624.4126575410903,39.0
627.6764710118958,39.1
630.957344480193,39.1
634.2553671188238,39.1
637.5706285667327,39.1
640.9032189314127,39.1
644.2532287913472,39.1
647.6207491984753,39.2
651.0058716806659,39.3
654.4086882442045,39.3
657.8292913762976,39.3
661.2677740475787,39.3
664.7242297146454,39.3
668.1987523225889,39.3
671.6914363075575,39.3
675.2023765993158,39.3
678.7316686238282,39.3
682.2794083058518,39.4
685.8456920715438,39.4
689.4306168510824,39.4
693.0342800813003,39.4
696.6567797083366,39.4
700.2982141902914,39.4
703.9586824999124,39.4
707.6382841272731,39.4
711.3371190824884,39.5
715.0552878984242,39.5
718.7928916334344,39.6
722.5500318741055,39.6
726.3268107380181,39.6
730.123330876526,39.6
733.9396954775374,39.7
737.7760082683312,39.7
741.6323735183645,39.8
745.508896042117,39.8
749.4056812019327,39.8
753.3228349108862,39.8
757.2604636356614,39.9
761.2186743994453,40.0
765.1975747848361,40.1
769.1972729367671,40.1
773.2178775654501,40.1
777.2594979493206,40.1
781.3222439380205,40.2
785.406225955371,40.2
789.5115550023859,40.3
793.6383426602791,40.3
797.7867010935024,40.3
801.9567430527921,40.3
806.1485818782347,40.3
810.3623315023465,40.4
814.59810645317,40.5
818.8560218573906,40.5
823.1361934434566,40.5
827.4387375447371,40.5
831.7637711026708,40.6
836.1114116699566,40.6
840.4817774137397,40.6
844.8749871188272,40.6
849.2911601909162,40.6
853.7304166598383,40.7
858.1928771828257,40.8
862.6786630477819,40.8
867.1878961765907,40.8
871.7206991284164,40.8
876.2771951030477,40.8
880.8575079442367,40.9
885.4617621430697,41.0
890.0900828413493,41.0
894.742595834996,41.0
899.4194275774676,41.0
904.1207051831946,41.0
908.8465564310401,41.0
913.5971097677627,41.0
918.3724943115215,41.0
923.1728398553701,41.1
927.998276870799,41.2
932.8489365112713,41.3
937.7249506157918,41.3
942.6264517124897,41.3
947.5535730222193,41.3
952.5064484621864,41.3
957.4852126495767,41.3
962.4900009052299,41.3
967.5209492573013,41.3
972.5781944449744,41.3
977.6618739221665,41.3
982.772125861269,41.3
987.9090891569025,41.3
993.0729034296917,41.3
998.26370903006,41.3
1003.4816470420445,41.3
1008.7268592871307,41.3
1013.9994883281055,41.2
1019.2996774729368,41.1
1024.627570778662,41.0
1029.9833130553077,41.0
1035.3670498698243,41.0
1040.778927550043,41.0
1046.219093188652,41.0
1051.687694647196,41.0
1057.1848805600926,41.0
1062.7108003386745,41.0
1068.2656041752484,41.0
1073.849443047181,41.0
1079.4624687209969,41.0
1085.104833756507,41.0
1090.7766915109553,41.0
1096.4781961431852,41.0
1102.2095026178308,41.0
1107.9707667095288,41.0
1113.7621450071517,41.0
1119.5837949180645,40.9
1125.4358746724013,40.8
1131.3185433273702,40.8
1137.231960771571,40.8
1143.1762877293438,40.8
1149.1516857651375,40.8
1155.1583172879002,40.7
1161.1963455554942,40.6
1167.2659346791324,40.4
1173.3672496278396,40.2
1179.5004562329357,40.1
1185.6657211925422,39.9
1191.8632120761172,39.8
1198.0930973290035,39.6
1204.355546277011,39.4
1210.650729131018,39.3
1216.9788169915967,39.2
1223.3399818536654,39.1
1229.7343966111616,39.0
1236.162235061742,38.9
1242.6236719115057,38.9
1249.1188827797416,38.9
1255.6480442037073,38.9
1262.2113336434193,38.9
1268.8089294864806,38.9
1275.4410110529293,38.9
1282.1077586001115,38.9
1288.8093533275808,38.9
1295.5459773820237,38.9
1302.3178138622095,38.9
1309.1250468239675,38.9
1315.967861285188,38.9
1322.8464432308563,38.9
1329.7609796180998,38.9
1336.7116583812742,38.9
1343.6986684370715,38.9
1350.7221996896535,38.9
1357.782443035813,38.9
1364.879590370164,38.9
1372.0138345903551,38.9
1379.1853696023147,38.9
1386.3943903255179,38.9
1393.6410926982915,38.9
1400.9256736831292,38.9
1408.248331272053,38.9
1415.6092644919916,38.9
1423.0086734101894,38.8
1430.4467591396458,38.7
1437.9237238445805,38.6
1445.439770745928,38.6
1452.9951041268616,38.6
1460.589929338344,38.6
1468.224452804715,38.6
1475.898882029292,38.6
1483.6134256000173,38.6
1491.3682931951248,38.6
1499.1636955888393,38.6
1506.999844657106,38.6
1514.8769533833477,38.6
1522.7952358642551,38.6
1530.754907315605,38.6
1538.7561840781082,38.6
1546.799283623296,38.6
1554.8844245594228,38.6
1563.0118266374113,38.6
1571.181710756826,38.6
1579.3942989718767,38.6
1587.649814497453,38.6
1595.9484817151922,38.6
1604.2905261795772,38.6
1612.6761746240677,38.6
1621.1056549672617,38.6
1629.5791963190893,38.6
1638.097028987047,38.5
1646.6593844824454,38.4
1655.266495526711,38.4
1663.9185960577072,38.4
1672.6159212360947,38.4
1681.3587074517213,38.4
1690.1471923300487,38.4
1698.9816147386093,38.3
1707.8622147934998,38.3
1716.789233865905,38.2
1725.7629145886658,38.2
1734.7835008628629,38.1
1743.8512378644525,38.0
1752.9663720509295,38.0
1762.1291511680254,37.9
1771.3398242564415,37.9
1780.598641658619,37.9
1789.9058550255418,37.8
1799.2617173235774,37.7
1808.6664828413498,37.6
1818.1204071966588,37.6
1827.6237473434162,37.5
1837.1767615786375,37.5
1846.7797095494598,37.4
1856.4328522602,37.2
1866.1364520794475,37.0
1875.8907727471963,36.8
1885.6960793820124,36.8
1895.552638488241,36.7
1905.4607179632462,36.6
1915.4205871047022,36.5
1925.4325166178992,36.4
1935.4967786231095,36.3
1945.6136466629825,36.3
1955.783395709978,36.2
1966.006302173841,36.1
1976.282643909114,35.9
1986.6127002226892,35.7
1996.996751881399,35.6
2007.4350811196462,35.5
2017.927971647083,35.5
2028.4757086563097,35.4
2039.078578830634,35.3
2049.736870351861,35.2
2060.4508729081267,35.1
2071.22087770177,35.0
2082.0471774572497,34.9
2092.9300664290977,34.8
2103.8698404099196,34.7
2114.8667967384304,34.6
2125.9212343075446,34.4
2137.0334535724887,34.3
2148.2037565589744,34.2
2159.4324468714053,34.2
2170.71982970113,34.1
2182.0662118347364,34.0
2193.4719016623894,33.9
2204.937209186215,33.7
2216.4624460287228,33.6
2228.0479254412767,33.5
2239.6939623126154,33.4
2251.4008731773993,33.3
2263.168976224821,33.1
2274.9985913072546,32.9
2286.890039948944,32.9
2298.843645354747,32.8
2310.8597324189163,32.7
2322.9386277339318,32.5
2335.0806595993763,32.2
2347.2861580308577,31.9
2359.5554547689862,31.7
2371.8888832883777,31.6
2384.2867788067265,31.5
2396.7494782939148,31.4
2409.2773204811715,31.2
2421.8706458702773,30.8
2434.5297967428205,30.5
2447.2551171695004,30.3
2460.0469530194778,30.0
2472.905651969775,29.7
2485.8315635147337,29.4
2498.825038975499,29.2
2511.88643150958,29.1
2525.0160961204438,28.9
2538.2143896671673,28.7
2551.481670874133,28.6
2564.8183003407817,28.4
2578.224640551411,28.2
2591.7010558850307,28.1
2605.247912625263,28.0
2618.8655789702975,27.9
2632.5544250429093,27.9
2646.314822900502,27.9
2660.14714654523,27.8
2674.051771934164,27.7
2688.029076989506,27.6
2702.079441608862,27.6
2716.20324767557,27.5
2730.400879069075,27.5
2744.6727216753675,27.5
2759.0191633974646,27.4
2773.440594165967,27.3
2787.9374059496395,27.2
2802.509992766076,27.1
2817.1587506924047,27.0
2831.8840778760564,26.9
2846.686374545581,26.8
2861.5660430215316,26.4
2876.5234877273942,26.1
2891.5591152005823,25.9
2906.6733341034837,25.7
2921.8665552345788,25.6
2937.139191539587,25.5
2952.4916581227058,25.3
2967.9243722578863,25.0
2983.4377534001765,24.9
2999.0322231971227,24.8
3014.7082055002275,24.8
3030.466126376471,24.7
3046.306414119893,24.7
3062.229499263226,24.6
3078.2358145896155,24.5
3094.325795144359,24.5
3110.4998782467446,24.4
3126.7585035019356,24.4
3143.1021128129173,24.4
3159.5311503925072,24.4
3176.0460627754296,24.4
3192.6472988304513,24.3
3209.335309772584,24.3
3226.1105491753406,24.2
3242.973472983081,24.2
3259.924539523382,24.1
3276.9642095195077,24.0
3294.0929461029286,24.0
3311.311214825911,23.9
3328.6194836741684,23.8
3346.018223079582,23.7
3363.507905932988,23.6
3381.089007597027,23.6
3398.762005919066,23.6
3416.527381244194,23.6
3434.385616428264,23.6
3452.337196851022,23.5
3470.382610429304,23.4
3488.5223476302926,23.4
3506.7569014848486,23.5
3525.0867676009134,23.5
3543.512444176976,23.6
3562.034432015617,23.7
3580.6532345371147,23.8
3599.369357793143,23.9
3618.1833104805046,24.0
3637.095603954969,24.1
3656.1067522451726,24.3
3675.2172720665826,24.4
3694.4276828355482,24.6
3713.738506683413,24.7
3733.1502684707093,24.9
3752.6634958014215,25.1
3772.2787190373247,25.3
3791.9964713124127,25.6
3811.817288547367,25.8
3831.7417094641373,25.9
3851.7702756005806,26.2
3871.9035313251793,26.4
3892.1420238518376,26.6
3912.4863032547537,26.7
3932.936922483372,26.8
3953.4944373774106,26.9
3974.1594066819653,27.0
3994.9323920627126,27.1
4015.8139581211503,27.2
4036.8046724099613,27.2
4057.9051054484326,27.2
4079.115830737964,27.2
4100.437424777656,27.2
4121.870467079975,27.1
4143.41554018651,26.9
4165.0732296838005,26.7
4186.844124219257,26.6
4208.728815517151,26.6
4230.72789839472,26.5
4252.841970778305,26.4
4275.071633719623,26.2
4297.417491412092,26.0
4319.880151207261,25.8
4342.460223631314,25.7
4365.158322401661,25.6
4387.975064443623,25.5
4410.911069907196,25.4
4433.9669621839075,25.4
4457.1433679237725,25.3
4480.4409170523,25.2
4503.860242787635,25.1
4527.40198165776,25.0
4551.0667735177985,24.8
4574.855261567406,24.6
4598.768092368251,24.4
4622.80591586159,24.3
4646.969385385929,24.2
4671.25915769478,23.9
4695.675892974527,23.5
4720.220254862348,23.3
4744.892910464259,23.1
4769.694530373255,22.9
4794.625788687525,22.7
4819.68736302878,22.5
4844.87993456067,22.3
4870.204188007296,21.6
4895.660811671819,20.9
4921.250497455168,20.7
4946.973940874864,20.4
4972.8318410838865,20.0
4998.824900889706,19.6
5024.953826773381,19.2
5051.219328908747,18.7
5077.622121181736,18.3
5104.162921209768,17.8
5130.842450361258,17.4
5157.661433775227,17.1
5184.620600380999,16.7
5211.720682918039,16.2
5238.962417955835,15.6
5266.346545913939,14.9
5293.873811082085,14.4
5321.544961640422,14.1
5349.360749679845,14.0
5377.321931222439,13.7
5405.429266242027,13.1
5433.683518684824,12.7
5462.085456490198,12.5
5490.635851611563,12.4
5519.335480037329,12.2
5548.185121812011,11.8
5577.185561057427,11.3
5606.337585994012,11.0
5635.641988962242,10.8
5665.0995664441625,10.7
5694.7111190850455,10.5
5724.477451715144,10.6
5754.399373371566,10.7
5784.477697320285,10.9
5814.713241078208,11.1
5845.10682643542,11.2
5875.659279477514,11.3
5906.371430608045,11.3
5937.244114571097,11.3
5968.278170473975,11.3
5999.4744418100045,11.4
6030.833776481469,11.5
6062.357026822636,11.7
6094.045049622959,11.9
6125.898706150321,12.1
6157.918862174471,12.3
6190.106387990547,12.8
6222.462158442733,13.2
6254.987052948034,13.5
6287.681955520183,13.7
6320.547754793659,14.0
6353.585344047851,14.3
6386.795621231329,14.6
6420.179488986247,14.9
6453.7378546729,15.1
6487.471630394349,15.4
6521.381733021235,15.7
6555.469084216698,16.0
6589.734610461422,16.2
6624.179243078815,16.5
6658.80391826033,16.9
6693.609577090902,17.3
6728.597165574533,17.7
6763.767634659991,18.0
6799.1219402666875,18.1
6834.661043310619,18.3
6870.385909730507,18.7
6906.297510514049,19.1
6942.39682172431,19.2
6978.684824526248,19.4
7015.162505213385,19.5
7051.830855234612,19.7
7088.690871221135,19.9
7125.7435550135615,20.2
7162.989913689153,20.6
7200.430959589155,20.8
7238.067710346342,20.9
7275.901188912673,21.2
7313.932423587085,21.7
7352.162448043451,22.3
7390.59230135867,22.7
7429.22302804091,23.0
7468.055678057999,23.4
7507.091306865953,23.7
7546.330975437692,24.1
7585.775750291836,24.5
7625.426703521717,25.0
7665.284912824515,25.4
7705.351461530549,25.9
7745.627438632719,26.3
7786.113938816104,26.8
7826.81206248772,27.2
7867.722915806424,27.6
7908.847610712972,28.4
7950.187264960275,29.1
7991.743002143727,29.4
8033.515951731782,29.5
8075.507249096639,29.7
8117.718035545101,29.9
8160.149458349601,30.2
8202.80267077938,30.4
8245.67883213183,30.5
8288.77910776401,30.5
8332.104669124305,30.4
8375.656693784302,30.3
8419.436365470749,30.2
8463.444874097753,30.2
8507.683415799123,30.1
8552.153192960874,30.0
8596.855414253905,29.7
8641.791294666864,29.2
8686.962055539152,28.9
8732.36892459413,28.7
8778.01313597248,28.5
8823.895930265779,28.3
8870.018554550163,27.7
8916.382262420266,27.0
8962.988314023276,26.7
9009.83797609319,26.6
9056.932521985234,26.5
9104.273231710486,26.2
9151.861391970657,26.0
9199.698296193066,26.0
9247.785244565785,26.2
9296.12354407301,26.3
9344.714508530542,26.4
9393.559458621517,26.5
9442.659721932305,26.6
9492.016632988581,26.8
9541.631533291613,27.1
9591.505771354708,27.8
9641.64070273987,28.5
9692.037690094652,28.9
9742.698103189163,29.3
9793.623318953358,29.7
9844.814721514387,30.1
9896.27370223427,30.4
9948.001659747684,31.2
10000.0,31.9
10052.270136285486,32.2
10104.813489285681,32.3
10157.6314871081,32.4
10210.725565324987,32.5
10264.09716701231,32.4
10317.747742788988,32.3
10371.678750856474,32.2
10425.891657038128,32.1
10480.387934819217,31.8
10535.16906538697,31.3
10590.236537670813,31.0
10645.591848382772,30.6
10701.236502058211,30.4
10757.172011096769,30.2
10813.399895803414,29.6
10869.921684429703,28.6
10926.73891321545,27.9
10983.85312643042,27.5
11041.265876416248,27.2
11098.978723628681,26.8
11156.993236680037,26.0
11215.310992381786,25.0
11273.933575787378,24.4
11332.862580235347,23.9
11392.099607392682,23.5
11451.646267298307,23.2
11511.504178406769,22.5
11571.674967632372,21.1
11632.16027039332,20.0
11692.961730656129,19.7
11754.08100098034,19.2
11815.519742563505,18.5
11877.27962528627,17.9
11939.362327757724,17.1
12001.76953736107,16.3
12064.50295029953,16.1
12127.56427164241,15.7
12190.95521537136,15.2
12254.677504427105,14.6
12318.732870756214,14.0
12383.123055358106,12.8
12447.849808332432,11.5
12512.914888926687,10.8
12578.320065583976,10.0
12644.067115991029,9.3
12710.157827126544,8.7
12776.593995309939,6.1
12843.377426249857,4.3
12910.50993509343,7.0
12977.99334647565,9.7
13045.829494568892,10.5
13114.020223132724,11.2
13182.567385564074,11.8
13251.472844947652,12.4
13320.738474106534,13.2
13390.366155652993,15.1
13460.35778203982,16.5
13530.715255611682,16.8
13601.440488656775,17.0
13672.535403458849,17.3
13744.001932349513,17.7
13815.842017760702,17.9
13888.057612277411,18.0
13960.650678690825,18.1
14033.62319005172,18.2
14106.977129724035,18.2
14180.714491438697,18.2
14254.837279347976,18.1
14329.347508079869,18.0
14404.247202792812,17.9
14479.538399230763,17.9
14555.223143778607,17.8
14631.303493517702,17.3
14707.78151628175,16.7
14784.65929071304,16.3
14861.938906319014,15.9
14939.622463529,15.7
15017.712073751207,15.5
15096.209859430292,15.2
15175.117954104964,14.8
15254.438502465904,14.4
15334.173660414117,14.2
15414.325595119602,13.9
15494.896485080177,13.7
15575.88852018064,13.3
15657.303901752315,12.8
15739.1448426331,12.2
15821.413567227246,12.2
15904.112311566014,12.7
15987.243323368504,13.3
16070.808862102673,13.9
16154.811199046684,14.4
16239.252617350698,14.9
16324.135412099,15.4
16409.461890372313,16.2
16495.23437131044,16.9
16581.455186175313,17.0
16668.12667841462,17.0
16755.251203725067,17.0
