10.0,36.8
10.052270136285475,37.0
10.104813489285682,37.0
10.157631487108103,37.0
10.210725565324982,37.0
10.264097167012295,37.1
10.317747742789004,37.2
10.371678750856479,37.2
10.425891657038118,37.2
10.480387934819216,37.2
10.535169065386981,37.4
10.590236537670812,37.5
10.64559184838276,37.5
10.701236502058206,37.5
10.757172011096776,37.5
10.813399895803409,37.5
10.869921684429707,37.6
10.926738913215466,37.7
10.98385312643042,37.7
11.041265876416237,37.7
11.098978723628681,37.7
11.156993236680048,37.7
11.215310992381788,37.8
11.27393357578736,37.9
11.332862580235341,37.9
11.392099607392687,37.9
11.451646267298301,37.9
11.511504178406776,37.9
11.571674967632385,37.9
11.632160270393321,37.9
11.692961730656117,37.9
11.75408100098034,38.0
11.815519742563518,38.0
11.87727962528627,38.0
11.939362327757706,38.0
12.001769537361062,38.1
12.064502950299536,38.2
12.127564271642404,38.2
12.190955215371359,38.2
12.254677504427118,38.2
12.318732870756214,38.3
12.383123055358094,38.3
12.447849808332432,38.4
12.5129148889267,38.4
12.578320065583968,38.4
12.644067115991009,38.4
12.710157827126565,38.4
12.776593995309947,38.4
12.843377426249843,38.4
12.910509935093431,38.6
12.977993346475664,38.7
13.045829494568892,38.7
13.11402022313271,38.7
13.182567385564074,38.7
13.251472844947658,38.7
13.320738474106527,38.8
13.390366155653,38.9
13.460357782039841,38.9
13.530715255611682,38.9
13.601440488656761,38.9
13.672535403458848,39.0
13.744001932349526,39.1
13.815842017760701,39.1
13.888057612277397,39.1
13.960650678690818,39.1
14.033623190051728,39.1
14.10697712972403,39.1
14.180714491438705,39.1
14.25483727934799,39.1
14.32934750807987,39.1
14.404247202792797,39.2
14.479538399230764,39.2
14.55522314377862,39.2
14.631303493517702,39.2
14.707781516281727,39.3
14.784659290713032,39.4
14.861938906319022,39.4
14.939622463528993,39.4
15.017712073751214,39.4
15.096209859430308,39.4
15.175117954104964,39.4
15.254438502465888,39.4
15.334173660414118,39.4
15.414325595119617,39.4
15.494896485080169,39.4
15.575888520180618,39.5
15.65730390175234,39.6
15.73914484263311,39.6
15.821413567227237,39.6
15.904112311566013,39.6
15.98724332336852,39.7
16.070808862102673,39.7
16.154811199046666,39.8
16.239252617350697,39.8
16.324135412099007,39.8
16.409461890372306,39.8
16.495234371310413,39.8
16.58145518617534,39.8
16.668126678414627,39.8
16.755251203725052,39.8
16.84283113011666,40.0
16.930868837977105,40.1
17.01936672013636,40.1
17.108327181931763,40.1
17.197752641273365,40.1
17.28764552870969,40.1
17.378008287493753,40.1
17.4688433736495,40.2
17.560153256038525,40.3
17.651940416427212,40.3
17.744207349554188,40.3
17.836956563198083,40.3
17.93019057824573,40.3
18.023911928760675,40.3
18.118123162052047,40.3
18.21282683874379,40.3
18.30802553284428,40.4
18.403721831816252,40.5
18.499918336647156,40.5
18.59661766191982,40.5
18.69382243588356,40.5
18.791535300525574,40.5
18.889758911642755,40.5
18.98849593891389,40.5
19.08774906597221,40.5
19.187520990478333,40.5
19.287814424193606,40.5
19.388632093053765,40.5
19.48997673724305,40.5
19.591851111268685,40.6
19.69425798403576,40.6
19.79720013892245,40.6
19.90068037385568,40.6
20.004701501387192,40.6
20.109266348769967,40.6
20.214377758035074,40.6
20.320038586068932,40.7
20.426251704690927,40.8
20.533020000731486,40.8
20.64034637611054,40.8
20.748233747916412,40.8
20.856685048485062,40.8
20.965703225479817,40.8
21.075291241971485,40.8
21.185452076518878,40.8
21.296188723249774,40.8
21.407504191942323,40.8
21.519401508106792,40.8
21.631883713067854,40.9
21.744953864047204,40.9
21.858615034246718,41.0
21.972870312931903,41.0
22.087722805515906,41.0
22.203175633643916,41.0
22.319231935278008,41.0
22.435894864782412,41.0
22.553167593009288,41.0
22.671053307384867,41.0
22.789555211996095,41.0
22.908676527677724,41.1
23.028420492099883,41.2
23.148790359856015,41.3
23.26978940255137,41.3
23.391420908891938,41.3
23.51368818477381,41.3
23.63659455337303,41.3
23.760143355235964,41.3
23.884337948370025,41.3
24.009181708334992,41.3
24.134678028334722,41.3
24.260830319309434,41.3
24.387642010028344,41.3
24.515116547182902,41.3
24.64325739548046,41.3
24.772068037738443,41.3
24.901551974979007,41.3
25.031712726524198,41.4
25.162553830091625,41.4
25.294078841890578,41.5
25.426291336718684,41.5
25.559194908059133,41.5
25.692793168178262,41.5
25.827089748223784,41.5
25.96208829832347,41.5
26.097792487684362,41.5
26.234206004692496,41.5
26.371332557013133,41.5
26.5091758716916,41.5
26.647739695254497,41.6
26.787027793811582,41.7
26.9270439531581,41.7
27.06779197887776,41.7
27.209275696446046,41.7
27.351498951334275,41.7
27.494465609114105,41.7
27.638179555562576,41.7
27.782644696767733,41.7
27.92786495923483,41.7
28.07384428999299,41.7
28.220586656702505,41.7
28.368096047762684,41.7
28.516376472420284,41.7
28.66543196087842,41.7
28.815266564406134,41.7
28.965884355448516,41.7
29.11728942773738,41.7
29.26948589640251,41.7
29.42247789808359,41.7
29.57626959104251,41.7
29.730865155276486,41.8
29.88626879263161,41.8
30.04248472691713,41.8
30.19951720402016,41.8
30.357370492021133,41.8
30.516048881309793,41.8
30.675556684701824,41.8
30.835898237556027,41.8
30.99707789789224,41.8
31.15910004650967,41.8
31.321969087106055,41.8
31.485689446397288,41.8
31.650265574237824,41.8
31.815701943741516,41.8
31.98200305140326,41.8
32.14917341722119,41.8
32.31721758481955,41.8
32.486140121572134,41.8
32.655945618726484,41.9
32.82663869152868,42.0
32.99822397934869,42.0
33.170706145806605,42.0
33.34408987889928,42.0
33.51837989112781,42.0
33.69358091962557,42.0
33.86969772628702,42.0
34.04673509789711,42.0
34.224697846261364,42.0
34.40359080833668,42.0
34.58341884636283,42.0
34.764186847994516,42.0
34.94589972643436,42.0
35.12856242056629,42.0
35.312179895089876,42.0
35.496757140655234,42.0
35.68229917399868,42.0
35.86881103807908,42.0
36.05629780221492,42.0
36.24476456222205,42.0
36.434216440552284,42.0
36.6246585864325,42.0
36.81609617600466,42.0
37.00853441246656,42.0
37.2019785262131,42.0
37.39643377497855,42.0
37.591905443979435,42.0
37.788398846058186,42.0
37.985919321827524,42.0
38.184472239815605,42.0
38.384062996612016,42.0
38.584697017014335,42.0
38.786379754175634,42.0
38.98911668975273,42.0
39.1929133340551,42.0
39.39777522619469,42.0
39.60370793423646,42.0
39.810717055349734,42.0
40.0188082159603,42.0
40.227987071903335,42.0
40.43825930857721,42.0
40.64963064109788,42.0
40.8621068144543,42.0
41.075693603664625,42.0
41.29039681393302,42.0
41.506222280807584,42.0
41.72317587033889,42.0
41.94126347923944,42.0
42.16049103504393,42.0
42.38086449627034,42.0
42.60238985258197,42.0
42.825073124950116,42.0
43.04892036581776,42.0
43.27393765926414,42.0
43.500131121170035,42.0
43.727506899384,42.0
43.956071173889484,42.0
44.18583015697281,42.0
44.416790093392,42.0
44.648957260546474,42.0
44.88233796864779,42.0
45.116938560890986,42.0
45.35276541362708,42.0
45.58982493653644,42.0
45.82812357280281,42.0
46.067667799288614,42.0
46.308464126710895,42.0
46.55051909981832,42.0
46.793839297569036,42.0
47.03843133330949,42.0
47.28430185495417,42.0
47.531457545166376,42.0
47.77990512153967,42.0
48.02965133678067,42.0
48.28070297889241,42.0
48.53306687135893,42.0
48.78674987333074,42.0
49.041758879811184,42.0
49.298100821843896,42.0
49.55578266670119,42.0
49.81481141807335,42.0
50.07519411625915,42.0
50.336937838356974,42.0
50.60004969845742,42.0
50.86453684783644,42.0
51.13040647514984,42.0
51.39766580662862,42.0
51.66632210627541,41.9
51.93638267606184,41.8
52.20785485612707,41.8
52.48074602497726,41.8
52.75506359968615,41.8
53.030815036096584,41.8
53.308007829023246,41.8
53.58664951245627,41.8
53.866747659766084,41.8
54.148309883909214,41.8
54.431343837635225,41.8
54.7158572136947,41.8
55.00185774504835,41.8
55.28935320507712,41.8
55.57835140779364,41.8
55.86886020805435,41.8
56.160887501773274,41.8
56.45444122613637,41.8
56.74952935981742,41.8
57.04615992319485,41.8
57.34434097856969,41.8
57.64408063038476,41.8
57.94538702544487,41.7
58.24826835313831,41.7
58.552732845659456,41.7
58.85878877823242,41.7
59.166444469336014,41.7
59.475708280929936,41.7
59.786588618681876,41.7
60.0990939321961,41.7
60.41323271524305,41.7
60.72901350599024,41.7
61.046444887234294,41.7
61.365535486634215,41.7
61.686293976945976,41.7
62.008729076258064,41.7
62.332849548228545,41.7
62.658664202323344,41.7
62.98618189405547,41.7
63.315411525225876,41.7
63.64636204416533,41.6
63.979042445977655,41.5
64.31346177278421,41.5
64.64962911396958,41.5
64.98755360642885,41.5
65.32724443481563,41.5
65.66871083179183,41.5
66.01196207827876,41.5
66.35700750370908,41.5
66.7038564862806,41.5
67.05251845321108,41.5
67.40300288099445,41.5
67.75531929565844,41.5
68.1094772730234,41.5
68.46548643896274,41.4
68.82335646966433,41.3
69.18309709189363,41.3
69.54471808325809,41.3
69.90822927247277,41.3
70.27364053962762,41.3
70.6409618164559,41.3
71.01020308660422,41.3
71.38137438590384,41.3
71.75448580264342,41.3
72.12954747784322,41.2
72.50656960553087,41.1
72.88556243301818,41.0
73.26653626117992,41.0
73.64950144473359,40.9
74.03446839252094,40.9
74.42144756779092,40.8
74.810449488484,40.7
75.20148472751808,40.7
75.59456391307583,40.6
75.98969772889355,40.6
76.38689691455168,40.6
76.78617226576647,40.6
77.18753463468363,40.6
77.59099493017311,40.5
77.99656411812569,40.5
78.404253221751,40.5
78.8140733218772,40.5
79.226035557252,40.5
79.64015112484554,40.4
80.05643128015467,40.4
80.47488733750892,40.3
80.89553067037787,40.3
81.31837271168051,40.3
81.74342495409579,40.3
82.170698950375,40.2
82.60020631365589,40.2
83.03195871777821,40.1
83.46596789760103,40.1
83.90224564932171,40.1
84.34080383079642,40.1
84.78165436186265,40.1
85.22480922466286,40.1
85.67028046397054,40.1
86.11808018751721,40.1
86.56822056632171,40.1
87.020713835021,40.1
87.47557229220259,40.1
87.93280830073893,40.1
88.39243428812335,40.1
88.85446274680783,40.2
89.31890623454267,40.3
89.78577737471758,40.4
90.25508885670492,40.5
90.72685343620469,40.5
91.20108393559097,40.6
91.67779324426061,40.6
92.15699431898352,40.7
92.63870018425483,40.7
93.12292393264887,40.9
93.60967872517497,41.0
94.09897779163542,41.1
94.5908344309847,41.2
95.0852620116911,41.3
95.58227397210023,41.4
96.08188382079996,41.5
96.5841051369878,41.6
97.08895157083991,41.7
97.59643684388209,41.7
98.10657474936274,41.8
98.61937915262773,41.9
99.13486399149741,42.1
99.65304327664518,42.2
100.17393109197839,42.3
100.69754159502135,42.4
101.22388901729977,42.5
101.75298766472777,42.6
102.28485191799675,42.7
102.81949623296607,42.8
103.35693514105618,42.8
103.89718324964329,42.9
104.44025524245698,42.9
104.98616587997819,42.9
105.53492999984189,42.9
106.08656251723878,43.0
106.64107842532215,43.0
107.19849279561431,43.0
107.75882077841675,43.0
108.32207760322176,43.0
108.88827857912626,43.0
109.45743909524856,42.9
110.02957462114523,42.9
110.60470070723336,42.9
111.18283298521138,42.9
111.76398716848561,42.9
112.3481790525961,42.9
112.93542451564652,42.9
113.5257395187356,42.9
114.11914010639099,42.9
114.71564240700522,42.9
115.3152626332741,42.9
115.91801708263789,42.8
116.52392213772293,42.8
117.13299426678874,42.7
117.74525002417371,42.7
118.36070605074681,42.7
118.97937907435858,42.7
119.60128591029638,42.6
120.22644346174131,42.6
120.85486872022751,42.5
121.4865787661046,42.5
122.12159076900052,42.5
122.75992198829012,42.5
123.40158977356222,42.5
124.04661156509306,42.4
124.69500489431896,42.3
125.34678738431336,42.2
126.00197675026583,42.1
126.6605907999634,42.0
127.3226474342747,42.0
127.98816464763628,42.0
128.6571605285424,42.0
129.32965326003517,41.9
130.00566112020084,41.9
130.68520248266435,41.8
131.36829581709074,41.8
132.05495968968575,41.7
132.74521276370103,41.7
133.43907379994133,41.6
134.1365616572744,41.5
134.83769529314347,41.5
135.54249376408254,41.5
136.25097622623485,41.5
136.96316193587217,41.5
137.67907024992007,41.4
138.39872062648203,41.3
139.1221326253702,41.3
139.84932590863562,41.3
140.58032024110324,41.3
141.31513549090906,41.2
142.05379163003997,41.1
142.7963087348772,41.0
143.5427069867405,41.0
144.29300667243896,41.0
145.04722818481977,41.0
145.80539202332486,40.9
146.56751879454652,40.9
147.333629212788,40.8
148.1037441006266,40.7
148.87788438947953,40.7
149.65607112017267,40.6
150.43832544351253,40.6
151.2246686208618,40.6
152.01512202471548,40.6
152.80970713928414,40.6
153.6084455610754,40.5
154.41135899948313,40.5
155.218469277376,40.4
156.02979833169113,40.4
156.8453682140304,40.3
157.66520109125955,40.2
158.48931924611142,40.1
159.3177450777899,40.0
160.15050110258113,39.9
160.9876099544629,39.9
161.82909438572216,39.8
162.67497726757185,39.7
163.52528159077312,39.6
164.38003046626017,39.6
165.23924712576837,39.6
166.1029549224657,39.8
166.97117733158728,40.0
167.8439379510743,40.1
168.72126050221348,40.1
169.60316883028446,40.1
170.48968690520502,40.1
171.38083882218535,40.1
172.27664880238083,40.1
173.17714119355136,40.1
174.08234047072295,40.0
174.99227123685273,40.0
175.9069582234984,39.9
176.82642629148881,39.9
177.75070043160196,39.8
178.67980576524164,39.7
179.61376754512278,39.6
180.55261115595593,39.5
181.49636211513797,39.4
182.44504607344558,39.4
183.39868881573247,39.4
184.35731626163007,39.4
185.3209544662519,39.4
186.28962962090262,39.3
187.26336805378796,39.3
188.24219623073301,39.2
189.2261407558986,39.2
190.21522837250714,39.1
191.20948596356752,39.1
192.20894055260666,39.0
193.21361930440384,38.9
194.22354952572874,38.9
195.2387586660848,38.9
196.25927431845295,38.9
197.28512422004457,38.9
198.31633625305224,38.8
199.35293844541056,38.7
200.39495897155572,38.6
201.4424261531923,38.6
202.4953684600627,38.5
203.55381451072122,38.4
204.6177930733116,38.4
205.6873330663489,38.4
206.76246355950653,38.3
207.84321377440395,38.3
208.92961308540407,38.2
210.02169102040844,38.2
211.11947726166272,38.1
212.22300164656127,38.0
213.33229416845913,38.0
214.447384977487,37.9
215.5683043813707,37.9
216.69508284625502,37.9
217.8277509975314,37.8
218.9663396206716,37.7
220.1108796620618,37.6
221.26140222984722,37.6
222.41793859477394,37.5
223.5805201910423,37.5
224.74917861715863,37.4
225.9239456367954,37.3
227.10485317965416,37.1
228.29193334233327,37.0
229.48521838920135,36.9
230.68474075327168,36.9
231.89053303708724,36.8
233.102628013603,36.8
234.32105862708036,36.7
235.5458579939798,36.7
236.77705940386227,36.6
238.0146963202937,36.6
239.25880238175446,36.5
240.50941140255387,36.5
241.76655737374873,36.4
243.03027446406858,36.3
244.30059702084168,36.1
245.57755957093218,35.9
246.86119682167464,35.8
248.1515436618211,35.8
249.44863516248657,35.7
250.75250657810346,35.6
252.0631933473797,35.6
253.3807310942614,35.5
254.7051556289027,35.5
256.03650294863604,35.5
257.3748092389545,35.4
258.72011087449107,35.3
260.0724444200114,35.2
261.4318466314045,35.2
262.79835445668317,35.1
264.17200503698814,35.1
265.5528357075972,35.0
266.94088399894025,34.9
268.336187637619,34.8
269.7387845474336,34.7
271.1487128504106,34.7
272.56601086784315,34.6
273.9907171213279,34.6
275.4228703338166,34.5
276.86250943066517,34.5
278.30967354069315,34.4
279.764401997247,34.3
281.2267343392687,34.3
282.6967103123723,34.2
284.1743698699204,34.2
285.65975317411466,34.1
287.152900597083,34.1
288.6538527219809,34.0
290.16265034409145,34.0
291.67933447193553,33.9
293.203946328386,33.9
294.7365273517884,33.9
296.27711919708696,33.9
297.8257637369567,33.8
299.38250306294265,33.8
300.947379486601,33.7
302.52043554065347,33.6
304.1017139801383,33.5
305.69125778357716,33.4
307.2891101541398,33.3
308.8953145208197,33.3
310.5099145396145,33.2
312.1329540947119,33.2
313.76447729968413,33.2
315.40452849868336,33.2
317.0531522676519,33.1
318.71039341552853,33.1
320.3762969854716,33.0
322.05090825607795,33.0
323.7342727426186,32.9
325.4264361982722,32.9
327.1274446153702,32.9
328.83734422664674,32.9
330.55618150649445,32.9
332.28400317222986,32.9
334.02085618535915,32.8
335.76678775285944,32.7
337.52184532845695,32.7
339.28607661392135,32.7
341.0595295603587,32.7
342.84225236951676,32.7
344.63429349509414,32.6
346.4357016440579,32.5
348.24652577796684,32.5
350.06681511430224,32.5
351.8966191278073,32.5
353.7359875518278,32.5
355.5849703796693,32.4
357.44361786595016,32.3
359.3119805279728,32.2
361.1901091470929,32.2
363.0780547701014,32.2
364.9758687106112,32.2
366.8836025504522,32.2
368.80130814107446,32.1
370.72903760495365,32.1
372.66684333701346,32.0
374.6147780060434,32.0
376.57289455613636,32.0
378.54124620812286,32.0
380.5198864610201,32.0
382.50886909348526,32.0
384.5082481652772,32.0
386.51807801872604,32.0
388.53841328020957,32.0
390.56930886163985,31.9
392.6108199619517,31.8
394.6630020686084,31.8
396.7259109591041,31.8
398.7996027024853,31.8
400.8841336608706,31.8
402.9795604909844,31.8
405.0859401456969,31.8
407.20332987557106,31.8
409.331787230421,31.8
411.4713700608718,31.7
413.6221365199375,31.7
415.78414506459575,31.7
417.95745445738237,31.7
420.1421237679842,31.7
422.33821237484636,31.7
424.5457799667861,31.7
426.76488654461485,31.7
428.9955924227691,31.7
431.23795823094935,31.7
433.49204491576995,31.7
435.7579137424112,31.7
438.0356262962907,31.7
440.3252444847303,31.7
442.62683053864555,31.8
444.9404470142319,31.8
447.2661567946673,31.8
449.60402309182115,31.8
451.9541094479714,31.8
454.3164797375345,31.8
456.6911981687959,31.8
459.0783292856624,31.8
461.4779379694089,31.8
463.89008944044906,31.8
466.31484926010245,31.8
468.7522833323791,31.8
471.20245790577025,31.8
473.6654395750488,31.9
476.14129528307956,32.0
478.630092322638,32.0
481.1318983382419,32.0
483.6467813279844,32.0
486.1748096453894,32.0
488.7160520012619,32.0
491.27057746556244,32.0
493.8384554692794,32.0
496.4197558063182,32.0
499.01454863539806,32.0
501.6229044819588,32.0
504.24489424007766,32.0
506.88058917439554,32.0
509.53006092205686,32.0
512.1933814946506,32.0
514.8706232801756,32.0
517.5618590449992,32.0
520.2671619358439,32.0
522.9866054817683,32.0
525.7202635961694,32.0
528.4682105787901,32.0
531.230521117739,32.0
534.0072702915224,32.0
536.7985335710792,32.0
539.6043868218401,32.0
542.4249063057814,32.0
545.2601686835053,32.1
548.1102510163182,32.2
550.9752307683272,32.2
553.8551858085453,32.2
556.7501944130083,32.2
559.6603352669016,32.2
562.5856874666987,32.2
565.5263305223134,32.2
568.4823443592555,32.2
571.4538093208106,32.2
574.4408061702153,32.2
577.4434160928608,32.2
580.4617206984933,32.2
583.4958020234345,32.2
586.5457425328113,32.2
589.6116251227962,32.2
592.6935331228639,32.2
595.7915502980484,32.4
598.9057608512304,32.5
602.0362494254149,32.5
605.1831011060411,32.5
608.3464014232891,32.5
611.5262363544065,32.5
614.7226923260454,32.5
617.9358562166111,32.5
621.1658153586235,32.5
624.4126575410903,32.5
627.6764710118958,32.5
630.957344480193,32.5
634.2553671188238,32.5
637.5706285667327,32.5
640.9032189314127,32.5
644.2532287913472,32.6
647.6207491984753,32.7
651.0058716806659,32.7
654.4086882442045,32.7
657.8292913762976,32.7
661.2677740475787,32.7
664.7242297146454,32.7
668.1987523225889,32.7
671.6914363075575,32.7
675.2023765993158,32.8
678.7316686238282,32.9
682.2794083058518,32.9
685.8456920715438,32.9
689.4306168510824,32.9
693.0342800813003,32.9
696.6567797083366,32.9
700.2982141902914,32.9
703.9586824999124,32.9
707.6382841272731,33.0
711.3371190824884,33.0
715.0552878984242,33.0
718.7928916334344,33.0
722.5500318741055,33.0
726.3268107380181,33.0
730.123330876526,33.0
733.9396954775374,33.1
737.7760082683312,33.2
741.6323735183645,33.2
745.508896042117,33.2
749.4056812019327,33.2
753.3228349108862,33.2
757.2604636356614,33.3
761.2186743994453,33.4
765.1975747848361,33.4
769.1972729367671,33.4
773.2178775654501,33.4
777.2594979493206,33.4
781.3222439380205,33.4
785.406225955371,33.4
789.5115550023859,33.4
793.6383426602791,33.4
797.7867010935024,33.6
801.9567430527921,33.7
806.1485818782347,33.7
810.3623315023465,33.7
814.59810645317,33.7
818.8560218573906,33.8
823.1361934434566,33.9
827.4387375447371,33.9
831.7637711026708,33.9
836.1114116699566,33.9
840.4817774137397,33.9
844.8749871188272,34.0
849.2911601909162,34.1
853.7304166598383,34.1
858.1928771828257,34.1
862.6786630477819,34.1
867.1878961765907,34.1
871.7206991284164,34.2
876.2771951030477,34.2
880.8575079442367,34.2
885.4617621430697,34.2
890.0900828413493,34.2
894.742595834996,34.3
899.4194275774676,34.4
904.1207051831946,34.4
908.8465564310401,34.4
913.5971097677627,34.4
918.3724943115215,34.4
923.1728398553701,34.5
927.998276870799,34.6
932.8489365112713,34.6
937.7249506157918,34.6
942.6264517124897,34.6
947.5535730222193,34.6
952.5064484621864,34.6
957.4852126495767,34.6
962.4900009052299,34.7
967.5209492573013,34.7
972.5781944449744,34.8
977.6618739221665,34.8
982.772125861269,34.8
987.9090891569025,34.8
993.0729034296917,34.8
998.26370903006,34.8
1003.4816470420445,34.8
1008.7268592871307,34.9
1013.9994883281055,35.0
1019.2996774729368,35.1
1024.627570778662,35.1
1029.9833130553077,35.1
1035.3670498698243,35.1
1040.778927550043,35.1
1046.219093188652,35.1
1051.687694647196,35.1
1057.1848805600926,35.1
1062.7108003386745,35.1
1068.2656041752484,35.1
1073.849443047181,35.1
1079.4624687209969,35.1
1085.104833756507,35.1
1090.7766915109553,35.1
1096.4781961431852,35.1
1102.2095026178308,35.1
1107.9707667095288,35.1
1113.7621450071517,35.1
1119.5837949180645,35.1
1125.4358746724013,35.1
1131.3185433273702,35.1
1137.231960771571,35.0
1143.1762877293438,34.9
1149.1516857651375,34.8
1155.1583172879002,34.8
1161.1963455554942,34.8
1167.2659346791324,34.8
1173.3672496278396,34.8
1179.5004562329357,34.8
1185.6657211925422,34.8
1191.8632120761172,34.7
1198.0930973290035,34.6
1204.355546277011,34.6
1210.650729131018,34.6
1216.9788169915967,34.6
1223.3399818536654,34.6
1229.7343966111616,34.6
1236.162235061742,34.6
1242.6236719115057,34.5
1249.1188827797416,34.5
1255.6480442037073,34.4
1262.2113336434193,34.4
1268.8089294864806,34.3
1275.4410110529293,34.2
1282.1077586001115,34.2
1288.8093533275808,34.2
1295.5459773820237,34.2
1302.3178138622095,34.2
1309.1250468239675,34.1
1315.967861285188,34.1
1322.8464432308563,34.1
1329.7609796180998,34.1
1336.7116583812742,34.1
1343.6986684370715,34.1
1350.7221996896535,34.0
1357.782443035813,33.9
1364.879590370164,33.9
1372.0138345903551,33.9
1379.1853696023147,33.9
1386.3943903255179,33.9
1393.6410926982915,33.9
1400.9256736831292,33.9
1408.248331272053,33.9
1415.6092644919916,33.9
1423.0086734101894,33.9
1430.4467591396458,33.9
1437.9237238445805,33.9
1445.439770745928,33.8
1452.9951041268616,33.7
1460.589929338344,33.7
1468.224452804715,33.7
1475.898882029292,33.8
1483.6134256000173,33.9
1491.3682931951248,33.9
1499.1636955888393,33.9
1506.999844657106,33.9
1514.8769533833477,33.9
1522.7952358642551,34.0
1530.754907315605,34.1
1538.7561840781082,34.1
1546.799283623296,34.1
1554.8844245594228,34.1
1563.0118266374113,34.1
1571.181710756826,34.1
1579.3942989718767,34.1
1587.649814497453,34.1
1595.9484817151922,34.2
1604.2905261795772,34.2
1612.6761746240677,34.3
1621.1056549672617,34.3
1629.5791963190893,34.4
1638.097028987047,34.5
1646.6593844824454,34.6
1655.266495526711,34.6
1663.9185960577072,34.7
1672.6159212360947,34.7
1681.3587074517213,34.8
1690.1471923300487,35.0
1698.9816147386093,35.1
1707.8622147934998,35.1
1716.789233865905,35.1
1725.7629145886658,35.1
1734.7835008628629,35.1
1743.8512378644525,35.1
1752.9663720509295,35.1
1762.1291511680254,35.1
1771.3398242564415,35.1
1780.598641658619,35.1
1789.9058550255418,35.1
1799.2617173235774,35.1
1808.6664828413498,35.1
1818.1204071966588,35.1
1827.6237473434162,35.1
1837.1767615786375,35.1
1846.7797095494598,35.1
1856.4328522602,35.1
1866.1364520794475,35.1
1875.8907727471963,35.0
1885.6960793820124,34.9
1895.552638488241,34.8
1905.4607179632462,34.8
1915.4205871047022,34.8
1925.4325166178992,34.8
1935.4967786231095,34.8
1945.6136466629825,34.8
1955.783395709978,34.8
1966.006302173841,34.8
1976.282643909114,34.8
1986.6127002226892,34.8
1996.996751881399,34.8
2007.4350811196462,34.8
2017.927971647083,34.8
2028.4757086563097,34.8
2039.078578830634,34.8
2049.736870351861,34.8
2060.4508729081267,34.8
2071.22087770177,34.8
2082.0471774572497,34.8
2092.9300664290977,34.7
2103.8698404099196,34.6
2114.8667967384304,34.6
2125.9212343075446,34.6
2137.0334535724887,34.6
2148.2037565589744,34.5
2159.4324468714053,34.4
2170.71982970113,34.4
2182.0662118347364,34.4
2193.4719016623894,34.4
2204.937209186215,34.4
2216.4624460287228,34.3
2228.0479254412767,34.2
2239.6939623126154,34.1
2251.4008731773993,34.1
2263.168976224821,34.0
2274.9985913072546,33.9
2286.890039948944,33.8
2298.843645354747,33.8
2310.8597324189163,33.7
2322.9386277339318,33.6
2335.0806595993763,33.5
2347.2861580308577,33.4
2359.5554547689862,33.2
2371.8888832883777,32.9
2384.2867788067265,32.7
2396.7494782939148,32.6
2409.2773204811715,32.5
2421.8706458702773,32.4
2434.5297967428205,32.2
2447.2551171695004,32.0
2460.0469530194778,31.9
2472.905651969775,31.8
2485.8315635147337,31.6
2498.825038975499,31.5
2511.88643150958,31.4
2525.0160961204438,31.3
2538.2143896671673,31.2
2551.481670874133,31.0
2564.8183003407817,30.8
2578.224640551411,30.7
2591.7010558850307,30.7
2605.247912625263,30.6
2618.8655789702975,30.6
2632.5544250429093,30.5
2646.314822900502,30.5
2660.14714654523,30.4
2674.051771934164,30.4
2688.029076989506,30.3
2702.079441608862,30.3
2716.20324767557,30.2
2730.400879069075,30.1
2744.6727216753675,30.0
2759.0191633974646,29.9
2773.440594165967,29.8
2787.9374059496395,29.7
2802.509992766076,29.6
2817.1587506924047,29.4
2831.8840778760564,29.3
2846.686374545581,29.2
2861.5660430215316,29.2
2876.5234877273942,29.1
2891.5591152005823,29.1
2906.6733341034837,29.0
2921.8665552345788,29.0
2937.139191539587,28.9
2952.4916581227058,28.8
2967.9243722578863,28.8
2983.4377534001765,28.7
2999.0322231971227,28.7
3014.7082055002275,28.7
3030.466126376471,28.8
3046.306414119893,28.9
3062.229499263226,28.9
3078.2358145896155,28.9
3094.325795144359,28.9
3110.4998782467446,28.9
3126.7585035019356,28.9
3143.1021128129173,29.0
3159.5311503925072,29.0
3176.0460627754296,29.1
3192.6472988304513,29.1
3209.335309772584,29.2
3226.1105491753406,29.2
3242.973472983081,29.3
3259.924539523382,29.3
3276.9642095195077,29.4
3294.0929461029286,29.5
3311.311214825911,29.6
3328.6194836741684,29.6
3346.018223079582,29.6
3363.507905932988,29.6
3381.089007597027,29.7
3398.762005919066,29.8
3416.527381244194,29.8
3434.385616428264,29.8
3452.337196851022,29.8
3470.382610429304,29.8
3488.5223476302926,29.8
3506.7569014848486,29.8
3525.0867676009134,29.8
3543.512444176976,29.7
3562.034432015617,29.7
3580.6532345371147,29.6
3599.369357793143,29.6
3618.1833104805046,29.5
3637.095603954969,29.4
3656.1067522451726,29.3
3675.2172720665826,29.1
3694.4276828355482,28.9
3713.738506683413,28.8
3733.1502684707093,28.7
3752.6634958014215,28.6
3772.2787190373247,28.4
3791.9964713124127,28.2
3811.817288547367,28.1
3831.7417094641373,28.0
3851.7702756005806,27.9
3871.9035313251793,27.9
3892.1420238518376,27.8
3912.4863032547537,27.8
3932.936922483372,27.7
3953.4944373774106,27.7
3974.1594066819653,27.7
3994.9323920627126,27.7
4015.8139581211503,27.7
4036.8046724099613,27.7
4057.9051054484326,27.7
4079.115830737964,27.7
4100.437424777656,27.7
4121.870467079975,27.7
4143.41554018651,27.7
4165.0732296838005,27.6
4186.844124219257,27.5
4208.728815517151,27.3
4230.72789839472,27.2
4252.841970778305,27.0
4275.071633719623,26.9
4297.417491412092,26.8
4319.880151207261,26.3
4342.460223631314,24.4
4365.158322401661,22.8
4387.975064443623,22.4
4410.911069907196,22.0
4433.9669621839075,21.9
4457.1433679237725,21.8
4480.4409170523,21.8
4503.860242787635,21.8
4527.40198165776,21.9
4551.0667735177985,22.0
4574.855261567406,22.0
4598.768092368251,21.9
4622.80591586159,21.9
4646.969385385929,21.8
4671.25915769478,21.7
4695.675892974527,21.6
4720.220254862348,21.5
4744.892910464259,21.4
4769.694530373255,21.3
4794.625788687525,21.2
4819.68736302878,21.0
4844.87993456067,20.8
4870.204188007296,20.7
4895.660811671819,20.6
4921.250497455168,20.5
4946.973940874864,20.5
4972.8318410838865,20.4
4998.824900889706,20.3
5024.953826773381,20.2
5051.219328908747,20.1
5077.622121181736,19.9
5104.162921209768,19.8
5130.842450361258,19.6
5157.661433775227,19.4
5184.620600380999,19.4
5211.720682918039,19.4
5238.962417955835,19.4
5266.346545913939,19.4
5293.873811082085,19.3
5321.544961640422,19.3
5349.360749679845,19.2
5377.321931222439,19.1
5405.429266242027,19.0
5433.683518684824,18.8
5462.085456490198,17.8
5490.635851611563,16.7
5519.335480037329,16.1
5548.185121812011,15.6
5577.185561057427,15.0
5606.337585994012,14.2
5635.641988962242,13.0
5665.0995664441625,12.1
5694.7111190850455,12.5
5724.477451715144,13.3
5754.399373371566,13.7
5784.477697320285,13.9
5814.713241078208,14.0
5845.10682643542,14.4
5875.659279477514,15.0
5906.371430608045,15.4
5937.244114571097,15.5
5968.278170473975,15.5
5999.4744418100045,15.7
6030.833776481469,16.0
6062.357026822636,16.3
6094.045049622959,16.6
6125.898706150321,17.0
6157.918862174471,17.6
6190.106387990547,18.3
6222.462158442733,18.7
6254.987052948034,19.0
6287.681955520183,19.2
6320.547754793659,19.4
6353.585344047851,19.9
6386.795621231329,20.3
6420.179488986247,20.5
6453.7378546729,20.6
6487.471630394349,20.8
6521.381733021235,21.1
6555.469084216698,21.5
6589.734610461422,22.1
6624.179243078815,22.5
6658.80391826033,22.6
6693.609577090902,22.8
6728.597165574533,23.1
6763.767634659991,23.7
6799.1219402666875,24.3
6834.661043310619,24.6
6870.385909730507,24.8
6906.297510514049,25.1
6942.39682172431,25.4
6978.684824526248,25.7
7015.162505213385,26.1
7051.830855234612,26.3
7088.690871221135,26.4
7125.7435550135615,26.6
7162.989913689153,26.9
7200.430959589155,27.2
7238.067710346342,27.6
7275.901188912673,28.0
7313.932423587085,28.5
7352.162448043451,28.9
7390.59230135867,29.2
7429.22302804091,29.5
7468.055678057999,30.1
7507.091306865953,30.7
7546.330975437692,31.0
7585.775750291836,31.3
7625.426703521717,31.6
7665.284912824515,32.0
7705.351461530549,32.3
7745.627438632719,33.1
7786.113938816104,33.9
7826.81206248772,34.2
7867.722915806424,34.4
7908.847610712972,34.6
7950.187264960275,34.9
7991.743002143727,35.2
8033.515951731782,35.5
8075.507249096639,35.7
8117.718035545101,35.8
8160.149458349601,35.9
8202.80267077938,36.0
8245.67883213183,36.0
8288.77910776401,36.0
8332.104669124305,36.0
8375.656693784302,35.9
8419.436365470749,35.7
8463.444874097753,35.4
8507.683415799123,35.3
8552.153192960874,35.1
8596.855414253905,35.0
8641.791294666864,34.8
8686.962055539152,34.4
8732.36892459413,34.0
8778.01313597248,33.9
8823.895930265779,33.8
8870.018554550163,33.7
8916.382262420266,33.6
8962.988314023276,33.4
9009.83797609319,33.2
9056.932521985234,33.0
9104.273231710486,33.0
9151.861391970657,33.0
9199.698296193066,33.0
9247.785244565785,33.0
9296.12354407301,32.9
9344.714508530542,32.9
9393.559458621517,32.8
9442.659721932305,32.7
9492.016632988581,32.5
9541.631533291613,32.3
9591.505771354708,32.0
9641.64070273987,31.8
9692.037690094652,31.6
9742.698103189163,31.3
9793.623318953358,31.0
9844.814721514387,30.7
9896.27370223427,30.4
9948.001659747684,30.1
10000.0,30.0
10052.270136285486,30.0
10104.813489285681,29.9
10157.6314871081,29.8
10210.725565324987,29.8
10264.09716701231,29.7
10317.747742788988,29.6
10371.678750856474,29.4
10425.891657038128,29.2
10480.387934819217,29.1
10535.16906538697,28.9
10590.236537670813,28.4
10645.591848382772,27.3
10701.236502058211,26.4
10757.172011096769,26.6
10813.399895803414,27.2
10869.921684429703,27.5
10926.73891321545,27.8
10983.85312643042,27.9
11041.265876416248,27.8
11098.978723628681,27.7
11156.993236680037,27.5
11215.310992381786,27.4
11273.933575787378,27.2
11332.862580235347,26.4
11392.099607392682,25.6
11451.646267298307,25.0
11511.504178406769,24.4
11571.674967632372,24.2
11632.16027039332,23.9
11692.961730656129,23.3
11754.08100098034,22.7
11815.519742563505,22.7
11877.27962528627,22.8
11939.362327757724,22.9
12001.76953736107,22.9
12064.50295029953,22.9
12127.56427164241,22.9
12190.95521537136,22.8
12254.677504427105,22.7
12318.732870756214,22.6
12383.123055358106,22.5
12447.849808332432,22.5
12512.914888926687,22.5
12578.320065583976,22.6
12644.067115991029,22.6
12710.157827126544,22.7
12776.593995309939,22.7
12843.377426249857,22.8
12910.50993509343,22.9
12977.99334647565,22.8
13045.829494568892,22.7
13114.020223132724,22.6
13182.567385564074,22.2
13251.472844947652,21.8
13320.738474106534,21.5
13390.366155652993,20.7
13460.35778203982,20.0
13530.715255611682,19.8
13601.440488656775,19.6
13672.535403458849,19.6
13744.001932349513,19.5
13815.842017760702,19.5
13888.057612277411,19.4
13960.650678690825,19.3
14033.62319005172,19.2
14106.977129724035,19.1
14180.714491438697,18.9
14254.837279347976,18.7
14329.347508079869,18.3
14404.247202792812,18.0
14479.538399230763,18.0
14555.223143778607,18.1
14631.303493517702,18.2
14707.78151628175,18.2
14784.65929071304,18.2
14861.938906319014,18.1
14939.622463529,18.0
15017.712073751207,17.9
15096.209859430292,17.7
15175.117954104964,17.4
15254.438502465904,16.9
15334.173660414117,16.3
15414.325595119602,15.4
15494.896485080177,14.4
15575.88852018064,13.9
15657.303901752315,13.7
15739.1448426331,13.5
15821.413567227246,13.3
15904.112311566014,12.1
15987.243323368504,10.5
16070.808862102673,9.9
16154.811199046684,9.7
16239.252617350698,9.5
16324.135412099,9.3
16409.461890372313,9.2
16495.23437131044,9.0
16581.455186175313,8.9
16668.12667841462,8.6
16755.251203725067,8.2
