10.0,3.4
10.052270136285475,3.5
10.104813489285682,3.5
10.157631487108103,3.5
10.210725565324982,3.5
10.264097167012295,3.6
10.317747742789004,3.9
10.371678750856479,4.0
10.425891657038118,4.1
10.480387934819216,4.2
10.535169065386981,4.2
10.590236537670812,4.4
10.64559184838276,4.5
10.701236502058206,4.4
10.757172011096776,4.3
10.813399895803409,4.2
10.869921684429707,4.2
10.926738913215466,4.3
10.98385312643042,4.3
11.041265876416237,4.4
11.098978723628681,4.5
11.156993236680048,4.6
11.215310992381788,4.6
11.27393357578736,4.7
11.332862580235341,4.8
11.392099607392687,4.9
11.451646267298301,5.0
11.511504178406776,5.1
11.571674967632385,5.1
11.632160270393321,5.2
11.692961730656117,5.3
11.75408100098034,5.3
11.815519742563518,5.4
11.87727962528627,5.5
11.939362327757706,5.5
12.001769537361062,5.6
12.064502950299536,5.6
12.127564271642404,5.7
12.190955215371359,5.8
12.254677504427118,5.8
12.318732870756214,5.9
12.383123055358094,6.0
12.447849808332432,6.1
12.5129148889267,6.2
12.578320065583968,6.3
12.644067115991009,6.4
12.710157827126565,6.5
12.776593995309947,6.5
12.843377426249843,6.6
12.910509935093431,6.6
12.977993346475664,6.7
13.045829494568892,6.7
13.11402022313271,6.7
13.182567385564074,6.8
13.251472844947658,6.8
13.320738474106527,6.9
13.390366155653,7.0
13.460357782039841,7.1
13.530715255611682,7.1
13.601440488656761,7.2
13.672535403458848,7.2
13.744001932349526,7.3
13.815842017760701,7.3
13.888057612277397,7.3
13.960650678690818,7.4
14.033623190051728,7.5
14.10697712972403,7.6
14.180714491438705,7.7
14.25483727934799,7.8
14.32934750807987,7.9
14.404247202792797,8.0
14.479538399230764,8.0
14.55522314377862,8.1
14.631303493517702,8.1
14.707781516281727,8.2
14.784659290713032,8.2
14.861938906319022,8.3
14.939622463528993,8.3
15.017712073751214,8.4
15.096209859430308,8.5
15.175117954104964,8.6
15.254438502465888,8.7
15.334173660414118,8.8
15.414325595119617,8.9
15.494896485080169,9.0
15.575888520180618,9.1
15.65730390175234,9.1
15.73914484263311,9.2
15.821413567227237,9.2
15.904112311566013,9.2
15.98724332336852,9.2
16.070808862102673,9.2
16.154811199046666,9.3
16.239252617350697,9.3
16.324135412099007,9.4
16.409461890372306,9.5
16.495234371310413,9.6
16.58145518617534,9.6
16.668126678414627,9.7
16.755251203725052,9.8
16.84283113011666,9.9
16.930868837977105,10.0
17.01936672013636,10.1
17.108327181931763,10.1
17.197752641273365,10.2
17.28764552870969,10.3
17.378008287493753,10.3
17.4688433736495,10.4
17.560153256038525,10.5
17.651940416427212,10.5
17.744207349554188,10.5
17.836956563198083,10.6
17.93019057824573,10.6
18.023911928760675,10.7
18.118123162052047,10.8
18.21282683874379,10.9
18.30802553284428,11.0
18.403721831816252,11.0
18.499918336647156,11.1
18.59661766191982,11.2
18.69382243588356,11.3
18.791535300525574,11.4
18.889758911642755,11.4
18.98849593891389,11.5
19.08774906597221,11.5
19.187520990478333,11.6
19.287814424193606,11.6
19.388632093053765,11.7
19.48997673724305,11.7
19.591851111268685,11.8
19.69425798403576,11.8
19.79720013892245,11.9
19.90068037385568,11.9
20.004701501387192,12.1
20.109266348769967,12.2
20.214377758035074,12.3
20.320038586068932,12.4
20.426251704690927,12.4
20.533020000731486,12.5
20.64034637611054,12.6
20.748233747916412,12.6
20.856685048485062,12.7
20.965703225479817,12.8
21.075291241971485,12.9
21.185452076518878,12.9
21.296188723249774,13.0
21.407504191942323,13.0
21.519401508106792,13.1
21.631883713067854,13.1
21.744953864047204,13.2
21.858615034246718,13.2
21.972870312931903,13.3
22.087722805515906,13.4
22.203175633643916,13.4
22.319231935278008,13.5
22.435894864782412,13.6
22.553167593009288,13.7
22.671053307384867,13.8
22.789555211996095,13.9
22.908676527677724,14.0
23.028420492099883,14.0
23.148790359856015,14.0
23.26978940255137,14.1
23.391420908891938,14.2
23.51368818477381,14.3
23.63659455337303,14.3
23.760143355235964,14.3
23.884337948370025,14.4
24.009181708334992,14.4
24.134678028334722,14.5
24.260830319309434,14.6
24.387642010028344,14.7
24.515116547182902,14.7
24.64325739548046,14.7
24.772068037738443,14.8
24.901551974979007,14.8
25.031712726524198,14.9
25.162553830091625,15.0
25.294078841890578,15.1
25.426291336718684,15.2
25.559194908059133,15.2
25.692793168178262,15.3
25.827089748223784,15.3
25.96208829832347,15.4
26.097792487684362,15.4
26.234206004692496,15.5
26.371332557013133,15.5
26.5091758716916,15.6
26.647739695254497,15.6
26.787027793811582,15.7
26.9270439531581,15.7
27.06779197887776,15.8
27.209275696446046,15.9
27.351498951334275,16.0
27.494465609114105,16.1
27.638179555562576,16.2
27.782644696767733,16.3
27.92786495923483,16.3
28.07384428999299,16.4
28.220586656702505,16.5
28.368096047762684,16.5
28.516376472420284,16.6
28.66543196087842,16.6
28.815266564406134,16.7
28.965884355448516,16.7
29.11728942773738,16.8
29.26948589640251,16.9
29.42247789808359,17.0
29.57626959104251,17.0
29.730865155276486,17.1
29.88626879263161,17.2
30.04248472691713,17.2
30.19951720402016,17.3
30.357370492021133,17.4
30.516048881309793,17.5
30.675556684701824,17.6
30.835898237556027,17.7
30.99707789789224,17.7
31.15910004650967,17.8
31.321969087106055,17.8
31.485689446397288,17.8
31.650265574237824,17.8
31.815701943741516,17.9
31.98200305140326,18.0
32.14917341722119,18.0
32.31721758481955,18.0
32.486140121572134,18.1
32.655945618726484,18.1
32.82663869152868,18.2
32.99822397934869,18.3
33.170706145806605,18.3
33.34408987889928,18.4
33.51837989112781,18.4
33.69358091962557,18.5
33.86969772628702,18.7
34.04673509789711,18.8
34.224697846261364,18.9
34.40359080833668,19.0
34.58341884636283,19.0
34.764186847994516,19.1
34.94589972643436,19.1
35.12856242056629,19.2
35.312179895089876,19.2
35.496757140655234,19.3
35.68229917399868,19.3
35.86881103807908,19.4
36.05629780221492,19.4
36.24476456222205,19.5
36.434216440552284,19.6
36.6246585864325,19.7
36.81609617600466,19.8
37.00853441246656,19.8
37.2019785262131,19.9
37.39643377497855,20.0
37.591905443979435,20.0
37.788398846058186,20.1
37.985919321827524,20.2
38.184472239815605,20.2
38.384062996612016,20.2
38.584697017014335,20.2
38.786379754175634,20.3
38.98911668975273,20.3
39.1929133340551,20.4
39.39777522619469,20.4
39.60370793423646,20.5
39.810717055349734,20.5
40.0188082159603,20.6
40.227987071903335,20.6
40.43825930857721,20.7
40.64963064109788,20.8
40.8621068144543,20.9
41.075693603664625,21.0
41.29039681393302,21.1
41.506222280807584,21.2
41.72317587033889,21.3
41.94126347923944,21.3
42.16049103504393,21.4
42.38086449627034,21.5
42.60238985258197,21.5
42.825073124950116,21.6
43.04892036581776,21.6
43.27393765926414,21.7
43.500131121170035,21.7
43.727506899384,21.8
43.956071173889484,21.8
44.18583015697281,21.9
44.416790093392,22.0
44.648957260546474,22.1
44.88233796864779,22.1
45.116938560890986,22.1
45.35276541362708,22.1
45.58982493653644,22.1
45.82812357280281,22.2
46.067667799288614,22.3
46.308464126710895,22.4
46.55051909981832,22.4
46.793839297569036,22.5
47.03843133330949,22.6
47.28430185495417,22.7
47.531457545166376,22.8
47.77990512153967,22.8
48.02965133678067,22.9
48.28070297889241,22.9
48.53306687135893,23.0
48.78674987333074,23.0
49.041758879811184,23.1
49.298100821843896,23.2
49.55578266670119,23.3
49.81481141807335,23.3
50.07519411625915,23.3
50.336937838356974,23.3
50.60004969845742,23.3
50.86453684783644,23.4
51.13040647514984,23.5
51.39766580662862,23.6
51.66632210627541,23.6
51.93638267606184,23.7
52.20785485612707,23.8
52.48074602497726,23.8
52.75506359968615,23.9
53.030815036096584,24.0
53.308007829023246,24.1
53.58664951245627,24.1
53.866747659766084,24.2
54.148309883909214,24.2
54.431343837635225,24.2
54.7158572136947,24.2
55.00185774504835,24.2
55.28935320507712,24.3
55.57835140779364,24.3
55.86886020805435,24.4
56.160887501773274,24.4
56.45444122613637,24.5
56.74952935981742,24.5
57.04615992319485,24.5
57.34434097856969,24.5
57.64408063038476,24.6
57.94538702544487,24.7
58.24826835313831,24.7
58.552732845659456,24.7
58.85878877823242,24.7
59.166444469336014,24.7
59.475708280929936,24.7
59.786588618681876,24.9
60.0990939321961,25.0
60.41323271524305,25.0
60.72901350599024,25.0
61.046444887234294,25.0
61.365535486634215,25.0
61.686293976945976,25.0
62.008729076258064,25.0
62.332849548228545,25.0
62.658664202323344,25.0
62.98618189405547,25.0
63.315411525225876,25.0
63.64636204416533,25.0
63.979042445977655,25.0
64.31346177278421,25.0
64.64962911396958,25.0
64.98755360642885,25.0
65.32724443481563,25.0
65.66871083179183,25.0
66.01196207827876,25.0
66.35700750370908,25.0
66.7038564862806,25.0
67.05251845321108,25.0
67.40300288099445,25.0
67.75531929565844,25.0
68.1094772730234,25.0
68.46548643896274,25.1
68.82335646966433,25.2
69.18309709189363,25.2
69.54471808325809,25.2
69.90822927247277,25.2
70.27364053962762,25.2
70.6409618164559,25.2
71.01020308660422,25.2
71.38137438590384,25.2
71.75448580264342,25.2
72.12954747784322,25.3
72.50656960553087,25.4
72.88556243301818,25.4
73.26653626117992,25.4
73.64950144473359,25.4
74.03446839252094,25.4
74.42144756779092,25.4
74.810449488484,25.5
75.20148472751808,25.5
75.59456391307583,25.6
75.98969772889355,25.7
76.38689691455168,25.7
76.78617226576647,25.8
77.18753463468363,25.8
77.59099493017311,25.9
77.99656411812569,26.1
78.404253221751,26.2
78.8140733218772,26.2
79.226035557252,26.3
79.64015112484554,26.3
80.05643128015467,26.4
80.47488733750892,26.5
80.89553067037787,26.6
81.31837271168051,26.6
81.74342495409579,26.6
82.170698950375,26.7
82.60020631365589,26.7
83.03195871777821,26.8
83.46596789760103,26.8
83.90224564932171,26.9
84.34080383079642,27.0
84.78165436186265,27.1
85.22480922466286,27.1
85.67028046397054,27.1
86.11808018751721,27.2
86.56822056632171,27.3
87.020713835021,27.3
87.47557229220259,27.3
87.93280830073893,27.3
88.39243428812335,27.3
88.85446274680783,27.3
89.31890623454267,27.3
89.78577737471758,27.3
90.25508885670492,27.3
90.72685343620469,27.3
91.20108393559097,27.3
91.67779324426061,27.3
92.15699431898352,27.3
92.63870018425483,27.2
93.12292393264887,27.1
93.60967872517497,27.1
94.09897779163542,27.1
94.5908344309847,27.1
95.0852620116911,27.1
95.58227397210023,27.0
96.08188382079996,26.9
96.5841051369878,26.8
97.08895157083991,26.8
97.59643684388209,26.7
98.10657474936274,26.7
98.61937915262773,26.6
99.13486399149741,26.5
99.65304327664518,26.3
100.17393109197839,26.2
100.69754159502135,26.1
101.22388901729977,26.0
101.75298766472777,25.9
102.28485191799675,25.9
102.81949623296607,25.9
103.35693514105618,25.9
103.89718324964329,25.9
104.44025524245698,25.9
104.98616587997819,25.8
105.53492999984189,25.7
106.08656251723878,25.7
106.64107842532215,25.7
107.19849279561431,25.7
107.75882077841675,25.7
108.32207760322176,25.7
108.88827857912626,25.7
109.45743909524856,25.7
110.02957462114523,25.7
110.60470070723336,25.8
111.18283298521138,25.8
111.76398716848561,25.9
112.3481790525961,26.0
112.93542451564652,26.1
113.5257395187356,26.2
114.11914010639099,26.2
114.71564240700522,26.2
115.3152626332741,26.2
115.91801708263789,26.2
116.52392213772293,26.2
117.13299426678874,26.2
117.74525002417371,26.2
118.36070605074681,26.3
118.97937907435858,26.3
119.60128591029638,26.4
120.22644346174131,26.5
120.85486872022751,26.6
121.4865787661046,26.6
122.12159076900052,26.8
122.75992198829012,26.9
123.40158977356222,27.1
124.04661156509306,27.2
124.69500489431896,27.4
125.34678738431336,27.5
126.00197675026583,27.6
126.6605907999634,27.7
127.3226474342747,27.7
127.98816464763628,27.8
128.6571605285424,27.9
129.32965326003517,27.9
130.00566112020084,28.0
130.68520248266435,28.1
131.36829581709074,28.2
132.05495968968575,28.3
132.74521276370103,28.4
133.43907379994133,28.4
134.1365616572744,28.5
134.83769529314347,28.6
135.54249376408254,28.7
136.25097622623485,28.8
136.96316193587217,28.9
137.67907024992007,28.9
138.39872062648203,29.0
139.1221326253702,29.0
139.84932590863562,29.0
140.58032024110324,29.0
141.31513549090906,29.0
142.05379163003997,29.1
142.7963087348772,29.2
143.5427069867405,29.3
144.29300667243896,29.3
145.04722818481977,29.3
145.80539202332486,29.3
146.56751879454652,29.4
147.333629212788,29.5
148.1037441006266,29.5
148.87788438947953,29.5
149.65607112017267,29.5
150.43832544351253,29.5
151.2246686208618,29.6
152.01512202471548,29.7
152.80970713928414,29.7
153.6084455610754,29.7
154.41135899948313,29.7
155.218469277376,29.7
156.02979833169113,29.7
156.8453682140304,29.7
157.66520109125955,29.7
158.48931924611142,29.6
159.3177450777899,29.6
160.15050110258113,29.5
160.9876099544629,29.5
161.82909438572216,29.4
162.67497726757185,29.4
163.52528159077312,29.3
164.38003046626017,29.3
165.23924712576837,29.3
166.1029549224657,29.3
166.97117733158728,29.4
167.8439379510743,29.4
168.72126050221348,29.5
169.60316883028446,29.6
170.48968690520502,29.7
171.38083882218535,29.8
172.27664880238083,29.9
173.17714119355136,29.9
174.08234047072295,30.0
174.99227123685273,30.0
175.9069582234984,30.0
176.82642629148881,30.0
177.75070043160196,30.0
178.67980576524164,30.1
179.61376754512278,30.2
180.55261115595593,30.2
181.49636211513797,30.2
182.44504607344558,30.2
183.39868881573247,30.2
184.35731626163007,30.2
185.3209544662519,30.2
186.28962962090262,30.2
187.26336805378796,30.2
188.24219623073301,30.2
189.2261407558986,30.2
190.21522837250714,30.1
191.20948596356752,30.0
192.20894055260666,30.0
193.21361930440384,30.0
194.22354952572874,30.0
195.2387586660848,30.0
196.25927431845295,29.9
197.28512422004457,29.8
198.31633625305224,29.7
199.35293844541056,29.6
200.39495897155572,29.6
201.4424261531923,29.5
202.4953684600627,29.4
203.55381451072122,29.4
204.6177930733116,29.3
205.6873330663489,29.3
206.76246355950653,29.2
207.84321377440395,29.2
208.92961308540407,29.2
210.02169102040844,29.2
211.11947726166272,29.2
212.22300164656127,29.2
213.33229416845913,29.2
214.447384977487,29.2
215.5683043813707,29.2
216.69508284625502,29.2
217.8277509975314,29.2
218.9663396206716,29.2
220.1108796620618,29.2
221.26140222984722,29.2
222.41793859477394,29.2
223.5805201910423,29.2
224.74917861715863,29.2
225.9239456367954,29.2
227.10485317965416,29.2
228.29193334233327,29.2
229.48521838920135,29.2
230.68474075327168,29.1
231.89053303708724,29.1
233.102628013603,29.0
234.32105862708036,29.0
235.5458579939798,28.9
236.77705940386227,28.9
238.0146963202937,28.8
239.25880238175446,28.7
240.50941140255387,28.6
241.76655737374873,28.5
243.03027446406858,28.5
244.30059702084168,28.5
245.57755957093218,28.5
246.86119682167464,28.5
248.1515436618211,28.5
249.44863516248657,28.4
250.75250657810346,28.3
252.0631933473797,28.3
253.3807310942614,28.3
254.7051556289027,28.3
256.03650294863604,28.3
257.3748092389545,28.3
258.72011087449107,28.2
260.0724444200114,28.2
261.4318466314045,28.1
262.79835445668317,28.1
264.17200503698814,28.0
265.5528357075972,28.0
266.94088399894025,28.0
268.336187637619,28.0
269.7387845474336,28.0
271.1487128504106,28.0
272.56601086784315,27.9
273.9907171213279,27.9
275.4228703338166,27.8
276.86250943066517,27.8
278.30967354069315,27.8
279.764401997247,27.7
281.2267343392687,27.7
282.6967103123723,27.6
284.1743698699204,27.6
285.65975317411466,27.5
287.152900597083,27.4
288.6538527219809,27.3
290.16265034409145,27.3
291.67933447193553,27.3
293.203946328386,27.3
294.7365273517884,27.2
296.27711919708696,27.1
297.8257637369567,27.1
299.38250306294265,27.1
300.947379486601,27.1
302.52043554065347,27.1
304.1017139801383,27.1
305.69125778357716,27.1
307.2891101541398,27.1
308.8953145208197,27.1
310.5099145396145,27.1
312.1329540947119,27.1
313.76447729968413,27.1
315.40452849868336,27.0
317.0531522676519,27.0
318.71039341552853,26.9
320.3762969854716,26.9
322.05090825607795,26.9
323.7342727426186,26.9
325.4264361982722,26.9
327.1274446153702,26.9
328.83734422664674,26.9
330.55618150649445,26.9
332.28400317222986,26.9
334.02085618535915,26.9
335.76678775285944,26.9
337.52184532845695,26.9
339.28607661392135,26.9
341.0595295603587,26.8
342.84225236951676,26.7
344.63429349509414,26.7
346.4357016440579,26.7
348.24652577796684,26.7
350.06681511430224,26.7
351.8966191278073,26.7
353.7359875518278,26.7
355.5849703796693,26.7
357.44361786595016,26.7
359.3119805279728,26.7
361.1901091470929,26.7
363.0780547701014,26.7
364.9758687106112,26.7
366.8836025504522,26.7
368.80130814107446,26.7
370.72903760495365,26.7
372.66684333701346,26.7
374.6147780060434,26.7
376.57289455613636,26.7
378.54124620812286,26.7
380.5198864610201,26.7
382.50886909348526,26.7
384.5082481652772,26.7
386.51807801872604,26.7
388.53841328020957,26.7
390.56930886163985,26.7
392.6108199619517,26.8
394.6630020686084,26.9
396.7259109591041,26.9
398.7996027024853,26.9
400.8841336608706,26.9
402.9795604909844,26.9
405.0859401456969,26.9
407.20332987557106,26.9
409.331787230421,26.9
411.4713700608718,27.0
413.6221365199375,27.1
415.78414506459575,27.1
417.95745445738237,27.1
420.1421237679842,27.1
422.33821237484636,27.1
424.5457799667861,27.1
426.76488654461485,27.1
428.9955924227691,27.1
431.23795823094935,27.1
433.49204491576995,27.1
435.7579137424112,27.1
438.0356262962907,27.1
440.3252444847303,27.1
442.62683053864555,27.1
444.9404470142319,27.1
447.2661567946673,27.1
449.60402309182115,27.1
451.9541094479714,27.1
454.3164797375345,27.1
456.6911981687959,27.1
459.0783292856624,27.1
461.4779379694089,27.1
463.89008944044906,27.1
466.31484926010245,27.2
468.7522833323791,27.3
471.20245790577025,27.3
473.6654395750488,27.3
476.14129528307956,27.3
478.630092322638,27.3
481.1318983382419,27.3
483.6467813279844,27.5
486.1748096453894,27.6
488.7160520012619,27.6
491.27057746556244,27.6
493.8384554692794,27.6
496.4197558063182,27.6
499.01454863539806,27.6
501.6229044819588,27.6
504.24489424007766,27.6
506.88058917439554,27.6
509.53006092205686,27.6
512.1933814946506,27.6
514.8706232801756,27.6
517.5618590449992,27.6
520.2671619358439,27.6
522.9866054817683,27.6
525.7202635961694,27.7
528.4682105787901,27.8
531.230521117739,27.8
534.0072702915224,27.8
536.7985335710792,27.8
539.6043868218401,27.8
542.4249063057814,27.8
545.2601686835053,27.8
548.1102510163182,27.8
550.9752307683272,27.9
553.8551858085453,28.0
556.7501944130083,28.0
559.6603352669016,28.0
562.5856874666987,28.0
565.5263305223134,28.0
568.4823443592555,28.0
571.4538093208106,28.0
574.4408061702153,28.0
577.4434160928608,28.0
580.4617206984933,28.0
583.4958020234345,28.0
586.5457425328113,28.1
589.6116251227962,28.1
592.6935331228639,28.1
595.7915502980484,28.1
598.9057608512304,28.1
602.0362494254149,28.1
605.1831011060411,28.1
608.3464014232891,28.2
611.5262363544065,28.3
614.7226923260454,28.3
617.9358562166111,28.3
621.1658153586235,28.3
624.4126575410903,28.3
627.6764710118958,28.3
630.957344480193,28.3
634.2553671188238,28.3
637.5706285667327,28.3
640.9032189314127,28.3
644.2532287913472,28.4
647.6207491984753,28.5
651.0058716806659,28.5
654.4086882442045,28.5
657.8292913762976,28.5
661.2677740475787,28.5
664.7242297146454,28.5
668.1987523225889,28.5
671.6914363075575,28.5
675.2023765993158,28.6
678.7316686238282,28.7
682.2794083058518,28.8
685.8456920715438,28.8
689.4306168510824,28.8
693.0342800813003,28.8
696.6567797083366,28.8
700.2982141902914,28.8
703.9586824999124,28.8
707.6382841272731,28.8
711.3371190824884,28.8
715.0552878984242,28.8
718.7928916334344,28.8
722.5500318741055,28.8
726.3268107380181,28.8
730.123330876526,28.8
733.9396954775374,28.8
737.7760082683312,28.8
741.6323735183645,28.8
745.508896042117,28.8
749.4056812019327,28.8
753.3228349108862,28.8
757.2604636356614,28.9
761.2186743994453,28.9
765.1975747848361,29.0
769.1972729367671,29.0
773.2178775654501,29.0
777.2594979493206,29.0
781.3222439380205,29.0
785.406225955371,29.0
789.5115550023859,29.0
793.6383426602791,29.0
797.7867010935024,29.0
801.9567430527921,29.0
806.1485818782347,29.0
810.3623315023465,29.0
814.59810645317,29.0
818.8560218573906,29.0
823.1361934434566,29.1
827.4387375447371,29.1
831.7637711026708,29.2
836.1114116699566,29.2
840.4817774137397,29.2
844.8749871188272,29.2
849.2911601909162,29.2
853.7304166598383,29.2
858.1928771828257,29.2
862.6786630477819,29.2
867.1878961765907,29.3
871.7206991284164,29.3
876.2771951030477,29.3
880.8575079442367,29.3
885.4617621430697,29.3
890.0900828413493,29.3
894.742595834996,29.3
899.4194275774676,29.3
904.1207051831946,29.3
908.8465564310401,29.3
913.5971097677627,29.3
918.3724943115215,29.3
923.1728398553701,29.3
927.998276870799,29.3
932.8489365112713,29.3
937.7249506157918,29.3
942.6264517124897,29.3
947.5535730222193,29.2
952.5064484621864,29.2
957.4852126495767,29.2
962.4900009052299,29.2
967.5209492573013,29.2
972.5781944449744,29.1
977.6618739221665,29.1
982.772125861269,29.1
987.9090891569025,29.1
993.0729034296917,29.2
998.26370903006,29.2
1003.4816470420445,29.2
1008.7268592871307,29.2
1013.9994883281055,29.2
1019.2996774729368,29.3
1024.627570778662,29.3
1029.9833130553077,29.4
1035.3670498698243,29.4
1040.778927550043,29.5
1046.219093188652,29.5
1051.687694647196,29.6
1057.1848805600926,29.7
1062.7108003386745,29.7
1068.2656041752484,29.7
1073.849443047181,29.9
1079.4624687209969,30.0
1085.104833756507,30.0
1090.7766915109553,30.0
1096.4781961431852,30.0
1102.2095026178308,30.0
1107.9707667095288,30.0
1113.7621450071517,30.0
1119.5837949180645,30.0
1125.4358746724013,30.0
1131.3185433273702,30.0
1137.231960771571,30.0
1143.1762877293438,30.0
1149.1516857651375,30.0
1155.1583172879002,30.0
1161.1963455554942,30.0
1167.2659346791324,30.0
1173.3672496278396,30.0
1179.5004562329357,30.0
1185.6657211925422,30.0
1191.8632120761172,29.9
1198.0930973290035,29.8
1204.355546277011,29.6
1210.650729131018,29.5
1216.9788169915967,29.5
1223.3399818536654,29.6
1229.7343966111616,29.7
1236.162235061742,29.7
1242.6236719115057,29.7
1249.1188827797416,29.7
1255.6480442037073,29.7
1262.2113336434193,29.7
1268.8089294864806,29.7
1275.4410110529293,29.7
1282.1077586001115,29.7
1288.8093533275808,29.7
1295.5459773820237,29.7
1302.3178138622095,29.6
1309.1250468239675,29.5
1315.967861285188,29.5
1322.8464432308563,29.5
1329.7609796180998,29.5
1336.7116583812742,29.4
1343.6986684370715,29.4
1350.7221996896535,29.3
1357.782443035813,29.3
1364.879590370164,29.2
1372.0138345903551,29.2
1379.1853696023147,29.1
1386.3943903255179,29.1
1393.6410926982915,29.0
1400.9256736831292,29.0
1408.248331272053,29.0
1415.6092644919916,29.0
1423.0086734101894,28.9
1430.4467591396458,28.8
1437.9237238445805,28.8
1445.439770745928,28.9
1452.9951041268616,29.0
1460.589929338344,29.0
1468.224452804715,29.0
1475.898882029292,29.0
1483.6134256000173,29.0
1491.3682931951248,29.1
1499.1636955888393,29.2
1506.999844657106,29.2
1514.8769533833477,29.2
1522.7952358642551,29.2
1530.754907315605,29.2
1538.7561840781082,29.2
1546.799283623296,29.2
1554.8844245594228,29.2
1563.0118266374113,29.3
1571.181710756826,29.3
1579.3942989718767,29.4
1587.649814497453,29.4
1595.9484817151922,29.5
1604.2905261795772,29.5
1612.6761746240677,29.5
1621.1056549672617,29.6
1629.5791963190893,29.7
1638.097028987047,29.7
1646.6593844824454,29.7
1655.266495526711,29.7
1663.9185960577072,29.7
1672.6159212360947,29.7
1681.3587074517213,29.7
1690.1471923300487,29.7
1698.9816147386093,29.7
1707.8622147934998,29.7
1716.789233865905,29.7
1725.7629145886658,29.7
1734.7835008628629,29.7
1743.8512378644525,29.7
1752.9663720509295,29.6
1762.1291511680254,29.6
1771.3398242564415,29.5
1780.598641658619,29.5
1789.9058550255418,29.4
1799.2617173235774,29.3
1808.6664828413498,29.3
1818.1204071966588,29.2
1827.6237473434162,29.2
1837.1767615786375,29.2
1846.7797095494598,29.1
1856.4328522602,29.0
1866.1364520794475,28.9
1875.8907727471963,28.8
1885.6960793820124,28.8
1895.552638488241,28.7
1905.4607179632462,28.6
1915.4205871047022,28.5
1925.4325166178992,28.3
1935.4967786231095,28.2
1945.6136466629825,28.1
1955.783395709978,28.0
1966.006302173841,28.0
1976.282643909114,27.9
1986.6127002226892,27.9
1996.996751881399,27.8
2007.4350811196462,27.8
2017.927971647083,27.8
2028.4757086563097,27.8
2039.078578830634,27.8
2049.736870351861,27.7
2060.4508729081267,27.6
2071.22087770177,27.5
2082.0471774572497,27.5
2092.9300664290977,27.4
2103.8698404099196,27.3
2114.8667967384304,27.2
2125.9212343075446,27.1
2137.0334535724887,27.0
2148.2037565589744,27.0
2159.4324468714053,26.9
2170.71982970113,26.9
2182.0662118347364,26.8
2193.4719016623894,26.7
2204.937209186215,26.6
2216.4624460287228,26.5
2228.0479254412767,26.5
2239.6939623126154,26.4
2251.4008731773993,26.3
2263.168976224821,25.9
2274.9985913072546,25.3
2286.890039948944,25.1
2298.843645354747,24.9
2310.8597324189163,24.7
2322.9386277339318,24.5
2335.0806595993763,24.2
2347.2861580308577,24.0
2359.5554547689862,23.9
2371.8888832883777,23.8
2384.2867788067265,23.6
2396.7494782939148,23.4
2409.2773204811715,23.1
2421.8706458702773,22.4
2434.5297967428205,21.8
2447.2551171695004,22.2
2460.0469530194778,22.7
2472.905651969775,22.8
2485.8315635147337,22.9
2498.825038975499,22.9
2511.88643150958,23.0
2525.0160961204438,23.0
2538.2143896671673,23.0
2551.481670874133,23.0
2564.8183003407817,23.0
2578.224640551411,23.0
2591.7010558850307,23.0
2605.247912625263,23.0
2618.8655789702975,22.9
2632.5544250429093,22.9
2646.314822900502,22.8
2660.14714654523,22.8
2674.051771934164,22.8
2688.029076989506,22.7
2702.079441608862,22.7
2716.20324767557,22.6
2730.400879069075,22.6
2744.6727216753675,22.5
2759.0191633974646,22.4
2773.440594165967,22.2
2787.9374059496395,22.2
2802.509992766076,22.1
2817.1587506924047,22.1
2831.8840778760564,22.0
2846.686374545581,21.9
2861.5660430215316,21.7
2876.5234877273942,21.7
2891.5591152005823,21.7
2906.6733341034837,21.7
2921.8665552345788,21.7
2937.139191539587,21.6
2952.4916581227058,21.6
2967.9243722578863,21.6
2983.4377534001765,21.6
2999.0322231971227,21.6
3014.7082055002275,21.6
3030.466126376471,21.6
3046.306414119893,21.7
3062.229499263226,21.7
3078.2358145896155,21.8
3094.325795144359,21.8
3110.4998782467446,21.9
3126.7585035019356,21.9
3143.1021128129173,21.9
3159.5311503925072,21.9
3176.0460627754296,21.9
3192.6472988304513,21.9
3209.335309772584,21.9
3226.1105491753406,21.9
3242.973472983081,21.9
3259.924539523382,21.9
3276.9642095195077,21.9
3294.0929461029286,21.9
3311.311214825911,21.9
3328.6194836741684,21.8
3346.018223079582,21.8
3363.507905932988,21.7
3381.089007597027,21.6
3398.762005919066,21.6
3416.527381244194,21.5
3434.385616428264,21.5
3452.337196851022,21.4
3470.382610429304,21.4
3488.5223476302926,21.3
3506.7569014848486,21.2
3525.0867676009134,21.0
3543.512444176976,20.9
3562.034432015617,20.8
3580.6532345371147,20.7
3599.369357793143,20.5
3618.1833104805046,20.3
3637.095603954969,20.1
3656.1067522451726,19.9
3675.2172720665826,19.7
3694.4276828355482,19.5
3713.738506683413,19.3
3733.1502684707093,19.1
3752.6634958014215,18.9
3772.2787190373247,18.7
3791.9964713124127,18.5
3811.817288547367,18.3
3831.7417094641373,18.1
3851.7702756005806,17.9
3871.9035313251793,17.7
3892.1420238518376,17.5
3912.4863032547537,17.3
3932.936922483372,17.1
3953.4944373774106,16.9
3974.1594066819653,16.8
3994.9323920627126,16.7
4015.8139581211503,16.4
4036.8046724099613,16.1
4057.9051054484326,16.0
4079.115830737964,15.9
4100.437424777656,15.8
4121.870467079975,15.7
4143.41554018651,15.4
4165.0732296838005,15.2
4186.844124219257,15.0
4208.728815517151,14.8
4230.72789839472,14.7
4252.841970778305,14.5
4275.071633719623,14.2
4297.417491412092,13.8
4319.880151207261,13.5
4342.460223631314,13.3
4365.158322401661,13.2
4387.975064443623,13.1
4410.911069907196,12.6
4433.9669621839075,12.1
4457.1433679237725,11.8
4480.4409170523,11.7
4503.860242787635,11.5
4527.40198165776,11.4
4551.0667735177985,10.9
4574.855261567406,10.3
4598.768092368251,10.0
4622.80591586159,9.6
4646.969385385929,9.1
4671.25915769478,7.5
4695.675892974527,6.3
4720.220254862348,7.5
4744.892910464259,8.7
4769.694530373255,10.6
4794.625788687525,12.5
4819.68736302878,12.9
4844.87993456067,13.5
4870.204188007296,14.2
4895.660811671819,14.8
4921.250497455168,15.2
4946.973940874864,15.6
4972.8318410838865,16.0
4998.824900889706,16.4
5024.953826773381,16.6
5051.219328908747,16.8
5077.622121181736,16.9
5104.162921209768,17.0
5130.842450361258,17.1
5157.661433775227,17.3
5184.620600380999,17.5
5211.720682918039,17.6
5238.962417955835,17.7
5266.346545913939,17.7
5293.873811082085,17.9
5321.544961640422,18.0
5349.360749679845,18.0
5377.321931222439,18.0
5405.429266242027,18.0
5433.683518684824,17.9
5462.085456490198,17.9
5490.635851611563,17.8
5519.335480037329,17.7
5548.185121812011,17.3
5577.185561057427,16.8
5606.337585994012,16.6
5635.641988962242,16.5
5665.0995664441625,16.3
5694.7111190850455,16.2
5724.477451715144,15.9
5754.399373371566,15.1
5784.477697320285,14.3
5814.713241078208,13.9
5845.10682643542,13.6
5875.659279477514,13.4
5906.371430608045,13.2
5937.244114571097,12.9
5968.278170473975,12.6
5999.4744418100045,12.2
6030.833776481469,11.9
6062.357026822636,11.5
6094.045049622959,11.2
6125.898706150321,11.0
6157.918862174471,10.8
6190.106387990547,10.6
6222.462158442733,10.4
6254.987052948034,10.4
6287.681955520183,10.4
6320.547754793659,10.5
6353.585344047851,10.5
6386.795621231329,10.6
6420.179488986247,10.6
6453.7378546729,10.7
6487.471630394349,10.8
6521.381733021235,10.8
6555.469084216698,10.9
6589.734610461422,11.0
6624.179243078815,11.1
6658.80391826033,11.1
6693.609577090902,11.2
6728.597165574533,11.4
6763.767634659991,11.5
6799.1219402666875,11.6
6834.661043310619,11.7
6870.385909730507,11.8
6906.297510514049,11.9
6942.39682172431,12.1
6978.684824526248,12.3
7015.162505213385,12.4
7051.830855234612,12.6
7088.690871221135,12.8
7125.7435550135615,13.0
7162.989913689153,13.1
7200.430959589155,13.2
7238.067710346342,13.4
7275.901188912673,13.5
7313.932423587085,13.6
7352.162448043451,13.8
7390.59230135867,14.0
7429.22302804091,14.1
7468.055678057999,14.3
7507.091306865953,14.4
7546.330975437692,14.5
7585.775750291836,14.7
7625.426703521717,15.0
7665.284912824515,15.2
7705.351461530549,15.4
7745.627438632719,15.5
7786.113938816104,15.7
7826.81206248772,15.9
7867.722915806424,16.0
7908.847610712972,16.2
7950.187264960275,16.4
7991.743002143727,16.6
8033.515951731782,16.7
8075.507249096639,16.7
8117.718035545101,16.8
8160.149458349601,16.8
8202.80267077938,16.9
8245.67883213183,16.9
8288.77910776401,16.8
8332.104669124305,16.7
8375.656693784302,16.7
8419.436365470749,16.7
8463.444874097753,16.9
8507.683415799123,17.0
8552.153192960874,17.1
8596.855414253905,17.2
8641.791294666864,17.3
8686.962055539152,17.5
8732.36892459413,17.7
8778.01313597248,17.9
8823.895930265779,18.0
8870.018554550163,18.0
8916.382262420266,18.0
8962.988314023276,18.2
9009.83797609319,18.3
9056.932521985234,18.3
9104.273231710486,18.3
9151.861391970657,18.2
9199.698296193066,18.2
9247.785244565785,18.1
9296.12354407301,18.1
9344.714508530542,18.0
9393.559458621517,17.9
9442.659721932305,17.8
9492.016632988581,17.8
9541.631533291613,17.8
9591.505771354708,17.8
9641.64070273987,17.8
9692.037690094652,17.8
9742.698103189163,17.7
9793.623318953358,17.6
9844.814721514387,17.6
9896.27370223427,17.7
9948.001659747684,17.7
10000.0,17.9
10052.270136285486,18.0
10104.813489285681,18.0
10157.6314871081,18.0
10210.725565324987,18.0
10264.09716701231,17.9
10317.747742788988,17.9
10371.678750856474,17.8
10425.891657038128,17.7
10480.387934819217,17.6
10535.16906538697,17.5
10590.236537670813,17.4
10645.591848382772,17.4
10701.236502058211,17.3
10757.172011096769,17.2
10813.399895803414,17.0
10869.921684429703,16.8
10926.73891321545,16.6
10983.85312643042,16.5
11041.265876416248,16.4
11098.978723628681,16.3
11156.993236680037,15.8
11215.310992381786,15.1
11273.933575787378,14.7
11332.862580235347,14.3
11392.099607392682,14.1
11451.646267298307,13.9
11511.504178406769,13.5
11571.674967632372,12.8
11632.16027039332,12.3
11692.961730656129,12.1
11754.08100098034,12.1
11815.519742563505,12.2
11877.27962528627,12.4
11939.362327757724,12.5
12001.76953736107,12.7
12064.50295029953,12.8
12127.56427164241,13.1
12190.95521537136,13.5
12254.677504427105,13.6
12318.732870756214,13.7
12383.123055358106,13.8
12447.849808332432,13.9
12512.914888926687,14.0
12578.320065583976,14.0
12644.067115991029,14.0
12710.157827126544,13.9
12776.593995309939,13.6
12843.377426249857,13.5
12910.50993509343,13.8
12977.99334647565,14.2
13045.829494568892,14.5
13114.020223132724,14.6
13182.567385564074,14.8
13251.472844947652,14.9
13320.738474106534,15.0
13390.366155652993,15.2
13460.35778203982,15.4
13530.715255611682,15.6
13601.440488656775,15.7
13672.535403458849,15.9
13744.001932349513,16.0
13815.842017760702,16.1
13888.057612277411,16.2
13960.650678690825,16.3
14033.62319005172,16.4
14106.977129724035,16.4
14180.714491438697,16.4
14254.837279347976,16.4
14329.347508079869,16.4
14404.247202792812,16.3
14479.538399230763,16.2
14555.223143778607,16.1
14631.303493517702,15.6
14707.78151628175,14.8
14784.65929071304,14.3
14861.938906319014,13.7
14939.622463529,13.0
15017.712073751207,12.3
15096.209859430292,10.6
15175.117954104964,8.8
15254.438502465904,7.6
15334.173660414117,6.3
15414.325595119602,5.4
15494.896485080177,4.9
15575.88852018064,3.7
15657.303901752315,2.5
15739.1448426331,1.7
15821.413567227246,1.1
15904.112311566014,1.4
15987.243323368504,2.0
16070.808862102673,2.4
16154.811199046684,2.6
16239.252617350698,2.8
16324.135412099,3.0
16409.461890372313,3.1
16495.23437131044,3.2
16581.455186175313,3.3
16668.12667841462,3.2
16755.251203725067,3.0
