10.0,3.5
10.052270136285475,3.5
10.104813489285682,3.5
10.157631487108103,3.6
10.210725565324982,3.6
10.264097167012295,3.7
10.317747742789004,3.7
10.371678750856479,3.8
10.425891657038118,3.9
10.480387934819216,3.9
10.535169065386981,3.9
10.590236537670812,3.9
10.64559184838276,4.0
10.701236502058206,4.1
10.757172011096776,4.2
10.813399895803409,4.3
10.869921684429707,4.3
10.926738913215466,4.4
10.98385312643042,4.5
11.041265876416237,4.5
11.098978723628681,4.6
11.156993236680048,4.6
11.215310992381788,4.7
11.27393357578736,4.7
11.332862580235341,4.7
11.392099607392687,4.7
11.451646267298301,4.7
11.511504178406776,4.8
11.571674967632385,4.8
11.632160270393321,4.9
11.692961730656117,5.0
11.75408100098034,5.1
11.815519742563518,5.2
11.87727962528627,5.3
11.939362327757706,5.4
12.001769537361062,5.5
12.064502950299536,5.5
12.127564271642404,5.6
12.190955215371359,5.6
12.254677504427118,5.6
12.318732870756214,5.6
12.383123055358094,5.7
12.447849808332432,5.7
12.5129148889267,5.8
12.578320065583968,5.8
12.644067115991009,5.9
12.710157827126565,5.9
12.776593995309947,6.0
12.843377426249843,6.0
12.910509935093431,6.1
12.977993346475664,6.1
13.045829494568892,6.1
13.11402022313271,6.1
13.182567385564074,6.2
13.251472844947658,6.2
13.320738474106527,6.3
13.390366155653,6.4
13.460357782039841,6.5
13.530715255611682,6.6
13.601440488656761,6.7
13.672535403458848,6.7
13.744001932349526,6.8
13.815842017760701,6.8
13.888057612277397,6.8
13.960650678690818,6.8
14.033623190051728,6.9
14.10697712972403,6.9
14.180714491438705,7.0
14.25483727934799,7.0
14.32934750807987,7.1
14.404247202792797,7.1
14.479538399230764,7.2
14.55522314377862,7.3
14.631303493517702,7.4
14.707781516281727,7.4
14.784659290713032,7.5
14.861938906319022,7.5
14.939622463528993,7.5
15.017712073751214,7.5
15.096209859430308,7.6
15.175117954104964,7.7
15.254438502465888,7.8
15.334173660414118,7.9
15.414325595119617,7.9
15.494896485080169,8.0
15.575888520180618,8.1
15.65730390175234,8.1
15.73914484263311,8.2
15.821413567227237,8.3
15.904112311566013,8.3
15.98724332336852,8.3
16.070808862102673,8.3
16.154811199046666,8.3
16.239252617350697,8.3
16.324135412099007,8.4
16.409461890372306,8.5
16.495234371310413,8.5
16.58145518617534,8.6
16.668126678414627,8.6
16.755251203725052,8.7
16.84283113011666,8.8
16.930868837977105,8.9
17.01936672013636,8.9
17.108327181931763,8.9
17.197752641273365,9.0
17.28764552870969,9.0
17.378008287493753,9.1
17.4688433736495,9.2
17.560153256038525,9.3
17.651940416427212,9.4
17.744207349554188,9.4
17.836956563198083,9.5
17.93019057824573,9.5
18.023911928760675,9.6
18.118123162052047,9.6
18.21282683874379,9.7
18.30802553284428,9.7
18.403721831816252,9.7
18.499918336647156,9.7
18.59661766191982,9.7
18.69382243588356,9.7
18.791535300525574,9.8
18.889758911642755,9.9
18.98849593891389,10.0
19.08774906597221,10.0
19.187520990478333,10.1
19.287814424193606,10.2
19.388632093053765,10.3
19.48997673724305,10.4
19.591851111268685,10.4
19.69425798403576,10.4
19.79720013892245,10.4
19.90068037385568,10.5
20.004701501387192,10.5
20.109266348769967,10.6
20.214377758035074,10.7
20.320038586068932,10.7
20.426251704690927,10.8
20.533020000731486,10.9
20.64034637611054,10.9
20.748233747916412,10.9
20.856685048485062,11.0
20.965703225479817,11.0
21.075291241971485,11.1
21.185452076518878,11.1
21.296188723249774,11.1
21.407504191942323,11.2
21.519401508106792,11.3
21.631883713067854,11.4
21.744953864047204,11.5
21.858615034246718,11.5
21.972870312931903,11.6
22.087722805515906,11.6
22.203175633643916,11.6
22.319231935278008,11.6
22.435894864782412,11.7
22.553167593009288,11.7
22.671053307384867,11.8
22.789555211996095,11.9
22.908676527677724,12.0
23.028420492099883,12.0
23.148790359856015,12.0
23.26978940255137,12.1
23.391420908891938,12.1
23.51368818477381,12.1
23.63659455337303,12.1
23.760143355235964,12.1
23.884337948370025,12.2
24.009181708334992,12.2
24.134678028334722,12.3
24.260830319309434,12.3
24.387642010028344,12.4
24.515116547182902,12.5
24.64325739548046,12.6
24.772068037738443,12.7
24.901551974979007,12.8
25.031712726524198,12.8
25.162553830091625,12.8
25.294078841890578,12.8
25.426291336718684,12.9
25.559194908059133,13.0
25.692793168178262,13.1
25.827089748223784,13.1
25.96208829832347,13.2
26.097792487684362,13.2
26.234206004692496,13.2
26.371332557013133,13.2
26.5091758716916,13.2
26.647739695254497,13.3
26.787027793811582,13.3
26.9270439531581,13.4
27.06779197887776,13.4
27.209275696446046,13.5
27.351498951334275,13.6
27.494465609114105,13.6
27.638179555562576,13.7
27.782644696767733,13.7
27.92786495923483,13.7
28.07384428999299,13.8
28.220586656702505,13.8
28.368096047762684,13.9
28.516376472420284,14.0
28.66543196087842,14.1
28.815266564406134,14.2
28.965884355448516,14.2
29.11728942773738,14.2
29.26948589640251,14.2
29.42247789808359,14.2
29.57626959104251,14.3
29.730865155276486,14.4
29.88626879263161,14.5
30.04248472691713,14.6
30.19951720402016,14.6
30.357370492021133,14.6
30.516048881309793,14.6
30.675556684701824,14.6
30.835898237556027,14.7
30.99707789789224,14.7
31.15910004650967,14.7
31.321969087106055,14.8
31.485689446397288,14.8
31.650265574237824,14.9
31.815701943741516,14.9
31.98200305140326,14.9
32.14917341722119,14.9
32.31721758481955,15.0
32.486140121572134,15.0
32.655945618726484,15.1
32.82663869152868,15.3
32.99822397934869,15.4
33.170706145806605,15.4
33.34408987889928,15.4
33.51837989112781,15.4
33.69358091962557,15.4
33.86969772628702,15.4
34.04673509789711,15.5
34.224697846261364,15.6
34.40359080833668,15.7
34.58341884636283,15.7
34.764186847994516,15.8
34.94589972643436,15.8
35.12856242056629,15.8
35.312179895089876,15.8
35.496757140655234,15.9
35.68229917399868,15.9
35.86881103807908,15.9
36.05629780221492,15.9
36.24476456222205,15.9
36.434216440552284,16.0
36.6246585864325,16.0
36.81609617600466,16.1
37.00853441246656,16.2
37.2019785262131,16.2
37.39643377497855,16.3
37.591905443979435,16.3
37.788398846058186,16.3
37.985919321827524,16.4
38.184472239815605,16.5
38.384062996612016,16.6
38.584697017014335,16.6
38.786379754175634,16.6
38.98911668975273,16.6
39.1929133340551,16.7
39.39777522619469,16.7
39.60370793423646,16.8
39.810717055349734,16.8
40.0188082159603,16.9
40.227987071903335,17.0
40.43825930857721,17.0
40.64963064109788,17.0
40.8621068144543,17.0
41.075693603664625,17.0
41.29039681393302,17.1
41.506222280807584,17.1
41.72317587033889,17.1
41.94126347923944,17.1
42.16049103504393,17.1
42.38086449627034,17.1
42.60238985258197,17.2
42.825073124950116,17.3
43.04892036581776,17.3
43.27393765926414,17.3
43.500131121170035,17.4
43.727506899384,17.4
43.956071173889484,17.5
44.18583015697281,17.5
44.416790093392,17.5
44.648957260546474,17.5
44.88233796864779,17.6
45.116938560890986,17.6
45.35276541362708,17.7
45.58982493653644,17.8
45.82812357280281,17.9
46.067667799288614,18.0
46.308464126710895,18.0
46.55051909981832,18.0
46.793839297569036,18.1
47.03843133330949,18.2
47.28430185495417,18.2
47.531457545166376,18.2
47.77990512153967,18.2
48.02965133678067,18.2
48.28070297889241,18.2
48.53306687135893,18.3
48.78674987333074,18.3
49.041758879811184,18.3
49.298100821843896,18.3
49.55578266670119,18.3
49.81481141807335,18.3
50.07519411625915,18.3
50.336937838356974,18.3
50.60004969845742,18.3
50.86453684783644,18.4
51.13040647514984,18.4
51.39766580662862,18.5
51.66632210627541,18.5
51.93638267606184,18.5
52.20785485612707,18.5
52.48074602497726,18.5
52.75506359968615,18.5
53.030815036096584,18.5
53.308007829023246,18.5
53.58664951245627,18.5
53.866747659766084,18.5
54.148309883909214,18.4
54.431343837635225,18.3
54.7158572136947,18.3
55.00185774504835,18.3
55.28935320507712,18.4
55.57835140779364,18.5
55.86886020805435,18.5
56.160887501773274,18.5
56.45444122613637,18.5
56.74952935981742,18.5
57.04615992319485,18.5
57.34434097856969,18.6
57.64408063038476,18.7
57.94538702544487,18.7
58.24826835313831,18.7
58.552732845659456,18.7
58.85878877823242,18.7
59.166444469336014,18.7
59.475708280929936,18.7
59.786588618681876,18.7
60.0990939321961,18.7
60.41323271524305,18.8
60.72901350599024,18.8
61.046444887234294,18.9
61.365535486634215,19.0
61.686293976945976,19.1
62.008729076258064,19.2
62.332849548228545,19.2
62.658664202323344,19.2
62.98618189405547,19.3
63.315411525225876,19.4
63.64636204416533,19.4
63.979042445977655,19.4
64.31346177278421,19.4
64.64962911396958,19.4
64.98755360642885,19.5
65.32724443481563,19.6
65.66871083179183,19.6
66.01196207827876,19.6
66.35700750370908,19.6
66.7038564862806,19.6
67.05251845321108,19.7
67.40300288099445,19.7
67.75531929565844,19.7
68.1094772730234,19.7
68.46548643896274,19.6
68.82335646966433,19.6
69.18309709189363,19.6
69.54471808325809,19.6
69.90822927247277,19.6
70.27364053962762,19.6
70.6409618164559,19.6
71.01020308660422,19.6
71.38137438590384,19.6
71.75448580264342,19.6
72.12954747784322,19.6
72.50656960553087,19.6
72.88556243301818,19.6
73.26653626117992,19.6
73.64950144473359,19.6
74.03446839252094,19.6
74.42144756779092,19.6
74.810449488484,19.6
75.20148472751808,19.6
75.59456391307583,19.6
75.98969772889355,19.6
76.38689691455168,19.6
76.78617226576647,19.7
77.18753463468363,19.7
77.59099493017311,19.7
77.99656411812569,19.7
78.404253221751,19.7
78.8140733218772,19.7
79.226035557252,19.7
79.64015112484554,19.7
80.05643128015467,19.7
80.47488733750892,19.7
80.89553067037787,19.8
81.31837271168051,19.9
81.74342495409579,20.0
82.170698950375,20.0
82.60020631365589,20.1
83.03195871777821,20.3
83.46596789760103,20.4
83.90224564932171,20.4
84.34080383079642,20.4
84.78165436186265,20.4
85.22480922466286,20.5
85.67028046397054,20.6
86.11808018751721,20.6
86.56822056632171,20.6
87.020713835021,20.6
87.47557229220259,20.6
87.93280830073893,20.6
88.39243428812335,20.7
88.85446274680783,20.8
89.31890623454267,20.8
89.78577737471758,20.8
90.25508885670492,20.8
90.72685343620469,20.9
91.20108393559097,20.9
91.67779324426061,20.9
92.15699431898352,20.9
92.63870018425483,20.9
93.12292393264887,21.0
93.60967872517497,21.1
94.09897779163542,21.1
94.5908344309847,21.1
95.0852620116911,21.1
95.58227397210023,21.1
96.08188382079996,21.1
96.5841051369878,21.1
97.08895157083991,21.1
97.59643684388209,21.2
98.10657474936274,21.3
98.61937915262773,21.3
99.13486399149741,21.3
99.65304327664518,21.3
100.17393109197839,21.3
100.69754159502135,21.3
101.22388901729977,21.3
101.75298766472777,21.3
102.28485191799675,21.5
102.81949623296607,21.6
103.35693514105618,21.6
103.89718324964329,21.6
104.44025524245698,21.6
104.98616587997819,21.6
105.53492999984189,21.6
106.08656251723878,21.6
106.64107842532215,21.6
107.19849279561431,21.6
107.75882077841675,21.7
108.32207760322176,21.8
108.88827857912626,21.8
109.45743909524856,21.8
110.02957462114523,21.8
110.60470070723336,21.8
111.18283298521138,21.8
111.76398716848561,21.8
112.3481790525961,21.8
112.93542451564652,21.8
113.5257395187356,21.8
114.11914010639099,21.9
114.71564240700522,22.0
115.3152626332741,22.0
115.91801708263789,22.0
116.52392213772293,22.0
117.13299426678874,22.0
117.74525002417371,22.0
118.36070605074681,22.0
118.97937907435858,22.0
119.60128591029638,22.0
120.22644346174131,22.0
120.85486872022751,22.0
121.4865787661046,22.1
122.12159076900052,22.1
122.75992198829012,22.1
123.40158977356222,22.1
124.04661156509306,22.1
124.69500489431896,22.1
125.34678738431336,22.1
126.00197675026583,22.1
126.6605907999634,22.1
127.3226474342747,22.1
127.98816464763628,22.1
128.6571605285424,22.1
129.32965326003517,22.1
130.00566112020084,22.1
130.68520248266435,22.1
131.36829581709074,22.1
132.05495968968575,22.2
132.74521276370103,22.3
133.43907379994133,22.3
134.1365616572744,22.3
134.83769529314347,22.3
135.54249376408254,22.3
136.25097622623485,22.3
136.96316193587217,22.3
137.67907024992007,22.3
138.39872062648203,22.3
139.1221326253702,22.3
139.84932590863562,22.3
140.58032024110324,22.3
141.31513549090906,22.3
142.05379163003997,22.3
142.7963087348772,22.3
143.5427069867405,22.4
144.29300667243896,22.5
145.04722818481977,22.5
145.80539202332486,22.5
146.56751879454652,22.5
147.333629212788,22.5
148.1037441006266,22.5
148.87788438947953,22.5
149.65607112017267,22.5
150.43832544351253,22.5
151.2246686208618,22.5
152.01512202471548,22.5
152.80970713928414,22.5
153.6084455610754,22.5
154.41135899948313,22.5
155.218469277376,22.5
156.02979833169113,22.5
156.8453682140304,22.5
157.66520109125955,22.5
158.48931924611142,22.5
159.3177450777899,22.5
160.15050110258113,22.5
160.9876099544629,22.5
161.82909438572216,22.5
162.67497726757185,22.5
163.52528159077312,22.5
164.38003046626017,22.5
165.23924712576837,22.5
166.1029549224657,22.5
166.97117733158728,22.5
167.8439379510743,22.5
168.72126050221348,22.6
169.60316883028446,22.7
170.48968690520502,22.8
171.38083882218535,22.8
172.27664880238083,22.8
173.17714119355136,22.8
174.08234047072295,22.8
174.99227123685273,22.8
175.9069582234984,22.8
176.82642629148881,22.8
177.75070043160196,22.8
178.67980576524164,22.8
179.61376754512278,22.9
180.55261115595593,22.9
181.49636211513797,23.0
182.44504607344558,23.0
183.39868881573247,23.0
184.35731626163007,23.0
185.3209544662519,23.0
186.28962962090262,23.0
187.26336805378796,23.0
188.24219623073301,23.0
189.2261407558986,23.0
190.21522837250714,23.0
191.20948596356752,23.0
192.20894055260666,23.0
193.21361930440384,23.0
194.22354952572874,23.0
195.2387586660848,23.0
196.25927431845295,23.0
197.28512422004457,23.0
198.31633625305224,23.0
199.35293844541056,23.0
200.39495897155572,23.0
201.4424261531923,23.0
202.4953684600627,23.1
203.55381451072122,23.2
204.6177930733116,23.2
205.6873330663489,23.2
206.76246355950653,23.2
207.84321377440395,23.2
208.92961308540407,23.2
210.02169102040844,23.2
211.11947726166272,23.2
212.22300164656127,23.2
213.33229416845913,23.2
214.447384977487,23.2
215.5683043813707,23.2
216.69508284625502,23.2
217.8277509975314,23.2
218.9663396206716,23.2
220.1108796620618,23.2
221.26140222984722,23.2
222.41793859477394,23.2
223.5805201910423,23.2
224.74917861715863,23.2
225.9239456367954,23.2
227.10485317965416,23.2
228.29193334233327,23.2
229.48521838920135,23.2
230.68474075327168,23.2
231.89053303708724,23.2
233.102628013603,23.2
234.32105862708036,23.2
235.5458579939798,23.2
236.77705940386227,23.2
238.0146963202937,23.2
239.25880238175446,23.2
240.50941140255387,23.2
241.76655737374873,23.2
243.03027446406858,23.2
244.30059702084168,23.2
245.57755957093218,23.2
246.86119682167464,23.2
248.1515436618211,23.2
249.44863516248657,23.2
250.75250657810346,23.2
252.0631933473797,23.2
253.3807310942614,23.2
254.7051556289027,23.2
256.03650294863604,23.2
257.3748092389545,23.2
258.72011087449107,23.2
260.0724444200114,23.2
261.4318466314045,23.2
262.79835445668317,23.2
264.17200503698814,23.2
265.5528357075972,23.3
266.94088399894025,23.3
268.336187637619,23.3
269.7387845474336,23.3
271.1487128504106,23.3
272.56601086784315,23.3
273.9907171213279,23.3
275.4228703338166,23.3
276.86250943066517,23.3
278.30967354069315,23.3
279.764401997247,23.3
281.2267343392687,23.3
282.6967103123723,23.3
284.1743698699204,23.3
285.65975317411466,23.3
287.152900597083,23.3
288.6538527219809,23.3
290.16265034409145,23.3
291.67933447193553,23.3
293.203946328386,23.3
294.7365273517884,23.3
296.27711919708696,23.3
297.8257637369567,23.3
299.38250306294265,23.3
300.947379486601,23.3
302.52043554065347,23.3
304.1017139801383,23.3
305.69125778357716,23.3
307.2891101541398,23.3
308.8953145208197,23.4
310.5099145396145,23.5
312.1329540947119,23.5
313.76447729968413,23.5
315.40452849868336,23.5
317.0531522676519,23.5
318.71039341552853,23.5
320.3762969854716,23.5
322.05090825607795,23.5
323.7342727426186,23.5
325.4264361982722,23.5
327.1274446153702,23.5
328.83734422664674,23.5
330.55618150649445,23.5
332.28400317222986,23.5
334.02085618535915,23.5
335.76678775285944,23.5
337.52184532845695,23.5
339.28607661392135,23.5
341.0595295603587,23.5
342.84225236951676,23.5
344.63429349509414,23.5
346.4357016440579,23.5
348.24652577796684,23.5
350.06681511430224,23.5
351.8966191278073,23.5
353.7359875518278,23.5
355.5849703796693,23.5
357.44361786595016,23.5
359.3119805279728,23.5
361.1901091470929,23.5
363.0780547701014,23.4
364.9758687106112,23.3
366.8836025504522,23.3
368.80130814107446,23.3
370.72903760495365,23.3
372.66684333701346,23.3
374.6147780060434,23.3
376.57289455613636,23.3
378.54124620812286,23.3
380.5198864610201,23.3
382.50886909348526,23.3
384.5082481652772,23.3
386.51807801872604,23.3
388.53841328020957,23.3
390.56930886163985,23.3
392.6108199619517,23.3
394.6630020686084,23.3
396.7259109591041,23.3
398.7996027024853,23.3
400.8841336608706,23.3
402.9795604909844,23.3
405.0859401456969,23.3
407.20332987557106,23.3
409.331787230421,23.3
411.4713700608718,23.4
413.6221365199375,23.4
415.78414506459575,23.5
417.95745445738237,23.5
420.1421237679842,23.6
422.33821237484636,23.6
424.5457799667861,23.7
426.76488654461485,23.7
428.9955924227691,23.7
431.23795823094935,23.7
433.49204491576995,23.7
435.7579137424112,23.7
438.0356262962907,23.7
440.3252444847303,23.7
442.62683053864555,23.7
444.9404470142319,23.7
447.2661567946673,23.7
449.60402309182115,23.7
451.9541094479714,23.7
454.3164797375345,23.7
456.6911981687959,23.7
459.0783292856624,23.7
461.4779379694089,23.7
463.89008944044906,23.7
466.31484926010245,23.7
468.7522833323791,23.7
471.20245790577025,23.7
473.6654395750488,23.8
476.14129528307956,23.9
478.630092322638,23.9
481.1318983382419,23.9
483.6467813279844,23.9
486.1748096453894,23.9
488.7160520012619,23.9
491.27057746556244,23.9
493.8384554692794,23.9
496.4197558063182,23.9
499.01454863539806,23.9
501.6229044819588,23.9
504.24489424007766,23.9
506.88058917439554,23.9
509.53006092205686,23.8
512.1933814946506,23.8
514.8706232801756,23.7
517.5618590449992,23.7
520.2671619358439,23.7
522.9866054817683,23.6
525.7202635961694,23.6
528.4682105787901,23.5
531.230521117739,23.5
534.0072702915224,23.5
536.7985335710792,23.5
539.6043868218401,23.5
542.4249063057814,23.4
545.2601686835053,23.4
548.1102510163182,23.4
550.9752307683272,23.4
553.8551858085453,23.4
556.7501944130083,23.4
559.6603352669016,23.4
562.5856874666987,23.4
565.5263305223134,23.3
568.4823443592555,23.3
571.4538093208106,23.3
574.4408061702153,23.3
577.4434160928608,23.4
580.4617206984933,23.5
583.4958020234345,23.5
586.5457425328113,23.5
589.6116251227962,23.5
592.6935331228639,23.5
595.7915502980484,23.5
598.9057608512304,23.5
602.0362494254149,23.6
605.1831011060411,23.7
608.3464014232891,23.7
611.5262363544065,23.7
614.7226923260454,23.7
617.9358562166111,23.7
621.1658153586235,23.7
624.4126575410903,23.7
627.6764710118958,23.7
630.957344480193,23.7
634.2553671188238,23.7
637.5706285667327,23.7
640.9032189314127,23.7
644.2532287913472,23.7
647.6207491984753,23.7
651.0058716806659,23.7
654.4086882442045,23.7
657.8292913762976,23.7
661.2677740475787,23.7
664.7242297146454,23.8
668.1987523225889,23.9
671.6914363075575,23.9
675.2023765993158,23.9
678.7316686238282,23.9
682.2794083058518,23.9
685.8456920715438,23.9
689.4306168510824,23.9
693.0342800813003,23.9
696.6567797083366,23.9
700.2982141902914,23.9
703.9586824999124,24.0
707.6382841272731,24.1
711.3371190824884,24.2
715.0552878984242,24.2
718.7928916334344,24.2
722.5500318741055,24.2
726.3268107380181,24.2
730.123330876526,24.2
733.9396954775374,24.2
737.7760082683312,24.2
741.6323735183645,24.2
745.508896042117,24.2
749.4056812019327,24.2
753.3228349108862,24.2
757.2604636356614,24.2
761.2186743994453,24.2
765.1975747848361,24.2
769.1972729367671,24.2
773.2178775654501,24.2
777.2594979493206,24.2
781.3222439380205,24.2
785.406225955371,24.2
789.5115550023859,24.2
793.6383426602791,24.2
797.7867010935024,24.2
801.9567430527921,24.2
806.1485818782347,24.2
810.3623315023465,24.2
814.59810645317,24.2
818.8560218573906,24.3
823.1361934434566,24.4
827.4387375447371,24.4
831.7637711026708,24.4
836.1114116699566,24.4
840.4817774137397,24.4
844.8749871188272,24.4
849.2911601909162,24.4
853.7304166598383,24.4
858.1928771828257,24.4
862.6786630477819,24.4
867.1878961765907,24.4
871.7206991284164,24.4
876.2771951030477,24.4
880.8575079442367,24.4
885.4617621430697,24.4
890.0900828413493,24.4
894.742595834996,24.4
899.4194275774676,24.4
904.1207051831946,24.4
908.8465564310401,24.4
913.5971097677627,24.4
918.3724943115215,24.4
923.1728398553701,24.4
927.998276870799,24.4
932.8489365112713,24.4
937.7249506157918,24.4
942.6264517124897,24.4
947.5535730222193,24.5
952.5064484621864,24.6
957.4852126495767,24.6
962.4900009052299,24.6
967.5209492573013,24.6
972.5781944449744,24.6
977.6618739221665,24.6
982.772125861269,24.7
987.9090891569025,24.7
993.0729034296917,24.7
998.26370903006,24.7
1003.4816470420445,24.7
1008.7268592871307,24.7
1013.9994883281055,24.7
1019.2996774729368,24.7
1024.627570778662,24.7
1029.9833130553077,24.8
1035.3670498698243,24.9
1040.778927550043,24.9
1046.219093188652,24.9
1051.687694647196,24.9
1057.1848805600926,24.9
1062.7108003386745,24.9
1068.2656041752484,24.9
1073.849443047181,24.8
1079.4624687209969,24.7
1085.104833756507,24.7
1090.7766915109553,24.7
1096.4781961431852,24.7
1102.2095026178308,24.7
1107.9707667095288,24.7
1113.7621450071517,24.7
1119.5837949180645,24.6
1125.4358746724013,24.6
1131.3185433273702,24.6
1137.231960771571,24.5
1143.1762877293438,24.4
1149.1516857651375,24.4
1155.1583172879002,24.4
1161.1963455554942,24.4
1167.2659346791324,24.4
1173.3672496278396,24.4
1179.5004562329357,24.5
1185.6657211925422,24.6
1191.8632120761172,24.6
1198.0930973290035,24.6
1204.355546277011,24.6
1210.650729131018,24.6
1216.9788169915967,24.6
1223.3399818536654,24.6
1229.7343966111616,24.5
1236.162235061742,24.4
1242.6236719115057,24.3
1249.1188827797416,24.3
1255.6480442037073,24.2
1262.2113336434193,24.2
1268.8089294864806,24.2
1275.4410110529293,24.1
1282.1077586001115,24.1
1288.8093533275808,24.0
1295.5459773820237,24.0
1302.3178138622095,23.9
1309.1250468239675,23.8
1315.967861285188,23.7
1322.8464432308563,23.6
1329.7609796180998,23.5
1336.7116583812742,23.4
1343.6986684370715,23.3
1350.7221996896535,23.2
1357.782443035813,23.2
1364.879590370164,23.2
1372.0138345903551,23.2
1379.1853696023147,23.2
1386.3943903255179,23.2
1393.6410926982915,23.1
1400.9256736831292,22.9
1408.248331272053,22.7
1415.6092644919916,22.6
1423.0086734101894,22.6
1430.4467591396458,22.5
1437.9237238445805,22.4
1445.439770745928,22.3
1452.9951041268616,22.1
1460.589929338344,22.0
1468.224452804715,22.0
1475.898882029292,22.0
1483.6134256000173,22.0
1491.3682931951248,22.0
1499.1636955888393,22.0
1506.999844657106,22.0
1514.8769533833477,22.1
1522.7952358642551,22.1
1530.754907315605,22.1
1538.7561840781082,22.1
1546.799283623296,22.0
1554.8844245594228,22.0
1563.0118266374113,21.9
1571.181710756826,21.8
1579.3942989718767,21.7
1587.649814497453,21.6
1595.9484817151922,21.5
1604.2905261795772,21.4
1612.6761746240677,21.2
1621.1056549672617,21.0
1629.5791963190893,20.9
1638.097028987047,20.8
1646.6593844824454,20.7
1655.266495526711,20.5
1663.9185960577072,20.4
1672.6159212360947,20.4
1681.3587074517213,20.4
1690.1471923300487,20.4
1698.9816147386093,20.4
1707.8622147934998,20.3
1716.789233865905,20.2
1725.7629145886658,20.0
1734.7835008628629,20.0
1743.8512378644525,19.9
1752.9663720509295,19.9
1762.1291511680254,19.8
1771.3398242564415,19.7
1780.598641658619,19.6
1789.9058550255418,19.6
1799.2617173235774,19.5
1808.6664828413498,19.4
1818.1204071966588,19.3
1827.6237473434162,19.1
1837.1767615786375,19.0
1846.7797095494598,19.1
1856.4328522602,19.2
1866.1364520794475,19.2
1875.8907727471963,19.1
1885.6960793820124,19.0
1895.552638488241,18.8
1905.4607179632462,18.6
1915.4205871047022,18.4
1925.4325166178992,18.2
1935.4967786231095,18.0
1945.6136466629825,18.0
1955.783395709978,18.0
1966.006302173841,18.0
1976.282643909114,18.0
1986.6127002226892,18.0
1996.996751881399,18.0
2007.4350811196462,18.0
2017.927971647083,18.0
2028.4757086563097,17.9
2039.078578830634,17.8
2049.736870351861,17.7
2060.4508729081267,17.7
2071.22087770177,17.9
2082.0471774572497,17.9
2092.9300664290977,17.9
2103.8698404099196,17.9
2114.8667967384304,17.9
2125.9212343075446,18.0
2137.0334535724887,18.0
2148.2037565589744,18.0
2159.4324468714053,18.0
2170.71982970113,18.1
2182.0662118347364,18.1
2193.4719016623894,18.1
2204.937209186215,18.1
2216.4624460287228,18.1
2228.0479254412767,18.1
2239.6939623126154,18.0
2251.4008731773993,18.0
2263.168976224821,18.0
2274.9985913072546,18.0
2286.890039948944,18.0
2298.843645354747,18.0
2310.8597324189163,18.0
2322.9386277339318,17.9
2335.0806595993763,17.9
2347.2861580308577,17.8
2359.5554547689862,17.7
2371.8888832883777,17.6
2384.2867788067265,17.5
2396.7494782939148,17.5
2409.2773204811715,17.7
2421.8706458702773,17.8
2434.5297967428205,17.8
2447.2551171695004,17.8
2460.0469530194778,17.8
2472.905651969775,17.8
2485.8315635147337,17.8
2498.825038975499,17.8
2511.88643150958,17.9
2525.0160961204438,17.9
2538.2143896671673,18.0
2551.481670874133,17.9
2564.8183003407817,17.8
2578.224640551411,17.8
2591.7010558850307,17.9
2605.247912625263,17.9
2618.8655789702975,18.0
2632.5544250429093,18.0
2646.314822900502,18.0
2660.14714654523,18.0
2674.051771934164,18.0
2688.029076989506,18.1
2702.079441608862,18.2
2716.20324767557,18.2
2730.400879069075,18.2
2744.6727216753675,18.2
2759.0191633974646,18.2
2773.440594165967,18.1
2787.9374059496395,18.0
2802.509992766076,18.0
2817.1587506924047,17.9
2831.8840778760564,17.8
2846.686374545581,17.7
2861.5660430215316,17.6
2876.5234877273942,17.6
2891.5591152005823,17.5
2906.6733341034837,17.5
2921.8665552345788,17.4
2937.139191539587,17.3
2952.4916581227058,17.2
2967.9243722578863,17.1
2983.4377534001765,17.0
2999.0322231971227,17.0
3014.7082055002275,17.0
3030.466126376471,17.0
3046.306414119893,17.1
3062.229499263226,17.1
3078.2358145896155,17.1
3094.325795144359,17.1
3110.4998782467446,17.1
3126.7585035019356,17.2
3143.1021128129173,17.3
3159.5311503925072,17.3
3176.0460627754296,17.3
3192.6472988304513,17.3
3209.335309772584,17.2
3226.1105491753406,17.1
3242.973472983081,16.9
3259.924539523382,16.8
3276.9642095195077,16.7
3294.0929461029286,16.7
3311.311214825911,16.7
3328.6194836741684,16.8
3346.018223079582,16.8
3363.507905932988,16.9
3381.089007597027,16.9
3398.762005919066,16.9
3416.527381244194,16.8
3434.385616428264,16.8
3452.337196851022,16.6
3470.382610429304,16.4
3488.5223476302926,16.2
3506.7569014848486,16.0
3525.0867676009134,15.9
3543.512444176976,15.9
3562.034432015617,15.8
3580.6532345371147,15.8
3599.369357793143,15.8
3618.1833104805046,15.8
3637.095603954969,15.9
3656.1067522451726,15.9
3675.2172720665826,15.9
3694.4276828355482,15.9
3713.738506683413,15.8
3733.1502684707093,15.7
3752.6634958014215,15.5
3772.2787190373247,15.4
3791.9964713124127,15.3
3811.817288547367,15.4
3831.7417094641373,15.4
3851.7702756005806,15.3
3871.9035313251793,15.2
3892.1420238518376,15.1
3912.4863032547537,15.0
3932.936922483372,14.9
3953.4944373774106,14.8
3974.1594066819653,14.7
3994.9323920627126,14.6
4015.8139581211503,14.6
4036.8046724099613,14.6
4057.9051054484326,14.6
4079.115830737964,14.5
4100.437424777656,14.4
4121.870467079975,14.2
4143.41554018651,14.1
4165.0732296838005,13.9
4186.844124219257,13.7
4208.728815517151,13.7
4230.72789839472,13.7
4252.841970778305,13.7
4275.071633719623,13.7
4297.417491412092,13.6
4319.880151207261,13.3
4342.460223631314,12.9
4365.158322401661,12.7
4387.975064443623,12.6
4410.911069907196,12.5
4433.9669621839075,12.4
4457.1433679237725,12.3
4480.4409170523,12.1
4503.860242787635,12.2
4527.40198165776,12.4
4551.0667735177985,12.6
4574.855261567406,12.5
4598.768092368251,12.5
4622.80591586159,12.5
4646.969385385929,12.6
4671.25915769478,12.6
4695.675892974527,12.7
4720.220254862348,12.7
4744.892910464259,12.8
4769.694530373255,12.8
4794.625788687525,12.9
4819.68736302878,12.9
4844.87993456067,13.0
4870.204188007296,13.0
4895.660811671819,13.0
4921.250497455168,13.0
4946.973940874864,13.1
4972.8318410838865,13.2
4998.824900889706,13.2
5024.953826773381,13.2
5051.219328908747,13.1
5077.622121181736,13.1
5104.162921209768,13.0
5130.842450361258,12.9
5157.661433775227,12.7
5184.620600380999,12.4
5211.720682918039,12.3
5238.962417955835,12.2
5266.346545913939,12.2
5293.873811082085,12.1
5321.544961640422,12.1
5349.360749679845,12.1
5377.321931222439,12.1
5405.429266242027,12.0
5433.683518684824,12.0
5462.085456490198,12.0
5490.635851611563,11.9
5519.335480037329,11.9
5548.185121812011,11.9
5577.185561057427,11.9
5606.337585994012,11.8
5635.641988962242,11.8
5665.0995664441625,11.9
5694.7111190850455,11.9
5724.477451715144,12.0
5754.399373371566,12.1
5784.477697320285,12.2
5814.713241078208,12.3
5845.10682643542,12.4
5875.659279477514,12.4
5906.371430608045,12.5
5937.244114571097,12.5
5968.278170473975,12.6
5999.4744418100045,12.7
6030.833776481469,12.8
6062.357026822636,12.9
6094.045049622959,12.9
6125.898706150321,13.0
6157.918862174471,13.1
6190.106387990547,13.1
6222.462158442733,13.2
6254.987052948034,13.1
6287.681955520183,13.0
6320.547754793659,13.0
6353.585344047851,13.0
6386.795621231329,13.0
6420.179488986247,13.0
6453.7378546729,12.9
6487.471630394349,12.7
6521.381733021235,12.5
6555.469084216698,12.5
6589.734610461422,12.5
6624.179243078815,12.7
6658.80391826033,12.8
6693.609577090902,12.8
6728.597165574533,12.9
6763.767634659991,12.9
6799.1219402666875,13.0
6834.661043310619,13.0
6870.385909730507,13.1
6906.297510514049,13.2
6942.39682172431,13.3
6978.684824526248,13.4
7015.162505213385,13.5
7051.830855234612,13.5
7088.690871221135,13.5
7125.7435550135615,13.5
7162.989913689153,13.5
7200.430959589155,13.5
7238.067710346342,13.5
7275.901188912673,13.5
7313.932423587085,13.5
7352.162448043451,13.5
7390.59230135867,13.5
7429.22302804091,13.5
7468.055678057999,13.6
7507.091306865953,13.7
7546.330975437692,13.8
7585.775750291836,14.0
7625.426703521717,14.1
7665.284912824515,14.2
7705.351461530549,14.3
7745.627438632719,14.3
7786.113938816104,14.5
7826.81206248772,14.7
7867.722915806424,14.8
7908.847610712972,14.9
7950.187264960275,15.1
7991.743002143727,15.4
8033.515951731782,15.8
8075.507249096639,16.1
8117.718035545101,16.3
8160.149458349601,16.5
8202.80267077938,16.7
8245.67883213183,17.4
8288.77910776401,18.2
8332.104669124305,18.5
8375.656693784302,18.8
8419.436365470749,19.0
8463.444874097753,19.3
8507.683415799123,20.0
8552.153192960874,20.8
8596.855414253905,21.1
8641.791294666864,21.3
8686.962055539152,21.5
8732.36892459413,21.7
8778.01313597248,22.1
8823.895930265779,22.7
8870.018554550163,23.1
8916.382262420266,23.2
8962.988314023276,23.2
9009.83797609319,23.3
9056.932521985234,23.4
9104.273231710486,23.5
9151.861391970657,23.6
9199.698296193066,23.7
9247.785244565785,23.6
9296.12354407301,23.4
9344.714508530542,23.2
9393.559458621517,23.1
9442.659721932305,22.9
9492.016632988581,22.4
9541.631533291613,21.6
9591.505771354708,21.3
9641.64070273987,21.0
9692.037690094652,20.3
9742.698103189163,19.6
9793.623318953358,18.8
9844.814721514387,18.1
9896.27370223427,17.6
9948.001659747684,16.9
10000.0,16.3
10052.270136285486,15.6
10104.813489285681,15.0
10157.6314871081,14.5
10210.725565324987,13.9
10264.09716701231,12.5
10317.747742788988,11.0
10371.678750856474,10.1
10425.891657038128,9.5
10480.387934819217,8.9
10535.16906538697,8.3
10590.236537670813,7.5
10645.591848382772,5.0
10701.236502058211,2.8
10757.172011096769,2.4
10813.399895803414,2.1
10869.921684429703,1.9
10926.73891321545,1.5
10983.85312643042,0.9
11041.265876416248,0.5
11098.978723628681,0.5
11156.993236680037,0.4
11215.310992381786,0.4
11273.933575787378,0.3
11332.862580235347,0.2
11392.099607392682,0.2
11451.646267298307,0.3
11511.504178406769,0.4
11571.674967632372,0.6
11632.16027039332,0.7
11692.961730656129,0.8
11754.08100098034,0.9
11815.519742563505,1.0
11877.27962528627,1.2
11939.362327757724,1.3
12001.76953736107,1.3
12064.50295029953,1.3
12127.56427164241,1.3
12190.95521537136,1.2
12254.677504427105,1.2
12318.732870756214,1.5
12383.123055358106,2.1
12447.849808332432,2.6
12512.914888926687,3.0
12578.320065583976,3.2
12644.067115991029,3.7
12710.157827126544,4.2
12776.593995309939,5.2
12843.377426249857,6.1
12910.50993509343,6.4
12977.99334647565,6.7
13045.829494568892,6.8
13114.020223132724,6.9
13182.567385564074,7.0
13251.472844947652,7.0
13320.738474106534,7.0
13390.366155652993,7.0
13460.35778203982,7.0
13530.715255611682,6.9
13601.440488656775,6.8
13672.535403458849,6.7
13744.001932349513,6.6
13815.842017760702,6.6
13888.057612277411,6.6
13960.650678690825,6.7
14033.62319005172,6.8
14106.977129724035,6.9
14180.714491438697,7.0
14254.837279347976,7.0
14329.347508079869,7.0
14404.247202792812,7.0
14479.538399230763,7.0
14555.223143778607,7.0
14631.303493517702,7.0
14707.78151628175,6.9
14784.65929071304,6.7
14861.938906319014,6.4
14939.622463529,6.2
15017.712073751207,6.0
15096.209859430292,5.9
15175.117954104964,5.8
15254.438502465904,5.7
15334.173660414117,5.6
15414.325595119602,5.4
15494.896485080177,5.4
15575.88852018064,5.8
15657.303901752315,6.3
15739.1448426331,6.5
15821.413567227246,6.8
15904.112311566014,7.2
15987.243323368504,7.5
16070.808862102673,7.9
16154.811199046684,8.2
16239.252617350698,8.3
16324.135412099,8.5
16409.461890372313,8.7
16495.23437131044,8.9
16581.455186175313,9.6
16668.12667841462,10.4
16755.251203725067,10.9
