10.0,17.4
10.052270136285475,17.4
10.104813489285682,17.4
10.157631487108103,17.5
10.210725565324982,17.5
10.264097167012295,17.6
10.317747742789004,17.7
10.371678750856479,17.8
10.425891657038118,17.8
10.480387934819216,17.8
10.535169065386981,17.9
10.590236537670812,17.9
10.64559184838276,17.9
10.701236502058206,17.9
10.757172011096776,17.9
10.813399895803409,18.0
10.869921684429707,18.0
10.926738913215466,18.1
10.98385312643042,18.1
11.041265876416237,18.2
11.098978723628681,18.3
11.156993236680048,18.4
11.215310992381788,18.4
11.27393357578736,18.5
11.332862580235341,18.6
11.392099607392687,18.7
11.451646267298301,18.8
11.511504178406776,18.8
11.571674967632385,18.8
11.632160270393321,18.8
11.692961730656117,18.9
11.75408100098034,18.9
11.815519742563518,19.0
11.87727962528627,19.1
11.939362327757706,19.2
12.001769537361062,19.2
12.064502950299536,19.3
12.127564271642404,19.3
12.190955215371359,19.3
12.254677504427118,19.3
12.318732870756214,19.3
12.383123055358094,19.4
12.447849808332432,19.4
12.5129148889267,19.5
12.578320065583968,19.6
12.644067115991009,19.7
12.710157827126565,19.8
12.776593995309947,19.9
12.843377426249843,19.9
12.910509935093431,20.0
12.977993346475664,20.0
13.045829494568892,20.0
13.11402022313271,20.0
13.182567385564074,20.1
13.251472844947658,20.1
13.320738474106527,20.2
13.390366155653,20.3
13.460357782039841,20.4
13.530715255611682,20.4
13.601440488656761,20.4
13.672535403458848,20.5
13.744001932349526,20.5
13.815842017760701,20.5
13.888057612277397,20.5
13.960650678690818,20.5
14.033623190051728,20.6
14.10697712972403,20.6
14.180714491438705,20.7
14.25483727934799,20.7
14.32934750807987,20.9
14.404247202792797,21.1
14.479538399230764,21.2
14.55522314377862,21.2
14.631303493517702,21.3
14.707781516281727,21.3
14.784659290713032,21.4
14.861938906319022,21.4
14.939622463528993,21.4
15.017712073751214,21.4
15.096209859430308,21.5
15.175117954104964,21.5
15.254438502465888,21.6
15.334173660414118,21.6
15.414325595119617,21.7
15.494896485080169,21.7
15.575888520180618,21.8
15.65730390175234,21.8
15.73914484263311,21.9
15.821413567227237,22.0
15.904112311566013,22.0
15.98724332336852,22.1
16.070808862102673,22.1
16.154811199046666,22.1
16.239252617350697,22.2
16.324135412099007,22.3
16.409461890372306,22.4
16.495234371310413,22.5
16.58145518617534,22.5
16.668126678414627,22.6
16.755251203725052,22.7
16.84283113011666,22.7
16.930868837977105,22.8
17.01936672013636,22.8
17.108327181931763,22.9
17.197752641273365,22.9
17.28764552870969,22.9
17.378008287493753,22.9
17.4688433736495,22.9
17.560153256038525,23.0
17.651940416427212,23.1
17.744207349554188,23.1
17.836956563198083,23.2
17.93019057824573,23.2
18.023911928760675,23.3
18.118123162052047,23.4
18.21282683874379,23.5
18.30802553284428,23.6
18.403721831816252,23.6
18.499918336647156,23.7
18.59661766191982,23.8
18.69382243588356,23.8
18.791535300525574,23.8
18.889758911642755,23.8
18.98849593891389,23.9
19.08774906597221,23.9
19.187520990478333,24.0
19.287814424193606,24.0
19.388632093053765,24.1
19.48997673724305,24.2
19.591851111268685,24.2
19.69425798403576,24.2
19.79720013892245,24.3
19.90068037385568,24.3
20.004701501387192,24.5
20.109266348769967,24.6
20.214377758035074,24.7
20.320038586068932,24.7
20.426251704690927,24.7
20.533020000731486,24.7
20.64034637611054,24.7
20.748233747916412,24.8
20.856685048485062,24.9
20.965703225479817,25.0
21.075291241971485,25.1
21.185452076518878,25.1
21.296188723249774,25.2
21.407504191942323,25.3
21.519401508106792,25.3
21.631883713067854,25.4
21.744953864047204,25.4
21.858615034246718,25.5
21.972870312931903,25.5
22.087722805515906,25.6
22.203175633643916,25.6
22.319231935278008,25.7
22.435894864782412,25.7
22.553167593009288,25.7
22.671053307384867,25.7
22.789555211996095,25.8
22.908676527677724,25.9
23.028420492099883,26.0
23.148790359856015,26.1
23.26978940255137,26.1
23.391420908891938,26.2
23.51368818477381,26.3
23.63659455337303,26.4
23.760143355235964,26.4
23.884337948370025,26.5
24.009181708334992,26.5
24.134678028334722,26.6
24.260830319309434,26.6
24.387642010028344,26.7
24.515116547182902,26.8
24.64325739548046,26.9
24.772068037738443,26.9
24.901551974979007,26.9
25.031712726524198,26.9
25.162553830091625,26.9
25.294078841890578,27.0
25.426291336718684,27.1
25.559194908059133,27.2
25.692793168178262,27.2
25.827089748223784,27.3
25.96208829832347,27.4
26.097792487684362,27.5
26.234206004692496,27.6
26.371332557013133,27.6
26.5091758716916,27.7
26.647739695254497,27.7
26.787027793811582,27.8
26.9270439531581,27.8
27.06779197887776,27.9
27.209275696446046,27.9
27.351498951334275,27.9
27.494465609114105,27.9
27.638179555562576,27.9
27.782644696767733,28.0
27.92786495923483,28.0
28.07384428999299,28.1
28.220586656702505,28.2
28.368096047762684,28.2
28.516376472420284,28.3
28.66543196087842,28.4
28.815266564406134,28.5
28.965884355448516,28.6
29.11728942773738,28.7
29.26948589640251,28.8
29.42247789808359,28.9
29.57626959104251,28.9
29.730865155276486,29.0
29.88626879263161,29.1
30.04248472691713,29.1
30.19951720402016,29.2
30.357370492021133,29.2
30.516048881309793,29.2
30.675556684701824,29.2
30.835898237556027,29.2
30.99707789789224,29.3
31.15910004650967,29.3
31.321969087106055,29.4
31.485689446397288,29.4
31.650265574237824,29.5
31.815701943741516,29.6
31.98200305140326,29.7
32.14917341722119,29.8
32.31721758481955,29.9
32.486140121572134,29.9
32.655945618726484,30.0
32.82663869152868,30.1
32.99822397934869,30.2
33.170706145806605,30.2
33.34408987889928,30.2
33.51837989112781,30.2
33.69358091962557,30.2
33.86969772628702,30.3
34.04673509789711,30.4
34.224697846261364,30.5
34.40359080833668,30.5
34.58341884636283,30.5
34.764186847994516,30.6
34.94589972643436,30.6
35.12856242056629,30.7
35.312179895089876,30.8
35.496757140655234,30.9
35.68229917399868,31.0
35.86881103807908,31.0
36.05629780221492,31.1
36.24476456222205,31.2
36.434216440552284,31.2
36.6246585864325,31.2
36.81609617600466,31.2
37.00853441246656,31.3
37.2019785262131,31.3
37.39643377497855,31.4
37.591905443979435,31.4
37.788398846058186,31.5
37.985919321827524,31.6
38.184472239815605,31.6
38.384062996612016,31.7
38.584697017014335,31.7
38.786379754175634,31.8
38.98911668975273,31.8
39.1929133340551,31.9
39.39777522619469,31.9
39.60370793423646,31.9
39.810717055349734,31.9
40.0188082159603,32.0
40.227987071903335,32.1
40.43825930857721,32.2
40.64963064109788,32.3
40.8621068144543,32.4
41.075693603664625,32.5
41.29039681393302,32.5
41.506222280807584,32.6
41.72317587033889,32.6
41.94126347923944,32.6
42.16049103504393,32.6
42.38086449627034,32.7
42.60238985258197,32.7
42.825073124950116,32.8
43.04892036581776,32.8
43.27393765926414,32.9
43.500131121170035,32.9
43.727506899384,33.0
43.956071173889484,33.0
44.18583015697281,33.1
44.416790093392,33.1
44.648957260546474,33.1
44.88233796864779,33.2
45.116938560890986,33.2
45.35276541362708,33.3
45.58982493653644,33.3
45.82812357280281,33.4
46.067667799288614,33.5
46.308464126710895,33.5
46.55051909981832,33.5
46.793839297569036,33.5
47.03843133330949,33.5
47.28430185495417,33.7
47.531457545166376,33.8
47.77990512153967,33.8
48.02965133678067,33.9
48.28070297889241,33.9
48.53306687135893,34.0
48.78674987333074,34.0
49.041758879811184,34.1
49.298100821843896,34.2
49.55578266670119,34.2
49.81481141807335,34.2
50.07519411625915,34.2
50.336937838356974,34.2
50.60004969845742,34.2
50.86453684783644,34.2
51.13040647514984,34.3
51.39766580662862,34.3
51.66632210627541,34.4
51.93638267606184,34.4
52.20785485612707,34.5
52.48074602497726,34.5
52.75506359968615,34.5
53.030815036096584,34.6
53.308007829023246,34.7
53.58664951245627,34.7
53.866747659766084,34.7
54.148309883909214,34.7
54.431343837635225,34.7
54.7158572136947,34.7
55.00185774504835,34.7
55.28935320507712,34.9
55.57835140779364,35.0
55.86886020805435,35.0
56.160887501773274,35.0
56.45444122613637,35.0
56.74952935981742,35.0
57.04615992319485,35.0
57.34434097856969,35.0
57.64408063038476,35.1
57.94538702544487,35.2
58.24826835313831,35.2
58.552732845659456,35.2
58.85878877823242,35.2
59.166444469336014,35.2
59.475708280929936,35.2
59.786588618681876,35.3
60.0990939321961,35.4
60.41323271524305,35.4
60.72901350599024,35.4
61.046444887234294,35.4
61.365535486634215,35.4
61.686293976945976,35.4
62.008729076258064,35.4
62.332849548228545,35.4
62.658664202323344,35.4
62.98618189405547,35.5
63.315411525225876,35.5
63.64636204416533,35.5
63.979042445977655,35.5
64.31346177278421,35.5
64.64962911396958,35.5
64.98755360642885,35.5
65.32724443481563,35.5
65.66871083179183,35.5
66.01196207827876,35.5
66.35700750370908,35.5
66.7038564862806,35.5
67.05251845321108,35.6
67.40300288099445,35.7
67.75531929565844,35.7
68.1094772730234,35.7
68.46548643896274,35.7
68.82335646966433,35.7
69.18309709189363,35.7
69.54471808325809,35.7
69.90822927247277,35.7
70.27364053962762,35.7
70.6409618164559,35.8
71.01020308660422,35.9
71.38137438590384,35.9
71.75448580264342,35.9
72.12954747784322,35.9
72.50656960553087,35.9
72.88556243301818,35.9
73.26653626117992,35.9
73.64950144473359,35.9
74.03446839252094,35.9
74.42144756779092,35.9
74.810449488484,35.9
75.20148472751808,35.9
75.59456391307583,35.9
75.98969772889355,35.9
76.38689691455168,35.9
76.78617226576647,35.9
77.18753463468363,35.9
77.59099493017311,36.1
77.99656411812569,36.2
78.404253221751,36.2
78.8140733218772,36.2
79.226035557252,36.2
79.64015112484554,36.2
80.05643128015467,36.2
80.47488733750892,36.2
80.89553067037787,36.2
81.31837271168051,36.2
81.74342495409579,36.2
82.170698950375,36.2
82.60020631365589,36.2
83.03195871777821,36.2
83.46596789760103,36.2
83.90224564932171,36.2
84.34080383079642,36.2
84.78165436186265,36.2
85.22480922466286,36.2
85.67028046397054,36.2
86.11808018751721,36.2
86.56822056632171,36.2
87.020713835021,36.2
87.47557229220259,36.2
87.93280830073893,36.2
88.39243428812335,36.2
88.85446274680783,36.2
89.31890623454267,36.2
89.78577737471758,36.2
90.25508885670492,36.2
90.72685343620469,36.2
91.20108393559097,36.2
91.67779324426061,36.2
92.15699431898352,36.2
92.63870018425483,36.2
93.12292393264887,36.2
93.60967872517497,36.2
94.09897779163542,36.2
94.5908344309847,36.2
95.0852620116911,36.2
95.58227397210023,36.2
96.08188382079996,36.2
96.5841051369878,36.2
97.08895157083991,36.2
97.59643684388209,36.2
98.10657474936274,36.2
98.61937915262773,36.2
99.13486399149741,36.2
99.65304327664518,36.2
100.17393109197839,36.2
100.69754159502135,36.2
101.22388901729977,36.2
101.75298766472777,36.2
102.28485191799675,36.2
102.81949623296607,36.2
103.35693514105618,36.2
103.89718324964329,36.2
104.44025524245698,36.2
104.98616587997819,36.2
105.53492999984189,36.2
106.08656251723878,36.2
106.64107842532215,36.2
107.19849279561431,36.2
107.75882077841675,36.2
108.32207760322176,36.2
108.88827857912626,36.2
109.45743909524856,36.1
110.02957462114523,36.0
110.60470070723336,35.9
111.18283298521138,35.9
111.76398716848561,35.9
112.3481790525961,35.9
112.93542451564652,35.9
113.5257395187356,35.9
114.11914010639099,35.9
114.71564240700522,35.9
115.3152626332741,35.9
115.91801708263789,35.9
116.52392213772293,35.9
117.13299426678874,35.9
117.74525002417371,35.9
118.36070605074681,35.9
118.97937907435858,35.9
119.60128591029638,35.9
120.22644346174131,35.9
120.85486872022751,35.9
121.4865787661046,35.9
122.12159076900052,35.9
122.75992198829012,35.9
123.40158977356222,35.9
124.04661156509306,35.9
124.69500489431896,35.8
125.34678738431336,35.8
126.00197675026583,35.7
126.6605907999634,35.7
127.3226474342747,35.7
127.98816464763628,35.7
128.6571605285424,35.7
129.32965326003517,35.7
130.00566112020084,35.7
130.68520248266435,35.7
131.36829581709074,35.7
132.05495968968575,35.7
132.74521276370103,35.7
133.43907379994133,35.7
134.1365616572744,35.7
134.83769529314347,35.7
135.54249376408254,35.7
136.25097622623485,35.6
136.96316193587217,35.5
137.67907024992007,35.5
138.39872062648203,35.5
139.1221326253702,35.5
139.84932590863562,35.5
140.58032024110324,35.5
141.31513549090906,35.5
142.05379163003997,35.5
142.7963087348772,35.5
143.5427069867405,35.5
144.29300667243896,35.5
145.04722818481977,35.5
145.80539202332486,35.5
146.56751879454652,35.5
147.333629212788,35.5
148.1037441006266,35.5
148.87788438947953,35.5
149.65607112017267,35.5
150.43832544351253,35.5
151.2246686208618,35.4
152.01512202471548,35.4
152.80970713928414,35.4
153.6084455610754,35.4
154.41135899948313,35.4
155.218469277376,35.4
156.02979833169113,35.4
156.8453682140304,35.4
157.66520109125955,35.4
158.48931924611142,35.4
159.3177450777899,35.4
160.15050110258113,35.4
160.9876099544629,35.4
161.82909438572216,35.3
162.67497726757185,35.3
163.52528159077312,35.2
164.38003046626017,35.2
165.23924712576837,35.2
166.1029549224657,35.2
166.97117733158728,35.2
167.8439379510743,35.2
168.72126050221348,35.2
169.60316883028446,35.2
170.48968690520502,35.2
171.38083882218535,35.2
172.27664880238083,35.2
173.17714119355136,35.2
174.08234047072295,35.2
174.99227123685273,35.2
175.9069582234984,35.2
176.82642629148881,35.2
177.75070043160196,35.1
178.67980576524164,35.1
179.61376754512278,35.0
180.55261115595593,35.0
181.49636211513797,35.0
182.44504607344558,35.0
183.39868881573247,35.0
184.35731626163007,35.0
185.3209544662519,35.0
186.28962962090262,35.0
187.26336805378796,35.0
188.24219623073301,35.0
189.2261407558986,35.0
190.21522837250714,35.0
191.20948596356752,35.0
192.20894055260666,35.0
193.21361930440384,35.0
194.22354952572874,35.0
195.2387586660848,35.0
196.25927431845295,34.9
197.28512422004457,34.8
198.31633625305224,34.7
199.35293844541056,34.7
200.39495897155572,34.7
201.4424261531923,34.7
202.4953684600627,34.7
203.55381451072122,34.7
204.6177930733116,34.7
205.6873330663489,34.7
206.76246355950653,34.7
207.84321377440395,34.7
208.92961308540407,34.7
210.02169102040844,34.7
211.11947726166272,34.7
212.22300164656127,34.7
213.33229416845913,34.6
214.447384977487,34.5
215.5683043813707,34.5
216.69508284625502,34.5
217.8277509975314,34.5
218.9663396206716,34.5
220.1108796620618,34.5
221.26140222984722,34.5
222.41793859477394,34.5
223.5805201910423,34.5
224.74917861715863,34.5
225.9239456367954,34.5
227.10485317965416,34.4
228.29193334233327,34.3
229.48521838920135,34.3
230.68474075327168,34.3
231.89053303708724,34.3
233.102628013603,34.3
234.32105862708036,34.3
235.5458579939798,34.3
236.77705940386227,34.3
238.0146963202937,34.3
239.25880238175446,34.3
240.50941140255387,34.3
241.76655737374873,34.2
243.03027446406858,34.2
244.30059702084168,34.2
245.57755957093218,34.2
246.86119682167464,34.2
248.1515436618211,34.2
249.44863516248657,34.2
250.75250657810346,34.1
252.0631933473797,34.1
253.3807310942614,34.0
254.7051556289027,34.0
256.03650294863604,34.0
257.3748092389545,34.0
258.72011087449107,33.9
260.0724444200114,33.9
261.4318466314045,33.8
262.79835445668317,33.8
264.17200503698814,33.8
265.5528357075972,33.8
266.94088399894025,33.8
268.336187637619,33.8
269.7387845474336,33.8
271.1487128504106,33.8
272.56601086784315,33.7
273.9907171213279,33.6
275.4228703338166,33.5
276.86250943066517,33.5
278.30967354069315,33.5
279.764401997247,33.5
281.2267343392687,33.5
282.6967103123723,33.5
284.1743698699204,33.5
285.65975317411466,33.5
287.152900597083,33.5
288.6538527219809,33.5
290.16265034409145,33.5
291.67933447193553,33.5
293.203946328386,33.5
294.7365273517884,33.5
296.27711919708696,33.5
297.8257637369567,33.4
299.38250306294265,33.3
300.947379486601,33.3
302.52043554065347,33.3
304.1017139801383,33.3
305.69125778357716,33.3
307.2891101541398,33.3
308.8953145208197,33.3
310.5099145396145,33.3
312.1329540947119,33.3
313.76447729968413,33.3
315.40452849868336,33.3
317.0531522676519,33.3
318.71039341552853,33.3
320.3762969854716,33.3
322.05090825607795,33.3
323.7342727426186,33.3
325.4264361982722,33.2
327.1274446153702,33.2
328.83734422664674,33.1
330.55618150649445,33.1
332.28400317222986,33.1
334.02085618535915,33.1
335.76678775285944,33.1
337.52184532845695,33.1
339.28607661392135,33.1
341.0595295603587,33.1
342.84225236951676,33.1
344.63429349509414,33.1
346.4357016440579,33.0
348.24652577796684,33.0
350.06681511430224,32.9
351.8966191278073,32.9
353.7359875518278,32.9
355.5849703796693,32.9
357.44361786595016,32.9
359.3119805279728,32.8
361.1901091470929,32.8
363.0780547701014,32.8
364.9758687106112,32.8
366.8836025504522,32.8
368.80130814107446,32.8
370.72903760495365,32.7
372.66684333701346,32.6
374.6147780060434,32.6
376.57289455613636,32.6
378.54124620812286,32.6
380.5198864610201,32.6
382.50886909348526,32.6
384.5082481652772,32.6
386.51807801872604,32.6
388.53841328020957,32.6
390.56930886163985,32.6
392.6108199619517,32.6
394.6630020686084,32.5
396.7259109591041,32.4
398.7996027024853,32.4
400.8841336608706,32.4
402.9795604909844,32.4
405.0859401456969,32.4
407.20332987557106,32.4
409.331787230421,32.4
411.4713700608718,32.4
413.6221365199375,32.4
415.78414506459575,32.4
417.95745445738237,32.4
420.1421237679842,32.4
422.33821237484636,32.4
424.5457799667861,32.4
426.76488654461485,32.4
428.9955924227691,32.3
431.23795823094935,32.2
433.49204491576995,32.1
435.7579137424112,32.1
438.0356262962907,32.1
440.3252444847303,32.1
442.62683053864555,32.1
444.9404470142319,32.1
447.2661567946673,32.1
449.60402309182115,32.1
451.9541094479714,32.1
454.3164797375345,32.1
456.6911981687959,32.0
459.0783292856624,31.9
461.4779379694089,31.9
463.89008944044906,31.9
466.31484926010245,31.9
468.7522833323791,31.9
471.20245790577025,31.9
473.6654395750488,31.9
476.14129528307956,31.9
478.630092322638,31.9
481.1318983382419,31.8
483.6467813279844,31.7
486.1748096453894,31.7
488.7160520012619,31.7
491.27057746556244,31.7
493.8384554692794,31.7
496.4197558063182,31.7
499.01454863539806,31.7
501.6229044819588,31.6
504.24489424007766,31.6
506.88058917439554,31.6
509.53006092205686,31.6
512.1933814946506,31.6
514.8706232801756,31.6
517.5618590449992,31.6
520.2671619358439,31.6
522.9866054817683,31.6
525.7202635961694,31.6
528.4682105787901,31.6
531.230521117739,31.5
534.0072702915224,31.5
536.7985335710792,31.4
539.6043868218401,31.4
542.4249063057814,31.4
545.2601686835053,31.4
548.1102510163182,31.4
550.9752307683272,31.4
553.8551858085453,31.4
556.7501944130083,31.4
559.6603352669016,31.4
562.5856874666987,31.4
565.5263305223134,31.3
568.4823443592555,31.3
571.4538093208106,31.2
574.4408061702153,31.2
577.4434160928608,31.2
580.4617206984933,31.2
583.4958020234345,31.2
586.5457425328113,31.2
589.6116251227962,31.2
592.6935331228639,31.1
595.7915502980484,31.0
598.9057608512304,30.9
602.0362494254149,30.9
605.1831011060411,30.9
608.3464014232891,30.9
611.5262363544065,30.9
614.7226923260454,30.8
617.9358562166111,30.8
621.1658153586235,30.7
624.4126575410903,30.7
627.6764710118958,30.7
630.957344480193,30.7
634.2553671188238,30.7
637.5706285667327,30.7
640.9032189314127,30.7
644.2532287913472,30.7
647.6207491984753,30.7
651.0058716806659,30.6
654.4086882442045,30.5
657.8292913762976,30.5
661.2677740475787,30.5
664.7242297146454,30.5
668.1987523225889,30.5
671.6914363075575,30.5
675.2023765993158,30.5
678.7316686238282,30.5
682.2794083058518,30.5
685.8456920715438,30.5
689.4306168510824,30.5
693.0342800813003,30.5
696.6567797083366,30.5
700.2982141902914,30.4
703.9586824999124,30.4
707.6382841272731,30.4
711.3371190824884,30.4
715.0552878984242,30.4
718.7928916334344,30.4
722.5500318741055,30.4
726.3268107380181,30.4
730.123330876526,30.4
733.9396954775374,30.4
737.7760082683312,30.4
741.6323735183645,30.4
745.508896042117,30.4
749.4056812019327,30.3
753.3228349108862,30.2
757.2604636356614,30.2
761.2186743994453,30.2
765.1975747848361,30.2
769.1972729367671,30.2
773.2178775654501,30.2
777.2594979493206,30.2
781.3222439380205,30.2
785.406225955371,30.2
789.5115550023859,30.2
793.6383426602791,30.2
797.7867010935024,30.2
801.9567430527921,30.2
806.1485818782347,30.2
810.3623315023465,30.2
814.59810645317,30.2
818.8560218573906,30.2
823.1361934434566,30.2
827.4387375447371,30.2
831.7637711026708,30.2
836.1114116699566,30.1
840.4817774137397,30.0
844.8749871188272,30.0
849.2911601909162,30.0
853.7304166598383,30.0
858.1928771828257,30.0
862.6786630477819,30.0
867.1878961765907,30.0
871.7206991284164,30.0
876.2771951030477,30.0
880.8575079442367,30.0
885.4617621430697,30.0
890.0900828413493,30.0
894.742595834996,30.0
899.4194275774676,30.0
904.1207051831946,30.0
908.8465564310401,30.0
913.5971097677627,30.0
918.3724943115215,30.0
923.1728398553701,30.0
927.998276870799,30.0
932.8489365112713,30.0
937.7249506157918,29.9
942.6264517124897,29.8
947.5535730222193,29.7
952.5064484621864,29.7
957.4852126495767,29.7
962.4900009052299,29.7
967.5209492573013,29.7
972.5781944449744,29.7
977.6618739221665,29.7
982.772125861269,29.6
987.9090891569025,29.5
993.0729034296917,29.5
998.26370903006,29.5
1003.4816470420445,29.5
1008.7268592871307,29.5
1013.9994883281055,29.4
1019.2996774729368,29.4
1024.627570778662,29.3
1029.9833130553077,29.3
1035.3670498698243,29.3
1040.778927550043,29.3
1046.219093188652,29.3
1051.687694647196,29.2
1057.1848805600926,29.2
1062.7108003386745,29.1
1068.2656041752484,29.1
1073.849443047181,29.0
1079.4624687209969,29.0
1085.104833756507,28.9
1090.7766915109553,28.8
1096.4781961431852,28.7
1102.2095026178308,28.7
1107.9707667095288,28.6
1113.7621450071517,28.5
1119.5837949180645,28.4
1125.4358746724013,28.3
1131.3185433273702,28.2
1137.231960771571,28.2
1143.1762877293438,28.1
1149.1516857651375,28.1
1155.1583172879002,28.0
1161.1963455554942,28.0
1167.2659346791324,27.9
1173.3672496278396,27.8
1179.5004562329357,27.7
1185.6657211925422,27.6
1191.8632120761172,27.5
1198.0930973290035,27.4
1204.355546277011,27.2
1210.650729131018,27.1
1216.9788169915967,27.0
1223.3399818536654,26.9
1229.7343966111616,26.8
1236.162235061742,26.7
1242.6236719115057,26.5
1249.1188827797416,26.4
1255.6480442037073,26.3
1262.2113336434193,26.3
1268.8089294864806,26.2
1275.4410110529293,26.1
1282.1077586001115,26.0
1288.8093533275808,25.9
1295.5459773820237,25.7
1302.3178138622095,25.6
1309.1250468239675,25.5
1315.967861285188,25.4
1322.8464432308563,25.4
1329.7609796180998,25.4
1336.7116583812742,25.5
1343.6986684370715,25.6
1350.7221996896535,25.6
1357.782443035813,25.7
1364.879590370164,25.9
1372.0138345903551,26.1
1379.1853696023147,26.2
1386.3943903255179,26.2
1393.6410926982915,26.2
1400.9256736831292,26.2
1408.248331272053,26.1
1415.6092644919916,26.0
1423.0086734101894,25.9
1430.4467591396458,25.4
1437.9237238445805,24.9
1445.439770745928,24.7
1452.9951041268616,24.5
1460.589929338344,24.3
1468.224452804715,24.1
1475.898882029292,23.9
1483.6134256000173,23.7
1491.3682931951248,23.5
1499.1636955888393,23.4
1506.999844657106,23.3
1514.8769533833477,23.1
1522.7952358642551,22.9
1530.754907315605,22.8
1538.7561840781082,22.8
1546.799283623296,22.8
1554.8844245594228,22.7
1563.0118266374113,22.7
1571.181710756826,22.6
1579.3942989718767,22.5
1587.649814497453,22.5
1595.9484817151922,22.4
1604.2905261795772,22.3
1612.6761746240677,22.2
1621.1056549672617,22.1
1629.5791963190893,22.1
1638.097028987047,22.1
1646.6593844824454,22.1
1655.266495526711,22.0
1663.9185960577072,22.0
1672.6159212360947,21.9
1681.3587074517213,21.8
1690.1471923300487,21.7
1698.9816147386093,21.7
1707.8622147934998,21.6
1716.789233865905,21.6
1725.7629145886658,21.6
1734.7835008628629,21.5
1743.8512378644525,21.4
1752.9663720509295,21.3
1762.1291511680254,21.3
1771.3398242564415,21.2
1780.598641658619,21.2
1789.9058550255418,21.1
1799.2617173235774,21.0
1808.6664828413498,20.9
1818.1204071966588,21.0
1827.6237473434162,21.1
1837.1767615786375,21.2
1846.7797095494598,21.2
1856.4328522602,21.2
1866.1364520794475,21.2
1875.8907727471963,21.2
1885.6960793820124,21.1
1895.552638488241,21.0
1905.4607179632462,20.9
1915.4205871047022,21.0
1925.4325166178992,21.1
1935.4967786231095,21.1
1945.6136466629825,21.2
1955.783395709978,21.3
1966.006302173841,21.4
1976.282643909114,21.4
1986.6127002226892,21.4
1996.996751881399,21.4
2007.4350811196462,21.5
2017.927971647083,21.5
2028.4757086563097,21.6
2039.078578830634,21.6
2049.736870351861,21.7
2060.4508729081267,21.7
2071.22087770177,21.8
2082.0471774572497,21.8
2092.9300664290977,21.9
2103.8698404099196,22.0
2114.8667967384304,22.1
2125.9212343075446,22.2
2137.0334535724887,22.2
2148.2037565589744,22.3
2159.4324468714053,22.4
2170.71982970113,22.5
2182.0662118347364,22.6
2193.4719016623894,22.6
2204.937209186215,22.7
2216.4624460287228,22.7
2228.0479254412767,22.8
2239.6939623126154,23.0
2251.4008731773993,23.1
2263.168976224821,23.1
2274.9985913072546,23.2
2286.890039948944,23.2
2298.843645354747,23.3
2310.8597324189163,23.3
2322.9386277339318,23.3
2335.0806595993763,23.3
2347.2861580308577,23.3
2359.5554547689862,23.3
2371.8888832883777,23.3
2384.2867788067265,23.3
2396.7494782939148,23.3
2409.2773204811715,23.4
2421.8706458702773,23.4
2434.5297967428205,23.5
2447.2551171695004,23.6
2460.0469530194778,23.7
2472.905651969775,23.8
2485.8315635147337,23.8
2498.825038975499,23.8
2511.88643150958,23.9
2525.0160961204438,24.0
2538.2143896671673,24.1
2551.481670874133,24.2
2564.8183003407817,24.3
2578.224640551411,24.4
2591.7010558850307,24.6
2605.247912625263,24.7
2618.8655789702975,24.8
2632.5544250429093,25.0
2646.314822900502,25.2
2660.14714654523,25.3
2674.051771934164,25.4
2688.029076989506,25.5
2702.079441608862,25.6
2716.20324767557,25.7
2730.400879069075,25.8
2744.6727216753675,25.9
2759.0191633974646,26.0
2773.440594165967,26.0
2787.9374059496395,26.1
2802.509992766076,26.2
2817.1587506924047,26.2
2831.8840778760564,26.2
2846.686374545581,26.3
2861.5660430215316,26.4
2876.5234877273942,26.5
2891.5591152005823,26.5
2906.6733341034837,26.6
2921.8665552345788,26.7
2937.139191539587,26.8
2952.4916581227058,27.0
2967.9243722578863,27.1
2983.4377534001765,27.4
2999.0322231971227,27.7
3014.7082055002275,27.8
3030.466126376471,27.8
3046.306414119893,27.9
3062.229499263226,27.9
3078.2358145896155,28.0
3094.325795144359,28.2
3110.4998782467446,28.3
3126.7585035019356,28.4
3143.1021128129173,28.4
3159.5311503925072,28.5
3176.0460627754296,28.5
3192.6472988304513,28.5
3209.335309772584,28.5
3226.1105491753406,28.5
3242.973472983081,28.5
3259.924539523382,28.5
3276.9642095195077,28.5
3294.0929461029286,28.5
3311.311214825911,28.5
3328.6194836741684,28.4
3346.018223079582,28.4
3363.507905932988,28.3
3381.089007597027,28.2
3398.762005919066,28.1
3416.527381244194,28.0
3434.385616428264,27.9
3452.337196851022,27.9
3470.382610429304,27.8
3488.5223476302926,27.7
3506.7569014848486,27.5
3525.0867676009134,27.3
3543.512444176976,27.1
3562.034432015617,27.0
3580.6532345371147,26.9
3599.369357793143,26.7
3618.1833104805046,26.5
3637.095603954969,26.3
3656.1067522451726,26.1
3675.2172720665826,25.9
3694.4276828355482,25.7
3713.738506683413,25.4
3733.1502684707093,25.1
3752.6634958014215,25.1
3772.2787190373247,25.1
3791.9964713124127,25.2
3811.817288547367,25.3
3831.7417094641373,25.5
3851.7702756005806,25.6
3871.9035313251793,25.7
3892.1420238518376,25.9
3912.4863032547537,26.2
3932.936922483372,26.4
3953.4944373774106,26.6
3974.1594066819653,26.8
3994.9323920627126,27.0
4015.8139581211503,27.2
4036.8046724099613,27.3
4057.9051054484326,27.4
4079.115830737964,27.6
4100.437424777656,27.7
4121.870467079975,27.8
4143.41554018651,27.8
4165.0732296838005,27.8
4186.844124219257,27.8
4208.728815517151,27.8
4230.72789839472,27.8
4252.841970778305,27.8
4275.071633719623,27.8
4297.417491412092,27.8
4319.880151207261,27.8
4342.460223631314,27.8
4365.158322401661,27.8
4387.975064443623,27.8
4410.911069907196,27.8
4433.9669621839075,27.8
4457.1433679237725,27.8
4480.4409170523,27.8
4503.860242787635,27.8
4527.40198165776,27.7
4551.0667735177985,27.6
4574.855261567406,27.4
4598.768092368251,27.3
4622.80591586159,27.2
4646.969385385929,27.1
4671.25915769478,26.9
4695.675892974527,26.7
4720.220254862348,26.5
4744.892910464259,26.3
4769.694530373255,26.2
4794.625788687525,25.9
4819.68736302878,25.6
4844.87993456067,25.3
4870.204188007296,25.0
4895.660811671819,24.7
4921.250497455168,24.4
4946.973940874864,24.1
4972.8318410838865,23.8
4998.824900889706,23.6
5024.953826773381,23.3
5051.219328908747,23.1
5077.622121181736,22.9
5104.162921209768,22.7
5130.842450361258,22.5
5157.661433775227,22.3
5184.620600380999,22.1
5211.720682918039,21.9
5238.962417955835,21.7
5266.346545913939,21.5
5293.873811082085,21.3
5321.544961640422,21.1
5349.360749679845,20.9
5377.321931222439,20.6
5405.429266242027,20.4
5433.683518684824,20.3
5462.085456490198,20.3
5490.635851611563,20.2
5519.335480037329,20.1
5548.185121812011,19.9
5577.185561057427,19.6
5606.337585994012,19.4
5635.641988962242,19.3
5665.0995664441625,19.2
5694.7111190850455,19.1
5724.477451715144,18.9
5754.399373371566,18.4
5784.477697320285,18.1
5814.713241078208,18.0
5845.10682643542,17.9
5875.659279477514,17.9
5906.371430608045,17.9
5937.244114571097,17.8
5968.278170473975,17.8
5999.4744418100045,17.8
6030.833776481469,17.8
6062.357026822636,18.0
6094.045049622959,18.1
6125.898706150321,18.3
6157.918862174471,18.6
6190.106387990547,18.8
6222.462158442733,19.0
6254.987052948034,19.3
6287.681955520183,19.5
6320.547754793659,19.8
6353.585344047851,20.0
6386.795621231329,20.5
6420.179488986247,20.9
6453.7378546729,21.0
6487.471630394349,21.2
6521.381733021235,21.3
6555.469084216698,21.4
6589.734610461422,21.5
6624.179243078815,21.6
6658.80391826033,21.6
6693.609577090902,21.8
6728.597165574533,22.0
6763.767634659991,22.1
6799.1219402666875,22.1
6834.661043310619,22.1
6870.385909730507,22.1
6906.297510514049,22.1
6942.39682172431,22.1
6978.684824526248,22.0
7015.162505213385,21.8
7051.830855234612,21.7
7088.690871221135,21.6
7125.7435550135615,21.6
7162.989913689153,21.6
7200.430959589155,21.5
7238.067710346342,21.5
7275.901188912673,21.4
7313.932423587085,21.3
7352.162448043451,21.2
7390.59230135867,21.1
7429.22302804091,21.0
7468.055678057999,20.9
7507.091306865953,21.0
7546.330975437692,21.2
7585.775750291836,21.4
7625.426703521717,21.5
7665.284912824515,21.7
7705.351461530549,21.9
7745.627438632719,22.2
7786.113938816104,22.4
7826.81206248772,22.6
7867.722915806424,22.7
7908.847610712972,23.1
7950.187264960275,23.5
7991.743002143727,23.7
8033.515951731782,23.8
8075.507249096639,23.9
8117.718035545101,24.0
8160.149458349601,24.2
8202.80267077938,24.5
8245.67883213183,24.6
8288.77910776401,24.7
8332.104669124305,24.7
8375.656693784302,24.7
8419.436365470749,24.6
8463.444874097753,24.6
8507.683415799123,24.5
8552.153192960874,24.4
8596.855414253905,24.3
8641.791294666864,24.3
8686.962055539152,24.3
8732.36892459413,24.3
8778.01313597248,24.3
8823.895930265779,24.2
8870.018554550163,24.1
8916.382262420266,24.0
8962.988314023276,23.9
9009.83797609319,23.8
9056.932521985234,23.7
9104.273231710486,23.5
9151.861391970657,23.1
9199.698296193066,22.8
9247.785244565785,22.6
9296.12354407301,22.4
9344.714508530542,22.1
9393.559458621517,21.4
9442.659721932305,20.8
9492.016632988581,20.6
9541.631533291613,20.5
9591.505771354708,21.2
9641.64070273987,21.9
9692.037690094652,22.2
9742.698103189163,22.4
9793.623318953358,22.7
9844.814721514387,23.0
9896.27370223427,23.3
9948.001659747684,24.1
10000.0,24.9
10052.270136285486,25.2
10104.813489285681,25.5
10157.6314871081,25.7
10210.725565324987,26.0
10264.09716701231,26.6
10317.747742788988,27.3
10371.678750856474,27.6
10425.891657038128,27.7
10480.387934819217,27.8
10535.16906538697,28.0
10590.236537670813,28.1
10645.591848382772,28.2
10701.236502058211,28.3
10757.172011096769,28.3
10813.399895803414,28.2
10869.921684429703,28.1
10926.73891321545,28.0
10983.85312643042,27.9
11041.265876416248,27.8
11098.978723628681,27.6
11156.993236680037,26.8
11215.310992381786,25.7
11273.933575787378,25.1
11332.862580235347,24.5
11392.099607392682,24.1
11451.646267298307,23.7
11511.504178406769,23.1
11571.674967632372,21.5
11632.16027039332,20.2
11692.961730656129,20.0
11754.08100098034,19.7
11815.519742563505,19.2
11877.27962528627,18.9
11939.362327757724,18.5
12001.76953736107,18.1
12064.50295029953,18.0
12127.56427164241,18.0
12190.95521537136,17.9
12254.677504427105,17.8
12318.732870756214,17.8
12383.123055358106,17.8
12447.849808332432,17.9
12512.914888926687,18.0
12578.320065583976,18.2
12644.067115991029,18.6
12710.157827126544,18.8
12776.593995309939,19.0
12843.377426249857,19.2
12910.50993509343,19.7
12977.99334647565,20.3
13045.829494568892,20.5
13114.020223132724,20.8
13182.567385564074,21.0
13251.472844947652,21.3
13320.738474106534,22.0
13390.366155652993,23.1
13460.35778203982,23.8
13530.715255611682,23.9
13601.440488656775,24.1
13672.535403458849,24.3
13744.001932349513,24.5
13815.842017760702,24.8
13888.057612277411,25.1
13960.650678690825,25.4
14033.62319005172,25.5
14106.977129724035,25.6
14180.714491438697,25.7
14254.837279347976,25.7
14329.347508079869,25.7
14404.247202792812,25.7
14479.538399230763,25.7
14555.223143778607,25.6
14631.303493517702,25.3
14707.78151628175,24.9
14784.65929071304,24.5
14861.938906319014,24.3
14939.622463529,24.0
15017.712073751207,23.5
15096.209859430292,22.6
15175.117954104964,21.7
15254.438502465904,21.0
15334.173660414117,20.2
15414.325595119602,19.6
15494.896485080177,19.2
15575.88852018064,18.2
15657.303901752315,17.2
15739.1448426331,16.6
15821.413567227246,15.9
15904.112311566014,15.4
15987.243323368504,15.1
16070.808862102673,14.1
16154.811199046684,13.0
16239.252617350698,12.4
16324.135412099,11.7
16409.461890372313,11.1
16495.23437131044,10.4
16581.455186175313,9.6
16668.12667841462,8.5
16755.251203725067,6.7
