10.0,43.0
10.052270136285475,43.0
10.104813489285682,43.0
10.157631487108103,42.9
10.210725565324982,42.9
10.264097167012295,42.8
10.317747742789004,42.8
10.371678750856479,42.7
10.425891657038118,42.7
10.480387934819216,42.6
10.535169065386981,42.6
10.590236537670812,42.6
10.64559184838276,42.6
10.701236502058206,42.6
10.757172011096776,42.6
10.813399895803409,42.6
10.869921684429707,42.6
10.926738913215466,42.6
10.98385312643042,42.6
11.041265876416237,42.6
11.098978723628681,42.6
11.156993236680048,42.6
11.215310992381788,42.6
11.27393357578736,42.6
11.332862580235341,42.6
11.392099607392687,42.6
11.451646267298301,42.6
11.511504178406776,42.6
11.571674967632385,42.6
11.632160270393321,42.6
11.692961730656117,42.6
11.75408100098034,42.6
11.815519742563518,42.6
11.87727962528627,42.6
11.939362327757706,42.6
12.001769537361062,42.6
12.064502950299536,42.6
12.127564271642404,42.6
12.190955215371359,42.5
12.254677504427118,42.5
12.318732870756214,42.5
12.383123055358094,42.5
12.447849808332432,42.5
12.5129148889267,42.5
12.578320065583968,42.5
12.644067115991009,42.5
12.710157827126565,42.5
12.776593995309947,42.5
12.843377426249843,42.5
12.910509935093431,42.5
12.977993346475664,42.5
13.045829494568892,42.5
13.11402022313271,42.5
13.182567385564074,42.5
13.251472844947658,42.5
13.320738474106527,42.5
13.390366155653,42.5
13.460357782039841,42.5
13.530715255611682,42.5
13.601440488656761,42.5
13.672535403458848,42.5
13.744001932349526,42.5
13.815842017760701,42.5
13.888057612277397,42.5
13.960650678690818,42.5
14.033623190051728,42.5
14.10697712972403,42.5
14.180714491438705,42.5
14.25483727934799,42.5
14.32934750807987,42.5
14.404247202792797,42.5
14.479538399230764,42.4
14.55522314377862,42.4
14.631303493517702,42.4
14.707781516281727,42.4
14.784659290713032,42.4
14.861938906319022,42.4
14.939622463528993,42.4
15.017712073751214,42.4
15.096209859430308,42.4
15.175117954104964,42.4
15.254438502465888,42.4
15.334173660414118,42.4
15.414325595119617,42.4
15.494896485080169,42.4
15.575888520180618,42.4
15.65730390175234,42.4
15.73914484263311,42.4
15.821413567227237,42.4
15.904112311566013,42.4
15.98724332336852,42.4
16.070808862102673,42.4
16.154811199046666,42.4
16.239252617350697,42.4
16.324135412099007,42.4
16.409461890372306,42.4
16.495234371310413,42.4
16.58145518617534,42.4
16.668126678414627,42.4
16.755251203725052,42.4
16.84283113011666,42.4
16.930868837977105,42.4
17.01936672013636,42.4
17.108327181931763,42.4
17.197752641273365,42.4
17.28764552870969,42.4
17.378008287493753,42.4
17.4688433736495,42.4
17.560153256038525,42.4
17.651940416427212,42.4
17.744207349554188,42.4
17.836956563198083,42.4
17.93019057824573,42.4
18.023911928760675,42.4
18.118123162052047,42.4
18.21282683874379,42.4
18.30802553284428,42.4
18.403721831816252,42.4
18.499918336647156,42.4
18.59661766191982,42.4
18.69382243588356,42.4
18.791535300525574,42.4
18.889758911642755,42.4
18.98849593891389,42.4
19.08774906597221,42.4
19.187520990478333,42.4
19.287814424193606,42.4
19.388632093053765,42.4
19.48997673724305,42.4
19.591851111268685,42.4
19.69425798403576,42.4
19.79720013892245,42.4
19.90068037385568,42.4
20.004701501387192,42.4
20.109266348769967,42.4
20.214377758035074,42.4
20.320038586068932,42.3
20.426251704690927,42.2
20.533020000731486,42.2
20.64034637611054,42.2
20.748233747916412,42.2
20.856685048485062,42.2
20.965703225479817,42.2
21.075291241971485,42.2
21.185452076518878,42.2
21.296188723249774,42.2
21.407504191942323,42.2
21.519401508106792,42.2
21.631883713067854,42.2
21.744953864047204,42.2
21.858615034246718,42.2
21.972870312931903,42.2
22.087722805515906,42.2
22.203175633643916,42.2
22.319231935278008,42.2
22.435894864782412,42.2
22.553167593009288,42.2
22.671053307384867,42.2
22.789555211996095,42.2
22.908676527677724,42.2
23.028420492099883,42.2
23.148790359856015,42.2
23.26978940255137,42.2
23.391420908891938,42.2
23.51368818477381,42.2
23.63659455337303,42.2
23.760143355235964,42.2
23.884337948370025,42.2
24.009181708334992,42.2
24.134678028334722,42.3
24.260830319309434,42.3
24.387642010028344,42.4
24.515116547182902,42.4
24.64325739548046,42.4
24.772068037738443,42.4
24.901551974979007,42.4
25.031712726524198,42.4
25.162553830091625,42.4
25.294078841890578,42.4
25.426291336718684,42.4
25.559194908059133,42.4
25.692793168178262,42.4
25.827089748223784,42.4
25.96208829832347,42.4
26.097792487684362,42.4
26.234206004692496,42.4
26.371332557013133,42.4
26.5091758716916,42.4
26.647739695254497,42.4
26.787027793811582,42.4
26.9270439531581,42.4
27.06779197887776,42.4
27.209275696446046,42.4
27.351498951334275,42.4
27.494465609114105,42.4
27.638179555562576,42.4
27.782644696767733,42.4
27.92786495923483,42.4
28.07384428999299,42.4
28.220586656702505,42.4
28.368096047762684,42.4
28.516376472420284,42.4
28.66543196087842,42.4
28.815266564406134,42.4
28.965884355448516,42.4
29.11728942773738,42.4
29.26948589640251,42.4
29.42247789808359,42.4
29.57626959104251,42.4
29.730865155276486,42.4
29.88626879263161,42.4
30.04248472691713,42.4
30.19951720402016,42.4
30.357370492021133,42.4
30.516048881309793,42.4
30.675556684701824,42.4
30.835898237556027,42.4
30.99707789789224,42.4
31.15910004650967,42.4
31.321969087106055,42.4
31.485689446397288,42.4
31.650265574237824,42.4
31.815701943741516,42.5
31.98200305140326,42.5
32.14917341722119,42.5
32.31721758481955,42.5
32.486140121572134,42.5
32.655945618726484,42.5
32.82663869152868,42.5
32.99822397934869,42.5
33.170706145806605,42.5
33.34408987889928,42.5
33.51837989112781,42.5
33.69358091962557,42.5
33.86969772628702,42.5
34.04673509789711,42.5
34.224697846261364,42.5
34.40359080833668,42.5
34.58341884636283,42.5
34.764186847994516,42.5
34.94589972643436,42.5
35.12856242056629,42.5
35.312179895089876,42.5
35.496757140655234,42.5
35.68229917399868,42.5
35.86881103807908,42.5
36.05629780221492,42.5
36.24476456222205,42.5
36.434216440552284,42.5
36.6246585864325,42.5
36.81609617600466,42.5
37.00853441246656,42.5
37.2019785262131,42.5
37.39643377497855,42.5
37.591905443979435,42.5
37.788398846058186,42.5
37.985919321827524,42.5
38.184472239815605,42.5
38.384062996612016,42.5
38.584697017014335,42.5
38.786379754175634,42.5
38.98911668975273,42.5
39.1929133340551,42.5
39.39777522619469,42.5
39.60370793423646,42.5
39.810717055349734,42.5
40.0188082159603,42.5
40.227987071903335,42.5
40.43825930857721,42.5
40.64963064109788,42.5
40.8621068144543,42.5
41.075693603664625,42.6
41.29039681393302,42.6
41.506222280807584,42.6
41.72317587033889,42.6
41.94126347923944,42.6
42.16049103504393,42.6
42.38086449627034,42.6
42.60238985258197,42.6
42.825073124950116,42.6
43.04892036581776,42.6
43.27393765926414,42.6
43.500131121170035,42.6
43.727506899384,42.6
43.956071173889484,42.6
44.18583015697281,42.6
44.416790093392,42.6
44.648957260546474,42.6
44.88233796864779,42.6
45.116938560890986,42.6
45.35276541362708,42.6
45.58982493653644,42.6
45.82812357280281,42.6
46.067667799288614,42.6
46.308464126710895,42.6
46.55051909981832,42.6
46.793839297569036,42.6
47.03843133330949,42.6
47.28430185495417,42.6
47.531457545166376,42.6
47.77990512153967,42.6
48.02965133678067,42.6
48.28070297889241,42.6
48.53306687135893,42.6
48.78674987333074,42.6
49.041758879811184,42.6
49.298100821843896,42.6
49.55578266670119,42.6
49.81481141807335,42.6
50.07519411625915,42.6
50.336937838356974,42.6
50.60004969845742,42.6
50.86453684783644,42.6
51.13040647514984,42.6
51.39766580662862,42.6
51.66632210627541,42.6
51.93638267606184,42.6
52.20785485612707,42.6
52.48074602497726,42.6
52.75506359968615,42.6
53.030815036096584,42.6
53.308007829023246,42.6
53.58664951245627,42.6
53.866747659766084,42.6
54.148309883909214,42.6
54.431343837635225,42.6
54.7158572136947,42.6
55.00185774504835,42.6
55.28935320507712,42.6
55.57835140779364,42.6
55.86886020805435,42.6
56.160887501773274,42.6
56.45444122613637,42.6
56.74952935981742,42.6
57.04615992319485,42.6
57.34434097856969,42.6
57.64408063038476,42.6
57.94538702544487,42.6
58.24826835313831,42.6
58.552732845659456,42.6
58.85878877823242,42.6
59.166444469336014,42.6
59.475708280929936,42.6
59.786588618681876,42.6
60.0990939321961,42.6
60.41323271524305,42.6
60.72901350599024,42.6
61.046444887234294,42.6
61.365535486634215,42.5
61.686293976945976,42.5
62.008729076258064,42.5
62.332849548228545,42.5
62.658664202323344,42.5
62.98618189405547,42.5
63.315411525225876,42.5
63.64636204416533,42.5
63.979042445977655,42.5
64.31346177278421,42.5
64.64962911396958,42.5
64.98755360642885,42.5
65.32724443481563,42.5
65.66871083179183,42.5
66.01196207827876,42.5
66.35700750370908,42.5
66.7038564862806,42.5
67.05251845321108,42.5
67.40300288099445,42.5
67.75531929565844,42.5
68.1094772730234,42.5
68.46548643896274,42.5
68.82335646966433,42.5
69.18309709189363,42.5
69.54471808325809,42.5
69.90822927247277,42.5
70.27364053962762,42.5
70.6409618164559,42.5
71.01020308660422,42.5
71.38137438590384,42.5
71.75448580264342,42.5
72.12954747784322,42.5
72.50656960553087,42.5
72.88556243301818,42.5
73.26653626117992,42.5
73.64950144473359,42.5
74.03446839252094,42.5
74.42144756779092,42.5
74.810449488484,42.5
75.20148472751808,42.5
75.59456391307583,42.5
75.98969772889355,42.5
76.38689691455168,42.5
76.78617226576647,42.5
77.18753463468363,42.5
77.59099493017311,42.5
77.99656411812569,42.5
78.404253221751,42.4
78.8140733218772,42.2
79.226035557252,42.2
79.64015112484554,42.2
80.05643128015467,42.2
80.47488733750892,42.2
80.89553067037787,42.2
81.31837271168051,42.2
81.74342495409579,42.2
82.170698950375,42.2
82.60020631365589,42.2
83.03195871777821,42.2
83.46596789760103,42.2
83.90224564932171,42.2
84.34080383079642,42.2
84.78165436186265,42.2
85.22480922466286,42.2
85.67028046397054,42.2
86.11808018751721,42.2
86.56822056632171,42.2
87.020713835021,42.2
87.47557229220259,42.2
87.93280830073893,42.2
88.39243428812335,42.2
88.85446274680783,42.2
89.31890623454267,42.2
89.78577737471758,42.2
90.25508885670492,42.2
90.72685343620469,42.2
91.20108393559097,42.2
91.67779324426061,42.2
92.15699431898352,42.2
92.63870018425483,42.2
93.12292393264887,42.2
93.60967872517497,42.2
94.09897779163542,42.2
94.5908344309847,42.2
95.0852620116911,42.2
95.58227397210023,42.2
96.08188382079996,42.2
96.5841051369878,42.2
97.08895157083991,42.2
97.59643684388209,42.2
98.10657474936274,42.2
98.61937915262773,42.2
99.13486399149741,42.2
99.65304327664518,42.1
100.17393109197839,42.1
100.69754159502135,42.1
101.22388901729977,42.1
101.75298766472777,42.1
102.28485191799675,42.1
102.81949623296607,42.1
103.35693514105618,42.1
103.89718324964329,42.1
104.44025524245698,42.1
104.98616587997819,42.1
105.53492999984189,42.1
106.08656251723878,42.1
106.64107842532215,42.1
107.19849279561431,42.1
107.75882077841675,42.0
108.32207760322176,42.0
108.88827857912626,42.0
109.45743909524856,42.0
110.02957462114523,42.0
110.60470070723336,42.0
111.18283298521138,42.0
111.76398716848561,42.0
112.3481790525961,42.0
112.93542451564652,42.0
113.5257395187356,42.0
114.11914010639099,42.0
114.71564240700522,42.0
115.3152626332741,42.0
115.91801708263789,42.0
116.52392213772293,42.0
117.13299426678874,41.9
117.74525002417371,41.9
118.36070605074681,41.9
118.97937907435858,41.9
119.60128591029638,41.9
120.22644346174131,41.8
120.85486872022751,41.8
121.4865787661046,41.8
122.12159076900052,41.8
122.75992198829012,41.8
123.40158977356222,41.8
124.04661156509306,41.8
124.69500489431896,41.8
125.34678738431336,41.8
126.00197675026583,41.8
126.6605907999634,41.8
127.3226474342747,41.8
127.98816464763628,41.8
128.6571605285424,41.8
129.32965326003517,41.7
130.00566112020084,41.7
130.68520248266435,41.7
131.36829581709074,41.7
132.05495968968575,41.7
132.74521276370103,41.7
133.43907379994133,41.7
134.1365616572744,41.7
134.83769529314347,41.7
135.54249376408254,41.7
136.25097622623485,41.7
136.96316193587217,41.7
137.67907024992007,41.6
138.39872062648203,41.6
139.1221326253702,41.5
139.84932590863562,41.5
140.58032024110324,41.5
141.31513549090906,41.5
142.05379163003997,41.4
142.7963087348772,41.4
143.5427069867405,41.4
144.29300667243896,41.4
145.04722818481977,41.4
145.80539202332486,41.4
146.56751879454652,41.4
147.333629212788,41.4
148.1037441006266,41.4
148.87788438947953,41.4
149.65607112017267,41.4
150.43832544351253,41.3
151.2246686208618,41.3
152.01512202471548,41.2
152.80970713928414,41.2
153.6084455610754,41.2
154.41135899948313,41.2
155.218469277376,41.2
156.02979833169113,41.2
156.8453682140304,41.2
157.66520109125955,41.1
158.48931924611142,41.0
159.3177450777899,41.0
160.15050110258113,41.0
160.9876099544629,41.0
161.82909438572216,41.0
162.67497726757185,40.9
163.52528159077312,40.8
164.38003046626017,40.8
165.23924712576837,40.7
166.1029549224657,40.7
166.97117733158728,40.6
167.8439379510743,40.6
168.72126050221348,40.6
169.60316883028446,40.6
170.48968690520502,40.6
171.38083882218535,40.6
172.27664880238083,40.6
173.17714119355136,40.6
174.08234047072295,40.6
174.99227123685273,40.6
175.9069582234984,40.6
176.82642629148881,40.6
177.75070043160196,40.6
178.67980576524164,40.6
179.61376754512278,40.6
180.55261115595593,40.6
181.49636211513797,40.6
182.44504607344558,40.5
183.39868881573247,40.5
184.35731626163007,40.5
185.3209544662519,40.4
186.28962962090262,40.4
187.26336805378796,40.4
188.24219623073301,40.4
189.2261407558986,40.4
190.21522837250714,40.4
191.20948596356752,40.4
192.20894055260666,40.4
193.21361930440384,40.4
194.22354952572874,40.4
195.2387586660848,40.4
196.25927431845295,40.4
197.28512422004457,40.3
198.31633625305224,40.3
199.35293844541056,40.3
200.39495897155572,40.3
201.4424261531923,40.3
202.4953684600627,40.3
203.55381451072122,40.2
204.6177930733116,40.1
205.6873330663489,40.1
206.76246355950653,40.1
207.84321377440395,40.1
208.92961308540407,40.1
210.02169102040844,40.1
211.11947726166272,40.1
212.22300164656127,40.1
213.33229416845913,40.1
214.447384977487,40.1
215.5683043813707,40.1
216.69508284625502,40.1
217.8277509975314,40.1
218.9663396206716,40.0
220.1108796620618,40.0
221.26140222984722,40.0
222.41793859477394,40.0
223.5805201910423,40.0
224.74917861715863,40.0
225.9239456367954,39.9
227.10485317965416,39.9
228.29193334233327,39.8
229.48521838920135,39.7
230.68474075327168,39.7
231.89053303708724,39.7
233.102628013603,39.7
234.32105862708036,39.7
235.5458579939798,39.7
236.77705940386227,39.6
238.0146963202937,39.5
239.25880238175446,39.5
240.50941140255387,39.5
241.76655737374873,39.5
243.03027446406858,39.5
244.30059702084168,39.4
245.57755957093218,39.4
246.86119682167464,39.4
248.1515436618211,39.4
249.44863516248657,39.4
250.75250657810346,39.3
252.0631933473797,39.3
253.3807310942614,39.3
254.7051556289027,39.3
256.03650294863604,39.3
257.3748092389545,39.3
258.72011087449107,39.2
260.0724444200114,39.2
261.4318466314045,39.2
262.79835445668317,39.2
264.17200503698814,39.2
265.5528357075972,39.1
266.94088399894025,39.0
268.336187637619,39.0
269.7387845474336,39.0
271.1487128504106,39.0
272.56601086784315,39.0
273.9907171213279,39.0
275.4228703338166,39.0
276.86250943066517,38.9
278.30967354069315,38.8
279.764401997247,38.8
281.2267343392687,38.8
282.6967103123723,38.8
284.1743698699204,38.7
285.65975317411466,38.6
287.152900597083,38.5
288.6538527219809,38.5
290.16265034409145,38.5
291.67933447193553,38.5
293.203946328386,38.5
294.7365273517884,38.5
296.27711919708696,38.4
297.8257637369567,38.4
299.38250306294265,38.3
300.947379486601,38.3
302.52043554065347,38.3
304.1017139801383,38.3
305.69125778357716,38.3
307.2891101541398,38.3
308.8953145208197,38.3
310.5099145396145,38.3
312.1329540947119,38.3
313.76447729968413,38.2
315.40452849868336,38.2
317.0531522676519,38.2
318.71039341552853,38.2
320.3762969854716,38.2
322.05090825607795,38.2
323.7342727426186,38.2
325.4264361982722,38.2
327.1274446153702,38.2
328.83734422664674,38.2
330.55618150649445,38.1
332.28400317222986,38.1
334.02085618535915,38.1
335.76678775285944,38.1
337.52184532845695,38.1
339.28607661392135,38.1
341.0595295603587,38.1
342.84225236951676,38.1
344.63429349509414,38.1
346.4357016440579,38.1
348.24652577796684,38.0
350.06681511430224,38.0
351.8966191278073,38.0
353.7359875518278,38.0
355.5849703796693,38.0
357.44361786595016,38.0
359.3119805279728,38.0
361.1901091470929,37.9
363.0780547701014,37.9
364.9758687106112,37.9
366.8836025504522,37.8
368.80130814107446,37.8
370.72903760495365,37.8
372.66684333701346,37.8
374.6147780060434,37.7
376.57289455613636,37.7
378.54124620812286,37.7
380.5198864610201,37.7
382.50886909348526,37.7
384.5082481652772,37.7
386.51807801872604,37.7
388.53841328020957,37.7
390.56930886163985,37.7
392.6108199619517,37.6
394.6630020686084,37.6
396.7259109591041,37.6
398.7996027024853,37.6
400.8841336608706,37.6
402.9795604909844,37.6
405.0859401456969,37.6
407.20332987557106,37.6
409.331787230421,37.6
411.4713700608718,37.6
413.6221365199375,37.6
415.78414506459575,37.6
417.95745445738237,37.6
420.1421237679842,37.6
422.33821237484636,37.6
424.5457799667861,37.6
426.76488654461485,37.6
428.9955924227691,37.6
431.23795823094935,37.6
433.49204491576995,37.6
435.7579137424112,37.6
438.0356262962907,37.6
440.3252444847303,37.6
442.62683053864555,37.6
444.9404470142319,37.5
447.2661567946673,37.4
449.60402309182115,37.4
451.9541094479714,37.4
454.3164797375345,37.4
456.6911981687959,37.4
459.0783292856624,37.4
461.4779379694089,37.4
463.89008944044906,37.4
466.31484926010245,37.4
468.7522833323791,37.4
471.20245790577025,37.4
473.6654395750488,37.4
476.14129528307956,37.4
478.630092322638,37.4
481.1318983382419,37.4
483.6467813279844,37.4
486.1748096453894,37.4
488.7160520012619,37.4
491.27057746556244,37.4
493.8384554692794,37.4
496.4197558063182,37.4
499.01454863539806,37.4
501.6229044819588,37.4
504.24489424007766,37.4
506.88058917439554,37.4
509.53006092205686,37.5
512.1933814946506,37.5
514.8706232801756,37.6
517.5618590449992,37.6
520.2671619358439,37.6
522.9866054817683,37.6
525.7202635961694,37.6
528.4682105787901,37.6
531.230521117739,37.6
534.0072702915224,37.6
536.7985335710792,37.6
539.6043868218401,37.6
542.4249063057814,37.6
545.2601686835053,37.6
548.1102510163182,37.6
550.9752307683272,37.6
553.8551858085453,37.6
556.7501944130083,37.6
559.6603352669016,37.6
562.5856874666987,37.6
565.5263305223134,37.7
568.4823443592555,37.7
571.4538093208106,37.7
574.4408061702153,37.7
577.4434160928608,37.7
580.4617206984933,37.7
583.4958020234345,37.7
586.5457425328113,37.7
589.6116251227962,37.7
592.6935331228639,37.7
595.7915502980484,37.9
598.9057608512304,38.0
602.0362494254149,38.0
605.1831011060411,38.0
608.3464014232891,38.0
611.5262363544065,38.0
614.7226923260454,38.0
617.9358562166111,38.0
621.1658153586235,38.1
624.4126575410903,38.2
627.6764710118958,38.2
630.957344480193,38.2
634.2553671188238,38.3
637.5706285667327,38.3
640.9032189314127,38.4
644.2532287913472,38.4
647.6207491984753,38.4
651.0058716806659,38.4
654.4086882442045,38.4
657.8292913762976,38.5
661.2677740475787,38.5
664.7242297146454,38.5
668.1987523225889,38.5
671.6914363075575,38.6
675.2023765993158,38.7
678.7316686238282,38.7
682.2794083058518,38.7
685.8456920715438,38.7
689.4306168510824,38.7
693.0342800813003,38.7
696.6567797083366,38.7
700.2982141902914,38.7
703.9586824999124,38.7
707.6382841272731,38.7
711.3371190824884,38.7
715.0552878984242,38.6
718.7928916334344,38.6
722.5500318741055,38.5
726.3268107380181,38.4
730.123330876526,38.3
733.9396954775374,37.5
737.7760082683312,36.9
741.6323735183645,37.2
745.508896042117,37.6
749.4056812019327,37.7
753.3228349108862,37.8
757.2604636356614,37.9
761.2186743994453,38.0
765.1975747848361,38.1
769.1972729367671,38.1
773.2178775654501,38.2
777.2594979493206,38.2
781.3222439380205,38.2
785.406225955371,38.2
789.5115550023859,38.2
793.6383426602791,38.1
797.7867010935024,37.9
801.9567430527921,37.7
806.1485818782347,37.7
810.3623315023465,37.7
814.59810645317,37.7
818.8560218573906,37.7
823.1361934434566,37.7
827.4387375447371,37.7
831.7637711026708,37.7
836.1114116699566,37.7
840.4817774137397,37.6
844.8749871188272,37.6
849.2911601909162,37.5
853.7304166598383,37.5
858.1928771828257,37.4
862.6786630477819,37.4
867.1878961765907,37.3
871.7206991284164,37.3
876.2771951030477,37.3
880.8575079442367,37.2
885.4617621430697,37.2
890.0900828413493,37.1
894.742595834996,37.0
899.4194275774676,37.0
904.1207051831946,36.9
908.8465564310401,36.8
913.5971097677627,36.6
918.3724943115215,36.4
923.1728398553701,36.1
927.998276870799,35.9
932.8489365112713,35.9
937.7249506157918,35.8
942.6264517124897,35.8
947.5535730222193,35.7
952.5064484621864,35.7
957.4852126495767,35.6
962.4900009052299,35.6
967.5209492573013,35.6
972.5781944449744,35.6
977.6618739221665,35.6
982.772125861269,35.5
987.9090891569025,35.5
993.0729034296917,35.5
998.26370903006,35.5
1003.4816470420445,35.5
1008.7268592871307,35.4
1013.9994883281055,35.4
1019.2996774729368,35.3
1024.627570778662,35.3
1029.9833130553077,35.2
1035.3670498698243,35.1
1040.778927550043,35.1
1046.219093188652,35.0
1051.687694647196,34.9
1057.1848805600926,34.9
1062.7108003386745,34.9
1068.2656041752484,34.9
1073.849443047181,34.8
1079.4624687209969,34.3
1085.104833756507,33.8
1090.7766915109553,33.7
1096.4781961431852,33.5
1102.2095026178308,33.3
1107.9707667095288,33.3
1113.7621450071517,33.2
1119.5837949180645,33.2
1125.4358746724013,33.2
1131.3185433273702,33.2
1137.231960771571,33.1
1143.1762877293438,33.0
1149.1516857651375,33.0
1155.1583172879002,33.0
1161.1963455554942,32.7
1167.2659346791324,32.3
1173.3672496278396,32.2
1179.5004562329357,32.2
1185.6657211925422,32.1
1191.8632120761172,32.2
1198.0930973290035,32.2
1204.355546277011,32.3
1210.650729131018,32.4
1216.9788169915967,32.5
1223.3399818536654,32.6
1229.7343966111616,32.5
1236.162235061742,32.6
1242.6236719115057,32.8
1249.1188827797416,32.9
1255.6480442037073,33.0
1262.2113336434193,32.9
1268.8089294864806,32.9
1275.4410110529293,32.9
1282.1077586001115,32.8
1288.8093533275808,32.8
1295.5459773820237,32.7
1302.3178138622095,32.6
1309.1250468239675,32.6
1315.967861285188,32.5
1322.8464432308563,32.5
1329.7609796180998,32.5
1336.7116583812742,32.5
1343.6986684370715,32.4
1350.7221996896535,32.4
1357.782443035813,32.3
1364.879590370164,32.3
1372.0138345903551,32.3
1379.1853696023147,32.2
1386.3943903255179,32.2
1393.6410926982915,32.2
1400.9256736831292,32.3
1408.248331272053,32.4
1415.6092644919916,32.4
1423.0086734101894,32.5
1430.4467591396458,32.5
1437.9237238445805,32.4
1445.439770745928,32.4
1452.9951041268616,32.4
1460.589929338344,32.4
1468.224452804715,32.3
1475.898882029292,32.3
1483.6134256000173,32.4
1491.3682931951248,32.4
1499.1636955888393,32.5
1506.999844657106,32.4
1514.8769533833477,32.3
1522.7952358642551,32.3
1530.754907315605,32.3
1538.7561840781082,32.3
1546.799283623296,32.5
1554.8844245594228,32.7
1563.0118266374113,32.8
1571.181710756826,33.0
1579.3942989718767,33.2
1587.649814497453,33.4
1595.9484817151922,33.6
1604.2905261795772,33.7
1612.6761746240677,33.9
1621.1056549672617,34.0
1629.5791963190893,34.1
1638.097028987047,34.4
1646.6593844824454,34.6
1655.266495526711,34.9
1663.9185960577072,35.1
1672.6159212360947,35.3
1681.3587074517213,35.4
1690.1471923300487,35.5
1698.9816147386093,35.7
1707.8622147934998,36.1
1716.789233865905,36.5
1725.7629145886658,36.9
1734.7835008628629,37.2
1743.8512378644525,37.3
1752.9663720509295,37.4
1762.1291511680254,37.5
1771.3398242564415,37.6
1780.598641658619,37.7
1789.9058550255418,37.7
1799.2617173235774,37.9
1808.6664828413498,38.0
1818.1204071966588,38.0
1827.6237473434162,38.0
1837.1767615786375,38.0
1846.7797095494598,38.0
1856.4328522602,38.1
1866.1364520794475,38.1
1875.8907727471963,38.2
1885.6960793820124,38.4
1895.552638488241,38.7
1905.4607179632462,38.8
1915.4205871047022,38.9
1925.4325166178992,38.9
1935.4967786231095,38.9
1945.6136466629825,38.9
1955.783395709978,38.9
1966.006302173841,38.9
1976.282643909114,38.9
1986.6127002226892,38.8
1996.996751881399,38.8
2007.4350811196462,38.7
2017.927971647083,38.6
2028.4757086563097,38.5
2039.078578830634,38.4
2049.736870351861,38.3
2060.4508729081267,38.2
2071.22087770177,38.1
2082.0471774572497,38.1
2092.9300664290977,38.0
2103.8698404099196,37.8
2114.8667967384304,37.7
2125.9212343075446,37.6
2137.0334535724887,37.4
2148.2037565589744,37.3
2159.4324468714053,37.2
2170.71982970113,37.1
2182.0662118347364,37.0
2193.4719016623894,36.9
2204.937209186215,36.7
2216.4624460287228,36.6
2228.0479254412767,36.4
2239.6939623126154,36.2
2251.4008731773993,36.1
2263.168976224821,36.0
2274.9985913072546,35.9
2286.890039948944,35.7
2298.843645354747,35.4
2310.8597324189163,35.1
2322.9386277339318,34.8
2335.0806595993763,34.4
2347.2861580308577,34.1
2359.5554547689862,33.8
2371.8888832883777,33.4
2384.2867788067265,33.2
2396.7494782939148,33.1
2409.2773204811715,33.0
2421.8706458702773,32.8
2434.5297967428205,32.6
2447.2551171695004,32.4
2460.0469530194778,32.3
2472.905651969775,32.2
2485.8315635147337,32.1
2498.825038975499,32.0
2511.88643150958,31.8
2525.0160961204438,31.7
2538.2143896671673,31.6
2551.481670874133,31.6
2564.8183003407817,31.6
2578.224640551411,31.6
2591.7010558850307,31.6
2605.247912625263,31.6
2618.8655789702975,31.6
2632.5544250429093,31.6
2646.314822900502,31.6
2660.14714654523,31.7
2674.051771934164,31.7
2688.029076989506,31.7
2702.079441608862,31.8
2716.20324767557,32.0
2730.400879069075,32.0
2744.6727216753675,32.1
2759.0191633974646,32.1
2773.440594165967,32.1
2787.9374059496395,32.1
2802.509992766076,32.2
2817.1587506924047,32.2
2831.8840778760564,32.3
2846.686374545581,32.3
2861.5660430215316,32.3
2876.5234877273942,32.4
2891.5591152005823,32.4
2906.6733341034837,32.4
2921.8665552345788,32.4
2937.139191539587,32.4
2952.4916581227058,32.4
2967.9243722578863,32.4
2983.4377534001765,32.5
2999.0322231971227,32.5
3014.7082055002275,32.6
3030.466126376471,32.6
3046.306414119893,32.7
3062.229499263226,32.9
3078.2358145896155,32.9
3094.325795144359,32.9
3110.4998782467446,32.9
3126.7585035019356,32.9
3143.1021128129173,33.0
3159.5311503925072,33.1
3176.0460627754296,33.1
3192.6472988304513,33.2
3209.335309772584,33.2
3226.1105491753406,33.2
3242.973472983081,33.2
3259.924539523382,33.2
3276.9642095195077,33.2
3294.0929461029286,33.2
3311.311214825911,33.2
3328.6194836741684,33.2
3346.018223079582,33.2
3363.507905932988,33.2
3381.089007597027,33.2
3398.762005919066,33.1
3416.527381244194,33.1
3434.385616428264,33.0
3452.337196851022,33.0
3470.382610429304,32.9
3488.5223476302926,32.8
3506.7569014848486,32.6
3525.0867676009134,32.5
3543.512444176976,32.4
3562.034432015617,32.3
3580.6532345371147,32.3
3599.369357793143,32.3
3618.1833104805046,32.3
3637.095603954969,32.3
3656.1067522451726,32.4
3675.2172720665826,32.4
3694.4276828355482,32.5
3713.738506683413,32.6
3733.1502684707093,32.8
3752.6634958014215,32.9
3772.2787190373247,33.0
3791.9964713124127,33.2
3811.817288547367,33.3
3831.7417094641373,33.5
3851.7702756005806,33.6
3871.9035313251793,33.6
3892.1420238518376,33.7
3912.4863032547537,33.9
3932.936922483372,34.1
3953.4944373774106,34.2
3974.1594066819653,34.3
3994.9323920627126,34.6
4015.8139581211503,34.8
4036.8046724099613,34.8
4057.9051054484326,34.9
4079.115830737964,35.0
4100.437424777656,35.1
4121.870467079975,35.2
4143.41554018651,35.4
4165.0732296838005,35.5
4186.844124219257,35.5
4208.728815517151,35.4
4230.72789839472,35.4
4252.841970778305,35.3
4275.071633719623,35.1
4297.417491412092,35.0
4319.880151207261,34.9
4342.460223631314,34.8
4365.158322401661,34.7
4387.975064443623,34.7
4410.911069907196,34.6
4433.9669621839075,34.4
4457.1433679237725,34.2
4480.4409170523,34.1
4503.860242787635,33.9
4527.40198165776,33.8
4551.0667735177985,33.7
4574.855261567406,33.6
4598.768092368251,33.3
4622.80591586159,33.0
4646.969385385929,32.7
4671.25915769478,32.5
4695.675892974527,32.4
4720.220254862348,32.3
4744.892910464259,32.0
4769.694530373255,31.6
4794.625788687525,31.2
4819.68736302878,30.9
4844.87993456067,30.8
4870.204188007296,30.7
4895.660811671819,30.6
4921.250497455168,30.6
4946.973940874864,30.5
4972.8318410838865,30.5
4998.824900889706,30.5
5024.953826773381,30.5
5051.219328908747,30.7
5077.622121181736,30.9
5104.162921209768,31.0
5130.842450361258,31.2
5157.661433775227,31.4
5184.620600380999,31.5
5211.720682918039,31.7
5238.962417955835,31.9
5266.346545913939,32.1
5293.873811082085,32.5
5321.544961640422,32.8
5349.360749679845,33.2
5377.321931222439,33.5
5405.429266242027,33.7
5433.683518684824,33.8
5462.085456490198,33.8
5490.635851611563,34.1
5519.335480037329,34.4
5548.185121812011,34.6
5577.185561057427,34.6
5606.337585994012,34.6
5635.641988962242,34.6
5665.0995664441625,34.6
5694.7111190850455,34.6
5724.477451715144,34.8
5754.399373371566,34.9
5784.477697320285,35.0
5814.713241078208,35.0
5845.10682643542,35.1
5875.659279477514,35.2
5906.371430608045,35.2
5937.244114571097,35.3
5968.278170473975,35.4
5999.4744418100045,35.6
6030.833776481469,35.7
6062.357026822636,35.8
6094.045049622959,35.9
6125.898706150321,35.9
6157.918862174471,36.0
6190.106387990547,36.0
6222.462158442733,35.9
6254.987052948034,35.6
6287.681955520183,35.3
6320.547754793659,35.2
6353.585344047851,35.1
6386.795621231329,35.0
6420.179488986247,34.8
6453.7378546729,34.6
6487.471630394349,33.7
6521.381733021235,33.0
6555.469084216698,32.9
6589.734610461422,32.7
6624.179243078815,32.5
6658.80391826033,32.4
6693.609577090902,32.3
6728.597165574533,32.2
6763.767634659991,31.9
6799.1219402666875,31.6
6834.661043310619,31.6
6870.385909730507,31.6
6906.297510514049,31.6
6942.39682172431,31.6
6978.684824526248,31.6
7015.162505213385,31.6
7051.830855234612,31.7
7088.690871221135,31.7
7125.7435550135615,31.9
7162.989913689153,32.1
7200.430959589155,32.3
7238.067710346342,32.4
7275.901188912673,32.5
7313.932423587085,32.6
7352.162448043451,32.7
7390.59230135867,32.7
7429.22302804091,32.8
7468.055678057999,32.8
7507.091306865953,32.9
7546.330975437692,33.0
7585.775750291836,33.0
7625.426703521717,33.1
7665.284912824515,33.1
7705.351461530549,33.2
7745.627438632719,33.3
7786.113938816104,33.4
7826.81206248772,33.3
7867.722915806424,33.1
7908.847610712972,33.0
7950.187264960275,33.0
7991.743002143727,33.2
8033.515951731782,33.5
8075.507249096639,33.7
8117.718035545101,33.9
8160.149458349601,34.0
8202.80267077938,34.1
8245.67883213183,34.3
8288.77910776401,34.4
8332.104669124305,34.6
8375.656693784302,34.7
8419.436365470749,34.8
8463.444874097753,34.7
8507.683415799123,34.5
8552.153192960874,34.3
8596.855414253905,34.2
8641.791294666864,34.1
8686.962055539152,34.0
8732.36892459413,33.9
8778.01313597248,33.8
8823.895930265779,34.0
8870.018554550163,34.3
8916.382262420266,34.6
8962.988314023276,34.9
9009.83797609319,35.2
9056.932521985234,35.5
9104.273231710486,35.3
9151.861391970657,35.6
9199.698296193066,35.9
9247.785244565785,36.1
9296.12354407301,36.2
9344.714508530542,36.2
9393.559458621517,36.2
9442.659721932305,36.2
9492.016632988581,36.1
9541.631533291613,35.8
9591.505771354708,35.4
9641.64070273987,35.1
9692.037690094652,34.7
9742.698103189163,34.4
9793.623318953358,34.2
9844.814721514387,33.8
9896.27370223427,32.1
9948.001659747684,30.6
10000.0,30.4
10052.270136285486,30.2
10104.813489285681,30.1
10157.6314871081,30.0
10210.725565324987,30.0
10264.09716701231,30.0
10317.747742788988,30.0
10371.678750856474,30.0
10425.891657038128,30.0
10480.387934819217,30.0
10535.16906538697,30.0
10590.236537670813,30.1
10645.591848382772,30.1
10701.236502058211,30.0
10757.172011096769,29.8
10813.399895803414,29.6
10869.921684429703,29.5
10926.73891321545,29.4
10983.85312643042,29.3
11041.265876416248,29.2
11098.978723628681,29.1
11156.993236680037,29.0
11215.310992381786,28.9
11273.933575787378,28.8
11332.862580235347,28.6
11392.099607392682,28.5
11451.646267298307,28.3
11511.504178406769,28.2
11571.674967632372,28.0
11632.16027039332,27.9
11692.961730656129,27.7
11754.08100098034,27.6
11815.519742563505,27.6
11877.27962528627,27.5
11939.362327757724,27.1
12001.76953736107,26.7
12064.50295029953,26.2
12127.56427164241,26.0
12190.95521537136,26.0
12254.677504427105,25.9
12318.732870756214,25.6
12383.123055358106,25.3
12447.849808332432,25.1
12512.914888926687,24.2
12578.320065583976,23.4
12644.067115991029,23.3
12710.157827126544,23.3
12776.593995309939,23.2
12843.377426249857,23.1
12910.50993509343,22.5
12977.99334647565,21.6
13045.829494568892,21.0
13114.020223132724,20.8
13182.567385564074,20.7
13251.472844947652,20.6
13320.738474106534,20.6
13390.366155652993,20.1
13460.35778203982,17.0
13530.715255611682,13.8
13601.440488656775,11.7
13672.535403458849,10.0
13744.001932349513,9.4
13815.842017760702,9.9
13888.057612277411,11.4
13960.650678690825,12.1
14033.62319005172,13.1
14106.977129724035,14.0
14180.714491438697,14.3
14254.837279347976,15.0
14329.347508079869,15.6
14404.247202792812,15.7
14479.538399230763,15.6
14555.223143778607,15.5
14631.303493517702,14.7
14707.78151628175,13.7
14784.65929071304,13.6
14861.938906319014,13.9
14939.622463529,13.6
15017.712073751207,13.3
15096.209859430292,13.1
15175.117954104964,12.6
15254.438502465904,11.9
15334.173660414117,11.1
15414.325595119602,10.4
15494.896485080177,9.7
15575.88852018064,9.0
15657.303901752315,8.2
15739.1448426331,7.5
15821.413567227246,8.2
15904.112311566014,9.2
15987.243323368504,9.2
16070.808862102673,10.6
16154.811199046684,13.6
16239.252617350698,15.5
16324.135412099,16.6
16409.461890372313,17.2
16495.23437131044,18.0
16581.455186175313,19.3
16668.12667841462,20.6
16755.251203725067,21.3
