10.0,23.6
10.052270136285475,23.8
10.104813489285682,23.9
10.157631487108103,24.0
10.210725565324982,24.0
10.264097167012295,24.1
10.317747742789004,24.1
10.371678750856479,24.2
10.425891657038118,24.3
10.480387934819216,24.3
10.535169065386981,24.4
10.590236537670812,24.4
10.64559184838276,24.5
10.701236502058206,24.5
10.757172011096776,24.6
10.813399895803409,24.7
10.869921684429707,24.7
10.926738913215466,24.8
10.98385312643042,24.9
11.041265876416237,25.0
11.098978723628681,25.1
11.156993236680048,25.2
11.215310992381788,25.2
11.27393357578736,25.3
11.332862580235341,25.4
11.392099607392687,25.5
11.451646267298301,25.5
11.511504178406776,25.5
11.571674967632385,25.6
11.632160270393321,25.6
11.692961730656117,25.7
11.75408100098034,25.8
11.815519742563518,25.9
11.87727962528627,25.9
11.939362327757706,26.0
12.001769537361062,26.1
12.064502950299536,26.2
12.127564271642404,26.3
12.190955215371359,26.4
12.254677504427118,26.5
12.318732870756214,26.5
12.383123055358094,26.6
12.447849808332432,26.6
12.5129148889267,26.7
12.578320065583968,26.7
12.644067115991009,26.8
12.710157827126565,26.8
12.776593995309947,26.9
12.843377426249843,26.9
12.910509935093431,27.0
12.977993346475664,27.1
13.045829494568892,27.2
13.11402022313271,27.2
13.182567385564074,27.3
13.251472844947658,27.3
13.320738474106527,27.4
13.390366155653,27.4
13.460357782039841,27.4
13.530715255611682,27.4
13.601440488656761,27.5
13.672535403458848,27.6
13.744001932349526,27.7
13.815842017760701,27.8
13.888057612277397,27.8
13.960650678690818,27.9
14.033623190051728,28.0
14.10697712972403,28.0
14.180714491438705,28.1
14.25483727934799,28.1
14.32934750807987,28.2
14.404247202792797,28.2
14.479538399230764,28.3
14.55522314377862,28.4
14.631303493517702,28.5
14.707781516281727,28.5
14.784659290713032,28.6
14.861938906319022,28.7
14.939622463528993,28.8
15.017712073751214,28.9
15.096209859430308,29.0
15.175117954104964,29.0
15.254438502465888,29.1
15.334173660414118,29.1
15.414325595119617,29.1
15.494896485080169,29.1
15.575888520180618,29.2
15.65730390175234,29.2
15.73914484263311,29.3
15.821413567227237,29.4
15.904112311566013,29.4
15.98724332336852,29.4
16.070808862102673,29.5
16.154811199046666,29.5
16.239252617350697,29.6
16.324135412099007,29.7
16.409461890372306,29.8
16.495234371310413,29.8
16.58145518617534,29.8
16.668126678414627,29.8
16.755251203725052,29.8
16.84283113011666,29.9
16.930868837977105,30.1
17.01936672013636,30.2
17.108327181931763,30.3
17.197752641273365,30.3
17.28764552870969,30.4
17.378008287493753,30.4
17.4688433736495,30.5
17.560153256038525,30.5
17.651940416427212,30.6
17.744207349554188,30.6
17.836956563198083,30.6
17.93019057824573,30.6
18.023911928760675,30.6
18.118123162052047,30.6
18.21282683874379,30.7
18.30802553284428,30.8
18.403721831816252,30.9
18.499918336647156,30.9
18.59661766191982,31.0
18.69382243588356,31.0
18.791535300525574,31.0
18.889758911642755,31.0
18.98849593891389,31.1
19.08774906597221,31.2
19.187520990478333,31.3
19.287814424193606,31.4
19.388632093053765,31.4
19.48997673724305,31.5
19.591851111268685,31.5
19.69425798403576,31.6
19.79720013892245,31.7
19.90068037385568,31.7
20.004701501387192,31.7
20.109266348769967,31.7
20.214377758035074,31.7
20.320038586068932,31.7
20.426251704690927,31.7
20.533020000731486,31.8
20.64034637611054,31.8
20.748233747916412,31.8
20.856685048485062,31.9
20.965703225479817,31.9
21.075291241971485,32.0
21.185452076518878,32.1
21.296188723249774,32.2
21.407504191942323,32.2
21.519401508106792,32.2
21.631883713067854,32.2
21.744953864047204,32.2
21.858615034246718,32.3
21.972870312931903,32.4
22.087722805515906,32.4
22.203175633643916,32.4
22.319231935278008,32.4
22.435894864782412,32.4
22.553167593009288,32.4
22.671053307384867,32.6
22.789555211996095,32.7
22.908676527677724,32.7
23.028420492099883,32.7
23.148790359856015,32.7
23.26978940255137,32.7
23.391420908891938,32.7
23.51368818477381,32.7
23.63659455337303,32.7
23.760143355235964,32.8
23.884337948370025,32.9
24.009181708334992,32.9
24.134678028334722,32.9
24.260830319309434,32.9
24.387642010028344,32.9
24.515116547182902,33.0
24.64325739548046,33.1
24.772068037738443,33.1
24.901551974979007,33.1
25.031712726524198,33.1
25.162553830091625,33.1
25.294078841890578,33.1
25.426291336718684,33.1
25.559194908059133,33.1
25.692793168178262,33.2
25.827089748223784,33.2
25.96208829832347,33.2
26.097792487684362,33.2
26.234206004692496,33.2
26.371332557013133,33.2
26.5091758716916,33.2
26.647739695254497,33.3
26.787027793811582,33.4
26.9270439531581,33.4
27.06779197887776,33.4
27.209275696446046,33.4
27.351498951334275,33.4
27.494465609114105,33.4
27.638179555562576,33.4
27.782644696767733,33.4
27.92786495923483,33.4
28.07384428999299,33.5
28.220586656702505,33.5
28.368096047762684,33.6
28.516376472420284,33.6
28.66543196087842,33.6
28.815266564406134,33.6
28.965884355448516,33.6
29.11728942773738,33.6
29.26948589640251,33.6
29.42247789808359,33.6
29.57626959104251,33.8
29.730865155276486,33.9
29.88626879263161,33.9
30.04248472691713,33.9
30.19951720402016,33.9
30.357370492021133,33.9
30.516048881309793,33.9
30.675556684701824,33.9
30.835898237556027,33.9
30.99707789789224,33.9
31.15910004650967,33.9
31.321969087106055,33.9
31.485689446397288,33.9
31.650265574237824,33.9
31.815701943741516,33.9
31.98200305140326,33.9
32.14917341722119,34.0
32.31721758481955,34.1
32.486140121572134,34.1
32.655945618726484,34.1
32.82663869152868,34.1
32.99822397934869,34.1
33.170706145806605,34.1
33.34408987889928,34.1
33.51837989112781,34.1
33.69358091962557,34.1
33.86969772628702,34.1
34.04673509789711,34.1
34.224697846261364,34.1
34.40359080833668,34.1
34.58341884636283,34.1
34.764186847994516,34.1
34.94589972643436,34.1
35.12856242056629,34.1
35.312179895089876,34.1
35.496757140655234,34.1
35.68229917399868,34.1
35.86881103807908,34.1
36.05629780221492,34.2
36.24476456222205,34.3
36.434216440552284,34.3
36.6246585864325,34.3
36.81609617600466,34.3
37.00853441246656,34.3
37.2019785262131,34.3
37.39643377497855,34.3
37.591905443979435,34.3
37.788398846058186,34.3
37.985919321827524,34.3
38.184472239815605,34.3
38.384062996612016,34.3
38.584697017014335,34.3
38.786379754175634,34.3
38.98911668975273,34.3
39.1929133340551,34.3
39.39777522619469,34.3
39.60370793423646,34.3
39.810717055349734,34.3
40.0188082159603,34.3
40.227987071903335,34.3
40.43825930857721,34.3
40.64963064109788,34.3
40.8621068144543,34.3
41.075693603664625,34.3
41.29039681393302,34.3
41.506222280807584,34.3
41.72317587033889,34.3
41.94126347923944,34.3
42.16049103504393,34.3
42.38086449627034,34.3
42.60238985258197,34.3
42.825073124950116,34.3
43.04892036581776,34.3
43.27393765926414,34.3
43.500131121170035,34.3
43.727506899384,34.3
43.956071173889484,34.3
44.18583015697281,34.3
44.416790093392,34.3
44.648957260546474,34.3
44.88233796864779,34.3
45.116938560890986,34.3
45.35276541362708,34.3
45.58982493653644,34.3
45.82812357280281,34.3
46.067667799288614,34.3
46.308464126710895,34.3
46.55051909981832,34.3
46.793839297569036,34.3
47.03843133330949,34.3
47.28430185495417,34.3
47.531457545166376,34.3
47.77990512153967,34.3
48.02965133678067,34.3
48.28070297889241,34.3
48.53306687135893,34.3
48.78674987333074,34.3
49.041758879811184,34.3
49.298100821843896,34.3
49.55578266670119,34.3
49.81481141807335,34.3
50.07519411625915,34.3
50.336937838356974,34.3
50.60004969845742,34.3
50.86453684783644,34.3
51.13040647514984,34.3
51.39766580662862,34.3
51.66632210627541,34.3
51.93638267606184,34.3
52.20785485612707,34.3
52.48074602497726,34.3
52.75506359968615,34.3
53.030815036096584,34.3
53.308007829023246,34.3
53.58664951245627,34.3
53.866747659766084,34.3
54.148309883909214,34.3
54.431343837635225,34.3
54.7158572136947,34.3
55.00185774504835,34.3
55.28935320507712,34.3
55.57835140779364,34.3
55.86886020805435,34.3
56.160887501773274,34.3
56.45444122613637,34.3
56.74952935981742,34.3
57.04615992319485,34.3
57.34434097856969,34.3
57.64408063038476,34.3
57.94538702544487,34.3
58.24826835313831,34.3
58.552732845659456,34.3
58.85878877823242,34.3
59.166444469336014,34.3
59.475708280929936,34.3
59.786588618681876,34.3
60.0990939321961,34.3
60.41323271524305,34.3
60.72901350599024,34.3
61.046444887234294,34.3
61.365535486634215,34.3
61.686293976945976,34.3
62.008729076258064,34.3
62.332849548228545,34.3
62.658664202323344,34.3
62.98618189405547,34.3
63.315411525225876,34.3
63.64636204416533,34.2
63.979042445977655,34.1
64.31346177278421,34.1
64.64962911396958,34.1
64.98755360642885,34.1
65.32724443481563,34.1
65.66871083179183,34.1
66.01196207827876,34.1
66.35700750370908,34.1
66.7038564862806,34.1
67.05251845321108,34.1
67.40300288099445,34.1
67.75531929565844,34.1
68.1094772730234,34.1
68.46548643896274,34.1
68.82335646966433,34.1
69.18309709189363,34.1
69.54471808325809,34.1
69.90822927247277,34.1
70.27364053962762,34.1
70.6409618164559,34.1
71.01020308660422,34.1
71.38137438590384,34.1
71.75448580264342,34.1
72.12954747784322,34.1
72.50656960553087,34.1
72.88556243301818,34.1
73.26653626117992,34.1
73.64950144473359,34.1
74.03446839252094,34.1
74.42144756779092,34.1
74.810449488484,34.1
75.20148472751808,34.1
75.59456391307583,34.1
75.98969772889355,34.1
76.38689691455168,34.1
76.78617226576647,34.1
77.18753463468363,34.1
77.59099493017311,34.1
77.99656411812569,34.1
78.404253221751,34.1
78.8140733218772,34.1
79.226035557252,34.1
79.64015112484554,34.0
80.05643128015467,34.0
80.47488733750892,33.9
80.89553067037787,33.9
81.31837271168051,33.9
81.74342495409579,33.9
82.170698950375,33.9
82.60020631365589,33.9
83.03195871777821,33.9
83.46596789760103,33.9
83.90224564932171,33.9
84.34080383079642,33.9
84.78165436186265,33.9
85.22480922466286,33.9
85.67028046397054,33.9
86.11808018751721,33.9
86.56822056632171,33.9
87.020713835021,33.9
87.47557229220259,33.9
87.93280830073893,33.9
88.39243428812335,33.9
88.85446274680783,33.9
89.31890623454267,33.8
89.78577737471758,33.7
90.25508885670492,33.6
90.72685343620469,33.6
91.20108393559097,33.6
91.67779324426061,33.6
92.15699431898352,33.6
92.63870018425483,33.6
93.12292393264887,33.6
93.60967872517497,33.6
94.09897779163542,33.6
94.5908344309847,33.6
95.0852620116911,33.6
95.58227397210023,33.5
96.08188382079996,33.4
96.5841051369878,33.4
97.08895157083991,33.4
97.59643684388209,33.4
98.10657474936274,33.4
98.61937915262773,33.4
99.13486399149741,33.4
99.65304327664518,33.4
100.17393109197839,33.3
100.69754159502135,33.3
101.22388901729977,33.2
101.75298766472777,33.2
102.28485191799675,33.2
102.81949623296607,33.2
103.35693514105618,33.2
103.89718324964329,33.2
104.44025524245698,33.2
104.98616587997819,33.2
105.53492999984189,33.3
106.08656251723878,33.4
106.64107842532215,33.4
107.19849279561431,33.4
107.75882077841675,33.5
108.32207760322176,33.6
108.88827857912626,33.6
109.45743909524856,33.6
110.02957462114523,33.6
110.60470070723336,33.6
111.18283298521138,33.8
111.76398716848561,33.9
112.3481790525961,33.9
112.93542451564652,33.9
113.5257395187356,33.9
114.11914010639099,33.9
114.71564240700522,33.9
115.3152626332741,33.9
115.91801708263789,33.8
116.52392213772293,33.7
117.13299426678874,33.6
117.74525002417371,33.6
118.36070605074681,33.6
118.97937907435858,33.6
119.60128591029638,33.5
120.22644346174131,33.5
120.85486872022751,33.4
121.4865787661046,33.4
122.12159076900052,33.4
122.75992198829012,33.4
123.40158977356222,33.4
124.04661156509306,33.3
124.69500489431896,33.2
125.34678738431336,33.2
126.00197675026583,33.3
126.6605907999634,33.3
127.3226474342747,33.4
127.98816464763628,33.4
128.6571605285424,33.4
129.32965326003517,33.5
130.00566112020084,33.5
130.68520248266435,33.6
131.36829581709074,33.7
132.05495968968575,33.8
132.74521276370103,33.9
133.43907379994133,33.9
134.1365616572744,33.9
134.83769529314347,33.9
135.54249376408254,33.9
136.25097622623485,33.9
136.96316193587217,33.9
137.67907024992007,33.9
138.39872062648203,33.9
139.1221326253702,33.9
139.84932590863562,33.9
140.58032024110324,33.9
141.31513549090906,33.9
142.05379163003997,33.9
142.7963087348772,33.9
143.5427069867405,33.9
144.29300667243896,33.9
145.04722818481977,33.9
145.80539202332486,33.9
146.56751879454652,33.9
147.333629212788,33.9
148.1037441006266,33.9
148.87788438947953,33.9
149.65607112017267,33.9
150.43832544351253,33.9
151.2246686208618,33.9
152.01512202471548,33.9
152.80970713928414,33.9
153.6084455610754,33.9
154.41135899948313,33.8
155.218469277376,33.7
156.02979833169113,33.6
156.8453682140304,33.6
157.66520109125955,33.5
158.48931924611142,33.4
159.3177450777899,33.4
160.15050110258113,33.4
160.9876099544629,33.4
161.82909438572216,33.4
162.67497726757185,33.3
163.52528159077312,33.2
164.38003046626017,33.2
165.23924712576837,33.1
166.1029549224657,33.1
166.97117733158728,33.1
167.8439379510743,33.0
168.72126050221348,32.9
169.60316883028446,32.9
170.48968690520502,32.9
171.38083882218535,32.9
172.27664880238083,32.9
173.17714119355136,32.8
174.08234047072295,32.7
174.99227123685273,32.7
175.9069582234984,32.7
176.82642629148881,32.8
177.75070043160196,32.9
178.67980576524164,32.9
179.61376754512278,33.0
180.55261115595593,33.0
181.49636211513797,33.1
182.44504607344558,33.1
183.39868881573247,33.1
184.35731626163007,33.1
185.3209544662519,33.1
186.28962962090262,33.2
187.26336805378796,33.2
188.24219623073301,33.2
189.2261407558986,33.2
190.21522837250714,33.2
191.20948596356752,33.2
192.20894055260666,33.2
193.21361930440384,33.2
194.22354952572874,33.2
195.2387586660848,33.2
196.25927431845295,33.2
197.28512422004457,33.2
198.31633625305224,33.2
199.35293844541056,33.2
200.39495897155572,33.2
201.4424261531923,33.2
202.4953684600627,33.2
203.55381451072122,33.2
204.6177930733116,33.2
205.6873330663489,33.3
206.76246355950653,33.4
207.84321377440395,33.4
208.92961308540407,33.4
210.02169102040844,33.4
211.11947726166272,33.4
212.22300164656127,33.4
213.33229416845913,33.4
214.447384977487,33.4
215.5683043813707,33.4
216.69508284625502,33.4
217.8277509975314,33.4
218.9663396206716,33.4
220.1108796620618,33.4
221.26140222984722,33.4
222.41793859477394,33.4
223.5805201910423,33.4
224.74917861715863,33.4
225.9239456367954,33.3
227.10485317965416,33.3
228.29193334233327,33.2
229.48521838920135,33.2
230.68474075327168,33.2
231.89053303708724,33.2
233.102628013603,33.2
234.32105862708036,33.2
235.5458579939798,33.2
236.77705940386227,33.2
238.0146963202937,33.2
239.25880238175446,33.2
240.50941140255387,33.2
241.76655737374873,33.1
243.03027446406858,33.1
244.30059702084168,33.1
245.57755957093218,33.1
246.86119682167464,33.1
248.1515436618211,33.1
249.44863516248657,33.1
250.75250657810346,33.1
252.0631933473797,33.1
253.3807310942614,33.1
254.7051556289027,33.1
256.03650294863604,33.1
257.3748092389545,33.1
258.72011087449107,33.1
260.0724444200114,33.1
261.4318466314045,33.1
262.79835445668317,33.1
264.17200503698814,33.1
265.5528357075972,33.1
266.94088399894025,33.0
268.336187637619,32.9
269.7387845474336,32.9
271.1487128504106,32.9
272.56601086784315,32.9
273.9907171213279,32.9
275.4228703338166,32.9
276.86250943066517,32.9
278.30967354069315,32.9
279.764401997247,32.9
281.2267343392687,32.9
282.6967103123723,32.8
284.1743698699204,32.7
285.65975317411466,32.7
287.152900597083,32.7
288.6538527219809,32.7
290.16265034409145,32.7
291.67933447193553,32.7
293.203946328386,32.6
294.7365273517884,32.5
296.27711919708696,32.4
297.8257637369567,32.4
299.38250306294265,32.4
300.947379486601,32.4
302.52043554065347,32.4
304.1017139801383,32.4
305.69125778357716,32.4
307.2891101541398,32.4
308.8953145208197,32.3
310.5099145396145,32.2
312.1329540947119,32.2
313.76447729968413,32.2
315.40452849868336,32.2
317.0531522676519,32.2
318.71039341552853,32.2
320.3762969854716,32.2
322.05090825607795,32.2
323.7342727426186,32.2
325.4264361982722,32.2
327.1274446153702,32.1
328.83734422664674,32.0
330.55618150649445,32.0
332.28400317222986,32.0
334.02085618535915,32.0
335.76678775285944,32.0
337.52184532845695,31.9
339.28607661392135,31.8
341.0595295603587,31.8
342.84225236951676,31.8
344.63429349509414,31.8
346.4357016440579,31.8
348.24652577796684,31.8
350.06681511430224,31.8
351.8966191278073,31.8
353.7359875518278,31.8
355.5849703796693,31.7
357.44361786595016,31.7
359.3119805279728,31.7
361.1901091470929,31.7
363.0780547701014,31.7
364.9758687106112,31.7
366.8836025504522,31.6
368.80130814107446,31.5
370.72903760495365,31.5
372.66684333701346,31.5
374.6147780060434,31.5
376.57289455613636,31.5
378.54124620812286,31.5
380.5198864610201,31.4
382.50886909348526,31.4
384.5082481652772,31.3
386.51807801872604,31.3
388.53841328020957,31.3
390.56930886163985,31.3
392.6108199619517,31.3
394.6630020686084,31.3
396.7259109591041,31.3
398.7996027024853,31.2
400.8841336608706,31.1
402.9795604909844,31.0
405.0859401456969,31.0
407.20332987557106,31.0
409.331787230421,31.0
411.4713700608718,31.0
413.6221365199375,31.0
415.78414506459575,31.0
417.95745445738237,31.0
420.1421237679842,30.9
422.33821237484636,30.8
424.5457799667861,30.8
426.76488654461485,30.8
428.9955924227691,30.8
431.23795823094935,30.8
433.49204491576995,30.8
435.7579137424112,30.8
438.0356262962907,30.7
440.3252444847303,30.6
442.62683053864555,30.6
444.9404470142319,30.6
447.2661567946673,30.6
449.60402309182115,30.6
451.9541094479714,30.6
454.3164797375345,30.6
456.6911981687959,30.6
459.0783292856624,30.6
461.4779379694089,30.6
463.89008944044906,30.6
466.31484926010245,30.6
468.7522833323791,30.6
471.20245790577025,30.6
473.6654395750488,30.6
476.14129528307956,30.6
478.630092322638,30.6
481.1318983382419,30.5
483.6467813279844,30.5
486.1748096453894,30.5
488.7160520012619,30.5
491.27057746556244,30.5
493.8384554692794,30.5
496.4197558063182,30.5
499.01454863539806,30.5
501.6229044819588,30.5
504.24489424007766,30.5
506.88058917439554,30.5
509.53006092205686,30.5
512.1933814946506,30.5
514.8706232801756,30.5
517.5618590449992,30.5
520.2671619358439,30.5
522.9866054817683,30.5
525.7202635961694,30.5
528.4682105787901,30.5
531.230521117739,30.5
534.0072702915224,30.5
536.7985335710792,30.5
539.6043868218401,30.5
542.4249063057814,30.5
545.2601686835053,30.5
548.1102510163182,30.5
550.9752307683272,30.5
553.8551858085453,30.5
556.7501944130083,30.5
559.6603352669016,30.5
562.5856874666987,30.5
565.5263305223134,30.5
568.4823443592555,30.5
571.4538093208106,30.5
574.4408061702153,30.5
577.4434160928608,30.5
580.4617206984933,30.5
583.4958020234345,30.5
586.5457425328113,30.5
589.6116251227962,30.5
592.6935331228639,30.5
595.7915502980484,30.5
598.9057608512304,30.5
602.0362494254149,30.5
605.1831011060411,30.5
608.3464014232891,30.5
611.5262363544065,30.5
614.7226923260454,30.5
617.9358562166111,30.6
621.1658153586235,30.6
624.4126575410903,30.6
627.6764710118958,30.6
630.957344480193,30.6
634.2553671188238,30.6
637.5706285667327,30.6
640.9032189314127,30.6
644.2532287913472,30.7
647.6207491984753,30.8
651.0058716806659,30.8
654.4086882442045,30.8
657.8292913762976,30.8
661.2677740475787,30.8
664.7242297146454,30.8
668.1987523225889,30.8
671.6914363075575,30.8
675.2023765993158,30.9
678.7316686238282,31.0
682.2794083058518,31.0
685.8456920715438,31.0
689.4306168510824,31.2
693.0342800813003,31.3
696.6567797083366,31.3
700.2982141902914,31.3
703.9586824999124,31.3
707.6382841272731,31.3
711.3371190824884,31.4
715.0552878984242,31.5
718.7928916334344,31.5
722.5500318741055,31.5
726.3268107380181,31.5
730.123330876526,31.5
733.9396954775374,31.6
737.7760082683312,31.7
741.6323735183645,31.7
745.508896042117,31.7
749.4056812019327,31.7
753.3228349108862,31.7
757.2604636356614,31.7
761.2186743994453,31.7
765.1975747848361,31.7
769.1972729367671,31.7
773.2178775654501,31.7
777.2594979493206,31.8
781.3222439380205,31.8
785.406225955371,31.8
789.5115550023859,31.8
793.6383426602791,31.8
797.7867010935024,31.9
801.9567430527921,32.0
806.1485818782347,32.0
810.3623315023465,32.0
814.59810645317,32.0
818.8560218573906,32.0
823.1361934434566,32.0
827.4387375447371,32.0
831.7637711026708,32.1
836.1114116699566,32.1
840.4817774137397,32.2
844.8749871188272,32.2
849.2911601909162,32.2
853.7304166598383,32.2
858.1928771828257,32.2
862.6786630477819,32.2
867.1878961765907,32.2
871.7206991284164,32.2
876.2771951030477,32.2
880.8575079442367,32.2
885.4617621430697,32.2
890.0900828413493,32.2
894.742595834996,32.2
899.4194275774676,32.2
904.1207051831946,32.2
908.8465564310401,32.2
913.5971097677627,32.2
918.3724943115215,32.2
923.1728398553701,32.2
927.998276870799,32.2
932.8489365112713,32.2
937.7249506157918,32.2
942.6264517124897,32.2
947.5535730222193,32.2
952.5064484621864,32.2
957.4852126495767,32.1
962.4900009052299,32.0
967.5209492573013,32.0
972.5781944449744,32.0
977.6618739221665,31.9
982.772125861269,31.8
987.9090891569025,31.8
993.0729034296917,31.7
998.26370903006,31.7
1003.4816470420445,31.7
1008.7268592871307,31.6
1013.9994883281055,31.5
1019.2996774729368,31.4
1024.627570778662,31.4
1029.9833130553077,31.3
1035.3670498698243,31.3
1040.778927550043,31.2
1046.219093188652,31.1
1051.687694647196,30.9
1057.1848805600926,30.8
1062.7108003386745,30.7
1068.2656041752484,30.6
1073.849443047181,30.5
1079.4624687209969,30.4
1085.104833756507,30.4
1090.7766915109553,30.3
1096.4781961431852,30.2
1102.2095026178308,30.1
1107.9707667095288,30.0
1113.7621450071517,29.8
1119.5837949180645,29.6
1125.4358746724013,29.4
1131.3185433273702,29.3
1137.231960771571,29.2
1143.1762877293438,29.1
1149.1516857651375,28.9
1155.1583172879002,28.7
1161.1963455554942,28.6
1167.2659346791324,28.5
1173.3672496278396,28.4
1179.5004562329357,28.2
1185.6657211925422,28.1
1191.8632120761172,28.0
1198.0930973290035,27.9
1204.355546277011,27.7
1210.650729131018,27.5
1216.9788169915967,27.4
1223.3399818536654,27.3
1229.7343966111616,27.2
1236.162235061742,27.0
1242.6236719115057,26.8
1249.1188827797416,26.7
1255.6480442037073,26.7
1262.2113336434193,26.7
1268.8089294864806,26.6
1275.4410110529293,26.4
1282.1077586001115,26.2
1288.8093533275808,26.1
1295.5459773820237,26.1
1302.3178138622095,26.0
1309.1250468239675,25.9
1315.967861285188,25.8
1322.8464432308563,25.7
1329.7609796180998,25.7
1336.7116583812742,25.6
1343.6986684370715,25.6
1350.7221996896535,25.5
1357.782443035813,25.5
1364.879590370164,25.5
1372.0138345903551,25.5
1379.1853696023147,25.5
1386.3943903255179,25.5
1393.6410926982915,25.4
1400.9256736831292,25.3
1408.248331272053,25.3
1415.6092644919916,25.3
1423.0086734101894,25.3
1430.4467591396458,25.4
1437.9237238445805,25.5
1445.439770745928,25.5
1452.9951041268616,25.5
1460.589929338344,25.5
1468.224452804715,25.5
1475.898882029292,25.5
1483.6134256000173,25.5
1491.3682931951248,25.5
1499.1636955888393,25.6
1506.999844657106,25.6
1514.8769533833477,25.7
1522.7952358642551,25.7
1530.754907315605,25.8
1538.7561840781082,25.9
1546.799283623296,25.9
1554.8844245594228,26.1
1563.0118266374113,26.2
1571.181710756826,26.3
1579.3942989718767,26.4
1587.649814497453,26.5
1595.9484817151922,26.6
1604.2905261795772,26.7
1612.6761746240677,26.8
1621.1056549672617,26.9
1629.5791963190893,27.0
1638.097028987047,27.1
1646.6593844824454,27.2
1655.266495526711,27.3
1663.9185960577072,27.4
1672.6159212360947,27.5
1681.3587074517213,27.7
1690.1471923300487,27.8
1698.9816147386093,27.9
1707.8622147934998,28.0
1716.789233865905,28.1
1725.7629145886658,28.2
1734.7835008628629,28.3
1743.8512378644525,28.3
1752.9663720509295,28.4
1762.1291511680254,28.5
1771.3398242564415,28.5
1780.598641658619,28.6
1789.9058550255418,28.7
1799.2617173235774,28.8
1808.6664828413498,28.9
1818.1204071966588,29.0
1827.6237473434162,29.0
1837.1767615786375,29.1
1846.7797095494598,29.1
1856.4328522602,29.1
1866.1364520794475,29.1
1875.8907727471963,29.2
1885.6960793820124,29.2
1895.552638488241,29.3
1905.4607179632462,29.3
1915.4205871047022,29.4
1925.4325166178992,29.4
1935.4967786231095,29.5
1945.6136466629825,29.5
1955.783395709978,29.6
1966.006302173841,29.6
1976.282643909114,29.6
1986.6127002226892,29.6
1996.996751881399,29.7
2007.4350811196462,29.7
2017.927971647083,29.8
2028.4757086563097,29.9
2039.078578830634,30.0
2049.736870351861,30.0
2060.4508729081267,30.1
2071.22087770177,30.2
2082.0471774572497,30.3
2092.9300664290977,30.3
2103.8698404099196,30.4
2114.8667967384304,30.4
2125.9212343075446,30.5
2137.0334535724887,30.5
2148.2037565589744,30.6
2159.4324468714053,30.6
2170.71982970113,30.6
2182.0662118347364,30.6
2193.4719016623894,30.6
2204.937209186215,30.6
2216.4624460287228,30.6
2228.0479254412767,30.6
2239.6939623126154,30.6
2251.4008731773993,30.6
2263.168976224821,30.6
2274.9985913072546,30.6
2286.890039948944,30.6
2298.843645354747,30.6
2310.8597324189163,30.6
2322.9386277339318,30.6
2335.0806595993763,30.5
2347.2861580308577,30.5
2359.5554547689862,30.4
2371.8888832883777,30.4
2384.2867788067265,30.3
2396.7494782939148,30.2
2409.2773204811715,30.2
2421.8706458702773,30.1
2434.5297967428205,30.0
2447.2551171695004,29.9
2460.0469530194778,29.8
2472.905651969775,29.7
2485.8315635147337,29.6
2498.825038975499,29.4
2511.88643150958,29.4
2525.0160961204438,29.4
2538.2143896671673,29.4
2551.481670874133,29.3
2564.8183003407817,29.3
2578.224640551411,29.2
2591.7010558850307,29.2
2605.247912625263,29.1
2618.8655789702975,29.1
2632.5544250429093,29.1
2646.314822900502,29.1
2660.14714654523,29.1
2674.051771934164,29.1
2688.029076989506,29.0
2702.079441608862,28.9
2716.20324767557,28.9
2730.400879069075,28.9
2744.6727216753675,28.9
2759.0191633974646,28.9
2773.440594165967,28.8
2787.9374059496395,28.7
2802.509992766076,28.6
2817.1587506924047,28.5
2831.8840778760564,28.5
2846.686374545581,28.4
2861.5660430215316,28.4
2876.5234877273942,28.3
2891.5591152005823,28.2
2906.6733341034837,28.2
2921.8665552345788,28.1
2937.139191539587,28.1
2952.4916581227058,28.1
2967.9243722578863,28.1
2983.4377534001765,28.1
2999.0322231971227,28.1
3014.7082055002275,28.1
3030.466126376471,28.1
3046.306414119893,28.1
3062.229499263226,28.1
3078.2358145896155,28.2
3094.325795144359,28.2
3110.4998782467446,28.3
3126.7585035019356,28.5
3143.1021128129173,28.6
3159.5311503925072,28.7
3176.0460627754296,28.9
3192.6472988304513,29.0
3209.335309772584,29.1
3226.1105491753406,29.2
3242.973472983081,29.2
3259.924539523382,29.3
3276.9642095195077,29.5
3294.0929461029286,29.7
3311.311214825911,29.8
3328.6194836741684,29.9
3346.018223079582,29.9
3363.507905932988,30.0
3381.089007597027,30.2
3398.762005919066,30.4
3416.527381244194,30.5
3434.385616428264,30.5
3452.337196851022,30.5
3470.382610429304,30.6
3488.5223476302926,30.6
3506.7569014848486,30.7
3525.0867676009134,30.8
3543.512444176976,30.7
3562.034432015617,30.7
3580.6532345371147,30.6
3599.369357793143,30.6
3618.1833104805046,30.5
3637.095603954969,30.5
3656.1067522451726,30.4
3675.2172720665826,30.2
3694.4276828355482,29.9
3713.738506683413,29.7
3733.1502684707093,29.5
3752.6634958014215,29.3
3772.2787190373247,29.1
3791.9964713124127,28.9
3811.817288547367,28.6
3831.7417094641373,28.3
3851.7702756005806,28.0
3871.9035313251793,27.7
3892.1420238518376,27.5
3912.4863032547537,27.3
3932.936922483372,27.1
3953.4944373774106,27.0
3974.1594066819653,26.9
3994.9323920627126,26.8
4015.8139581211503,26.8
4036.8046724099613,26.7
4057.9051054484326,26.7
4079.115830737964,26.7
4100.437424777656,26.7
4121.870467079975,26.7
4143.41554018651,26.7
4165.0732296838005,26.6
4186.844124219257,26.5
4208.728815517151,26.3
4230.72789839472,26.2
4252.841970778305,26.1
4275.071633719623,26.0
4297.417491412092,25.9
4319.880151207261,25.8
4342.460223631314,25.6
4365.158322401661,25.5
4387.975064443623,25.4
4410.911069907196,25.3
4433.9669621839075,25.3
4457.1433679237725,25.2
4480.4409170523,25.2
4503.860242787635,25.1
4527.40198165776,25.0
4551.0667735177985,24.9
4574.855261567406,24.8
4598.768092368251,24.6
4622.80591586159,24.5
4646.969385385929,24.4
4671.25915769478,24.4
4695.675892974527,24.3
4720.220254862348,24.3
4744.892910464259,24.2
4769.694530373255,24.2
4794.625788687525,24.1
4819.68736302878,24.0
4844.87993456067,24.0
4870.204188007296,23.9
4895.660811671819,23.8
4921.250497455168,23.7
4946.973940874864,23.6
4972.8318410838865,23.4
4998.824900889706,23.3
5024.953826773381,23.2
5051.219328908747,23.1
5077.622121181736,23.0
5104.162921209768,22.9
5130.842450361258,22.8
5157.661433775227,22.4
5184.620600380999,22.1
5211.720682918039,22.0
5238.962417955835,22.0
5266.346545913939,22.0
5293.873811082085,21.9
5321.544961640422,21.8
5349.360749679845,21.7
5377.321931222439,21.7
5405.429266242027,21.7
5433.683518684824,21.6
5462.085456490198,21.5
5490.635851611563,21.4
5519.335480037329,21.3
5548.185121812011,21.2
5577.185561057427,21.1
5606.337585994012,21.0
5635.641988962242,20.8
5665.0995664441625,20.6
5694.7111190850455,20.5
5724.477451715144,20.5
5754.399373371566,20.5
5784.477697320285,20.4
5814.713241078208,20.3
5845.10682643542,20.3
5875.659279477514,20.3
5906.371430608045,20.3
5937.244114571097,20.3
5968.278170473975,20.3
5999.4744418100045,20.3
6030.833776481469,20.3
6062.357026822636,20.4
6094.045049622959,20.4
6125.898706150321,20.5
6157.918862174471,20.8
6190.106387990547,21.2
6222.462158442733,21.5
6254.987052948034,21.6
6287.681955520183,21.7
6320.547754793659,21.9
6353.585344047851,22.2
6386.795621231329,22.7
6420.179488986247,23.0
6453.7378546729,23.1
6487.471630394349,23.2
6521.381733021235,23.3
6555.469084216698,23.6
6589.734610461422,23.9
6624.179243078815,24.0
6658.80391826033,24.1
6693.609577090902,24.1
6728.597165574533,24.1
6763.767634659991,24.1
6799.1219402666875,24.1
6834.661043310619,24.1
6870.385909730507,24.1
6906.297510514049,24.0
6942.39682172431,24.0
6978.684824526248,23.9
7015.162505213385,23.8
7051.830855234612,23.7
7088.690871221135,23.4
7125.7435550135615,23.2
7162.989913689153,23.2
7200.430959589155,23.2
7238.067710346342,23.1
7275.901188912673,23.0
7313.932423587085,22.9
7352.162448043451,22.8
7390.59230135867,22.4
7429.22302804091,22.0
7468.055678057999,21.8
7507.091306865953,21.6
7546.330975437692,21.5
7585.775750291836,21.5
7625.426703521717,21.5
7665.284912824515,21.5
7705.351461530549,21.5
7745.627438632719,21.5
7786.113938816104,21.5
7826.81206248772,21.6
7867.722915806424,21.7
7908.847610712972,21.8
7950.187264960275,21.8
7991.743002143727,21.9
8033.515951731782,22.1
8075.507249096639,22.4
8117.718035545101,22.6
8160.149458349601,22.8
8202.80267077938,22.9
8245.67883213183,23.0
8288.77910776401,23.0
8332.104669124305,23.1
8375.656693784302,23.2
8419.436365470749,23.2
8463.444874097753,23.2
8507.683415799123,23.2
8552.153192960874,23.4
8596.855414253905,23.6
8641.791294666864,23.7
8686.962055539152,23.8
8732.36892459413,24.0
8778.01313597248,24.3
8823.895930265779,24.8
8870.018554550163,25.2
8916.382262420266,25.5
8962.988314023276,25.8
9009.83797609319,26.1
9056.932521985234,26.3
9104.273231710486,26.6
9151.861391970657,26.9
9199.698296193066,27.0
9247.785244565785,27.1
9296.12354407301,27.1
9344.714508530542,27.2
9393.559458621517,27.1
9442.659721932305,27.0
9492.016632988581,26.8
9541.631533291613,26.7
9591.505771354708,26.2
9641.64070273987,25.7
9692.037690094652,25.5
9742.698103189163,25.1
9793.623318953358,24.6
9844.814721514387,24.1
9896.27370223427,23.7
9948.001659747684,23.3
10000.0,22.9
10052.270136285486,22.5
10104.813489285681,22.1
10157.6314871081,21.9
10210.725565324987,21.8
10264.09716701231,21.3
10317.747742788988,20.7
10371.678750856474,20.3
10425.891657038128,19.9
10480.387934819217,19.6
10535.16906538697,19.4
10590.236537670813,18.9
10645.591848382772,18.0
10701.236502058211,17.3
10757.172011096769,16.9
10813.399895803414,16.7
10869.921684429703,16.6
10926.73891321545,16.4
10983.85312643042,16.0
11041.265876416248,15.5
11098.978723628681,14.9
11156.993236680037,14.5
11215.310992381786,14.1
11273.933575787378,13.6
11332.862580235347,12.7
11392.099607392682,11.7
11451.646267298307,11.3
11511.504178406769,11.0
11571.674967632372,10.7
11632.16027039332,10.4
11692.961730656129,9.7
11754.08100098034,9.1
11815.519742563505,9.0
11877.27962528627,8.2
11939.362327757724,6.9
12001.76953736107,5.8
12064.50295029953,3.7
12127.56427164241,2.6
12190.95521537136,3.1
12254.677504427105,4.0
12318.732870756214,4.7
12383.123055358106,4.8
12447.849808332432,4.7
12512.914888926687,4.6
12578.320065583976,4.4
12644.067115991029,3.9
12710.157827126544,3.3
12776.593995309939,3.8
12843.377426249857,4.4
12910.50993509343,5.1
12977.99334647565,5.8
13045.829494568892,6.8
13114.020223132724,8.5
13182.567385564074,9.8
13251.472844947652,10.1
13320.738474106534,10.6
13390.366155652993,11.1
13460.35778203982,11.5
13530.715255611682,11.9
13601.440488656775,12.2
13672.535403458849,12.3
13744.001932349513,12.8
13815.842017760702,13.5
13888.057612277411,13.9
13960.650678690825,14.2
14033.62319005172,15.3
14106.977129724035,16.3
14180.714491438697,16.6
14254.837279347976,16.8
14329.347508079869,17.0
14404.247202792812,17.2
14479.538399230763,17.6
14555.223143778607,18.0
14631.303493517702,18.1
14707.78151628175,18.2
14784.65929071304,18.2
14861.938906319014,18.1
14939.622463529,17.9
15017.712073751207,17.7
15096.209859430292,17.4
15175.117954104964,17.0
15254.438502465904,15.8
15334.173660414117,14.5
15414.325595119602,11.3
15494.896485080177,8.4
15575.88852018064,8.2
15657.303901752315,8.3
15739.1448426331,8.4
15821.413567227246,8.3
15904.112311566014,7.9
15987.243323368504,7.2
16070.808862102673,6.7
16154.811199046684,6.7
16239.252617350698,7.3
16324.135412099,8.0
16409.461890372313,8.4
16495.23437131044,8.6
16581.455186175313,9.0
16668.12667841462,9.3
16755.251203725067,9.4
