10.0,36.8
10.052270136285475,36.9
10.104813489285682,36.9
10.157631487108103,37.0
10.210725565324982,37.0
10.264097167012295,37.1
10.317747742789004,37.1
10.371678750856479,37.1
10.425891657038118,37.1
10.480387934819216,37.2
10.535169065386981,37.2
10.590236537670812,37.3
10.64559184838276,37.3
10.701236502058206,37.4
10.757172011096776,37.4
10.813399895803409,37.4
10.869921684429707,37.4
10.926738913215466,37.5
10.98385312643042,37.6
11.041265876416237,37.6
11.098978723628681,37.6
11.156993236680048,37.6
11.215310992381788,37.6
11.27393357578736,37.6
11.332862580235341,37.7
11.392099607392687,37.7
11.451646267298301,37.8
11.511504178406776,37.9
11.571674967632385,38.0
11.632160270393321,38.1
11.692961730656117,38.1
11.75408100098034,38.1
11.815519742563518,38.1
11.87727962528627,38.2
11.939362327757706,38.3
12.001769537361062,38.4
12.064502950299536,38.4
12.127564271642404,38.5
12.190955215371359,38.5
12.254677504427118,38.5
12.318732870756214,38.5
12.383123055358094,38.5
12.447849808332432,38.6
12.5129148889267,38.6
12.578320065583968,38.7
12.644067115991009,38.8
12.710157827126565,38.8
12.776593995309947,38.8
12.843377426249843,38.9
12.910509935093431,39.0
12.977993346475664,39.0
13.045829494568892,39.0
13.11402022313271,39.0
13.182567385564074,39.0
13.251472844947658,39.0
13.320738474106527,39.0
13.390366155653,39.1
13.460357782039841,39.2
13.530715255611682,39.3
13.601440488656761,39.3
13.672535403458848,39.4
13.744001932349526,39.5
13.815842017760701,39.5
13.888057612277397,39.5
13.960650678690818,39.5
14.033623190051728,39.6
14.10697712972403,39.6
14.180714491438705,39.7
14.25483727934799,39.7
14.32934750807987,39.8
14.404247202792797,39.9
14.479538399230764,39.9
14.55522314377862,40.0
14.631303493517702,40.0
14.707781516281727,40.0
14.784659290713032,40.0
14.861938906319022,40.0
14.939622463528993,40.0
15.017712073751214,40.0
15.096209859430308,40.1
15.175117954104964,40.1
15.254438502465888,40.2
15.334173660414118,40.2
15.414325595119617,40.3
15.494896485080169,40.4
15.575888520180618,40.4
15.65730390175234,40.6
15.73914484263311,40.7
15.821413567227237,40.7
15.904112311566013,40.7
15.98724332336852,40.7
16.070808862102673,40.7
16.154811199046666,40.7
16.239252617350697,40.7
16.324135412099007,40.8
16.409461890372306,40.9
16.495234371310413,41.0
16.58145518617534,41.0
16.668126678414627,41.1
16.755251203725052,41.1
16.84283113011666,41.1
16.930868837977105,41.2
17.01936672013636,41.2
17.108327181931763,41.2
17.197752641273365,41.2
17.28764552870969,41.2
17.378008287493753,41.3
17.4688433736495,41.4
17.560153256038525,41.4
17.651940416427212,41.4
17.744207349554188,41.4
17.836956563198083,41.4
17.93019057824573,41.4
18.023911928760675,41.4
18.118123162052047,41.5
18.21282683874379,41.6
18.30802553284428,41.7
18.403721831816252,41.7
18.499918336647156,41.8
18.59661766191982,41.9
18.69382243588356,41.9
18.791535300525574,41.9
18.889758911642755,42.0
18.98849593891389,42.1
19.08774906597221,42.1
19.187520990478333,42.1
19.287814424193606,42.1
19.388632093053765,42.1
19.48997673724305,42.2
19.591851111268685,42.3
19.69425798403576,42.3
19.79720013892245,42.3
19.90068037385568,42.3
20.004701501387192,42.3
20.109266348769967,42.3
20.214377758035074,42.4
20.320038586068932,42.4
20.426251704690927,42.5
20.533020000731486,42.5
20.64034637611054,42.6
20.748233747916412,42.6
20.856685048485062,42.6
20.965703225479817,42.7
21.075291241971485,42.8
21.185452076518878,42.8
21.296188723249774,42.8
21.407504191942323,42.8
21.519401508106792,42.8
21.631883713067854,43.0
21.744953864047204,43.1
21.858615034246718,43.1
21.972870312931903,43.1
22.087722805515906,43.1
22.203175633643916,43.1
22.319231935278008,43.1
22.435894864782412,43.2
22.553167593009288,43.3
22.671053307384867,43.3
22.789555211996095,43.3
22.908676527677724,43.3
23.028420492099883,43.4
23.148790359856015,43.4
23.26978940255137,43.5
23.391420908891938,43.5
23.51368818477381,43.5
23.63659455337303,43.5
23.760143355235964,43.5
23.884337948370025,43.5
24.009181708334992,43.6
24.134678028334722,43.6
24.260830319309434,43.7
24.387642010028344,43.8
24.515116547182902,43.8
24.64325739548046,43.8
24.772068037738443,43.9
24.901551974979007,43.9
25.031712726524198,44.0
25.162553830091625,44.0
25.294078841890578,44.0
25.426291336718684,44.0
25.559194908059133,44.1
25.692793168178262,44.1
25.827089748223784,44.2
25.96208829832347,44.2
26.097792487684362,44.2
26.234206004692496,44.3
26.371332557013133,44.4
26.5091758716916,44.5
26.647739695254497,44.5
26.787027793811582,44.5
26.9270439531581,44.5
27.06779197887776,44.5
27.209275696446046,44.5
27.351498951334275,44.5
27.494465609114105,44.6
27.638179555562576,44.7
27.782644696767733,44.7
27.92786495923483,44.7
28.07384428999299,44.7
28.220586656702505,44.7
28.368096047762684,44.7
28.516376472420284,44.7
28.66543196087842,44.8
28.815266564406134,44.8
28.965884355448516,44.9
29.11728942773738,44.9
29.26948589640251,44.9
29.42247789808359,45.0
29.57626959104251,45.0
29.730865155276486,45.0
29.88626879263161,45.0
30.04248472691713,45.0
30.19951720402016,45.1
30.357370492021133,45.2
30.516048881309793,45.2
30.675556684701824,45.2
30.835898237556027,45.2
30.99707789789224,45.2
31.15910004650967,45.2
31.321969087106055,45.3
31.485689446397288,45.4
31.650265574237824,45.4
31.815701943741516,45.4
31.98200305140326,45.4
32.14917341722119,45.4
32.31721758481955,45.4
32.486140121572134,45.6
32.655945618726484,45.7
32.82663869152868,45.7
32.99822397934869,45.7
33.170706145806605,45.7
33.34408987889928,45.7
33.51837989112781,45.7
33.69358091962557,45.7
33.86969772628702,45.8
34.04673509789711,45.9
34.224697846261364,45.9
34.40359080833668,45.9
34.58341884636283,45.9
34.764186847994516,45.9
34.94589972643436,45.9
35.12856242056629,46.0
35.312179895089876,46.1
35.496757140655234,46.1
35.68229917399868,46.1
35.86881103807908,46.1
36.05629780221492,46.1
36.24476456222205,46.1
36.434216440552284,46.1
36.6246585864325,46.1
36.81609617600466,46.2
37.00853441246656,46.2
37.2019785262131,46.2
37.39643377497855,46.2
37.591905443979435,46.2
37.788398846058186,46.2
37.985919321827524,46.3
38.184472239815605,46.4
38.384062996612016,46.4
38.584697017014335,46.4
38.786379754175634,46.4
38.98911668975273,46.4
39.1929133340551,46.4
39.39777522619469,46.4
39.60370793423646,46.4
39.810717055349734,46.4
40.0188082159603,46.5
40.227987071903335,46.5
40.43825930857721,46.6
40.64963064109788,46.6
40.8621068144543,46.8
41.075693603664625,46.9
41.29039681393302,46.9
41.506222280807584,46.9
41.72317587033889,46.9
41.94126347923944,46.9
42.16049103504393,47.0
42.38086449627034,47.1
42.60238985258197,47.1
42.825073124950116,47.1
43.04892036581776,47.1
43.27393765926414,47.1
43.500131121170035,47.1
43.727506899384,47.1
43.956071173889484,47.2
44.18583015697281,47.3
44.416790093392,47.3
44.648957260546474,47.3
44.88233796864779,47.3
45.116938560890986,47.3
45.35276541362708,47.3
45.58982493653644,47.3
45.82812357280281,47.3
46.067667799288614,47.3
46.308464126710895,47.4
46.55051909981832,47.4
46.793839297569036,47.4
47.03843133330949,47.4
47.28430185495417,47.4
47.531457545166376,47.4
47.77990512153967,47.4
48.02965133678067,47.4
48.28070297889241,47.4
48.53306687135893,47.4
48.78674987333074,47.4
49.041758879811184,47.5
49.298100821843896,47.6
49.55578266670119,47.6
49.81481141807335,47.6
50.07519411625915,47.6
50.336937838356974,47.6
50.60004969845742,47.6
50.86453684783644,47.6
51.13040647514984,47.6
51.39766580662862,47.7
51.66632210627541,47.8
51.93638267606184,47.8
52.20785485612707,47.8
52.48074602497726,47.8
52.75506359968615,47.8
53.030815036096584,47.8
53.308007829023246,47.8
53.58664951245627,47.8
53.866747659766084,47.8
54.148309883909214,47.8
54.431343837635225,47.8
54.7158572136947,47.8
55.00185774504835,47.8
55.28935320507712,48.0
55.57835140779364,48.1
55.86886020805435,48.1
56.160887501773274,48.1
56.45444122613637,48.1
56.74952935981742,48.1
57.04615992319485,48.1
57.34434097856969,48.1
57.64408063038476,48.1
57.94538702544487,48.1
58.24826835313831,48.1
58.552732845659456,48.1
58.85878877823242,48.1
59.166444469336014,48.1
59.475708280929936,48.1
59.786588618681876,48.2
60.0990939321961,48.3
60.41323271524305,48.3
60.72901350599024,48.3
61.046444887234294,48.3
61.365535486634215,48.3
61.686293976945976,48.3
62.008729076258064,48.3
62.332849548228545,48.3
62.658664202323344,48.3
62.98618189405547,48.3
63.315411525225876,48.3
63.64636204416533,48.3
63.979042445977655,48.3
64.31346177278421,48.3
64.64962911396958,48.3
64.98755360642885,48.3
65.32724443481563,48.3
65.66871083179183,48.3
66.01196207827876,48.3
66.35700750370908,48.3
66.7038564862806,48.3
67.05251845321108,48.3
67.40300288099445,48.3
67.75531929565844,48.3
68.1094772730234,48.3
68.46548643896274,48.3
68.82335646966433,48.3
69.18309709189363,48.3
69.54471808325809,48.3
69.90822927247277,48.3
70.27364053962762,48.3
70.6409618164559,48.3
71.01020308660422,48.3
71.38137438590384,48.3
71.75448580264342,48.3
72.12954747784322,48.3
72.50656960553087,48.3
72.88556243301818,48.3
73.26653626117992,48.3
73.64950144473359,48.3
74.03446839252094,48.3
74.42144756779092,48.3
74.810449488484,48.3
75.20148472751808,48.3
75.59456391307583,48.3
75.98969772889355,48.3
76.38689691455168,48.3
76.78617226576647,48.3
77.18753463468363,48.3
77.59099493017311,48.3
77.99656411812569,48.3
78.404253221751,48.3
78.8140733218772,48.3
79.226035557252,48.3
79.64015112484554,48.3
80.05643128015467,48.3
80.47488733750892,48.3
80.89553067037787,48.3
81.31837271168051,48.3
81.74342495409579,48.3
82.170698950375,48.3
82.60020631365589,48.3
83.03195871777821,48.3
83.46596789760103,48.3
83.90224564932171,48.3
84.34080383079642,48.2
84.78165436186265,48.1
85.22480922466286,48.1
85.67028046397054,48.1
86.11808018751721,48.1
86.56822056632171,48.1
87.020713835021,48.1
87.47557229220259,48.1
87.93280830073893,48.1
88.39243428812335,48.1
88.85446274680783,48.1
89.31890623454267,48.1
89.78577737471758,48.1
90.25508885670492,48.1
90.72685343620469,48.1
91.20108393559097,48.1
91.67779324426061,48.1
92.15699431898352,48.1
92.63870018425483,48.1
93.12292393264887,48.1
93.60967872517497,48.1
94.09897779163542,48.1
94.5908344309847,48.0
95.0852620116911,47.9
95.58227397210023,47.8
96.08188382079996,47.8
96.5841051369878,47.8
97.08895157083991,47.8
97.59643684388209,47.8
98.10657474936274,47.8
98.61937915262773,47.8
99.13486399149741,47.8
99.65304327664518,47.8
100.17393109197839,47.8
100.69754159502135,47.8
101.22388901729977,47.8
101.75298766472777,47.8
102.28485191799675,47.8
102.81949623296607,47.8
103.35693514105618,47.8
103.89718324964329,47.8
104.44025524245698,47.8
104.98616587997819,47.7
105.53492999984189,47.6
106.08656251723878,47.6
106.64107842532215,47.6
107.19849279561431,47.6
107.75882077841675,47.6
108.32207760322176,47.6
108.88827857912626,47.6
109.45743909524856,47.6
110.02957462114523,47.6
110.60470070723336,47.6
111.18283298521138,47.6
111.76398716848561,47.6
112.3481790525961,47.6
112.93542451564652,47.6
113.5257395187356,47.6
114.11914010639099,47.6
114.71564240700522,47.6
115.3152626332741,47.6
115.91801708263789,47.6
116.52392213772293,47.6
117.13299426678874,47.6
117.74525002417371,47.6
118.36070605074681,47.6
118.97937907435858,47.6
119.60128591029638,47.6
120.22644346174131,47.5
120.85486872022751,47.4
121.4865787661046,47.4
122.12159076900052,47.4
122.75992198829012,47.4
123.40158977356222,47.4
124.04661156509306,47.4
124.69500489431896,47.4
125.34678738431336,47.4
126.00197675026583,47.4
126.6605907999634,47.4
127.3226474342747,47.4
127.98816464763628,47.4
128.6571605285424,47.4
129.32965326003517,47.3
130.00566112020084,47.3
130.68520248266435,47.3
131.36829581709074,47.3
132.05495968968575,47.3
132.74521276370103,47.3
133.43907379994133,47.3
134.1365616572744,47.3
134.83769529314347,47.3
135.54249376408254,47.3
136.25097622623485,47.3
136.96316193587217,47.3
137.67907024992007,47.3
138.39872062648203,47.3
139.1221326253702,47.3
139.84932590863562,47.2
140.58032024110324,47.2
141.31513549090906,47.1
142.05379163003997,47.1
142.7963087348772,47.1
143.5427069867405,47.1
144.29300667243896,47.1
145.04722818481977,47.1
145.80539202332486,47.1
146.56751879454652,47.0
147.333629212788,46.9
148.1037441006266,46.9
148.87788438947953,46.9
149.65607112017267,46.9
150.43832544351253,46.9
151.2246686208618,46.9
152.01512202471548,46.9
152.80970713928414,46.9
153.6084455610754,46.9
154.41135899948313,46.9
155.218469277376,46.9
156.02979833169113,46.8
156.8453682140304,46.7
157.66520109125955,46.6
158.48931924611142,46.5
159.3177450777899,46.5
160.15050110258113,46.4
160.9876099544629,46.4
161.82909438572216,46.3
162.67497726757185,46.3
163.52528159077312,46.2
164.38003046626017,46.2
165.23924712576837,46.1
166.1029549224657,46.1
166.97117733158728,46.1
167.8439379510743,46.1
168.72126050221348,46.1
169.60316883028446,46.1
170.48968690520502,46.1
171.38083882218535,46.1
172.27664880238083,46.0
173.17714119355136,46.0
174.08234047072295,45.9
174.99227123685273,45.9
175.9069582234984,45.9
176.82642629148881,45.9
177.75070043160196,45.9
178.67980576524164,45.9
179.61376754512278,45.9
180.55261115595593,45.8
181.49636211513797,45.7
182.44504607344558,45.7
183.39868881573247,45.7
184.35731626163007,45.7
185.3209544662519,45.7
186.28962962090262,45.6
187.26336805378796,45.5
188.24219623073301,45.4
189.2261407558986,45.4
190.21522837250714,45.4
191.20948596356752,45.4
192.20894055260666,45.3
193.21361930440384,45.2
194.22354952572874,45.2
195.2387586660848,45.2
196.25927431845295,45.2
197.28512422004457,45.2
198.31633625305224,45.1
199.35293844541056,45.0
200.39495897155572,44.9
201.4424261531923,44.9
202.4953684600627,44.8
203.55381451072122,44.8
204.6177930733116,44.7
205.6873330663489,44.7
206.76246355950653,44.7
207.84321377440395,44.7
208.92961308540407,44.6
210.02169102040844,44.6
211.11947726166272,44.5
212.22300164656127,44.5
213.33229416845913,44.4
214.447384977487,44.3
215.5683043813707,44.2
216.69508284625502,44.0
217.8277509975314,43.9
218.9663396206716,43.8
220.1108796620618,43.7
221.26140222984722,43.6
222.41793859477394,43.5
223.5805201910423,43.4
224.74917861715863,43.3
225.9239456367954,43.2
227.10485317965416,43.1
228.29193334233327,42.9
229.48521838920135,42.4
230.68474075327168,42.0
231.89053303708724,41.8
233.102628013603,41.6
234.32105862708036,41.4
235.5458579939798,41.2
236.77705940386227,41.0
238.0146963202937,40.8
239.25880238175446,40.8
240.50941140255387,40.7
241.76655737374873,40.6
243.03027446406858,40.5
244.30059702084168,40.5
245.57755957093218,40.4
246.86119682167464,40.3
248.1515436618211,40.2
249.44863516248657,40.2
250.75250657810346,40.1
252.0631933473797,40.1
253.3807310942614,40.0
254.7051556289027,39.9
256.03650294863604,39.8
257.3748092389545,39.7
258.72011087449107,39.6
260.0724444200114,39.6
261.4318466314045,39.5
262.79835445668317,39.4
264.17200503698814,39.3
265.5528357075972,39.2
266.94088399894025,39.1
268.336187637619,39.1
269.7387845474336,39.0
271.1487128504106,38.9
272.56601086784315,38.9
273.9907171213279,38.8
275.4228703338166,38.8
276.86250943066517,38.7
278.30967354069315,38.7
279.764401997247,38.6
281.2267343392687,38.7
282.6967103123723,38.7
284.1743698699204,38.8
285.65975317411466,38.8
287.152900597083,38.9
288.6538527219809,38.9
290.16265034409145,38.8
291.67933447193553,38.8
293.203946328386,38.8
294.7365273517884,38.8
296.27711919708696,38.8
297.8257637369567,38.8
299.38250306294265,38.8
300.947379486601,38.8
302.52043554065347,38.8
304.1017139801383,38.7
305.69125778357716,38.6
307.2891101541398,38.6
308.8953145208197,38.6
310.5099145396145,38.6
312.1329540947119,38.6
313.76447729968413,38.5
315.40452849868336,38.5
317.0531522676519,38.5
318.71039341552853,38.5
320.3762969854716,38.5
322.05090825607795,38.5
323.7342727426186,38.4
325.4264361982722,38.3
327.1274446153702,38.3
328.83734422664674,38.3
330.55618150649445,38.3
332.28400317222986,38.3
334.02085618535915,38.3
335.76678775285944,38.3
337.52184532845695,38.3
339.28607661392135,38.3
341.0595295603587,38.3
342.84225236951676,38.3
344.63429349509414,38.3
346.4357016440579,38.3
348.24652577796684,38.3
350.06681511430224,38.3
351.8966191278073,38.3
353.7359875518278,38.3
355.5849703796693,38.3
357.44361786595016,38.3
359.3119805279728,38.4
361.1901091470929,38.5
363.0780547701014,38.5
364.9758687106112,38.5
366.8836025504522,38.5
368.80130814107446,38.5
370.72903760495365,38.5
372.66684333701346,38.6
374.6147780060434,38.6
376.57289455613636,38.6
378.54124620812286,38.6
380.5198864610201,38.6
382.50886909348526,38.6
384.5082481652772,38.6
386.51807801872604,38.6
388.53841328020957,38.7
390.56930886163985,38.7
392.6108199619517,38.8
394.6630020686084,38.8
396.7259109591041,38.8
398.7996027024853,38.8
400.8841336608706,38.9
402.9795604909844,38.9
405.0859401456969,39.0
407.20332987557106,39.0
409.331787230421,39.0
411.4713700608718,39.0
413.6221365199375,39.0
415.78414506459575,39.0
417.95745445738237,39.1
420.1421237679842,39.2
422.33821237484636,39.2
424.5457799667861,39.2
426.76488654461485,39.2
428.9955924227691,39.2
431.23795823094935,39.2
433.49204491576995,39.2
435.7579137424112,39.2
438.0356262962907,39.2
440.3252444847303,39.2
442.62683053864555,39.2
444.9404470142319,39.2
447.2661567946673,39.2
449.60402309182115,39.2
451.9541094479714,39.2
454.3164797375345,39.2
456.6911981687959,39.2
459.0783292856624,39.2
461.4779379694089,39.2
463.89008944044906,39.2
466.31484926010245,39.2
468.7522833323791,39.2
471.20245790577025,39.2
473.6654395750488,39.2
476.14129528307956,39.2
478.630092322638,39.2
481.1318983382419,39.2
483.6467813279844,39.2
486.1748096453894,39.2
488.7160520012619,39.2
491.27057746556244,39.2
493.8384554692794,39.2
496.4197558063182,39.2
499.01454863539806,39.2
501.6229044819588,39.2
504.24489424007766,39.1
506.88058917439554,39.1
509.53006092205686,39.0
512.1933814946506,39.0
514.8706232801756,39.0
517.5618590449992,39.0
520.2671619358439,39.0
522.9866054817683,39.0
525.7202635961694,39.0
528.4682105787901,39.0
531.230521117739,39.0
534.0072702915224,39.0
536.7985335710792,39.0
539.6043868218401,39.0
542.4249063057814,39.0
545.2601686835053,39.0
548.1102510163182,38.9
550.9752307683272,38.9
553.8551858085453,38.8
556.7501944130083,38.8
559.6603352669016,38.8
562.5856874666987,38.8
565.5263305223134,38.8
568.4823443592555,38.8
571.4538093208106,38.8
574.4408061702153,38.8
577.4434160928608,38.7
580.4617206984933,38.6
583.4958020234345,38.6
586.5457425328113,38.6
589.6116251227962,38.6
592.6935331228639,38.6
595.7915502980484,38.6
598.9057608512304,38.6
602.0362494254149,38.6
605.1831011060411,38.6
608.3464014232891,38.6
611.5262363544065,38.6
614.7226923260454,38.6
617.9358562166111,38.5
621.1658153586235,38.5
624.4126575410903,38.5
627.6764710118958,38.5
630.957344480193,38.5
634.2553671188238,38.4
637.5706285667327,38.4
640.9032189314127,38.3
644.2532287913472,38.2
647.6207491984753,38.2
651.0058716806659,38.1
654.4086882442045,38.0
657.8292913762976,37.9
661.2677740475787,37.8
664.7242297146454,37.7
668.1987523225889,37.7
671.6914363075575,37.6
675.2023765993158,37.5
678.7316686238282,37.4
682.2794083058518,37.3
685.8456920715438,37.2
689.4306168510824,37.1
693.0342800813003,37.0
696.6567797083366,37.0
700.2982141902914,36.9
703.9586824999124,36.9
707.6382841272731,36.9
711.3371190824884,36.9
715.0552878984242,36.9
718.7928916334344,36.9
722.5500318741055,36.9
726.3268107380181,36.9
730.123330876526,36.9
733.9396954775374,36.9
737.7760082683312,36.9
741.6323735183645,37.0
745.508896042117,37.1
749.4056812019327,37.1
753.3228349108862,37.1
757.2604636356614,37.1
761.2186743994453,37.1
765.1975747848361,37.1
769.1972729367671,37.1
773.2178775654501,37.1
777.2594979493206,37.1
781.3222439380205,37.1
785.406225955371,37.1
789.5115550023859,37.1
793.6383426602791,37.1
797.7867010935024,37.1
801.9567430527921,37.1
806.1485818782347,37.1
810.3623315023465,37.1
814.59810645317,37.1
818.8560218573906,37.1
823.1361934434566,37.2
827.4387375447371,37.2
831.7637711026708,37.3
836.1114116699566,37.3
840.4817774137397,37.3
844.8749871188272,37.3
849.2911601909162,37.3
853.7304166598383,37.3
858.1928771828257,37.3
862.6786630477819,37.3
867.1878961765907,37.3
871.7206991284164,37.3
876.2771951030477,37.3
880.8575079442367,37.3
885.4617621430697,37.3
890.0900828413493,37.3
894.742595834996,37.3
899.4194275774676,37.3
904.1207051831946,37.3
908.8465564310401,37.3
913.5971097677627,37.3
918.3724943115215,37.3
923.1728398553701,37.3
927.998276870799,37.3
932.8489365112713,37.3
937.7249506157918,37.3
942.6264517124897,37.3
947.5535730222193,37.3
952.5064484621864,37.3
957.4852126495767,37.3
962.4900009052299,37.3
967.5209492573013,37.2
972.5781944449744,37.1
977.6618739221665,37.1
982.772125861269,37.1
987.9090891569025,37.1
993.0729034296917,37.1
998.26370903006,37.1
1003.4816470420445,37.1
1008.7268592871307,37.1
1013.9994883281055,37.1
1019.2996774729368,37.1
1024.627570778662,37.1
1029.9833130553077,37.1
1035.3670498698243,37.1
1040.778927550043,37.1
1046.219093188652,37.1
1051.687694647196,37.1
1057.1848805600926,37.1
1062.7108003386745,37.1
1068.2656041752484,37.1
1073.849443047181,37.1
1079.4624687209969,37.1
1085.104833756507,37.1
1090.7766915109553,37.1
1096.4781961431852,37.1
1102.2095026178308,37.0
1107.9707667095288,37.0
1113.7621450071517,36.9
1119.5837949180645,36.9
1125.4358746724013,36.9
1131.3185433273702,36.9
1137.231960771571,36.9
1143.1762877293438,36.9
1149.1516857651375,36.9
1155.1583172879002,36.9
1161.1963455554942,36.8
1167.2659346791324,36.7
1173.3672496278396,36.6
1179.5004562329357,36.6
1185.6657211925422,36.6
1191.8632120761172,36.5
1198.0930973290035,36.4
1204.355546277011,36.4
1210.650729131018,36.4
1216.9788169915967,36.4
1223.3399818536654,36.4
1229.7343966111616,36.3
1236.162235061742,36.2
1242.6236719115057,36.2
1249.1188827797416,36.2
1255.6480442037073,36.2
1262.2113336434193,36.1
1268.8089294864806,36.1
1275.4410110529293,36.0
1282.1077586001115,36.0
1288.8093533275808,35.9
1295.5459773820237,35.9
1302.3178138622095,35.9
1309.1250468239675,35.9
1315.967861285188,35.8
1322.8464432308563,35.8
1329.7609796180998,35.7
1336.7116583812742,35.7
1343.6986684370715,35.7
1350.7221996896535,35.7
1357.782443035813,35.6
1364.879590370164,35.6
1372.0138345903551,35.5
1379.1853696023147,35.5
1386.3943903255179,35.5
1393.6410926982915,35.5
1400.9256736831292,35.4
1408.248331272053,35.4
1415.6092644919916,35.4
1423.0086734101894,35.3
1430.4467591396458,35.3
1437.9237238445805,35.3
1445.439770745928,35.2
1452.9951041268616,35.2
1460.589929338344,35.2
1468.224452804715,35.2
1475.898882029292,35.1
1483.6134256000173,35.1
1491.3682931951248,35.1
1499.1636955888393,35.0
1506.999844657106,35.0
1514.8769533833477,35.0
1522.7952358642551,35.0
1530.754907315605,34.9
1538.7561840781082,34.9
1546.799283623296,34.9
1554.8844245594228,34.9
1563.0118266374113,34.9
1571.181710756826,34.9
1579.3942989718767,34.9
1587.649814497453,34.9
1595.9484817151922,34.9
1604.2905261795772,34.9
1612.6761746240677,34.9
1621.1056549672617,34.9
1629.5791963190893,34.9
1638.097028987047,34.9
1646.6593844824454,34.9
1655.266495526711,34.9
1663.9185960577072,34.9
1672.6159212360947,34.9
1681.3587074517213,34.9
1690.1471923300487,34.9
1698.9816147386093,35.0
1707.8622147934998,35.0
1716.789233865905,35.0
1725.7629145886658,35.0
1734.7835008628629,35.0
1743.8512378644525,35.0
1752.9663720509295,35.0
1762.1291511680254,35.0
1771.3398242564415,35.0
1780.598641658619,35.0
1789.9058550255418,35.0
1799.2617173235774,35.0
1808.6664828413498,35.0
1818.1204071966588,35.0
1827.6237473434162,35.0
1837.1767615786375,35.0
1846.7797095494598,35.0
1856.4328522602,35.0
1866.1364520794475,35.0
1875.8907727471963,35.0
1885.6960793820124,35.0
1895.552638488241,35.0
1905.4607179632462,35.0
1915.4205871047022,35.0
1925.4325166178992,35.0
1935.4967786231095,35.0
1945.6136466629825,35.0
1955.783395709978,35.0
1966.006302173841,35.0
1976.282643909114,35.0
1986.6127002226892,35.0
1996.996751881399,35.0
2007.4350811196462,35.0
2017.927971647083,35.0
2028.4757086563097,35.0
2039.078578830634,35.0
2049.736870351861,35.0
2060.4508729081267,35.0
2071.22087770177,35.0
2082.0471774572497,35.0
2092.9300664290977,35.0
2103.8698404099196,35.0
2114.8667967384304,35.0
2125.9212343075446,35.0
2137.0334535724887,35.0
2148.2037565589744,35.0
2159.4324468714053,35.0
2170.71982970113,35.0
2182.0662118347364,35.0
2193.4719016623894,35.0
2204.937209186215,35.0
2216.4624460287228,35.0
2228.0479254412767,35.0
2239.6939623126154,35.0
2251.4008731773993,34.9
2263.168976224821,34.8
2274.9985913072546,34.7
2286.890039948944,34.7
2298.843645354747,34.7
2310.8597324189163,34.7
2322.9386277339318,34.6
2335.0806595993763,34.5
2347.2861580308577,34.4
2359.5554547689862,34.3
2371.8888832883777,34.3
2384.2867788067265,34.2
2396.7494782939148,34.1
2409.2773204811715,34.0
2421.8706458702773,34.0
2434.5297967428205,34.0
2447.2551171695004,34.0
2460.0469530194778,33.9
2472.905651969775,33.8
2485.8315635147337,33.8
2498.825038975499,33.8
2511.88643150958,33.8
2525.0160961204438,33.8
2538.2143896671673,33.8
2551.481670874133,33.8
2564.8183003407817,33.7
2578.224640551411,33.7
2591.7010558850307,33.6
2605.247912625263,33.6
2618.8655789702975,33.6
2632.5544250429093,33.6
2646.314822900502,33.6
2660.14714654523,33.5
2674.051771934164,33.5
2688.029076989506,33.4
2702.079441608862,33.3
2716.20324767557,33.2
2730.400879069075,33.1
2744.6727216753675,33.0
2759.0191633974646,32.9
2773.440594165967,32.7
2787.9374059496395,32.5
2802.509992766076,32.5
2817.1587506924047,32.4
2831.8840778760564,32.4
2846.686374545581,32.3
2861.5660430215316,32.3
2876.5234877273942,32.2
2891.5591152005823,32.2
2906.6733341034837,32.1
2921.8665552345788,32.1
2937.139191539587,32.0
2952.4916581227058,31.9
2967.9243722578863,31.9
2983.4377534001765,31.9
2999.0322231971227,31.9
3014.7082055002275,31.9
3030.466126376471,31.8
3046.306414119893,31.7
3062.229499263226,31.6
3078.2358145896155,31.6
3094.325795144359,31.8
3110.4998782467446,31.9
3126.7585035019356,31.9
3143.1021128129173,31.9
3159.5311503925072,32.0
3176.0460627754296,32.1
3192.6472988304513,32.1
3209.335309772584,32.1
3226.1105491753406,32.1
3242.973472983081,32.1
3259.924539523382,32.1
3276.9642095195077,32.0
3294.0929461029286,31.9
3311.311214825911,31.7
3328.6194836741684,31.6
3346.018223079582,31.4
3363.507905932988,31.3
3381.089007597027,31.2
3398.762005919066,30.9
3416.527381244194,30.6
3434.385616428264,30.4
3452.337196851022,30.3
3470.382610429304,30.2
3488.5223476302926,30.1
3506.7569014848486,30.0
3525.0867676009134,29.8
3543.512444176976,29.7
3562.034432015617,29.7
3580.6532345371147,29.6
3599.369357793143,29.5
3618.1833104805046,29.3
3637.095603954969,29.1
3656.1067522451726,29.0
3675.2172720665826,28.9
3694.4276828355482,28.8
3713.738506683413,28.4
3733.1502684707093,28.1
3752.6634958014215,27.9
3772.2787190373247,27.7
3791.9964713124127,27.5
3811.817288547367,27.3
3831.7417094641373,26.9
3851.7702756005806,26.5
3871.9035313251793,26.4
3892.1420238518376,26.4
3912.4863032547537,26.3
3932.936922483372,26.2
3953.4944373774106,26.0
3974.1594066819653,25.9
3994.9323920627126,25.8
4015.8139581211503,25.3
4036.8046724099613,24.7
4057.9051054484326,24.4
4079.115830737964,24.0
4100.437424777656,23.7
4121.870467079975,23.5
4143.41554018651,23.1
4165.0732296838005,22.4
4186.844124219257,22.0
4208.728815517151,21.7
4230.72789839472,21.5
4252.841970778305,21.3
4275.071633719623,20.8
4297.417491412092,20.3
4319.880151207261,20.5
4342.460223631314,20.7
4365.158322401661,21.0
4387.975064443623,21.2
4410.911069907196,21.5
4433.9669621839075,21.7
4457.1433679237725,21.9
4480.4409170523,22.3
4503.860242787635,22.9
4527.40198165776,23.9
4551.0667735177985,25.3
4574.855261567406,26.7
4598.768092368251,27.7
4622.80591586159,28.4
4646.969385385929,29.3
4671.25915769478,30.5
4695.675892974527,31.3
4720.220254862348,31.8
4744.892910464259,32.0
4769.694530373255,32.3
4794.625788687525,32.5
4819.68736302878,32.5
4844.87993456067,32.6
4870.204188007296,32.6
4895.660811671819,32.7
4921.250497455168,32.7
4946.973940874864,32.4
4972.8318410838865,31.9
4998.824900889706,31.3
5024.953826773381,30.8
5051.219328908747,30.3
5077.622121181736,29.7
5104.162921209768,29.2
5130.842450361258,28.7
5157.661433775227,28.2
5184.620600380999,27.6
5211.720682918039,27.1
5238.962417955835,26.6
5266.346545913939,26.0
5293.873811082085,25.5
5321.544961640422,25.2
5349.360749679845,25.0
5377.321931222439,24.8
5405.429266242027,24.7
5433.683518684824,24.4
5462.085456490198,24.0
5490.635851611563,23.8
5519.335480037329,23.6
5548.185121812011,23.2
5577.185561057427,22.8
5606.337585994012,22.6
5635.641988962242,22.5
5665.0995664441625,22.4
5694.7111190850455,22.4
5724.477451715144,22.4
5754.399373371566,22.4
5784.477697320285,22.4
5814.713241078208,22.4
5845.10682643542,22.4
5875.659279477514,22.3
5906.371430608045,22.3
5937.244114571097,22.3
5968.278170473975,22.3
5999.4744418100045,22.3
6030.833776481469,22.2
6062.357026822636,22.1
6094.045049622959,22.1
6125.898706150321,22.1
6157.918862174471,22.1
6190.106387990547,22.1
6222.462158442733,22.2
6254.987052948034,22.3
6287.681955520183,22.3
6320.547754793659,22.4
6353.585344047851,22.7
6386.795621231329,22.9
6420.179488986247,23.1
6453.7378546729,23.4
6487.471630394349,23.8
6521.381733021235,24.2
6555.469084216698,24.4
6589.734610461422,24.6
6624.179243078815,24.7
6658.80391826033,24.9
6693.609577090902,25.2
6728.597165574533,25.6
6763.767634659991,25.8
6799.1219402666875,26.0
6834.661043310619,26.1
6870.385909730507,26.3
6906.297510514049,26.7
6942.39682172431,27.1
6978.684824526248,27.3
7015.162505213385,27.6
7051.830855234612,27.8
7088.690871221135,28.1
7125.7435550135615,28.4
7162.989913689153,28.8
7200.430959589155,29.0
7238.067710346342,29.2
7275.901188912673,29.3
7313.932423587085,29.5
7352.162448043451,30.1
7390.59230135867,30.5
7429.22302804091,30.7
7468.055678057999,30.8
7507.091306865953,31.0
7546.330975437692,31.2
7585.775750291836,31.4
7625.426703521717,31.7
7665.284912824515,31.9
7705.351461530549,32.1
7745.627438632719,32.2
7786.113938816104,32.3
7826.81206248772,32.4
7867.722915806424,32.4
7908.847610712972,32.4
7950.187264960275,32.4
7991.743002143727,32.4
8033.515951731782,32.3
8075.507249096639,32.4
8117.718035545101,32.5
8160.149458349601,32.6
8202.80267077938,32.8
8245.67883213183,33.0
8288.77910776401,33.1
8332.104669124305,33.1
8375.656693784302,33.1
8419.436365470749,33.0
8463.444874097753,32.9
8507.683415799123,32.8
8552.153192960874,32.7
8596.855414253905,32.6
8641.791294666864,32.5
8686.962055539152,32.4
8732.36892459413,32.3
8778.01313597248,32.2
8823.895930265779,32.1
8870.018554550163,31.5
8916.382262420266,30.9
8962.988314023276,30.6
9009.83797609319,30.3
9056.932521985234,30.0
9104.273231710486,29.7
9151.861391970657,29.5
9199.698296193066,29.4
9247.785244565785,29.3
9296.12354407301,29.2
9344.714508530542,29.1
9393.559458621517,29.0
9442.659721932305,28.9
9492.016632988581,28.8
9541.631533291613,28.6
9591.505771354708,28.3
9641.64070273987,28.0
9692.037690094652,28.0
9742.698103189163,27.8
9793.623318953358,27.5
9844.814721514387,27.3
9896.27370223427,27.1
9948.001659747684,26.9
10000.0,26.8
10052.270136285486,26.8
10104.813489285681,26.9
10157.6314871081,26.9
10210.725565324987,27.0
10264.09716701231,27.0
10317.747742788988,27.1
10371.678750856474,27.2
10425.891657038128,27.3
10480.387934819217,27.3
10535.16906538697,27.3
10590.236537670813,27.3
10645.591848382772,27.3
10701.236502058211,27.3
10757.172011096769,27.3
10813.399895803414,27.3
10869.921684429703,27.2
10926.73891321545,27.1
10983.85312643042,27.0
11041.265876416248,26.9
11098.978723628681,26.9
11156.993236680037,26.8
11215.310992381786,26.7
11273.933575787378,26.6
11332.862580235347,26.5
11392.099607392682,26.3
11451.646267298307,26.2
11511.504178406769,26.0
11571.674967632372,25.0
11632.16027039332,24.0
11692.961730656129,23.7
11754.08100098034,23.2
11815.519742563505,22.5
11877.27962528627,21.9
11939.362327757724,21.2
12001.76953736107,20.7
12064.50295029953,20.5
12127.56427164241,20.1
12190.95521537136,19.6
12254.677504427105,19.1
12318.732870756214,18.8
12383.123055358106,18.2
12447.849808332432,17.3
12512.914888926687,16.3
12578.320065583976,15.6
12644.067115991029,15.0
12710.157827126544,14.3
12776.593995309939,13.3
12843.377426249857,11.9
12910.50993509343,12.0
12977.99334647565,12.5
13045.829494568892,13.1
13114.020223132724,13.6
13182.567385564074,14.2
13251.472844947652,14.7
13320.738474106534,15.3
13390.366155652993,15.8
13460.35778203982,16.4
13530.715255611682,16.9
13601.440488656775,17.5
13672.535403458849,18.0
13744.001932349513,18.6
13815.842017760702,19.1
13888.057612277411,19.7
13960.650678690825,20.2
14033.62319005172,20.8
14106.977129724035,21.5
14180.714491438697,22.3
14254.837279347976,22.9
14329.347508079869,23.5
14404.247202792812,23.9
14479.538399230763,23.6
14555.223143778607,23.5
14631.303493517702,23.5
14707.78151628175,23.6
14784.65929071304,23.6
14861.938906319014,23.7
14939.622463529,23.6
15017.712073751207,23.3
15096.209859430292,21.3
15175.117954104964,19.6
15254.438502465904,18.6
15334.173660414117,17.1
15414.325595119602,16.4
15494.896485080177,16.0
15575.88852018064,15.1
15657.303901752315,13.9
15739.1448426331,12.7
15821.413567227246,11.5
15904.112311566014,11.2
15987.243323368504,11.5
16070.808862102673,11.8
16154.811199046684,12.0
16239.252617350698,12.1
16324.135412099,12.3
16409.461890372313,12.4
16495.23437131044,12.3
16581.455186175313,12.3
16668.12667841462,12.2
16755.251203725067,12.3
