10.0,6.4
10.052270136285475,6.2
10.104813489285682,5.8
10.157631487108103,5.3
10.210725565324982,5.1
10.264097167012295,4.8
10.317747742789004,4.4
10.371678750856479,4.0
10.425891657038118,3.6
10.480387934819216,3.5
10.535169065386981,3.5
10.590236537670812,3.6
10.64559184838276,3.6
10.701236502058206,3.7
10.757172011096776,3.8
10.813399895803409,3.8
10.869921684429707,3.8
10.926738913215466,3.8
10.98385312643042,4.1
11.041265876416237,4.3
11.098978723628681,4.4
11.156993236680048,4.5
11.215310992381788,4.5
11.27393357578736,4.6
11.332862580235341,4.6
11.392099607392687,4.6
11.451646267298301,4.6
11.511504178406776,4.6
11.571674967632385,4.6
11.632160270393321,4.7
11.692961730656117,4.8
11.75408100098034,4.8
11.815519742563518,4.9
11.87727962528627,5.0
11.939362327757706,5.1
12.001769537361062,5.2
12.064502950299536,5.4
12.127564271642404,5.5
12.190955215371359,5.6
12.254677504427118,5.7
12.318732870756214,5.7
12.383123055358094,5.8
12.447849808332432,5.9
12.5129148889267,6.0
12.578320065583968,6.1
12.644067115991009,6.2
12.710157827126565,6.3
12.776593995309947,6.5
12.843377426249843,6.7
12.910509935093431,6.7
12.977993346475664,6.7
13.045829494568892,6.7
13.11402022313271,6.7
13.182567385564074,6.8
13.251472844947658,6.8
13.320738474106527,6.9
13.390366155653,7.1
13.460357782039841,7.5
13.530715255611682,7.6
13.601440488656761,7.8
13.672535403458848,8.0
13.744001932349526,8.1
13.815842017760701,8.1
13.888057612277397,8.1
13.960650678690818,8.1
14.033623190051728,8.1
14.10697712972403,8.1
14.180714491438705,8.1
14.25483727934799,8.1
14.32934750807987,8.1
14.404247202792797,8.1
14.479538399230764,8.3
14.55522314377862,8.4
14.631303493517702,8.5
14.707781516281727,8.5
14.784659290713032,8.5
14.861938906319022,8.6
14.939622463528993,8.6
15.017712073751214,8.6
15.096209859430308,8.7
15.175117954104964,9.0
15.254438502465888,9.1
15.334173660414118,9.1
15.414325595119617,9.1
15.494896485080169,9.2
15.575888520180618,9.3
15.65730390175234,9.3
15.73914484263311,9.4
15.821413567227237,9.5
15.904112311566013,9.6
15.98724332336852,9.7
16.070808862102673,9.8
16.154811199046666,9.8
16.239252617350697,10.0
16.324135412099007,10.3
16.409461890372306,10.4
16.495234371310413,10.5
16.58145518617534,10.5
16.668126678414627,10.6
16.755251203725052,10.6
16.84283113011666,10.6
16.930868837977105,10.6
17.01936672013636,10.6
17.108327181931763,10.7
17.197752641273365,10.8
17.28764552870969,10.9
17.378008287493753,11.0
17.4688433736495,11.0
17.560153256038525,11.1
17.651940416427212,11.2
17.744207349554188,11.3
17.836956563198083,11.4
17.93019057824573,11.5
18.023911928760675,11.5
18.118123162052047,11.6
18.21282683874379,11.6
18.30802553284428,11.7
18.403721831816252,11.8
18.499918336647156,11.9
18.59661766191982,12.0
18.69382243588356,12.0
18.791535300525574,12.1
18.889758911642755,12.2
18.98849593891389,12.2
19.08774906597221,12.3
19.187520990478333,12.4
19.287814424193606,12.5
19.388632093053765,12.6
19.48997673724305,12.7
19.591851111268685,12.8
19.69425798403576,12.9
19.79720013892245,13.0
19.90068037385568,13.1
20.004701501387192,13.2
20.109266348769967,13.2
20.214377758035074,13.3
20.320038586068932,13.3
20.426251704690927,13.4
20.533020000731486,13.5
20.64034637611054,13.6
20.748233747916412,13.7
20.856685048485062,13.8
20.965703225479817,13.9
21.075291241971485,14.0
21.185452076518878,14.1
21.296188723249774,14.2
21.407504191942323,14.2
21.519401508106792,14.3
21.631883713067854,14.3
21.744953864047204,14.3
21.858615034246718,14.4
21.972870312931903,14.4
22.087722805515906,14.5
22.203175633643916,14.6
22.319231935278008,14.7
22.435894864782412,14.8
22.553167593009288,15.0
22.671053307384867,15.1
22.789555211996095,15.2
22.908676527677724,15.3
23.028420492099883,15.4
23.148790359856015,15.5
23.26978940255137,15.6
23.391420908891938,15.6
23.51368818477381,15.6
23.63659455337303,15.7
23.760143355235964,15.9
23.884337948370025,16.1
24.009181708334992,16.2
24.134678028334722,16.2
24.260830319309434,16.2
24.387642010028344,16.3
24.515116547182902,16.4
24.64325739548046,16.4
24.772068037738443,16.5
24.901551974979007,16.5
25.031712726524198,16.6
25.162553830091625,16.6
25.294078841890578,16.7
25.426291336718684,16.8
25.559194908059133,16.9
25.692793168178262,17.0
25.827089748223784,17.2
25.96208829832347,17.3
26.097792487684362,17.4
26.234206004692496,17.5
26.371332557013133,17.5
26.5091758716916,17.6
26.647739695254497,17.6
26.787027793811582,17.7
26.9270439531581,17.9
27.06779197887776,18.0
27.209275696446046,18.0
27.351498951334275,18.1
27.494465609114105,18.1
27.638179555562576,18.1
27.782644696767733,18.2
27.92786495923483,18.4
28.07384428999299,18.6
28.220586656702505,18.7
28.368096047762684,18.8
28.516376472420284,18.8
28.66543196087842,18.9
28.815266564406134,18.9
28.965884355448516,19.0
29.11728942773738,19.0
29.26948589640251,19.1
29.42247789808359,19.2
29.57626959104251,19.3
29.730865155276486,19.4
29.88626879263161,19.5
30.04248472691713,19.6
30.19951720402016,19.8
30.357370492021133,19.9
30.516048881309793,20.0
30.675556684701824,20.0
30.835898237556027,20.1
30.99707789789224,20.1
31.15910004650967,20.1
31.321969087106055,20.2
31.485689446397288,20.4
31.650265574237824,20.5
31.815701943741516,20.6
31.98200305140326,20.7
32.14917341722119,20.8
32.31721758481955,20.8
32.486140121572134,20.9
32.655945618726484,21.0
32.82663869152868,21.2
32.99822397934869,21.3
33.170706145806605,21.3
33.34408987889928,21.4
33.51837989112781,21.4
33.69358091962557,21.5
33.86969772628702,21.6
34.04673509789711,21.8
34.224697846261364,21.9
34.40359080833668,22.0
34.58341884636283,22.1
34.764186847994516,22.2
34.94589972643436,22.2
35.12856242056629,22.2
35.312179895089876,22.3
35.496757140655234,22.4
35.68229917399868,22.5
35.86881103807908,22.6
36.05629780221492,22.6
36.24476456222205,22.7
36.434216440552284,22.8
36.6246585864325,23.0
36.81609617600466,23.2
37.00853441246656,23.3
37.2019785262131,23.4
37.39643377497855,23.4
37.591905443979435,23.5
37.788398846058186,23.5
37.985919321827524,23.6
38.184472239815605,23.7
38.384062996612016,23.8
38.584697017014335,23.9
38.786379754175634,23.9
38.98911668975273,24.0
39.1929133340551,24.1
39.39777522619469,24.2
39.60370793423646,24.3
39.810717055349734,24.3
40.0188082159603,24.4
40.227987071903335,24.5
40.43825930857721,24.6
40.64963064109788,24.7
40.8621068144543,24.8
41.075693603664625,25.0
41.29039681393302,25.1
41.506222280807584,25.2
41.72317587033889,25.3
41.94126347923944,25.3
42.16049103504393,25.4
42.38086449627034,25.5
42.60238985258197,25.7
42.825073124950116,25.7
43.04892036581776,25.8
43.27393765926414,25.9
43.500131121170035,26.0
43.727506899384,26.1
43.956071173889484,26.2
44.18583015697281,26.2
44.416790093392,26.3
44.648957260546474,26.4
44.88233796864779,26.5
45.116938560890986,26.5
45.35276541362708,26.6
45.58982493653644,26.7
45.82812357280281,26.9
46.067667799288614,27.1
46.308464126710895,27.3
46.55051909981832,27.4
46.793839297569036,27.5
47.03843133330949,27.5
47.28430185495417,27.5
47.531457545166376,27.6
47.77990512153967,27.6
48.02965133678067,27.7
48.28070297889241,27.8
48.53306687135893,27.9
48.78674987333074,28.0
49.041758879811184,28.1
49.298100821843896,28.2
49.55578266670119,28.4
49.81481141807335,28.5
50.07519411625915,28.6
50.336937838356974,28.7
50.60004969845742,28.7
50.86453684783644,28.8
51.13040647514984,28.8
51.39766580662862,28.8
51.66632210627541,28.9
51.93638267606184,29.0
52.20785485612707,29.1
52.48074602497726,29.2
52.75506359968615,29.3
53.030815036096584,29.4
53.308007829023246,29.5
53.58664951245627,29.7
53.866747659766084,29.8
54.148309883909214,29.9
54.431343837635225,30.0
54.7158572136947,30.1
55.00185774504835,30.1
55.28935320507712,30.2
55.57835140779364,30.3
55.86886020805435,30.4
56.160887501773274,30.5
56.45444122613637,30.5
56.74952935981742,30.5
57.04615992319485,30.6
57.34434097856969,30.7
57.64408063038476,30.7
57.94538702544487,30.9
58.24826835313831,31.0
58.552732845659456,31.1
58.85878877823242,31.2
59.166444469336014,31.3
59.475708280929936,31.4
59.786588618681876,31.5
60.0990939321961,31.7
60.41323271524305,31.9
60.72901350599024,32.1
61.046444887234294,32.2
61.365535486634215,32.3
61.686293976945976,32.3
62.008729076258064,32.3
62.332849548228545,32.4
62.658664202323344,32.5
62.98618189405547,32.7
63.315411525225876,32.8
63.64636204416533,32.9
63.979042445977655,32.9
64.31346177278421,32.9
64.64962911396958,33.0
64.98755360642885,33.0
65.32724443481563,33.0
65.66871083179183,33.2
66.01196207827876,33.3
66.35700750370908,33.4
66.7038564862806,33.5
67.05251845321108,33.6
67.40300288099445,33.6
67.75531929565844,33.7
68.1094772730234,33.9
68.46548643896274,34.0
68.82335646966433,34.1
69.18309709189363,34.2
69.54471808325809,34.3
69.90822927247277,34.4
70.27364053962762,34.6
70.6409618164559,34.7
71.01020308660422,34.8
71.38137438590384,34.9
71.75448580264342,34.9
72.12954747784322,35.0
72.50656960553087,35.1
72.88556243301818,35.2
73.26653626117992,35.3
73.64950144473359,35.4
74.03446839252094,35.4
74.42144756779092,35.5
74.810449488484,35.6
75.20148472751808,35.6
75.59456391307583,35.7
75.98969772889355,35.8
76.38689691455168,35.9
76.78617226576647,36.0
77.18753463468363,36.1
77.59099493017311,36.3
77.99656411812569,36.4
78.404253221751,36.7
78.8140733218772,37.0
79.226035557252,37.1
79.64015112484554,37.2
80.05643128015467,37.2
80.47488733750892,37.3
80.89553067037787,37.4
81.31837271168051,37.6
81.74342495409579,37.7
82.170698950375,37.9
82.60020631365589,38.1
83.03195871777821,38.2
83.46596789760103,38.2
83.90224564932171,38.3
84.34080383079642,38.4
84.78165436186265,38.4
85.22480922466286,38.6
85.67028046397054,38.7
86.11808018751721,38.8
86.56822056632171,38.9
87.020713835021,39.0
87.47557229220259,39.1
87.93280830073893,39.3
88.39243428812335,39.4
88.85446274680783,39.6
89.31890623454267,39.7
89.78577737471758,39.8
90.25508885670492,40.0
90.72685343620469,40.0
91.20108393559097,40.2
91.67779324426061,40.4
92.15699431898352,40.6
92.63870018425483,40.7
93.12292393264887,40.8
93.60967872517497,40.8
94.09897779163542,40.9
94.5908344309847,40.9
95.0852620116911,41.2
95.58227397210023,41.4
96.08188382079996,41.6
96.5841051369878,41.7
97.08895157083991,41.8
97.59643684388209,41.9
98.10657474936274,42.0
98.61937915262773,42.2
99.13486399149741,42.3
99.65304327664518,42.4
100.17393109197839,42.5
100.69754159502135,42.6
101.22388901729977,42.7
101.75298766472777,42.7
102.28485191799675,42.8
102.81949623296607,43.0
103.35693514105618,43.2
103.89718324964329,43.4
104.44025524245698,43.5
104.98616587997819,43.6
105.53492999984189,43.7
106.08656251723878,43.8
106.64107842532215,43.9
107.19849279561431,44.0
107.75882077841675,44.1
108.32207760322176,44.2
108.88827857912626,44.3
109.45743909524856,44.3
110.02957462114523,44.4
110.60470070723336,44.6
111.18283298521138,44.8
111.76398716848561,44.8
112.3481790525961,44.9
112.93542451564652,45.0
113.5257395187356,45.2
114.11914010639099,45.3
114.71564240700522,45.4
115.3152626332741,45.5
115.91801708263789,45.5
116.52392213772293,45.6
117.13299426678874,45.8
117.74525002417371,45.9
118.36070605074681,46.0
118.97937907435858,46.1
119.60128591029638,46.2
120.22644346174131,46.3
120.85486872022751,46.4
121.4865787661046,46.4
122.12159076900052,46.5
122.75992198829012,46.6
123.40158977356222,46.6
124.04661156509306,46.7
124.69500489431896,46.8
125.34678738431336,46.8
126.00197675026583,46.9
126.6605907999634,47.0
127.3226474342747,47.1
127.98816464763628,47.1
128.6571605285424,47.2
129.32965326003517,47.3
130.00566112020084,47.4
130.68520248266435,47.5
131.36829581709074,47.5
132.05495968968575,47.6
132.74521276370103,47.7
133.43907379994133,47.7
134.1365616572744,47.8
134.83769529314347,47.8
135.54249376408254,47.9
136.25097622623485,48.0
136.96316193587217,48.0
137.67907024992007,48.1
138.39872062648203,48.1
139.1221326253702,48.1
139.84932590863562,48.1
140.58032024110324,48.2
141.31513549090906,48.3
142.05379163003997,48.3
142.7963087348772,48.3
143.5427069867405,48.3
144.29300667243896,48.3
145.04722818481977,48.3
145.80539202332486,48.4
146.56751879454652,48.5
147.333629212788,48.5
148.1037441006266,48.5
148.87788438947953,48.6
149.65607112017267,48.7
150.43832544351253,48.8
151.2246686208618,48.8
152.01512202471548,48.8
152.80970713928414,48.8
153.6084455610754,48.8
154.41135899948313,48.8
155.218469277376,48.8
156.02979833169113,48.8
156.8453682140304,48.8
157.66520109125955,48.8
158.48931924611142,48.8
159.3177450777899,48.8
160.15050110258113,48.7
160.9876099544629,48.6
161.82909438572216,48.5
162.67497726757185,48.5
163.52528159077312,48.5
164.38003046626017,48.7
165.23924712576837,48.8
166.1029549224657,48.8
166.97117733158728,48.9
167.8439379510743,48.9
168.72126050221348,49.0
169.60316883028446,49.0
170.48968690520502,49.0
171.38083882218535,49.0
172.27664880238083,49.0
173.17714119355136,49.0
174.08234047072295,49.0
174.99227123685273,49.0
175.9069582234984,49.0
176.82642629148881,49.0
177.75070043160196,49.0
178.67980576524164,49.0
179.61376754512278,49.0
180.55261115595593,49.0
181.49636211513797,49.0
182.44504607344558,49.0
183.39868881573247,49.0
184.35731626163007,49.0
185.3209544662519,49.0
186.28962962090262,48.9
187.26336805378796,48.8
188.24219623073301,48.8
189.2261407558986,48.8
190.21522837250714,48.8
191.20948596356752,48.8
192.20894055260666,48.8
193.21361930440384,48.8
194.22354952572874,48.8
195.2387586660848,48.8
196.25927431845295,48.7
197.28512422004457,48.6
198.31633625305224,48.5
199.35293844541056,48.5
200.39495897155572,48.4
201.4424261531923,48.4
202.4953684600627,48.3
203.55381451072122,48.3
204.6177930733116,48.3
205.6873330663489,48.3
206.76246355950653,48.2
207.84321377440395,48.2
208.92961308540407,48.1
210.02169102040844,48.1
211.11947726166272,48.1
212.22300164656127,48.1
213.33229416845913,48.1
214.447384977487,48.1
215.5683043813707,48.1
216.69508284625502,48.0
217.8277509975314,47.9
218.9663396206716,47.9
220.1108796620618,47.8
221.26140222984722,47.8
222.41793859477394,47.8
223.5805201910423,47.7
224.74917861715863,47.7
225.9239456367954,47.6
227.10485317965416,47.6
228.29193334233327,47.6
229.48521838920135,47.6
230.68474075327168,47.6
231.89053303708724,47.5
233.102628013603,47.4
234.32105862708036,47.2
235.5458579939798,47.1
236.77705940386227,47.1
238.0146963202937,47.1
239.25880238175446,47.1
240.50941140255387,47.1
241.76655737374873,47.1
243.03027446406858,47.0
244.30059702084168,47.0
245.57755957093218,47.0
246.86119682167464,47.0
248.1515436618211,47.0
249.44863516248657,47.0
250.75250657810346,47.0
252.0631933473797,46.9
253.3807310942614,46.8
254.7051556289027,46.8
256.03650294863604,46.8
257.3748092389545,46.7
258.72011087449107,46.7
260.0724444200114,46.7
261.4318466314045,46.6
262.79835445668317,46.5
264.17200503698814,46.5
265.5528357075972,46.5
266.94088399894025,46.5
268.336187637619,46.5
269.7387845474336,46.5
271.1487128504106,46.4
272.56601086784315,46.3
273.9907171213279,46.3
275.4228703338166,46.3
276.86250943066517,46.2
278.30967354069315,46.1
279.764401997247,46.0
281.2267343392687,46.0
282.6967103123723,46.0
284.1743698699204,45.9
285.65975317411466,45.8
287.152900597083,45.8
288.6538527219809,45.8
290.16265034409145,45.8
291.67933447193553,45.8
293.203946328386,45.8
294.7365273517884,45.7
296.27711919708696,45.6
297.8257637369567,45.6
299.38250306294265,45.6
300.947379486601,45.6
302.52043554065347,45.6
304.1017139801383,45.6
305.69125778357716,45.5
307.2891101541398,45.5
308.8953145208197,45.5
310.5099145396145,45.5
312.1329540947119,45.4
313.76447729968413,45.3
315.40452849868336,45.3
317.0531522676519,45.3
318.71039341552853,45.3
320.3762969854716,45.3
322.05090825607795,45.2
323.7342727426186,45.2
325.4264361982722,45.1
327.1274446153702,45.1
328.83734422664674,45.1
330.55618150649445,45.1
332.28400317222986,45.1
334.02085618535915,45.1
335.76678775285944,45.1
337.52184532845695,45.1
339.28607661392135,45.0
341.0595295603587,44.9
342.84225236951676,44.8
344.63429349509414,44.8
346.4357016440579,44.8
348.24652577796684,44.8
350.06681511430224,44.8
351.8966191278073,44.8
353.7359875518278,44.8
355.5849703796693,44.8
357.44361786595016,44.7
359.3119805279728,44.7
361.1901091470929,44.7
363.0780547701014,44.7
364.9758687106112,44.7
366.8836025504522,44.7
368.80130814107446,44.7
370.72903760495365,44.7
372.66684333701346,44.7
374.6147780060434,44.7
376.57289455613636,44.6
378.54124620812286,44.6
380.5198864610201,44.5
382.50886909348526,44.5
384.5082481652772,44.5
386.51807801872604,44.5
388.53841328020957,44.5
390.56930886163985,44.5
392.6108199619517,44.5
394.6630020686084,44.5
396.7259109591041,44.5
398.7996027024853,44.5
400.8841336608706,44.5
402.9795604909844,44.5
405.0859401456969,44.5
407.20332987557106,44.4
409.331787230421,44.4
411.4713700608718,44.4
413.6221365199375,44.4
415.78414506459575,44.4
417.95745445738237,44.4
420.1421237679842,44.4
422.33821237484636,44.4
424.5457799667861,44.4
426.76488654461485,44.4
428.9955924227691,44.4
431.23795823094935,44.4
433.49204491576995,44.4
435.7579137424112,44.4
438.0356262962907,44.4
440.3252444847303,44.4
442.62683053864555,44.4
444.9404470142319,44.4
447.2661567946673,44.4
449.60402309182115,44.4
451.9541094479714,44.4
454.3164797375345,44.4
456.6911981687959,44.4
459.0783292856624,44.4
461.4779379694089,44.4
463.89008944044906,44.4
466.31484926010245,44.4
468.7522833323791,44.4
471.20245790577025,44.4
473.6654395750488,44.4
476.14129528307956,44.4
478.630092322638,44.4
481.1318983382419,44.4
483.6467813279844,44.4
486.1748096453894,44.4
488.7160520012619,44.4
491.27057746556244,44.4
493.8384554692794,44.4
496.4197558063182,44.4
499.01454863539806,44.4
501.6229044819588,44.4
504.24489424007766,44.4
506.88058917439554,44.4
509.53006092205686,44.4
512.1933814946506,44.4
514.8706232801756,44.4
517.5618590449992,44.4
520.2671619358439,44.4
522.9866054817683,44.4
525.7202635961694,44.4
528.4682105787901,44.4
531.230521117739,44.4
534.0072702915224,44.4
536.7985335710792,44.4
539.6043868218401,44.5
542.4249063057814,44.5
545.2601686835053,44.5
548.1102510163182,44.5
550.9752307683272,44.6
553.8551858085453,44.7
556.7501944130083,44.7
559.6603352669016,44.7
562.5856874666987,44.7
565.5263305223134,44.7
568.4823443592555,44.7
571.4538093208106,44.7
574.4408061702153,44.7
577.4434160928608,44.7
580.4617206984933,44.7
583.4958020234345,44.8
586.5457425328113,44.8
589.6116251227962,44.8
592.6935331228639,44.9
595.7915502980484,44.9
598.9057608512304,45.0
602.0362494254149,45.1
605.1831011060411,45.1
608.3464014232891,45.2
611.5262363544065,45.3
614.7226923260454,45.4
617.9358562166111,45.4
621.1658153586235,45.5
624.4126575410903,45.5
627.6764710118958,45.5
630.957344480193,45.6
634.2553671188238,45.6
637.5706285667327,45.6
640.9032189314127,45.6
644.2532287913472,45.6
647.6207491984753,45.6
651.0058716806659,45.6
654.4086882442045,45.6
657.8292913762976,45.5
661.2677740475787,45.5
664.7242297146454,45.4
668.1987523225889,45.4
671.6914363075575,45.3
675.2023765993158,45.3
678.7316686238282,45.2
682.2794083058518,45.1
685.8456920715438,45.0
689.4306168510824,44.9
693.0342800813003,44.6
696.6567797083366,44.4
700.2982141902914,44.3
703.9586824999124,44.2
707.6382841272731,44.1
711.3371190824884,43.9
715.0552878984242,43.6
718.7928916334344,43.4
722.5500318741055,43.2
726.3268107380181,43.1
730.123330876526,43.0
733.9396954775374,43.0
737.7760082683312,42.9
741.6323735183645,42.8
745.508896042117,42.8
749.4056812019327,42.8
753.3228349108862,42.8
757.2604636356614,42.8
761.2186743994453,42.8
765.1975747848361,42.9
769.1972729367671,43.0
773.2178775654501,43.0
777.2594979493206,43.0
781.3222439380205,43.0
785.406225955371,43.1
789.5115550023859,43.1
793.6383426602791,43.3
797.7867010935024,43.4
801.9567430527921,43.5
806.1485818782347,43.6
810.3623315023465,43.6
814.59810645317,43.7
818.8560218573906,43.8
823.1361934434566,43.9
827.4387375447371,44.0
831.7637711026708,44.1
836.1114116699566,44.1
840.4817774137397,44.2
844.8749871188272,44.2
849.2911601909162,44.3
853.7304166598383,44.3
858.1928771828257,44.4
862.6786630477819,44.5
867.1878961765907,44.5
871.7206991284164,44.5
876.2771951030477,44.5
880.8575079442367,44.5
885.4617621430697,44.5
890.0900828413493,44.5
894.742595834996,44.6
899.4194275774676,44.7
904.1207051831946,44.8
908.8465564310401,44.8
913.5971097677627,44.8
918.3724943115215,44.8
923.1728398553701,44.9
927.998276870799,45.0
932.8489365112713,45.1
937.7249506157918,45.2
942.6264517124897,45.2
947.5535730222193,45.3
952.5064484621864,45.3
957.4852126495767,45.3
962.4900009052299,45.3
967.5209492573013,45.4
972.5781944449744,45.4
977.6618739221665,45.5
982.772125861269,45.5
987.9090891569025,45.5
993.0729034296917,45.5
998.26370903006,45.6
1003.4816470420445,45.6
1008.7268592871307,45.7
1013.9994883281055,45.8
1019.2996774729368,45.9
1024.627570778662,45.9
1029.9833130553077,46.0
1035.3670498698243,46.0
1040.778927550043,46.0
1046.219093188652,46.0
1051.687694647196,46.0
1057.1848805600926,46.0
1062.7108003386745,46.0
1068.2656041752484,46.0
1073.849443047181,46.0
1079.4624687209969,46.0
1085.104833756507,46.0
1090.7766915109553,46.0
1096.4781961431852,46.0
1102.2095026178308,46.0
1107.9707667095288,46.0
1113.7621450071517,46.0
1119.5837949180645,46.0
1125.4358746724013,46.0
1131.3185433273702,46.0
1137.231960771571,46.0
1143.1762877293438,46.0
1149.1516857651375,45.9
1155.1583172879002,45.9
1161.1963455554942,45.8
1167.2659346791324,45.8
1173.3672496278396,45.7
1179.5004562329357,45.6
1185.6657211925422,45.5
1191.8632120761172,45.5
1198.0930973290035,45.4
1204.355546277011,45.3
1210.650729131018,45.2
1216.9788169915967,45.1
1223.3399818536654,44.9
1229.7343966111616,44.7
1236.162235061742,44.6
1242.6236719115057,44.5
1249.1188827797416,44.4
1255.6480442037073,44.3
1262.2113336434193,44.2
1268.8089294864806,44.0
1275.4410110529293,43.9
1282.1077586001115,43.8
1288.8093533275808,43.7
1295.5459773820237,43.6
1302.3178138622095,43.4
1309.1250468239675,43.2
1315.967861285188,43.0
1322.8464432308563,42.9
1329.7609796180998,42.8
1336.7116583812742,42.7
1343.6986684370715,42.7
1350.7221996896535,42.6
1357.782443035813,42.6
1364.879590370164,42.5
1372.0138345903551,42.4
1379.1853696023147,42.3
1386.3943903255179,42.3
1393.6410926982915,42.2
1400.9256736831292,42.2
1408.248331272053,42.1
1415.6092644919916,42.0
1423.0086734101894,42.0
1430.4467591396458,42.0
1437.9237238445805,42.0
1445.439770745928,42.0
1452.9951041268616,42.0
1460.589929338344,41.9
1468.224452804715,41.9
1475.898882029292,41.9
1483.6134256000173,41.9
1491.3682931951248,42.0
1499.1636955888393,42.0
1506.999844657106,42.0
1514.8769533833477,42.0
1522.7952358642551,42.0
1530.754907315605,42.0
1538.7561840781082,41.9
1546.799283623296,41.9
1554.8844245594228,41.9
1563.0118266374113,41.9
1571.181710756826,41.9
1579.3942989718767,41.9
1587.649814497453,41.9
1595.9484817151922,41.9
1604.2905261795772,41.9
1612.6761746240677,41.9
1621.1056549672617,41.9
1629.5791963190893,41.9
1638.097028987047,41.9
1646.6593844824454,41.8
1655.266495526711,41.7
1663.9185960577072,41.5
1672.6159212360947,41.5
1681.3587074517213,41.5
1690.1471923300487,41.5
1698.9816147386093,41.5
1707.8622147934998,41.4
1716.789233865905,41.3
1725.7629145886658,41.2
1734.7835008628629,41.1
1743.8512378644525,41.0
1752.9663720509295,40.9
1762.1291511680254,40.8
1771.3398242564415,40.7
1780.598641658619,40.7
1789.9058550255418,40.6
1799.2617173235774,40.5
1808.6664828413498,40.4
1818.1204071966588,40.4
1827.6237473434162,40.3
1837.1767615786375,40.3
1846.7797095494598,40.3
1856.4328522602,40.3
1866.1364520794475,40.2
1875.8907727471963,40.1
1885.6960793820124,40.0
1895.552638488241,40.0
1905.4607179632462,39.9
1915.4205871047022,39.8
1925.4325166178992,39.8
1935.4967786231095,40.0
1945.6136466629825,40.0
1955.783395709978,40.1
1966.006302173841,40.2
1976.282643909114,40.3
1986.6127002226892,40.4
1996.996751881399,40.4
2007.4350811196462,40.5
2017.927971647083,40.6
2028.4757086563097,40.6
2039.078578830634,40.7
2049.736870351861,40.8
2060.4508729081267,41.0
2071.22087770177,41.1
2082.0471774572497,41.1
2092.9300664290977,41.2
2103.8698404099196,41.3
2114.8667967384304,41.4
2125.9212343075446,41.5
2137.0334535724887,41.7
2148.2037565589744,41.9
2159.4324468714053,42.0
2170.71982970113,42.0
2182.0662118347364,42.0
2193.4719016623894,42.0
2204.937209186215,42.0
2216.4624460287228,42.0
2228.0479254412767,42.0
2239.6939623126154,41.9
2251.4008731773993,41.8
2263.168976224821,41.7
2274.9985913072546,41.6
2286.890039948944,41.6
2298.843645354747,41.5
2310.8597324189163,41.5
2322.9386277339318,41.5
2335.0806595993763,41.5
2347.2861580308577,41.5
2359.5554547689862,41.5
2371.8888832883777,41.5
2384.2867788067265,41.5
2396.7494782939148,41.6
2409.2773204811715,41.6
2421.8706458702773,41.7
2434.5297967428205,41.7
2447.2551171695004,41.7
2460.0469530194778,41.6
2472.905651969775,41.6
2485.8315635147337,41.5
2498.825038975499,41.5
2511.88643150958,41.4
2525.0160961204438,41.3
2538.2143896671673,41.1
2551.481670874133,41.1
2564.8183003407817,41.2
2578.224640551411,41.4
2591.7010558850307,41.5
2605.247912625263,41.5
2618.8655789702975,41.5
2632.5544250429093,41.5
2646.314822900502,41.5
2660.14714654523,41.5
2674.051771934164,41.5
2688.029076989506,41.5
2702.079441608862,41.4
2716.20324767557,41.3
2730.400879069075,41.2
2744.6727216753675,41.1
2759.0191633974646,40.9
2773.440594165967,40.6
2787.9374059496395,40.6
2802.509992766076,40.5
2817.1587506924047,40.5
2831.8840778760564,40.4
2846.686374545581,40.2
2861.5660430215316,40.0
2876.5234877273942,40.0
2891.5591152005823,40.0
2906.6733341034837,40.0
2921.8665552345788,40.0
2937.139191539587,39.9
2952.4916581227058,39.7
2967.9243722578863,39.6
2983.4377534001765,39.6
2999.0322231971227,39.6
3014.7082055002275,39.6
3030.466126376471,39.6
3046.306414119893,39.6
3062.229499263226,39.7
3078.2358145896155,39.8
3094.325795144359,39.9
3110.4998782467446,40.0
3126.7585035019356,40.1
3143.1021128129173,40.4
3159.5311503925072,40.7
3176.0460627754296,40.9
3192.6472988304513,41.0
3209.335309772584,41.1
3226.1105491753406,41.2
3242.973472983081,41.4
3259.924539523382,41.6
3276.9642095195077,41.8
3294.0929461029286,41.9
3311.311214825911,41.9
3328.6194836741684,41.9
3346.018223079582,41.9
3363.507905932988,42.2
3381.089007597027,42.5
3398.762005919066,42.6
3416.527381244194,42.6
3434.385616428264,42.7
3452.337196851022,42.7
3470.382610429304,42.8
3488.5223476302926,42.7
3506.7569014848486,42.7
3525.0867676009134,42.6
3543.512444176976,42.5
3562.034432015617,42.4
3580.6532345371147,42.3
3599.369357793143,42.2
3618.1833104805046,42.0
3637.095603954969,41.9
3656.1067522451726,41.8
3675.2172720665826,41.8
3694.4276828355482,41.7
3713.738506683413,41.6
3733.1502684707093,41.2
3752.6634958014215,40.7
3772.2787190373247,40.5
3791.9964713124127,40.4
3811.817288547367,40.3
3831.7417094641373,40.2
3851.7702756005806,40.1
3871.9035313251793,40.0
3892.1420238518376,40.0
3912.4863032547537,39.9
3932.936922483372,39.8
3953.4944373774106,39.7
3974.1594066819653,39.6
3994.9323920627126,39.5
4015.8139581211503,39.2
4036.8046724099613,39.0
4057.9051054484326,38.8
4079.115830737964,38.5
4100.437424777656,38.3
4121.870467079975,38.0
4143.41554018651,37.7
4165.0732296838005,37.4
4186.844124219257,37.0
4208.728815517151,36.7
4230.72789839472,36.3
4252.841970778305,36.0
4275.071633719623,35.9
4297.417491412092,35.9
4319.880151207261,35.8
4342.460223631314,35.6
4365.158322401661,35.4
4387.975064443623,35.4
4410.911069907196,35.3
4433.9669621839075,35.3
4457.1433679237725,35.2
4480.4409170523,35.2
4503.860242787635,35.0
4527.40198165776,34.8
4551.0667735177985,34.6
4574.855261567406,34.5
4598.768092368251,34.4
4622.80591586159,34.3
4646.969385385929,34.1
4671.25915769478,33.8
4695.675892974527,33.6
4720.220254862348,33.5
4744.892910464259,33.3
4769.694530373255,33.2
4794.625788687525,33.1
4819.68736302878,33.1
4844.87993456067,33.0
4870.204188007296,32.9
4895.660811671819,32.8
4921.250497455168,32.7
4946.973940874864,32.6
4972.8318410838865,32.6
4998.824900889706,32.5
5024.953826773381,32.4
5051.219328908747,32.3
5077.622121181736,32.2
5104.162921209768,32.1
5130.842450361258,32.1
5157.661433775227,32.1
5184.620600380999,32.1
5211.720682918039,32.0
5238.962417955835,31.9
5266.346545913939,31.6
5293.873811082085,31.3
5321.544961640422,31.2
5349.360749679845,31.0
5377.321931222439,30.9
5405.429266242027,30.8
5433.683518684824,30.7
5462.085456490198,30.6
5490.635851611563,30.4
5519.335480037329,30.3
5548.185121812011,30.1
5577.185561057427,30.0
5606.337585994012,29.9
5635.641988962242,29.8
5665.0995664441625,29.7
5694.7111190850455,29.6
5724.477451715144,29.4
5754.399373371566,29.2
5784.477697320285,29.0
5814.713241078208,28.9
5845.10682643542,28.8
5875.659279477514,28.7
5906.371430608045,28.4
5937.244114571097,28.1
5968.278170473975,27.9
5999.4744418100045,27.7
6030.833776481469,27.5
6062.357026822636,27.3
6094.045049622959,27.1
6125.898706150321,26.2
6157.918862174471,25.4
6190.106387990547,25.2
6222.462158442733,24.5
6254.987052948034,23.9
6287.681955520183,23.8
6320.547754793659,23.2
6353.585344047851,22.2
6386.795621231329,21.6
6420.179488986247,21.4
6453.7378546729,21.1
6487.471630394349,21.3
6521.381733021235,23.1
6555.469084216698,25.0
6589.734610461422,25.2
6624.179243078815,25.3
6658.80391826033,25.4
6693.609577090902,25.5
6728.597165574533,25.5
6763.767634659991,25.5
6799.1219402666875,25.5
6834.661043310619,25.4
6870.385909730507,25.4
6906.297510514049,25.4
6942.39682172431,25.4
6978.684824526248,25.6
7015.162505213385,25.8
7051.830855234612,25.9
7088.690871221135,25.8
7125.7435550135615,25.5
7162.989913689153,25.3
7200.430959589155,25.4
7238.067710346342,25.7
7275.901188912673,26.0
7313.932423587085,26.3
7352.162448043451,26.6
7390.59230135867,26.9
7429.22302804091,27.3
7468.055678057999,27.6
7507.091306865953,27.8
7546.330975437692,27.9
7585.775750291836,29.0
7625.426703521717,30.2
7665.284912824515,30.6
7705.351461530549,30.9
7745.627438632719,31.2
7786.113938816104,31.6
7826.81206248772,32.2
7867.722915806424,33.1
7908.847610712972,33.8
7950.187264960275,34.2
7991.743002143727,34.7
8033.515951731782,35.0
8075.507249096639,35.2
8117.718035545101,35.5
8160.149458349601,37.0
8202.80267077938,38.5
8245.67883213183,38.8
8288.77910776401,39.2
8332.104669124305,39.6
8375.656693784302,40.0
8419.436365470749,40.6
8463.444874097753,41.2
8507.683415799123,41.5
8552.153192960874,41.8
8596.855414253905,42.1
8641.791294666864,42.5
8686.962055539152,42.7
8732.36892459413,42.9
8778.01313597248,43.0
8823.895930265779,43.0
8870.018554550163,43.0
8916.382262420266,43.0
8962.988314023276,42.9
9009.83797609319,42.5
9056.932521985234,42.0
9104.273231710486,41.7
9151.861391970657,41.5
9199.698296193066,41.5
9247.785244565785,41.4
9296.12354407301,41.2
9344.714508530542,40.9
9393.559458621517,40.6
9442.659721932305,40.3
9492.016632988581,40.4
9541.631533291613,40.6
9591.505771354708,40.7
9641.64070273987,40.8
9692.037690094652,41.0
9742.698103189163,41.1
9793.623318953358,41.3
9844.814721514387,41.5
9896.27370223427,41.6
9948.001659747684,42.1
10000.0,42.7
10052.270136285486,43.0
10104.813489285681,43.1
10157.6314871081,43.2
10210.725565324987,43.4
10264.09716701231,43.7
10317.747742788988,44.1
10371.678750856474,44.2
10425.891657038128,44.2
10480.387934819217,44.3
10535.16906538697,44.4
10590.236537670813,44.4
10645.591848382772,44.5
10701.236502058211,44.5
10757.172011096769,44.4
10813.399895803414,44.3
10869.921684429703,44.2
10926.73891321545,43.4
10983.85312643042,42.6
11041.265876416248,42.4
11098.978723628681,42.1
11156.993236680037,41.4
11215.310992381786,40.8
11273.933575787378,40.3
11332.862580235347,39.7
11392.099607392682,39.0
11451.646267298307,38.2
11511.504178406769,37.5
11571.674967632372,37.2
11632.16027039332,36.9
11692.961730656129,36.6
11754.08100098034,36.4
11815.519742563505,36.3
11877.27962528627,36.1
11939.362327757724,35.9
12001.76953736107,35.7
12064.50295029953,35.5
12127.56427164241,35.3
12190.95521537136,35.0
12254.677504427105,34.0
12318.732870756214,33.0
12383.123055358106,32.7
12447.849808332432,32.5
12512.914888926687,32.2
12578.320065583976,31.8
12644.067115991029,31.4
12710.157827126544,30.8
12776.593995309939,30.5
12843.377426249857,30.7
12910.50993509343,31.0
12977.99334647565,31.1
13045.829494568892,31.9
13114.020223132724,32.9
13182.567385564074,33.4
13251.472844947652,33.6
13320.738474106534,34.2
13390.366155652993,34.8
13460.35778203982,34.9
13530.715255611682,34.9
13601.440488656775,34.9
13672.535403458849,35.0
13744.001932349513,35.2
13815.842017760702,35.2
13888.057612277411,35.3
13960.650678690825,35.4
14033.62319005172,35.6
14106.977129724035,35.8
14180.714491438697,35.9
14254.837279347976,35.9
14329.347508079869,36.1
14404.247202792812,36.3
14479.538399230763,36.4
14555.223143778607,36.4
14631.303493517702,36.4
14707.78151628175,36.5
14784.65929071304,36.6
14861.938906319014,36.7
14939.622463529,36.6
15017.712073751207,36.2
15096.209859430292,35.6
15175.117954104964,35.0
15254.438502465904,34.4
15334.173660414117,32.0
15414.325595119602,29.6
15494.896485080177,29.2
15575.88852018064,28.3
15657.303901752315,27.7
15739.1448426331,28.2
15821.413567227246,28.7
15904.112311566014,28.8
15987.243323368504,29.0
16070.808862102673,29.1
16154.811199046684,29.5
16239.252617350698,29.9
16324.135412099,30.0
16409.461890372313,30.0
16495.23437131044,30.0
16581.455186175313,29.9
16668.12667841462,29.8
16755.251203725067,29.6
