10.0,16.3
10.052270136285475,16.3
10.104813489285682,16.3
10.157631487108103,16.3
10.210725565324982,16.3
10.264097167012295,16.3
10.317747742789004,16.3
10.371678750856479,16.3
10.425891657038118,16.3
10.480387934819216,16.3
10.535169065386981,16.3
10.590236537670812,16.3
10.64559184838276,16.3
10.701236502058206,16.3
10.757172011096776,16.3
10.813399895803409,16.3
10.869921684429707,16.3
10.926738913215466,16.3
10.98385312643042,16.3
11.041265876416237,16.3
11.098978723628681,16.3
11.156993236680048,16.3
11.215310992381788,16.3
11.27393357578736,16.3
11.332862580235341,16.3
11.392099607392687,16.3
11.451646267298301,16.3
11.511504178406776,16.3
11.571674967632385,16.3
11.632160270393321,16.3
11.692961730656117,16.3
11.75408100098034,16.3
11.815519742563518,16.3
11.87727962528627,16.3
11.939362327757706,16.3
12.001769537361062,16.3
12.064502950299536,16.3
12.127564271642404,16.3
12.190955215371359,16.3
12.254677504427118,16.3
12.318732870756214,16.3
12.383123055358094,16.3
12.447849808332432,16.3
12.5129148889267,16.5
12.578320065583968,16.6
12.644067115991009,16.6
12.710157827126565,16.6
12.776593995309947,16.6
12.843377426249843,16.6
12.910509935093431,16.6
12.977993346475664,16.6
13.045829494568892,16.6
13.11402022313271,16.6
13.182567385564074,16.6
13.251472844947658,16.6
13.320738474106527,16.6
13.390366155653,16.6
13.460357782039841,16.6
13.530715255611682,16.6
13.601440488656761,16.6
13.672535403458848,16.6
13.744001932349526,16.6
13.815842017760701,16.6
13.888057612277397,16.6
13.960650678690818,16.6
14.033623190051728,16.6
14.10697712972403,16.6
14.180714491438705,16.6
14.25483727934799,16.6
14.32934750807987,16.6
14.404247202792797,16.6
14.479538399230764,16.6
14.55522314377862,16.6
14.631303493517702,16.6
14.707781516281727,16.6
14.784659290713032,16.6
14.861938906319022,16.6
14.939622463528993,16.6
15.017712073751214,16.6
15.096209859430308,16.6
15.175117954104964,16.6
15.254438502465888,16.6
15.334173660414118,16.6
15.414325595119617,16.6
15.494896485080169,16.6
15.575888520180618,16.6
15.65730390175234,16.6
15.73914484263311,16.6
15.821413567227237,16.6
15.904112311566013,16.6
15.98724332336852,16.6
16.070808862102673,16.6
16.154811199046666,16.6
16.239252617350697,16.6
16.324135412099007,16.6
16.409461890372306,16.6
16.495234371310413,16.6
16.58145518617534,16.6
16.668126678414627,16.6
16.755251203725052,16.6
16.84283113011666,16.6
16.930868837977105,16.6
17.01936672013636,16.6
17.108327181931763,16.6
17.197752641273365,16.6
17.28764552870969,16.6
17.378008287493753,16.6
17.4688433736495,16.6
17.560153256038525,16.6
17.651940416427212,16.6
17.744207349554188,16.6
17.836956563198083,16.6
17.93019057824573,16.6
18.023911928760675,16.6
18.118123162052047,16.6
18.21282683874379,16.6
18.30802553284428,16.6
18.403721831816252,16.6
18.499918336647156,16.6
18.59661766191982,16.6
18.69382243588356,16.6
18.791535300525574,16.6
18.889758911642755,16.6
18.98849593891389,16.6
19.08774906597221,16.6
19.187520990478333,16.6
19.287814424193606,16.6
19.388632093053765,16.6
19.48997673724305,16.6
19.591851111268685,16.6
19.69425798403576,16.6
19.79720013892245,16.6
19.90068037385568,16.6
20.004701501387192,16.6
20.109266348769967,16.6
20.214377758035074,16.6
20.320038586068932,16.6
20.426251704690927,16.6
20.533020000731486,16.6
20.64034637611054,16.6
20.748233747916412,16.6
20.856685048485062,16.6
20.965703225479817,16.6
21.075291241971485,16.6
21.185452076518878,16.6
21.296188723249774,16.6
21.407504191942323,16.6
21.519401508106792,16.6
21.631883713067854,16.6
21.744953864047204,16.6
21.858615034246718,16.6
21.972870312931903,16.6
22.087722805515906,16.6
22.203175633643916,16.6
22.319231935278008,16.6
22.435894864782412,16.6
22.553167593009288,16.6
22.671053307384867,16.6
22.789555211996095,16.6
22.908676527677724,16.6
23.028420492099883,16.6
23.148790359856015,16.6
23.26978940255137,16.6
23.391420908891938,16.6
23.51368818477381,16.6
23.63659455337303,16.6
23.760143355235964,16.6
23.884337948370025,16.6
24.009181708334992,16.6
24.134678028334722,16.6
24.260830319309434,16.6
24.387642010028344,16.6
24.515116547182902,16.6
24.64325739548046,16.6
24.772068037738443,16.6
24.901551974979007,16.6
25.031712726524198,16.6
25.162553830091625,16.6
25.294078841890578,16.6
25.426291336718684,16.6
25.559194908059133,16.6
25.692793168178262,16.6
25.827089748223784,16.6
25.96208829832347,16.6
26.097792487684362,16.6
26.234206004692496,16.6
26.371332557013133,16.6
26.5091758716916,16.6
26.647739695254497,16.6
26.787027793811582,16.6
26.9270439531581,16.6
27.06779197887776,16.6
27.209275696446046,16.6
27.351498951334275,16.6
27.494465609114105,16.6
27.638179555562576,16.6
27.782644696767733,16.6
27.92786495923483,16.6
28.07384428999299,16.6
28.220586656702505,16.6
28.368096047762684,16.6
28.516376472420284,16.6
28.66543196087842,16.6
28.815266564406134,16.6
28.965884355448516,16.6
29.11728942773738,16.6
29.26948589640251,16.6
29.42247789808359,16.5
29.57626959104251,16.4
29.730865155276486,16.3
29.88626879263161,16.3
30.04248472691713,16.3
30.19951720402016,16.3
30.357370492021133,16.3
30.516048881309793,16.3
30.675556684701824,16.3
30.835898237556027,16.3
30.99707789789224,16.3
31.15910004650967,16.3
31.321969087106055,16.3
31.485689446397288,16.3
31.650265574237824,16.3
31.815701943741516,16.3
31.98200305140326,16.3
32.14917341722119,16.3
32.31721758481955,16.3
32.486140121572134,16.3
32.655945618726484,16.3
32.82663869152868,16.3
32.99822397934869,16.3
33.170706145806605,16.3
33.34408987889928,16.3
33.51837989112781,16.3
33.69358091962557,16.3
33.86969772628702,16.3
34.04673509789711,16.3
34.224697846261364,16.3
34.40359080833668,16.3
34.58341884636283,16.3
34.764186847994516,16.3
34.94589972643436,16.3
35.12856242056629,16.3
35.312179895089876,16.3
35.496757140655234,16.3
35.68229917399868,16.3
35.86881103807908,16.3
36.05629780221492,16.3
36.24476456222205,16.3
36.434216440552284,16.3
36.6246585864325,16.3
36.81609617600466,16.3
37.00853441246656,16.3
37.2019785262131,16.3
37.39643377497855,16.3
37.591905443979435,16.3
37.788398846058186,16.3
37.985919321827524,16.3
38.184472239815605,16.3
38.384062996612016,16.3
38.584697017014335,16.3
38.786379754175634,16.3
38.98911668975273,16.3
39.1929133340551,16.3
39.39777522619469,16.3
39.60370793423646,16.3
39.810717055349734,16.3
40.0188082159603,16.2
40.227987071903335,16.1
40.43825930857721,16.1
40.64963064109788,16.1
40.8621068144543,16.1
41.075693603664625,16.1
41.29039681393302,16.1
41.506222280807584,16.1
41.72317587033889,16.1
41.94126347923944,16.1
42.16049103504393,16.1
42.38086449627034,16.1
42.60238985258197,16.1
42.825073124950116,16.1
43.04892036581776,16.1
43.27393765926414,16.1
43.500131121170035,16.1
43.727506899384,16.1
43.956071173889484,16.1
44.18583015697281,16.1
44.416790093392,16.1
44.648957260546474,16.1
44.88233796864779,16.2
45.116938560890986,16.3
45.35276541362708,16.3
45.58982493653644,16.3
45.82812357280281,16.3
46.067667799288614,16.3
46.308464126710895,16.3
46.55051909981832,16.3
46.793839297569036,16.3
47.03843133330949,16.3
47.28430185495417,16.3
47.531457545166376,16.3
47.77990512153967,16.5
48.02965133678067,16.6
48.28070297889241,16.6
48.53306687135893,16.6
48.78674987333074,16.6
49.041758879811184,16.6
49.298100821843896,16.6
49.55578266670119,16.7
49.81481141807335,16.8
50.07519411625915,16.8
50.336937838356974,16.8
50.60004969845742,16.8
50.86453684783644,16.9
51.13040647514984,16.9
51.39766580662862,17.0
51.66632210627541,17.0
51.93638267606184,17.1
52.20785485612707,17.1
52.48074602497726,17.2
52.75506359968615,17.2
53.030815036096584,17.3
53.308007829023246,17.4
53.58664951245627,17.5
53.866747659766084,17.6
54.148309883909214,17.7
54.431343837635225,17.8
54.7158572136947,17.9
55.00185774504835,18.0
55.28935320507712,18.1
55.57835140779364,18.2
55.86886020805435,18.3
56.160887501773274,18.3
56.45444122613637,18.3
56.74952935981742,18.4
57.04615992319485,18.4
57.34434097856969,18.5
57.64408063038476,18.6
57.94538702544487,18.7
58.24826835313831,18.7
58.552732845659456,18.8
58.85878877823242,18.8
59.166444469336014,18.9
59.475708280929936,19.0
59.786588618681876,19.1
60.0990939321961,19.2
60.41323271524305,19.2
60.72901350599024,19.2
61.046444887234294,19.2
61.365535486634215,19.3
61.686293976945976,19.3
62.008729076258064,19.4
62.332849548228545,19.4
62.658664202323344,19.4
62.98618189405547,19.4
63.315411525225876,19.4
63.64636204416533,19.4
63.979042445977655,19.4
64.31346177278421,19.4
64.64962911396958,19.4
64.98755360642885,19.4
65.32724443481563,19.4
65.66871083179183,19.3
66.01196207827876,19.2
66.35700750370908,19.2
66.7038564862806,19.2
67.05251845321108,19.2
67.40300288099445,19.2
67.75531929565844,19.2
68.1094772730234,19.2
68.46548643896274,19.2
68.82335646966433,19.2
69.18309709189363,19.2
69.54471808325809,19.2
69.90822927247277,19.1
70.27364053962762,19.0
70.6409618164559,18.9
71.01020308660422,18.9
71.38137438590384,18.9
71.75448580264342,18.9
72.12954747784322,18.9
72.50656960553087,18.9
72.88556243301818,18.9
73.26653626117992,18.9
73.64950144473359,18.9
74.03446839252094,18.9
74.42144756779092,18.9
74.810449488484,18.9
75.20148472751808,18.9
75.59456391307583,18.9
75.98969772889355,18.8
76.38689691455168,18.7
76.78617226576647,18.7
77.18753463468363,18.7
77.59099493017311,18.7
77.99656411812569,18.7
78.404253221751,18.7
78.8140733218772,18.7
79.226035557252,18.7
79.64015112484554,18.6
80.05643128015467,18.6
80.47488733750892,18.5
80.89553067037787,18.5
81.31837271168051,18.5
81.74342495409579,18.5
82.170698950375,18.5
82.60020631365589,18.5
83.03195871777821,18.5
83.46596789760103,18.5
83.90224564932171,18.5
84.34080383079642,18.5
84.78165436186265,18.5
85.22480922466286,18.5
85.67028046397054,18.5
86.11808018751721,18.5
86.56822056632171,18.5
87.020713835021,18.5
87.47557229220259,18.5
87.93280830073893,18.5
88.39243428812335,18.5
88.85446274680783,18.5
89.31890623454267,18.4
89.78577737471758,18.3
90.25508885670492,18.3
90.72685343620469,18.3
91.20108393559097,18.3
91.67779324426061,18.3
92.15699431898352,18.3
92.63870018425483,18.3
93.12292393264887,18.3
93.60967872517497,18.3
94.09897779163542,18.3
94.5908344309847,18.3
95.0852620116911,18.3
95.58227397210023,18.3
96.08188382079996,18.3
96.5841051369878,18.3
97.08895157083991,18.3
97.59643684388209,18.3
98.10657474936274,18.3
98.61937915262773,18.3
99.13486399149741,18.3
99.65304327664518,18.3
100.17393109197839,18.3
100.69754159502135,18.3
101.22388901729977,18.3
101.75298766472777,18.3
102.28485191799675,18.3
102.81949623296607,18.3
103.35693514105618,18.3
103.89718324964329,18.3
104.44025524245698,18.3
104.98616587997819,18.3
105.53492999984189,18.3
106.08656251723878,18.3
106.64107842532215,18.3
107.19849279561431,18.3
107.75882077841675,18.3
108.32207760322176,18.3
108.88827857912626,18.3
109.45743909524856,18.3
110.02957462114523,18.3
110.60470070723336,18.3
111.18283298521138,18.3
111.76398716848561,18.2
112.3481790525961,18.2
112.93542451564652,18.2
113.5257395187356,18.2
114.11914010639099,18.2
114.71564240700522,18.2
115.3152626332741,18.2
115.91801708263789,18.2
116.52392213772293,18.2
117.13299426678874,18.2
117.74525002417371,18.2
118.36070605074681,18.2
118.97937907435858,18.2
119.60128591029638,18.2
120.22644346174131,18.2
120.85486872022751,18.2
121.4865787661046,18.2
122.12159076900052,18.2
122.75992198829012,18.2
123.40158977356222,18.2
124.04661156509306,18.2
124.69500489431896,18.2
125.34678738431336,18.2
126.00197675026583,18.2
126.6605907999634,18.2
127.3226474342747,18.2
127.98816464763628,18.2
128.6571605285424,18.2
129.32965326003517,18.2
130.00566112020084,18.2
130.68520248266435,18.2
131.36829581709074,18.2
132.05495968968575,18.2
132.74521276370103,18.2
133.43907379994133,18.2
134.1365616572744,18.2
134.83769529314347,18.2
135.54249376408254,18.2
136.25097622623485,18.2
136.96316193587217,18.2
137.67907024992007,18.2
138.39872062648203,18.2
139.1221326253702,18.2
139.84932590863562,18.2
140.58032024110324,18.2
141.31513549090906,18.2
142.05379163003997,18.2
142.7963087348772,18.2
143.5427069867405,18.2
144.29300667243896,18.2
145.04722818481977,18.2
145.80539202332486,18.2
146.56751879454652,18.2
147.333629212788,18.2
148.1037441006266,18.2
148.87788438947953,18.2
149.65607112017267,18.2
150.43832544351253,18.2
151.2246686208618,18.2
152.01512202471548,18.2
152.80970713928414,18.2
153.6084455610754,18.2
154.41135899948313,18.2
155.218469277376,18.2
156.02979833169113,18.2
156.8453682140304,18.2
157.66520109125955,18.2
158.48931924611142,18.2
159.3177450777899,18.2
160.15050110258113,18.2
160.9876099544629,18.2
161.82909438572216,18.2
162.67497726757185,18.2
163.52528159077312,18.2
164.38003046626017,18.2
165.23924712576837,18.2
166.1029549224657,18.2
166.97117733158728,18.2
167.8439379510743,18.2
168.72126050221348,18.2
169.60316883028446,18.2
170.48968690520502,18.2
171.38083882218535,18.2
172.27664880238083,18.2
173.17714119355136,18.2
174.08234047072295,18.2
174.99227123685273,18.2
175.9069582234984,18.2
176.82642629148881,18.2
177.75070043160196,18.2
178.67980576524164,18.2
179.61376754512278,18.2
180.55261115595593,18.2
181.49636211513797,18.2
182.44504607344558,18.2
183.39868881573247,18.2
184.35731626163007,18.2
185.3209544662519,18.2
186.28962962090262,18.2
187.26336805378796,18.2
188.24219623073301,18.2
189.2261407558986,18.2
190.21522837250714,18.2
191.20948596356752,18.2
192.20894055260666,18.2
193.21361930440384,18.2
194.22354952572874,18.2
195.2387586660848,18.2
196.25927431845295,18.2
197.28512422004457,18.2
198.31633625305224,18.2
199.35293844541056,18.2
200.39495897155572,18.2
201.4424261531923,18.2
202.4953684600627,18.2
203.55381451072122,18.2
204.6177930733116,18.2
205.6873330663489,18.2
206.76246355950653,18.2
207.84321377440395,18.2
208.92961308540407,18.2
210.02169102040844,18.2
211.11947726166272,18.2
212.22300164656127,18.2
213.33229416845913,18.2
214.447384977487,18.2
215.5683043813707,18.2
216.69508284625502,18.2
217.8277509975314,18.2
218.9663396206716,18.2
220.1108796620618,18.2
221.26140222984722,18.2
222.41793859477394,18.2
223.5805201910423,18.2
224.74917861715863,18.2
225.9239456367954,18.2
227.10485317965416,18.2
228.29193334233327,18.2
229.48521838920135,18.2
230.68474075327168,18.2
231.89053303708724,18.2
233.102628013603,18.2
234.32105862708036,18.2
235.5458579939798,18.2
236.77705940386227,18.2
238.0146963202937,18.2
239.25880238175446,18.2
240.50941140255387,18.2
241.76655737374873,18.2
243.03027446406858,18.2
244.30059702084168,18.2
245.57755957093218,18.2
246.86119682167464,18.2
248.1515436618211,18.2
249.44863516248657,18.2
250.75250657810346,18.2
252.0631933473797,18.2
253.3807310942614,18.2
254.7051556289027,18.2
256.03650294863604,18.2
257.3748092389545,18.2
258.72011087449107,18.2
260.0724444200114,18.2
261.4318466314045,18.2
262.79835445668317,18.2
264.17200503698814,18.2
265.5528357075972,18.3
266.94088399894025,18.3
268.336187637619,18.3
269.7387845474336,18.3
271.1487128504106,18.3
272.56601086784315,18.3
273.9907171213279,18.3
275.4228703338166,18.3
276.86250943066517,18.3
278.30967354069315,18.3
279.764401997247,18.3
281.2267343392687,18.3
282.6967103123723,18.3
284.1743698699204,18.3
285.65975317411466,18.3
287.152900597083,18.3
288.6538527219809,18.3
290.16265034409145,18.3
291.67933447193553,18.3
293.203946328386,18.3
294.7365273517884,18.3
296.27711919708696,18.3
297.8257637369567,18.3
299.38250306294265,18.3
300.947379486601,18.3
302.52043554065347,18.3
304.1017139801383,18.3
305.69125778357716,18.3
307.2891101541398,18.3
308.8953145208197,18.3
310.5099145396145,18.3
312.1329540947119,18.3
313.76447729968413,18.3
315.40452849868336,18.3
317.0531522676519,18.3
318.71039341552853,18.3
320.3762969854716,18.3
322.05090825607795,18.3
323.7342727426186,18.3
325.4264361982722,18.3
327.1274446153702,18.3
328.83734422664674,18.3
330.55618150649445,18.3
332.28400317222986,18.3
334.02085618535915,18.3
335.76678775285944,18.3
337.52184532845695,18.3
339.28607661392135,18.3
341.0595295603587,18.3
342.84225236951676,18.3
344.63429349509414,18.3
346.4357016440579,18.3
348.24652577796684,18.3
350.06681511430224,18.3
351.8966191278073,18.3
353.7359875518278,18.3
355.5849703796693,18.3
357.44361786595016,18.3
359.3119805279728,18.3
361.1901091470929,18.3
363.0780547701014,18.3
364.9758687106112,18.3
366.8836025504522,18.3
368.80130814107446,18.3
370.72903760495365,18.3
372.66684333701346,18.3
374.6147780060434,18.3
376.57289455613636,18.3
378.54124620812286,18.3
380.5198864610201,18.3
382.50886909348526,18.3
384.5082481652772,18.3
386.51807801872604,18.3
388.53841328020957,18.3
390.56930886163985,18.3
392.6108199619517,18.3
394.6630020686084,18.3
396.7259109591041,18.3
398.7996027024853,18.3
400.8841336608706,18.3
402.9795604909844,18.3
405.0859401456969,18.3
407.20332987557106,18.3
409.331787230421,18.3
411.4713700608718,18.3
413.6221365199375,18.4
415.78414506459575,18.4
417.95745445738237,18.5
420.1421237679842,18.5
422.33821237484636,18.5
424.5457799667861,18.5
426.76488654461485,18.5
428.9955924227691,18.5
431.23795823094935,18.5
433.49204491576995,18.5
435.7579137424112,18.5
438.0356262962907,18.5
440.3252444847303,18.5
442.62683053864555,18.5
444.9404470142319,18.5
447.2661567946673,18.5
449.60402309182115,18.5
451.9541094479714,18.5
454.3164797375345,18.6
456.6911981687959,18.6
459.0783292856624,18.7
461.4779379694089,18.7
463.89008944044906,18.7
466.31484926010245,18.7
468.7522833323791,18.7
471.20245790577025,18.7
473.6654395750488,18.7
476.14129528307956,18.7
478.630092322638,18.7
481.1318983382419,18.7
483.6467813279844,18.7
486.1748096453894,18.7
488.7160520012619,18.7
491.27057746556244,18.7
493.8384554692794,18.7
496.4197558063182,18.7
499.01454863539806,18.7
501.6229044819588,18.7
504.24489424007766,18.7
506.88058917439554,18.7
509.53006092205686,18.7
512.1933814946506,18.7
514.8706232801756,18.7
517.5618590449992,18.7
520.2671619358439,18.7
522.9866054817683,18.7
525.7202635961694,18.7
528.4682105787901,18.7
531.230521117739,18.7
534.0072702915224,18.7
536.7985335710792,18.7
539.6043868218401,18.7
542.4249063057814,18.7
545.2601686835053,18.7
548.1102510163182,18.7
550.9752307683272,18.7
553.8551858085453,18.7
556.7501944130083,18.7
559.6603352669016,18.7
562.5856874666987,18.7
565.5263305223134,18.7
568.4823443592555,18.7
571.4538093208106,18.7
574.4408061702153,18.7
577.4434160928608,18.7
580.4617206984933,18.7
583.4958020234345,18.8
586.5457425328113,18.9
589.6116251227962,18.9
592.6935331228639,18.9
595.7915502980484,18.9
598.9057608512304,18.9
602.0362494254149,18.9
605.1831011060411,18.9
608.3464014232891,18.9
611.5262363544065,18.9
614.7226923260454,19.1
617.9358562166111,19.2
621.1658153586235,19.2
624.4126575410903,19.2
627.6764710118958,19.2
630.957344480193,19.2
634.2553671188238,19.2
637.5706285667327,19.2
640.9032189314127,19.2
644.2532287913472,19.2
647.6207491984753,19.2
651.0058716806659,19.2
654.4086882442045,19.3
657.8292913762976,19.4
661.2677740475787,19.4
664.7242297146454,19.4
668.1987523225889,19.4
671.6914363075575,19.4
675.2023765993158,19.4
678.7316686238282,19.4
682.2794083058518,19.4
685.8456920715438,19.4
689.4306168510824,19.5
693.0342800813003,19.6
696.6567797083366,19.6
700.2982141902914,19.6
703.9586824999124,19.6
707.6382841272731,19.6
711.3371190824884,19.6
715.0552878984242,19.7
718.7928916334344,19.7
722.5500318741055,19.7
726.3268107380181,19.7
730.123330876526,19.7
733.9396954775374,19.8
737.7760082683312,19.9
741.6323735183645,19.9
745.508896042117,19.9
749.4056812019327,19.9
753.3228349108862,19.9
757.2604636356614,19.9
761.2186743994453,19.9
765.1975747848361,19.9
769.1972729367671,19.9
773.2178775654501,19.9
777.2594979493206,19.9
781.3222439380205,19.9
785.406225955371,19.9
789.5115550023859,19.9
793.6383426602791,19.9
797.7867010935024,19.9
801.9567430527921,19.9
806.1485818782347,19.9
810.3623315023465,19.9
814.59810645317,19.9
818.8560218573906,19.9
823.1361934434566,19.9
827.4387375447371,19.9
831.7637711026708,19.9
836.1114116699566,19.9
840.4817774137397,19.9
844.8749871188272,19.9
849.2911601909162,20.0
853.7304166598383,20.1
858.1928771828257,20.2
862.6786630477819,20.3
867.1878961765907,20.3
871.7206991284164,20.4
876.2771951030477,20.5
880.8575079442367,20.6
885.4617621430697,20.6
890.0900828413493,20.6
894.742595834996,20.7
899.4194275774676,20.8
904.1207051831946,20.8
908.8465564310401,20.8
913.5971097677627,20.8
918.3724943115215,20.8
923.1728398553701,20.8
927.998276870799,20.8
932.8489365112713,20.8
937.7249506157918,20.8
942.6264517124897,20.8
947.5535730222193,20.8
952.5064484621864,20.9
957.4852126495767,20.9
962.4900009052299,21.0
967.5209492573013,21.1
972.5781944449744,21.2
977.6618739221665,21.3
982.772125861269,21.4
987.9090891569025,21.4
993.0729034296917,21.5
998.26370903006,21.6
1003.4816470420445,21.7
1008.7268592871307,21.8
1013.9994883281055,21.9
1019.2996774729368,22.0
1024.627570778662,22.0
1029.9833130553077,22.0
1035.3670498698243,22.0
1040.778927550043,21.9
1046.219093188652,21.8
1051.687694647196,21.8
1057.1848805600926,21.8
1062.7108003386745,21.8
1068.2656041752484,21.8
1073.849443047181,21.8
1079.4624687209969,21.8
1085.104833756507,21.8
1090.7766915109553,21.8
1096.4781961431852,21.8
1102.2095026178308,21.8
1107.9707667095288,21.8
1113.7621450071517,21.9
1119.5837949180645,21.9
1125.4358746724013,22.0
1131.3185433273702,22.0
1137.231960771571,22.0
1143.1762877293438,22.0
1149.1516857651375,22.0
1155.1583172879002,22.0
1161.1963455554942,22.0
1167.2659346791324,22.0
1173.3672496278396,21.9
1179.5004562329357,21.9
1185.6657211925422,21.8
1191.8632120761172,21.7
1198.0930973290035,21.5
1204.355546277011,21.3
1210.650729131018,21.3
1216.9788169915967,21.3
1223.3399818536654,21.3
1229.7343966111616,21.2
1236.162235061742,21.1
1242.6236719115057,21.1
1249.1188827797416,21.1
1255.6480442037073,21.1
1262.2113336434193,21.1
1268.8089294864806,21.0
1275.4410110529293,20.9
1282.1077586001115,20.8
1288.8093533275808,20.7
1295.5459773820237,20.7
1302.3178138622095,20.6
1309.1250468239675,20.5
1315.967861285188,20.4
1322.8464432308563,20.4
1329.7609796180998,20.4
1336.7116583812742,20.4
1343.6986684370715,20.4
1350.7221996896535,20.4
1357.782443035813,20.3
1364.879590370164,20.2
1372.0138345903551,20.1
1379.1853696023147,20.0
1386.3943903255179,19.9
1393.6410926982915,19.8
1400.9256736831292,19.6
1408.248331272053,19.3
1415.6092644919916,19.3
1423.0086734101894,19.2
1430.4467591396458,19.2
1437.9237238445805,19.2
1445.439770745928,19.1
1452.9951041268616,19.0
1460.589929338344,18.9
1468.224452804715,18.8
1475.898882029292,18.7
1483.6134256000173,18.7
1491.3682931951248,18.8
1499.1636955888393,18.8
1506.999844657106,18.9
1514.8769533833477,19.1
1522.7952358642551,19.3
1530.754907315605,19.4
1538.7561840781082,19.5
1546.799283623296,19.5
1554.8844245594228,19.6
1563.0118266374113,19.6
1571.181710756826,19.5
1579.3942989718767,19.5
1587.649814497453,19.4
1595.9484817151922,19.4
1604.2905261795772,19.4
1612.6761746240677,19.4
1621.1056549672617,19.4
1629.5791963190893,19.4
1638.097028987047,19.4
1646.6593844824454,19.3
1655.266495526711,19.2
1663.9185960577072,19.1
1672.6159212360947,18.9
1681.3587074517213,18.8
1690.1471923300487,18.7
1698.9816147386093,18.7
1707.8622147934998,18.7
1716.789233865905,18.7
1725.7629145886658,18.6
1734.7835008628629,18.6
1743.8512378644525,18.5
1752.9663720509295,18.5
1762.1291511680254,18.4
1771.3398242564415,18.4
1780.598641658619,18.3
1789.9058550255418,18.3
1799.2617173235774,18.2
1808.6664828413498,18.2
1818.1204071966588,18.1
1827.6237473434162,18.0
1837.1767615786375,17.9
1846.7797095494598,17.8
1856.4328522602,17.6
1866.1364520794475,17.5
1875.8907727471963,17.4
1885.6960793820124,17.4
1895.552638488241,17.3
1905.4607179632462,17.2
1915.4205871047022,17.1
1925.4325166178992,16.8
1935.4967786231095,16.6
1945.6136466629825,16.2
1955.783395709978,15.9
1966.006302173841,15.9
1976.282643909114,15.8
1986.6127002226892,15.8
1996.996751881399,15.8
2007.4350811196462,15.8
2017.927971647083,15.8
2028.4757086563097,15.9
2039.078578830634,16.0
2049.736870351861,16.0
2060.4508729081267,16.1
2071.22087770177,16.1
2082.0471774572497,16.2
2092.9300664290977,16.3
2103.8698404099196,16.4
2114.8667967384304,16.6
2125.9212343075446,16.7
2137.0334535724887,16.8
2148.2037565589744,16.7
2159.4324468714053,16.6
2170.71982970113,16.5
2182.0662118347364,16.4
2193.4719016623894,16.3
2204.937209186215,16.2
2216.4624460287228,16.0
2228.0479254412767,15.6
2239.6939623126154,15.4
2251.4008731773993,15.4
2263.168976224821,15.4
2274.9985913072546,15.3
2286.890039948944,15.2
2298.843645354747,14.9
2310.8597324189163,14.6
2322.9386277339318,14.5
2335.0806595993763,14.4
2347.2861580308577,14.3
2359.5554547689862,14.2
2371.8888832883777,13.8
2384.2867788067265,13.4
2396.7494782939148,13.3
2409.2773204811715,13.1
2421.8706458702773,13.0
2434.5297967428205,12.8
2447.2551171695004,12.7
2460.0469530194778,12.6
2472.905651969775,12.5
2485.8315635147337,12.4
2498.825038975499,12.3
2511.88643150958,12.3
2525.0160961204438,12.3
2538.2143896671673,12.3
2551.481670874133,12.3
2564.8183003407817,12.2
2578.224640551411,12.1
2591.7010558850307,12.0
2605.247912625263,12.0
2618.8655789702975,12.2
2632.5544250429093,12.3
2646.314822900502,12.4
2660.14714654523,12.4
2674.051771934164,12.6
2688.029076989506,12.8
2702.079441608862,13.0
2716.20324767557,13.2
2730.400879069075,13.5
2744.6727216753675,13.7
2759.0191633974646,13.8
2773.440594165967,13.9
2787.9374059496395,13.8
2802.509992766076,13.8
2817.1587506924047,13.8
2831.8840778760564,13.9
2846.686374545581,14.1
2861.5660430215316,14.2
2876.5234877273942,14.1
2891.5591152005823,13.9
2906.6733341034837,13.6
2921.8665552345788,13.3
2937.139191539587,13.2
2952.4916581227058,13.4
2967.9243722578863,13.6
2983.4377534001765,13.7
2999.0322231971227,13.7
3014.7082055002275,13.7
3030.466126376471,13.7
3046.306414119893,13.8
3062.229499263226,13.8
3078.2358145896155,13.9
3094.325795144359,14.0
3110.4998782467446,14.2
3126.7585035019356,14.3
3143.1021128129173,14.4
3159.5311503925072,14.4
3176.0460627754296,14.4
3192.6472988304513,14.4
3209.335309772584,14.3
3226.1105491753406,14.2
3242.973472983081,14.0
3259.924539523382,13.9
3276.9642095195077,13.8
3294.0929461029286,13.7
3311.311214825911,13.6
3328.6194836741684,13.5
3346.018223079582,13.4
3363.507905932988,13.3
3381.089007597027,13.3
3398.762005919066,13.2
3416.527381244194,13.2
3434.385616428264,13.2
3452.337196851022,13.2
3470.382610429304,13.3
3488.5223476302926,13.3
3506.7569014848486,13.4
3525.0867676009134,13.5
3543.512444176976,13.4
3562.034432015617,13.2
3580.6532345371147,13.0
3599.369357793143,12.9
3618.1833104805046,12.8
3637.095603954969,12.8
3656.1067522451726,12.8
3675.2172720665826,12.8
3694.4276828355482,12.8
3713.738506683413,12.7
3733.1502684707093,12.6
3752.6634958014215,12.5
3772.2787190373247,12.4
3791.9964713124127,12.3
3811.817288547367,12.4
3831.7417094641373,12.8
3851.7702756005806,13.1
3871.9035313251793,13.2
3892.1420238518376,13.2
3912.4863032547537,13.3
3932.936922483372,13.3
3953.4944373774106,13.2
3974.1594066819653,13.2
3994.9323920627126,13.1
4015.8139581211503,13.2
4036.8046724099613,13.2
4057.9051054484326,13.2
4079.115830737964,13.1
4100.437424777656,13.0
4121.870467079975,12.9
4143.41554018651,12.8
4165.0732296838005,12.8
4186.844124219257,12.7
4208.728815517151,12.6
4230.72789839472,12.5
4252.841970778305,12.5
4275.071633719623,12.7
4297.417491412092,12.8
4319.880151207261,12.7
4342.460223631314,12.6
4365.158322401661,12.6
4387.975064443623,12.8
4410.911069907196,12.9
4433.9669621839075,13.0
4457.1433679237725,12.9
4480.4409170523,12.9
4503.860242787635,12.8
4527.40198165776,13.0
4551.0667735177985,13.1
4574.855261567406,13.2
4598.768092368251,13.2
4622.80591586159,13.2
4646.969385385929,13.2
4671.25915769478,13.1
4695.675892974527,13.0
4720.220254862348,12.8
4744.892910464259,12.8
4769.694530373255,12.8
4794.625788687525,12.8
4819.68736302878,12.7
4844.87993456067,12.6
4870.204188007296,12.5
4895.660811671819,12.4
4921.250497455168,12.4
4946.973940874864,12.3
4972.8318410838865,12.2
4998.824900889706,12.1
5024.953826773381,11.9
5051.219328908747,11.8
5077.622121181736,11.6
5104.162921209768,11.4
5130.842450361258,11.2
5157.661433775227,10.9
5184.620600380999,10.6
5211.720682918039,10.5
5238.962417955835,10.4
5266.346545913939,10.2
5293.873811082085,10.0
5321.544961640422,9.7
5349.360749679845,9.5
5377.321931222439,9.4
5405.429266242027,9.3
5433.683518684824,9.1
5462.085456490198,8.6
5490.635851611563,8.2
5519.335480037329,8.0
5548.185121812011,7.7
5577.185561057427,7.5
5606.337585994012,7.0
5635.641988962242,5.7
5665.0995664441625,4.5
5694.7111190850455,4.2
5724.477451715144,3.8
5754.399373371566,3.4
5784.477697320285,3.0
5814.713241078208,2.8
5845.10682643542,2.8
5875.659279477514,3.0
5906.371430608045,3.3
5937.244114571097,3.5
5968.278170473975,3.7
5999.4744418100045,4.0
6030.833776481469,4.4
6062.357026822636,4.7
6094.045049622959,5.1
6125.898706150321,5.5
6157.918862174471,6.4
6190.106387990547,7.2
6222.462158442733,7.6
6254.987052948034,7.9
6287.681955520183,8.1
6320.547754793659,8.2
6353.585344047851,8.7
6386.795621231329,9.3
6420.179488986247,9.5
6453.7378546729,9.6
6487.471630394349,9.7
6521.381733021235,9.7
6555.469084216698,10.0
6589.734610461422,10.5
6624.179243078815,10.8
6658.80391826033,10.9
6693.609577090902,11.1
6728.597165574533,11.3
6763.767634659991,11.7
6799.1219402666875,12.1
6834.661043310619,12.3
6870.385909730507,12.4
6906.297510514049,12.6
6942.39682172431,12.8
6978.684824526248,12.9
7015.162505213385,13.0
7051.830855234612,13.1
7088.690871221135,13.1
7125.7435550135615,13.2
7162.989913689153,13.3
7200.430959589155,13.4
7238.067710346342,13.5
7275.901188912673,13.4
7313.932423587085,13.3
7352.162448043451,13.2
7390.59230135867,12.9
7429.22302804091,12.5
7468.055678057999,12.2
7507.091306865953,11.9
7546.330975437692,11.6
7585.775750291836,11.2
7625.426703521717,10.8
7665.284912824515,10.5
7705.351461530549,10.4
7745.627438632719,10.2
7786.113938816104,10.1
7826.81206248772,10.1
7867.722915806424,10.1
7908.847610712972,10.1
7950.187264960275,10.1
7991.743002143727,10.1
8033.515951731782,10.1
8075.507249096639,10.3
8117.718035545101,10.4
8160.149458349601,10.5
8202.80267077938,10.6
8245.67883213183,10.6
8288.77910776401,10.6
8332.104669124305,10.6
8375.656693784302,10.5
8419.436365470749,10.3
8463.444874097753,10.1
8507.683415799123,9.9
8552.153192960874,9.8
8596.855414253905,9.8
8641.791294666864,9.8
8686.962055539152,9.9
8732.36892459413,10.1
8778.01313597248,10.4
8823.895930265779,11.1
8870.018554550163,11.8
8916.382262420266,11.9
8962.988314023276,12.3
9009.83797609319,12.9
9056.932521985234,13.2
9104.273231710486,13.7
9151.861391970657,14.1
9199.698296193066,14.2
9247.785244565785,14.3
9296.12354407301,14.4
9344.714508530542,14.5
9393.559458621517,14.6
9442.659721932305,14.6
9492.016632988581,14.6
9541.631533291613,14.5
9591.505771354708,14.3
9641.64070273987,14.0
9692.037690094652,13.8
9742.698103189163,13.4
9793.623318953358,12.9
9844.814721514387,12.3
9896.27370223427,11.8
9948.001659747684,11.2
10000.0,10.6
10052.270136285486,9.9
10104.813489285681,9.2
10157.6314871081,8.8
10210.725565324987,8.6
10264.09716701231,6.9
10317.747742788988,3.2
10371.678750856474,0.4
10425.891657038128,2.6
10480.387934819217,6.5
10535.16906538697,8.2
10590.236537670813,9.7
10645.591848382772,9.9
10701.236502058211,10.2
10757.172011096769,11.0
10813.399895803414,11.7
10869.921684429703,11.8
10926.73891321545,11.9
10983.85312643042,12.0
11041.265876416248,11.9
11098.978723628681,11.8
11156.993236680037,11.6
11215.310992381786,11.5
11273.933575787378,11.3
11332.862580235347,10.6
11392.099607392682,9.9
11451.646267298307,9.5
11511.504178406769,9.2
11571.674967632372,8.8
11632.16027039332,8.5
11692.961730656129,7.9
11754.08100098034,7.5
11815.519742563505,7.5
11877.27962528627,7.7
11939.362327757724,7.9
12001.76953736107,8.0
12064.50295029953,8.2
12127.56427164241,8.4
12190.95521537136,8.6
12254.677504427105,8.7
12318.732870756214,8.9
12383.123055358106,9.0
12447.849808332432,9.1
12512.914888926687,9.2
12578.320065583976,9.3
12644.067115991029,9.3
12710.157827126544,9.4
12776.593995309939,9.7
12843.377426249857,10.1
12910.50993509343,10.5
12977.99334647565,10.9
13045.829494568892,11.1
13114.020223132724,11.6
13182.567385564074,12.1
13251.472844947652,12.4
13320.738474106534,12.6
13390.366155652993,12.7
13460.35778203982,12.8
13530.715255611682,13.0
13601.440488656775,13.2
13672.535403458849,13.3
13744.001932349513,13.5
13815.842017760702,13.7
13888.057612277411,13.9
13960.650678690825,14.1
14033.62319005172,14.2
14106.977129724035,14.3
14180.714491438697,14.4
14254.837279347976,14.3
14329.347508079869,14.2
14404.247202792812,14.1
14479.538399230763,14.0
14555.223143778607,13.9
14631.303493517702,13.7
14707.78151628175,13.5
14784.65929071304,13.0
14861.938906319014,12.3
14939.622463529,11.9
15017.712073751207,11.4
15096.209859430292,10.9
15175.117954104964,10.4
15254.438502465904,9.9
15334.173660414117,9.3
15414.325595119602,7.1
15494.896485080177,4.7
15575.88852018064,4.0
15657.303901752315,3.6
15739.1448426331,3.2
15821.413567227246,2.9
15904.112311566014,2.3
15987.243323368504,1.9
16070.808862102673,2.3
16154.811199046684,2.7
16239.252617350698,2.9
16324.135412099,3.1
16409.461890372313,3.2
16495.23437131044,3.1
16581.455186175313,2.9
16668.12667841462,2.7
16755.251203725067,2.8
