10.0,0.1
10.052270136285475,0.2
10.104813489285682,0.4
10.157631487108103,0.5
10.210725565324982,0.7
10.264097167012295,1.0
10.317747742789004,1.0
10.371678750856479,0.9
10.425891657038118,0.5
10.480387934819216,0.1
10.535169065386981,0.0
10.590236537670812,0.0
10.64559184838276,0.0
10.701236502058206,0.1
10.757172011096776,0.2
10.813399895803409,0.6
10.869921684429707,0.9
10.926738913215466,1.0
10.98385312643042,1.1
11.041265876416237,1.1
11.098978723628681,1.2
11.156993236680048,1.2
11.215310992381788,1.2
11.27393357578736,1.1
11.332862580235341,1.0
11.392099607392687,1.0
11.451646267298301,1.0
11.511504178406776,1.1
11.571674967632385,1.1
11.632160270393321,1.2
11.692961730656117,1.2
11.75408100098034,1.3
11.815519742563518,1.4
11.87727962528627,1.4
11.939362327757706,1.5
12.001769537361062,1.6
12.064502950299536,1.6
12.127564271642404,1.7
12.190955215371359,1.8
12.254677504427118,1.9
12.318732870756214,2.0
12.383123055358094,2.0
12.447849808332432,2.1
12.5129148889267,2.2
12.578320065583968,2.3
12.644067115991009,2.4
12.710157827126565,2.4
12.776593995309947,2.5
12.843377426249843,2.5
12.910509935093431,2.6
12.977993346475664,2.6
13.045829494568892,2.7
13.11402022313271,2.7
13.182567385564074,2.8
13.251472844947658,2.8
13.320738474106527,2.9
13.390366155653,3.0
13.460357782039841,3.2
13.530715255611682,3.3
13.601440488656761,3.4
13.672535403458848,3.5
13.744001932349526,3.6
13.815842017760701,3.6
13.888057612277397,3.6
13.960650678690818,3.6
14.033623190051728,3.7
14.10697712972403,3.7
14.180714491438705,3.8
14.25483727934799,3.8
14.32934750807987,3.9
14.404247202792797,3.9
14.479538399230764,4.0
14.55522314377862,4.1
14.631303493517702,4.2
14.707781516281727,4.2
14.784659290713032,4.3
14.861938906319022,4.4
14.939622463528993,4.5
15.017712073751214,4.6
15.096209859430308,4.7
15.175117954104964,4.7
15.254438502465888,4.8
15.334173660414118,4.9
15.414325595119617,4.9
15.494896485080169,5.0
15.575888520180618,5.1
15.65730390175234,5.2
15.73914484263311,5.3
15.821413567227237,5.3
15.904112311566013,5.3
15.98724332336852,5.4
16.070808862102673,5.5
16.154811199046666,5.6
16.239252617350697,5.8
16.324135412099007,5.9
16.409461890372306,6.0
16.495234371310413,6.0
16.58145518617534,6.1
16.668126678414627,6.1
16.755251203725052,6.2
16.84283113011666,6.2
16.930868837977105,6.3
17.01936672013636,6.4
17.108327181931763,6.5
17.197752641273365,6.6
17.28764552870969,6.7
17.378008287493753,6.8
17.4688433736495,6.9
17.560153256038525,7.1
17.651940416427212,7.2
17.744207349554188,7.2
17.836956563198083,7.3
17.93019057824573,7.3
18.023911928760675,7.4
18.118123162052047,7.4
18.21282683874379,7.5
18.30802553284428,7.6
18.403721831816252,7.6
18.499918336647156,7.6
18.59661766191982,7.7
18.69382243588356,7.9
18.791535300525574,8.0
18.889758911642755,8.1
18.98849593891389,8.2
19.08774906597221,8.3
19.187520990478333,8.4
19.287814424193606,8.5
19.388632093053765,8.5
19.48997673724305,8.6
19.591851111268685,8.7
19.69425798403576,8.7
19.79720013892245,8.8
19.90068037385568,8.8
20.004701501387192,8.9
20.109266348769967,9.0
20.214377758035074,9.1
20.320038586068932,9.3
20.426251704690927,9.4
20.533020000731486,9.5
20.64034637611054,9.6
20.748233747916412,9.6
20.856685048485062,9.7
20.965703225479817,9.7
21.075291241971485,9.8
21.185452076518878,10.0
21.296188723249774,10.1
21.407504191942323,10.2
21.519401508106792,10.3
21.631883713067854,10.4
21.744953864047204,10.4
21.858615034246718,10.5
21.972870312931903,10.6
22.087722805515906,10.7
22.203175633643916,10.8
22.319231935278008,10.8
22.435894864782412,10.9
22.553167593009288,10.9
22.671053307384867,11.0
22.789555211996095,11.2
22.908676527677724,11.3
23.028420492099883,11.3
23.148790359856015,11.4
23.26978940255137,11.4
23.391420908891938,11.5
23.51368818477381,11.6
23.63659455337303,11.7
23.760143355235964,11.7
23.884337948370025,11.8
24.009181708334992,11.8
24.134678028334722,11.9
24.260830319309434,12.1
24.387642010028344,12.3
24.515116547182902,12.4
24.64325739548046,12.5
24.772068037738443,12.5
24.901551974979007,12.6
25.031712726524198,12.6
25.162553830091625,12.7
25.294078841890578,12.7
25.426291336718684,12.8
25.559194908059133,12.9
25.692793168178262,13.0
25.827089748223784,13.0
25.96208829832347,13.1
26.097792487684362,13.3
26.234206004692496,13.5
26.371332557013133,13.6
26.5091758716916,13.7
26.647739695254497,13.7
26.787027793811582,13.8
26.9270439531581,13.8
27.06779197887776,13.9
27.209275696446046,13.9
27.351498951334275,14.0
27.494465609114105,14.0
27.638179555562576,14.1
27.782644696767733,14.2
27.92786495923483,14.3
28.07384428999299,14.4
28.220586656702505,14.5
28.368096047762684,14.5
28.516376472420284,14.6
28.66543196087842,14.7
28.815266564406134,14.8
28.965884355448516,14.8
29.11728942773738,14.9
29.26948589640251,14.9
29.42247789808359,15.0
29.57626959104251,15.0
29.730865155276486,15.1
29.88626879263161,15.2
30.04248472691713,15.3
30.19951720402016,15.4
30.357370492021133,15.4
30.516048881309793,15.5
30.675556684701824,15.5
30.835898237556027,15.5
30.99707789789224,15.5
31.15910004650967,15.6
31.321969087106055,15.7
31.485689446397288,15.8
31.650265574237824,15.8
31.815701943741516,15.8
31.98200305140326,15.8
32.14917341722119,15.8
32.31721758481955,15.9
32.486140121572134,15.9
32.655945618726484,16.0
32.82663869152868,16.1
32.99822397934869,16.2
33.170706145806605,16.2
33.34408987889928,16.2
33.51837989112781,16.3
33.69358091962557,16.3
33.86969772628702,16.3
34.04673509789711,16.4
34.224697846261364,16.5
34.40359080833668,16.6
34.58341884636283,16.6
34.764186847994516,16.7
34.94589972643436,16.8
35.12856242056629,16.8
35.312179895089876,16.9
35.496757140655234,16.9
35.68229917399868,16.9
35.86881103807908,16.9
36.05629780221492,17.1
36.24476456222205,17.2
36.434216440552284,17.2
36.6246585864325,17.2
36.81609617600466,17.2
37.00853441246656,17.2
37.2019785262131,17.2
37.39643377497855,17.2
37.591905443979435,17.2
37.788398846058186,17.2
37.985919321827524,17.2
38.184472239815605,17.2
38.384062996612016,17.2
38.584697017014335,17.2
38.786379754175634,17.2
38.98911668975273,17.2
39.1929133340551,17.3
39.39777522619469,17.3
39.60370793423646,17.4
39.810717055349734,17.4
40.0188082159603,17.4
40.227987071903335,17.4
40.43825930857721,17.4
40.64963064109788,17.4
40.8621068144543,17.4
41.075693603664625,17.4
41.29039681393302,17.4
41.506222280807584,17.4
41.72317587033889,17.4
41.94126347923944,17.4
42.16049103504393,17.4
42.38086449627034,17.4
42.60238985258197,17.4
42.825073124950116,17.4
43.04892036581776,17.4
43.27393765926414,17.4
43.500131121170035,17.4
43.727506899384,17.4
43.956071173889484,17.4
44.18583015697281,17.4
44.416790093392,17.4
44.648957260546474,17.4
44.88233796864779,17.4
45.116938560890986,17.4
45.35276541362708,17.4
45.58982493653644,17.4
45.82812357280281,17.4
46.067667799288614,17.4
46.308464126710895,17.4
46.55051909981832,17.4
46.793839297569036,17.4
47.03843133330949,17.4
47.28430185495417,17.4
47.531457545166376,17.4
47.77990512153967,17.4
48.02965133678067,17.4
48.28070297889241,17.3
48.53306687135893,17.2
48.78674987333074,17.2
49.041758879811184,17.2
49.298100821843896,17.2
49.55578266670119,17.1
49.81481141807335,17.0
50.07519411625915,16.9
50.336937838356974,16.8
50.60004969845742,16.7
50.86453684783644,16.7
51.13040647514984,16.7
51.39766580662862,16.7
51.66632210627541,16.7
51.93638267606184,16.6
52.20785485612707,16.5
52.48074602497726,16.4
52.75506359968615,16.4
53.030815036096584,16.3
53.308007829023246,16.3
53.58664951245627,16.3
53.866747659766084,16.3
54.148309883909214,16.2
54.431343837635225,16.2
54.7158572136947,16.2
55.00185774504835,16.2
55.28935320507712,16.2
55.57835140779364,16.2
55.86886020805435,16.1
56.160887501773274,16.0
56.45444122613637,16.0
56.74952935981742,16.0
57.04615992319485,16.0
57.34434097856969,16.0
57.64408063038476,16.0
57.94538702544487,16.0
58.24826835313831,16.1
58.552732845659456,16.2
58.85878877823242,16.2
59.166444469336014,16.2
59.475708280929936,16.2
59.786588618681876,16.2
60.0990939321961,16.2
60.41323271524305,16.3
60.72901350599024,16.3
61.046444887234294,16.3
61.365535486634215,16.3
61.686293976945976,16.3
62.008729076258064,16.3
62.332849548228545,16.3
62.658664202323344,16.3
62.98618189405547,16.3
63.315411525225876,16.3
63.64636204416533,16.3
63.979042445977655,16.3
64.31346177278421,16.4
64.64962911396958,16.6
64.98755360642885,16.7
65.32724443481563,16.9
65.66871083179183,17.0
66.01196207827876,17.2
66.35700750370908,17.3
66.7038564862806,17.4
67.05251845321108,17.5
67.40300288099445,17.5
67.75531929565844,17.6
68.1094772730234,17.7
68.46548643896274,17.8
68.82335646966433,17.9
69.18309709189363,18.0
69.54471808325809,18.0
69.90822927247277,18.1
70.27364053962762,18.3
70.6409618164559,18.4
71.01020308660422,18.4
71.38137438590384,18.4
71.75448580264342,18.4
72.12954747784322,18.5
72.50656960553087,18.6
72.88556243301818,18.6
73.26653626117992,18.6
73.64950144473359,18.6
74.03446839252094,18.6
74.42144756779092,18.6
74.810449488484,18.6
75.20148472751808,18.6
75.59456391307583,18.6
75.98969772889355,18.5
76.38689691455168,18.4
76.78617226576647,18.3
77.18753463468363,18.3
77.59099493017311,18.2
77.99656411812569,18.1
78.404253221751,18.0
78.8140733218772,17.9
79.226035557252,17.8
79.64015112484554,17.8
80.05643128015467,17.7
80.47488733750892,17.7
80.89553067037787,17.7
81.31837271168051,17.7
81.74342495409579,17.7
82.170698950375,17.6
82.60020631365589,17.6
83.03195871777821,17.6
83.46596789760103,17.5
83.90224564932171,17.4
84.34080383079642,17.3
84.78165436186265,17.3
85.22480922466286,17.2
85.67028046397054,17.2
86.11808018751721,17.2
86.56822056632171,17.2
87.020713835021,17.2
87.47557229220259,17.2
87.93280830073893,17.1
88.39243428812335,17.0
88.85446274680783,16.9
89.31890623454267,16.8
89.78577737471758,16.8
90.25508885670492,16.7
90.72685343620469,16.7
91.20108393559097,16.7
91.67779324426061,16.7
92.15699431898352,16.7
92.63870018425483,16.7
93.12292393264887,16.7
93.60967872517497,16.7
94.09897779163542,16.6
94.5908344309847,16.6
95.0852620116911,16.5
95.58227397210023,16.5
96.08188382079996,16.5
96.5841051369878,16.5
97.08895157083991,16.5
97.59643684388209,16.5
98.10657474936274,16.5
98.61937915262773,16.5
99.13486399149741,16.5
99.65304327664518,16.5
100.17393109197839,16.5
100.69754159502135,16.5
101.22388901729977,16.5
101.75298766472777,16.5
102.28485191799675,16.5
102.81949623296607,16.5
103.35693514105618,16.4
103.89718324964329,16.4
104.44025524245698,16.3
104.98616587997819,16.3
105.53492999984189,16.3
106.08656251723878,16.3
106.64107842532215,16.3
107.19849279561431,16.3
107.75882077841675,16.3
108.32207760322176,16.3
108.88827857912626,16.3
109.45743909524856,16.3
110.02957462114523,16.3
110.60470070723336,16.3
111.18283298521138,16.3
111.76398716848561,16.2
112.3481790525961,16.2
112.93542451564652,16.2
113.5257395187356,16.2
114.11914010639099,16.2
114.71564240700522,16.2
115.3152626332741,16.2
115.91801708263789,16.2
116.52392213772293,16.2
117.13299426678874,16.2
117.74525002417371,16.2
118.36070605074681,16.2
118.97937907435858,16.2
119.60128591029638,16.1
120.22644346174131,16.1
120.85486872022751,16.0
121.4865787661046,16.0
122.12159076900052,16.0
122.75992198829012,16.0
123.40158977356222,16.0
124.04661156509306,16.0
124.69500489431896,16.0
125.34678738431336,16.0
126.00197675026583,16.0
126.6605907999634,16.0
127.3226474342747,16.0
127.98816464763628,16.0
128.6571605285424,16.0
129.32965326003517,16.0
130.00566112020084,16.0
130.68520248266435,16.0
131.36829581709074,16.0
132.05495968968575,16.0
132.74521276370103,16.0
133.43907379994133,15.9
134.1365616572744,15.8
134.83769529314347,15.8
135.54249376408254,15.8
136.25097622623485,15.8
136.96316193587217,15.8
137.67907024992007,15.8
138.39872062648203,15.8
139.1221326253702,15.8
139.84932590863562,15.8
140.58032024110324,15.8
141.31513549090906,15.8
142.05379163003997,15.8
142.7963087348772,15.8
143.5427069867405,15.8
144.29300667243896,15.8
145.04722818481977,15.7
145.80539202332486,15.6
146.56751879454652,15.5
147.333629212788,15.5
148.1037441006266,15.5
148.87788438947953,15.5
149.65607112017267,15.5
150.43832544351253,15.5
151.2246686208618,15.5
152.01512202471548,15.5
152.80970713928414,15.5
153.6084455610754,15.5
154.41135899948313,15.5
155.218469277376,15.5
156.02979833169113,15.5
156.8453682140304,15.5
157.66520109125955,15.5
158.48931924611142,15.5
159.3177450777899,15.5
160.15050110258113,15.5
160.9876099544629,15.5
161.82909438572216,15.5
162.67497726757185,15.5
163.52528159077312,15.5
164.38003046626017,15.5
165.23924712576837,15.5
166.1029549224657,15.5
166.97117733158728,15.5
167.8439379510743,15.5
168.72126050221348,15.5
169.60316883028446,15.5
170.48968690520502,15.5
171.38083882218535,15.5
172.27664880238083,15.5
173.17714119355136,15.5
174.08234047072295,15.5
174.99227123685273,15.5
175.9069582234984,15.5
176.82642629148881,15.5
177.75070043160196,15.5
178.67980576524164,15.5
179.61376754512278,15.5
180.55261115595593,15.5
181.49636211513797,15.5
182.44504607344558,15.5
183.39868881573247,15.5
184.35731626163007,15.5
185.3209544662519,15.5
186.28962962090262,15.5
187.26336805378796,15.5
188.24219623073301,15.5
189.2261407558986,15.5
190.21522837250714,15.5
191.20948596356752,15.5
192.20894055260666,15.5
193.21361930440384,15.5
194.22354952572874,15.5
195.2387586660848,15.4
196.25927431845295,15.4
197.28512422004457,15.3
198.31633625305224,15.3
199.35293844541056,15.3
200.39495897155572,15.3
201.4424261531923,15.3
202.4953684600627,15.3
203.55381451072122,15.3
204.6177930733116,15.3
205.6873330663489,15.3
206.76246355950653,15.3
207.84321377440395,15.3
208.92961308540407,15.3
210.02169102040844,15.3
211.11947726166272,15.3
212.22300164656127,15.3
213.33229416845913,15.3
214.447384977487,15.3
215.5683043813707,15.3
216.69508284625502,15.3
217.8277509975314,15.3
218.9663396206716,15.3
220.1108796620618,15.3
221.26140222984722,15.3
222.41793859477394,15.3
223.5805201910423,15.3
224.74917861715863,15.3
225.9239456367954,15.3
227.10485317965416,15.3
228.29193334233327,15.3
229.48521838920135,15.3
230.68474075327168,15.3
231.89053303708724,15.3
233.102628013603,15.3
234.32105862708036,15.3
235.5458579939798,15.3
236.77705940386227,15.3
238.0146963202937,15.3
239.25880238175446,15.3
240.50941140255387,15.3
241.76655737374873,15.3
243.03027446406858,15.3
244.30059702084168,15.3
245.57755957093218,15.3
246.86119682167464,15.3
248.1515436618211,15.3
249.44863516248657,15.3
250.75250657810346,15.3
252.0631933473797,15.3
253.3807310942614,15.3
254.7051556289027,15.3
256.03650294863604,15.3
257.3748092389545,15.3
258.72011087449107,15.3
260.0724444200114,15.3
261.4318466314045,15.3
262.79835445668317,15.3
264.17200503698814,15.3
265.5528357075972,15.3
266.94088399894025,15.3
268.336187637619,15.3
269.7387845474336,15.3
271.1487128504106,15.3
272.56601086784315,15.3
273.9907171213279,15.3
275.4228703338166,15.3
276.86250943066517,15.3
278.30967354069315,15.3
279.764401997247,15.3
281.2267343392687,15.3
282.6967103123723,15.3
284.1743698699204,15.3
285.65975317411466,15.3
287.152900597083,15.3
288.6538527219809,15.4
290.16265034409145,15.5
291.67933447193553,15.5
293.203946328386,15.5
294.7365273517884,15.5
296.27711919708696,15.5
297.8257637369567,15.5
299.38250306294265,15.5
300.947379486601,15.5
302.52043554065347,15.5
304.1017139801383,15.5
305.69125778357716,15.5
307.2891101541398,15.5
308.8953145208197,15.5
310.5099145396145,15.5
312.1329540947119,15.5
313.76447729968413,15.5
315.40452849868336,15.5
317.0531522676519,15.5
318.71039341552853,15.5
320.3762969854716,15.5
322.05090825607795,15.5
323.7342727426186,15.5
325.4264361982722,15.5
327.1274446153702,15.5
328.83734422664674,15.5
330.55618150649445,15.5
332.28400317222986,15.5
334.02085618535915,15.5
335.76678775285944,15.5
337.52184532845695,15.5
339.28607661392135,15.5
341.0595295603587,15.5
342.84225236951676,15.5
344.63429349509414,15.5
346.4357016440579,15.5
348.24652577796684,15.5
350.06681511430224,15.5
351.8966191278073,15.5
353.7359875518278,15.5
355.5849703796693,15.5
357.44361786595016,15.5
359.3119805279728,15.5
361.1901091470929,15.5
363.0780547701014,15.5
364.9758687106112,15.5
366.8836025504522,15.5
368.80130814107446,15.5
370.72903760495365,15.5
372.66684333701346,15.5
374.6147780060434,15.5
376.57289455613636,15.5
378.54124620812286,15.5
380.5198864610201,15.5
382.50886909348526,15.5
384.5082481652772,15.5
386.51807801872604,15.5
388.53841328020957,15.5
390.56930886163985,15.5
392.6108199619517,15.5
394.6630020686084,15.5
396.7259109591041,15.5
398.7996027024853,15.5
400.8841336608706,15.5
402.9795604909844,15.5
405.0859401456969,15.5
407.20332987557106,15.5
409.331787230421,15.5
411.4713700608718,15.5
413.6221365199375,15.6
415.78414506459575,15.7
417.95745445738237,15.8
420.1421237679842,15.8
422.33821237484636,15.8
424.5457799667861,15.8
426.76488654461485,15.8
428.9955924227691,15.8
431.23795823094935,15.8
433.49204491576995,15.8
435.7579137424112,15.8
438.0356262962907,15.8
440.3252444847303,15.8
442.62683053864555,15.8
444.9404470142319,15.8
447.2661567946673,15.8
449.60402309182115,15.8
451.9541094479714,15.8
454.3164797375345,15.8
456.6911981687959,15.8
459.0783292856624,15.8
461.4779379694089,15.8
463.89008944044906,15.8
466.31484926010245,15.8
468.7522833323791,15.8
471.20245790577025,15.8
473.6654395750488,15.8
476.14129528307956,15.8
478.630092322638,15.8
481.1318983382419,15.8
483.6467813279844,15.8
486.1748096453894,15.8
488.7160520012619,15.8
491.27057746556244,15.8
493.8384554692794,15.8
496.4197558063182,15.8
499.01454863539806,15.8
501.6229044819588,15.8
504.24489424007766,15.8
506.88058917439554,15.7
509.53006092205686,15.7
512.1933814946506,15.6
514.8706232801756,15.5
517.5618590449992,15.4
520.2671619358439,15.3
522.9866054817683,15.3
525.7202635961694,15.2
528.4682105787901,15.2
531.230521117739,15.1
534.0072702915224,15.0
536.7985335710792,14.8
539.6043868218401,14.5
542.4249063057814,14.3
545.2601686835053,14.2
548.1102510163182,14.1
550.9752307683272,14.0
553.8551858085453,13.8
556.7501944130083,13.3
559.6603352669016,13.0
562.5856874666987,13.1
565.5263305223134,13.5
568.4823443592555,13.6
571.4538093208106,14.0
574.4408061702153,14.5
577.4434160928608,14.7
580.4617206984933,14.8
583.4958020234345,14.9
586.5457425328113,15.0
589.6116251227962,15.0
592.6935331228639,15.1
595.7915502980484,15.1
598.9057608512304,15.1
602.0362494254149,15.2
605.1831011060411,15.3
608.3464014232891,15.3
611.5262363544065,15.3
614.7226923260454,15.3
617.9358562166111,15.3
621.1658153586235,15.3
624.4126575410903,15.3
627.6764710118958,15.3
630.957344480193,15.4
634.2553671188238,15.5
637.5706285667327,15.6
640.9032189314127,15.7
644.2532287913472,15.7
647.6207491984753,15.8
651.0058716806659,15.8
654.4086882442045,15.9
657.8292913762976,16.0
661.2677740475787,16.0
664.7242297146454,16.0
668.1987523225889,16.0
671.6914363075575,16.0
675.2023765993158,16.0
678.7316686238282,16.1
682.2794083058518,16.1
685.8456920715438,16.2
689.4306168510824,16.2
693.0342800813003,16.3
696.6567797083366,16.3
700.2982141902914,16.3
703.9586824999124,16.3
707.6382841272731,16.4
711.3371190824884,16.4
715.0552878984242,16.5
718.7928916334344,16.6
722.5500318741055,16.6
726.3268107380181,16.7
730.123330876526,16.8
733.9396954775374,16.8
737.7760082683312,16.9
741.6323735183645,17.0
745.508896042117,17.1
749.4056812019327,17.2
753.3228349108862,17.2
757.2604636356614,17.3
761.2186743994453,17.4
765.1975747848361,17.4
769.1972729367671,17.4
773.2178775654501,17.4
777.2594979493206,17.4
781.3222439380205,17.4
785.406225955371,17.4
789.5115550023859,17.5
793.6383426602791,17.5
797.7867010935024,17.6
801.9567430527921,17.6
806.1485818782347,17.6
810.3623315023465,17.7
814.59810645317,17.7
818.8560218573906,17.9
823.1361934434566,18.0
827.4387375447371,18.1
831.7637711026708,18.1
836.1114116699566,18.1
840.4817774137397,18.1
844.8749871188272,18.3
849.2911601909162,18.4
853.7304166598383,18.4
858.1928771828257,18.4
862.6786630477819,18.4
867.1878961765907,18.4
871.7206991284164,18.4
876.2771951030477,18.4
880.8575079442367,18.4
885.4617621430697,18.5
890.0900828413493,18.5
894.742595834996,18.6
899.4194275774676,18.6
904.1207051831946,18.6
908.8465564310401,18.6
913.5971097677627,18.6
918.3724943115215,18.6
923.1728398553701,18.6
927.998276870799,18.6
932.8489365112713,18.6
937.7249506157918,18.6
942.6264517124897,18.6
947.5535730222193,18.7
952.5064484621864,18.8
957.4852126495767,18.8
962.4900009052299,18.8
967.5209492573013,18.8
972.5781944449744,18.9
977.6618739221665,18.9
982.772125861269,18.9
987.9090891569025,18.9
993.0729034296917,18.9
998.26370903006,18.9
1003.4816470420445,18.9
1008.7268592871307,18.9
1013.9994883281055,18.9
1019.2996774729368,18.9
1024.627570778662,18.9
1029.9833130553077,18.9
1035.3670498698243,18.9
1040.778927550043,18.8
1046.219093188652,18.8
1051.687694647196,18.7
1057.1848805600926,18.7
1062.7108003386745,18.6
1068.2656041752484,18.6
1073.849443047181,18.6
1079.4624687209969,18.6
1085.104833756507,18.6
1090.7766915109553,18.6
1096.4781961431852,18.6
1102.2095026178308,18.6
1107.9707667095288,18.6
1113.7621450071517,18.5
1119.5837949180645,18.5
1125.4358746724013,18.4
1131.3185433273702,18.4
1137.231960771571,18.3
1143.1762877293438,18.2
1149.1516857651375,18.0
1155.1583172879002,17.8
1161.1963455554942,17.7
1167.2659346791324,17.6
1173.3672496278396,17.5
1179.5004562329357,17.4
1185.6657211925422,17.2
1191.8632120761172,17.0
1198.0930973290035,16.7
1204.355546277011,16.4
1210.650729131018,16.1
1216.9788169915967,15.9
1223.3399818536654,15.7
1229.7343966111616,15.5
1236.162235061742,15.3
1242.6236719115057,15.0
1249.1188827797416,14.6
1255.6480442037073,14.4
1262.2113336434193,14.2
1268.8089294864806,14.0
1275.4410110529293,13.6
1282.1077586001115,13.4
1288.8093533275808,13.4
1295.5459773820237,13.4
1302.3178138622095,13.4
1309.1250468239675,13.4
1315.967861285188,13.4
1322.8464432308563,13.4
1329.7609796180998,13.3
1336.7116583812742,13.2
1343.6986684370715,13.1
1350.7221996896535,13.0
1357.782443035813,12.7
1364.879590370164,12.2
1372.0138345903551,11.9
1379.1853696023147,11.6
1386.3943903255179,11.4
1393.6410926982915,11.2
1400.9256736831292,10.9
1408.248331272053,10.7
1415.6092644919916,10.8
1423.0086734101894,11.4
1430.4467591396458,12.0
1437.9237238445805,12.2
1445.439770745928,12.5
1452.9951041268616,12.8
1460.589929338344,13.1
1468.224452804715,13.4
1475.898882029292,13.6
1483.6134256000173,13.9
1491.3682931951248,14.2
1499.1636955888393,14.5
1506.999844657106,14.7
1514.8769533833477,14.8
1522.7952358642551,14.9
1530.754907315605,15.0
1538.7561840781082,15.0
1546.799283623296,15.1
1554.8844245594228,15.1
1563.0118266374113,15.1
1571.181710756826,15.1
1579.3942989718767,15.0
1587.649814497453,15.0
1595.9484817151922,15.0
1604.2905261795772,15.0
1612.6761746240677,14.9
1621.1056549672617,14.9
1629.5791963190893,14.8
1638.097028987047,14.8
1646.6593844824454,14.7
1655.266495526711,14.6
1663.9185960577072,14.5
1672.6159212360947,14.3
1681.3587074517213,14.3
1690.1471923300487,14.5
1698.9816147386093,14.6
1707.8622147934998,14.5
1716.789233865905,14.4
1725.7629145886658,14.3
1734.7835008628629,14.1
1743.8512378644525,14.0
1752.9663720509295,13.9
1762.1291511680254,13.8
1771.3398242564415,13.7
1780.598641658619,13.6
1789.9058550255418,13.4
1799.2617173235774,13.2
1808.6664828413498,13.0
1818.1204071966588,12.8
1827.6237473434162,12.4
1837.1767615786375,12.1
1846.7797095494598,11.9
1856.4328522602,11.7
1866.1364520794475,11.6
1875.8907727471963,11.5
1885.6960793820124,11.3
1895.552638488241,11.2
1905.4607179632462,11.1
1915.4205871047022,10.9
1925.4325166178992,10.6
1935.4967786231095,10.4
1945.6136466629825,10.2
1955.783395709978,10.1
1966.006302173841,10.1
1976.282643909114,10.2
1986.6127002226892,10.3
1996.996751881399,10.4
2007.4350811196462,10.4
2017.927971647083,10.5
2028.4757086563097,10.6
2039.078578830634,10.7
2049.736870351861,10.7
2060.4508729081267,10.8
2071.22087770177,10.9
2082.0471774572497,11.0
2092.9300664290977,11.0
2103.8698404099196,10.9
2114.8667967384304,10.9
2125.9212343075446,10.8
2137.0334535724887,10.8
2148.2037565589744,10.7
2159.4324468714053,10.6
2170.71982970113,10.4
2182.0662118347364,10.2
2193.4719016623894,10.0
2204.937209186215,9.9
2216.4624460287228,9.7
2228.0479254412767,9.5
2239.6939623126154,9.3
2251.4008731773993,9.3
2263.168976224821,9.3
2274.9985913072546,9.3
2286.890039948944,9.2
2298.843645354747,9.1
2310.8597324189163,8.9
2322.9386277339318,8.9
2335.0806595993763,8.9
2347.2861580308577,8.8
2359.5554547689862,8.7
2371.8888832883777,8.5
2384.2867788067265,8.3
2396.7494782939148,8.1
2409.2773204811715,7.9
2421.8706458702773,7.8
2434.5297967428205,7.7
2447.2551171695004,7.6
2460.0469530194778,7.6
2472.905651969775,7.5
2485.8315635147337,7.4
2498.825038975499,7.4
2511.88643150958,7.5
2525.0160961204438,7.5
2538.2143896671673,7.6
2551.481670874133,7.5
2564.8183003407817,7.3
2578.224640551411,7.1
2591.7010558850307,7.0
2605.247912625263,7.0
2618.8655789702975,6.9
2632.5544250429093,6.9
2646.314822900502,7.0
2660.14714654523,7.0
2674.051771934164,7.1
2688.029076989506,7.3
2702.079441608862,7.4
2716.20324767557,7.4
2730.400879069075,7.3
2744.6727216753675,7.3
2759.0191633974646,7.2
2773.440594165967,7.1
2787.9374059496395,6.9
2802.509992766076,6.6
2817.1587506924047,6.3
2831.8840778760564,6.1
2846.686374545581,6.0
2861.5660430215316,5.9
2876.5234877273942,5.8
2891.5591152005823,5.6
2906.6733341034837,5.4
2921.8665552345788,5.2
2937.139191539587,5.3
2952.4916581227058,5.3
2967.9243722578863,5.3
2983.4377534001765,5.3
2999.0322231971227,5.3
3014.7082055002275,5.3
3030.466126376471,5.3
3046.306414119893,5.2
3062.229499263226,5.1
3078.2358145896155,5.1
3094.325795144359,5.1
3110.4998782467446,5.1
3126.7585035019356,5.1
3143.1021128129173,5.0
3159.5311503925072,5.0
3176.0460627754296,4.9
3192.6472988304513,4.8
3209.335309772584,4.8
3226.1105491753406,4.8
3242.973472983081,4.8
3259.924539523382,4.7
3276.9642095195077,4.7
3294.0929461029286,4.6
3311.311214825911,4.6
3328.6194836741684,4.5
3346.018223079582,4.4
3363.507905932988,4.3
3381.089007597027,4.3
3398.762005919066,4.4
3416.527381244194,4.5
3434.385616428264,4.6
3452.337196851022,4.7
3470.382610429304,4.8
3488.5223476302926,4.8
3506.7569014848486,4.8
3525.0867676009134,4.7
3543.512444176976,4.7
3562.034432015617,4.8
3580.6532345371147,4.9
3599.369357793143,5.0
3618.1833104805046,5.1
3637.095603954969,5.1
3656.1067522451726,5.1
3675.2172720665826,5.0
3694.4276828355482,5.0
3713.738506683413,4.9
3733.1502684707093,4.9
3752.6634958014215,4.8
3772.2787190373247,4.7
3791.9964713124127,4.5
3811.817288547367,4.3
3831.7417094641373,4.3
3851.7702756005806,4.3
3871.9035313251793,4.3
3892.1420238518376,4.2
3912.4863032547537,4.1
3932.936922483372,4.2
3953.4944373774106,4.3
3974.1594066819653,4.4
3994.9323920627126,4.6
4015.8139581211503,4.8
4036.8046724099613,4.9
4057.9051054484326,5.0
4079.115830737964,5.0
4100.437424777656,5.0
4121.870467079975,5.2
4143.41554018651,5.4
4165.0732296838005,5.5
4186.844124219257,5.6
4208.728815517151,5.6
4230.72789839472,5.7
4252.841970778305,5.8
4275.071633719623,5.8
4297.417491412092,5.8
4319.880151207261,5.9
4342.460223631314,6.0
4365.158322401661,6.1
4387.975064443623,6.2
4410.911069907196,6.2
4433.9669621839075,6.3
4457.1433679237725,6.4
4480.4409170523,6.5
4503.860242787635,6.5
4527.40198165776,6.5
4551.0667735177985,6.5
4574.855261567406,6.5
4598.768092368251,6.4
4622.80591586159,6.3
4646.969385385929,6.4
4671.25915769478,6.5
4695.675892974527,6.5
4720.220254862348,6.5
4744.892910464259,6.4
4769.694530373255,6.3
4794.625788687525,6.2
4819.68736302878,6.2
4844.87993456067,6.3
4870.204188007296,6.3
4895.660811671819,6.3
4921.250497455168,6.2
4946.973940874864,6.2
4972.8318410838865,6.3
4998.824900889706,6.3
5024.953826773381,6.3
5051.219328908747,6.3
5077.622121181736,6.2
5104.162921209768,6.2
5130.842450361258,6.1
5157.661433775227,5.8
5184.620600380999,5.5
5211.720682918039,5.4
5238.962417955835,5.3
5266.346545913939,5.3
5293.873811082085,5.2
5321.544961640422,5.1
5349.360749679845,5.0
5377.321931222439,5.0
5405.429266242027,5.0
5433.683518684824,5.0
5462.085456490198,5.0
5490.635851611563,5.0
5519.335480037329,5.0
5548.185121812011,5.0
5577.185561057427,5.0
5606.337585994012,4.9
5635.641988962242,4.7
5665.0995664441625,4.6
5694.7111190850455,4.6
5724.477451715144,4.6
5754.399373371566,4.6
5784.477697320285,4.7
5814.713241078208,4.8
5845.10682643542,4.9
5875.659279477514,5.0
5906.371430608045,5.1
5937.244114571097,5.4
5968.278170473975,5.7
5999.4744418100045,6.0
6030.833776481469,6.3
6062.357026822636,6.5
6094.045049622959,6.7
6125.898706150321,6.8
6157.918862174471,7.3
6190.106387990547,7.8
6222.462158442733,8.1
6254.987052948034,8.3
6287.681955520183,8.5
6320.547754793659,8.6
6353.585344047851,8.7
6386.795621231329,8.7
6420.179488986247,8.8
6453.7378546729,8.9
6487.471630394349,8.9
6521.381733021235,8.9
6555.469084216698,8.9
6589.734610461422,8.9
6624.179243078815,8.9
6658.80391826033,8.8
6693.609577090902,8.7
6728.597165574533,8.5
6763.767634659991,8.5
6799.1219402666875,8.4
6834.661043310619,8.4
6870.385909730507,8.3
6906.297510514049,8.1
6942.39682172431,7.8
6978.684824526248,7.6
7015.162505213385,7.5
7051.830855234612,7.4
7088.690871221135,7.2
7125.7435550135615,6.9
7162.989913689153,6.6
7200.430959589155,6.4
7238.067710346342,6.3
7275.901188912673,6.2
7313.932423587085,6.0
7352.162448043451,5.8
7390.59230135867,5.4
7429.22302804091,5.0
7468.055678057999,4.8
7507.091306865953,4.5
7546.330975437692,4.2
7585.775750291836,4.0
7625.426703521717,3.9
7665.284912824515,4.0
7705.351461530549,4.1
7745.627438632719,4.4
7786.113938816104,4.8
7826.81206248772,4.9
7867.722915806424,5.0
7908.847610712972,5.1
7950.187264960275,5.1
7991.743002143727,5.1
8033.515951731782,5.1
8075.507249096639,5.4
8117.718035545101,5.8
8160.149458349601,6.0
8202.80267077938,6.3
8245.67883213183,7.3
8288.77910776401,8.6
8332.104669124305,9.2
8375.656693784302,9.6
8419.436365470749,9.8
8463.444874097753,9.9
8507.683415799123,10.6
8552.153192960874,11.4
8596.855414253905,11.7
8641.791294666864,11.9
8686.962055539152,12.1
8732.36892459413,12.3
8778.01313597248,12.7
8823.895930265779,13.3
8870.018554550163,13.6
8916.382262420266,13.7
8962.988314023276,14.0
9009.83797609319,14.3
9056.932521985234,14.5
9104.273231710486,14.6
9151.861391970657,14.7
9199.698296193066,14.8
9247.785244565785,14.7
9296.12354407301,14.7
9344.714508530542,14.6
9393.559458621517,14.5
9442.659721932305,14.3
9492.016632988581,14.0
9541.631533291613,13.8
9591.505771354708,13.3
9641.64070273987,12.8
9692.037690094652,12.6
9742.698103189163,12.3
9793.623318953358,12.0
9844.814721514387,11.7
9896.27370223427,11.2
9948.001659747684,10.8
10000.0,10.7
10052.270136285486,10.7
10104.813489285681,10.8
10157.6314871081,10.9
10210.725565324987,11.0
10264.09716701231,11.0
10317.747742788988,11.0
10371.678750856474,11.0
10425.891657038128,11.0
10480.387934819217,11.0
10535.16906538697,10.9
10590.236537670813,10.7
10645.591848382772,10.3
10701.236502058211,9.9
10757.172011096769,9.9
10813.399895803414,9.8
10869.921684429703,9.7
10926.73891321545,9.5
10983.85312643042,9.1
11041.265876416248,8.8
11098.978723628681,8.6
11156.993236680037,8.4
11215.310992381786,8.2
11273.933575787378,7.9
11332.862580235347,6.9
11392.099607392682,6.1
11451.646267298307,5.6
11511.504178406769,5.2
11571.674967632372,5.1
11632.16027039332,4.9
11692.961730656129,4.7
11754.08100098034,4.5
11815.519742563505,4.3
11877.27962528627,4.0
11939.362327757724,3.7
12001.76953736107,3.5
12064.50295029953,3.5
12127.56427164241,3.6
12190.95521537136,3.5
12254.677504427105,3.4
12318.732870756214,3.2
12383.123055358106,3.0
12447.849808332432,2.8
12512.914888926687,2.1
12578.320065583976,1.8
12644.067115991029,2.3
12710.157827126544,2.8
12776.593995309939,3.6
12843.377426249857,4.4
12910.50993509343,4.8
12977.99334647565,5.1
13045.829494568892,5.5
13114.020223132724,6.0
13182.567385564074,6.5
13251.472844947652,6.8
13320.738474106534,7.0
13390.366155652993,7.2
13460.35778203982,7.4
13530.715255611682,7.7
13601.440488656775,8.0
13672.535403458849,8.3
13744.001932349513,8.6
13815.842017760702,8.8
13888.057612277411,8.9
13960.650678690825,9.0
14033.62319005172,9.1
14106.977129724035,9.2
14180.714491438697,9.3
14254.837279347976,9.3
14329.347508079869,9.3
14404.247202792812,9.2
14479.538399230763,9.1
14555.223143778607,9.0
14631.303493517702,8.9
14707.78151628175,8.8
14784.65929071304,8.1
14861.938906319014,7.2
14939.622463529,6.7
15017.712073751207,6.2
15096.209859430292,5.7
15175.117954104964,5.3
15254.438502465904,4.6
15334.173660414117,3.6
15414.325595119602,2.1
15494.896485080177,0.8
15575.88852018064,0.4
15657.303901752315,0.2
15739.1448426331,0.3
15821.413567227246,0.6
15904.112311566014,0.8
15987.243323368504,0.9
16070.808862102673,1.0
16154.811199046684,1.2
16239.252617350698,1.3
16324.135412099,1.2
16409.461890372313,1.1
16495.23437131044,0.9
16581.455186175313,0.7
16668.12667841462,0.5
16755.251203725067,0.3
