10.0,15.2
10.052270136285475,15.2
10.104813489285682,15.2
10.157631487108103,15.2
10.210725565324982,15.2
10.264097167012295,15.2
10.317747742789004,15.2
10.371678750856479,15.2
10.425891657038118,15.2
10.480387934819216,15.2
10.535169065386981,15.2
10.590236537670812,15.2
10.64559184838276,15.2
10.701236502058206,15.2
10.757172011096776,15.2
10.813399895803409,15.2
10.869921684429707,15.2
10.926738913215466,15.2
10.98385312643042,15.2
11.041265876416237,15.2
11.098978723628681,15.2
11.156993236680048,15.2
11.215310992381788,15.2
11.27393357578736,15.2
11.332862580235341,15.2
11.392099607392687,15.2
11.451646267298301,15.2
11.511504178406776,15.2
11.571674967632385,15.2
11.632160270393321,15.2
11.692961730656117,15.2
11.75408100098034,15.3
11.815519742563518,15.3
11.87727962528627,15.3
11.939362327757706,15.3
12.001769537361062,15.3
12.064502950299536,15.3
12.127564271642404,15.3
12.190955215371359,15.3
12.254677504427118,15.3
12.318732870756214,15.3
12.383123055358094,15.3
12.447849808332432,15.3
12.5129148889267,15.3
12.578320065583968,15.3
12.644067115991009,15.3
12.710157827126565,15.3
12.776593995309947,15.3
12.843377426249843,15.3
12.910509935093431,15.3
12.977993346475664,15.3
13.045829494568892,15.3
13.11402022313271,15.3
13.182567385564074,15.3
13.251472844947658,15.3
13.320738474106527,15.3
13.390366155653,15.3
13.460357782039841,15.3
13.530715255611682,15.3
13.601440488656761,15.3
13.672535403458848,15.3
13.744001932349526,15.3
13.815842017760701,15.3
13.888057612277397,15.3
13.960650678690818,15.3
14.033623190051728,15.3
14.10697712972403,15.3
14.180714491438705,15.3
14.25483727934799,15.3
14.32934750807987,15.3
14.404247202792797,15.3
14.479538399230764,15.3
14.55522314377862,15.3
14.631303493517702,15.3
14.707781516281727,15.3
14.784659290713032,15.3
14.861938906319022,15.3
14.939622463528993,15.3
15.017712073751214,15.3
15.096209859430308,15.3
15.175117954104964,15.3
15.254438502465888,15.3
15.334173660414118,15.3
15.414325595119617,15.3
15.494896485080169,15.3
15.575888520180618,15.3
15.65730390175234,15.3
15.73914484263311,15.3
15.821413567227237,15.3
15.904112311566013,15.3
15.98724332336852,15.3
16.070808862102673,15.3
16.154811199046666,15.3
16.239252617350697,15.3
16.324135412099007,15.3
16.409461890372306,15.3
16.495234371310413,15.3
16.58145518617534,15.3
16.668126678414627,15.3
16.755251203725052,15.3
16.84283113011666,15.4
16.930868837977105,15.5
17.01936672013636,15.4
17.108327181931763,15.3
17.197752641273365,15.3
17.28764552870969,15.3
17.378008287493753,15.3
17.4688433736495,15.4
17.560153256038525,15.5
17.651940416427212,15.5
17.744207349554188,15.5
17.836956563198083,15.5
17.93019057824573,15.5
18.023911928760675,15.5
18.118123162052047,15.5
18.21282683874379,15.5
18.30802553284428,15.5
18.403721831816252,15.5
18.499918336647156,15.5
18.59661766191982,15.5
18.69382243588356,15.5
18.791535300525574,15.5
18.889758911642755,15.5
18.98849593891389,15.5
19.08774906597221,15.5
19.187520990478333,15.5
19.287814424193606,15.5
19.388632093053765,15.5
19.48997673724305,15.5
19.591851111268685,15.5
19.69425798403576,15.5
19.79720013892245,15.5
19.90068037385568,15.5
20.004701501387192,15.5
20.109266348769967,15.5
20.214377758035074,15.5
20.320038586068932,15.5
20.426251704690927,15.5
20.533020000731486,15.5
20.64034637611054,15.5
20.748233747916412,15.5
20.856685048485062,15.5
20.965703225479817,15.5
21.075291241971485,15.5
21.185452076518878,15.5
21.296188723249774,15.5
21.407504191942323,15.5
21.519401508106792,15.5
21.631883713067854,15.5
21.744953864047204,15.5
21.858615034246718,15.5
21.972870312931903,15.5
22.087722805515906,15.5
22.203175633643916,15.5
22.319231935278008,15.5
22.435894864782412,15.5
22.553167593009288,15.5
22.671053307384867,15.5
22.789555211996095,15.5
22.908676527677724,15.5
23.028420492099883,15.5
23.148790359856015,15.5
23.26978940255137,15.5
23.391420908891938,15.5
23.51368818477381,15.5
23.63659455337303,15.5
23.760143355235964,15.5
23.884337948370025,15.5
24.009181708334992,15.5
24.134678028334722,15.5
24.260830319309434,15.5
24.387642010028344,15.5
24.515116547182902,15.5
24.64325739548046,15.5
24.772068037738443,15.4
24.901551974979007,15.3
25.031712726524198,15.3
25.162553830091625,15.3
25.294078841890578,15.3
25.426291336718684,15.3
25.559194908059133,15.3
25.692793168178262,15.3
25.827089748223784,15.3
25.96208829832347,15.3
26.097792487684362,15.3
26.234206004692496,15.3
26.371332557013133,15.3
26.5091758716916,15.3
26.647739695254497,15.3
26.787027793811582,15.3
26.9270439531581,15.3
27.06779197887776,15.3
27.209275696446046,15.3
27.351498951334275,15.3
27.494465609114105,15.3
27.638179555562576,15.3
27.782644696767733,15.3
27.92786495923483,15.3
28.07384428999299,15.3
28.220586656702505,15.3
28.368096047762684,15.3
28.516376472420284,15.3
28.66543196087842,15.3
28.815266564406134,15.3
28.965884355448516,15.3
29.11728942773738,15.3
29.26948589640251,15.3
29.42247789808359,15.3
29.57626959104251,15.3
29.730865155276486,15.3
29.88626879263161,15.3
30.04248472691713,15.3
30.19951720402016,15.3
30.357370492021133,15.3
30.516048881309793,15.3
30.675556684701824,15.3
30.835898237556027,15.3
30.99707789789224,15.3
31.15910004650967,15.3
31.321969087106055,15.3
31.485689446397288,15.3
31.650265574237824,15.3
31.815701943741516,15.3
31.98200305140326,15.3
32.14917341722119,15.3
32.31721758481955,15.3
32.486140121572134,15.3
32.655945618726484,15.3
32.82663869152868,15.3
32.99822397934869,15.3
33.170706145806605,15.3
33.34408987889928,15.3
33.51837989112781,15.3
33.69358091962557,15.2
33.86969772628702,15.2
34.04673509789711,15.2
34.224697846261364,15.2
34.40359080833668,15.2
34.58341884636283,15.2
34.764186847994516,15.2
34.94589972643436,15.2
35.12856242056629,15.2
35.312179895089876,15.2
35.496757140655234,15.3
35.68229917399868,15.3
35.86881103807908,15.3
36.05629780221492,15.3
36.24476456222205,15.3
36.434216440552284,15.3
36.6246585864325,15.3
36.81609617600466,15.3
37.00853441246656,15.3
37.2019785262131,15.3
37.39643377497855,15.3
37.591905443979435,15.3
37.788398846058186,15.3
37.985919321827524,15.3
38.184472239815605,15.3
38.384062996612016,15.3
38.584697017014335,15.3
38.786379754175634,15.3
38.98911668975273,15.3
39.1929133340551,15.3
39.39777522619469,15.3
39.60370793423646,15.3
39.810717055349734,15.2
40.0188082159603,15.1
40.227987071903335,15.1
40.43825930857721,15.1
40.64963064109788,15.1
40.8621068144543,15.1
41.075693603664625,15.1
41.29039681393302,15.1
41.506222280807584,15.1
41.72317587033889,15.1
41.94126347923944,15.1
42.16049103504393,15.1
42.38086449627034,15.1
42.60238985258197,15.1
42.825073124950116,15.1
43.04892036581776,15.1
43.27393765926414,15.1
43.500131121170035,15.2
43.727506899384,15.2
43.956071173889484,15.2
44.18583015697281,15.2
44.416790093392,15.2
44.648957260546474,15.2
44.88233796864779,15.3
45.116938560890986,15.3
45.35276541362708,15.3
45.58982493653644,15.3
45.82812357280281,15.3
46.067667799288614,15.3
46.308464126710895,15.3
46.55051909981832,15.4
46.793839297569036,15.4
47.03843133330949,15.4
47.28430185495417,15.5
47.531457545166376,15.5
47.77990512153967,15.6
48.02965133678067,15.6
48.28070297889241,15.6
48.53306687135893,15.7
48.78674987333074,15.7
49.041758879811184,15.7
49.298100821843896,15.8
49.55578266670119,15.8
49.81481141807335,15.8
50.07519411625915,15.9
50.336937838356974,15.9
50.60004969845742,15.9
50.86453684783644,16.0
51.13040647514984,16.0
51.39766580662862,16.1
51.66632210627541,16.1
51.93638267606184,16.1
52.20785485612707,16.2
52.48074602497726,16.2
52.75506359968615,16.2
53.030815036096584,16.3
53.308007829023246,16.3
53.58664951245627,16.4
53.866747659766084,16.5
54.148309883909214,16.6
54.431343837635225,16.7
54.7158572136947,16.8
55.00185774504835,16.9
55.28935320507712,17.0
55.57835140779364,17.1
55.86886020805435,17.2
56.160887501773274,17.2
56.45444122613637,17.3
56.74952935981742,17.3
57.04615992319485,17.4
57.34434097856969,17.4
57.64408063038476,17.5
57.94538702544487,17.5
58.24826835313831,17.6
58.552732845659456,17.7
58.85878877823242,17.8
59.166444469336014,17.8
59.475708280929936,17.9
59.786588618681876,17.9
60.0990939321961,17.9
60.41323271524305,18.0
60.72901350599024,18.1
61.046444887234294,18.1
61.365535486634215,18.1
61.686293976945976,18.1
62.008729076258064,18.1
62.332849548228545,18.1
62.658664202323344,18.1
62.98618189405547,18.2
63.315411525225876,18.3
63.64636204416533,18.3
63.979042445977655,18.3
64.31346177278421,18.3
64.64962911396958,18.3
64.98755360642885,18.3
65.32724443481563,18.2
65.66871083179183,18.2
66.01196207827876,18.1
66.35700750370908,18.1
66.7038564862806,18.1
67.05251845321108,18.1
67.40300288099445,18.1
67.75531929565844,18.1
68.1094772730234,18.1
68.46548643896274,18.0
68.82335646966433,17.9
69.18309709189363,17.9
69.54471808325809,17.9
69.90822927247277,17.9
70.27364053962762,17.9
70.6409618164559,17.8
71.01020308660422,17.7
71.38137438590384,17.7
71.75448580264342,17.7
72.12954747784322,17.7
72.50656960553087,17.7
72.88556243301818,17.7
73.26653626117992,17.7
73.64950144473359,17.7
74.03446839252094,17.7
74.42144756779092,17.7
74.810449488484,17.7
75.20148472751808,17.7
75.59456391307583,17.7
75.98969772889355,17.6
76.38689691455168,17.6
76.78617226576647,17.6
77.18753463468363,17.6
77.59099493017311,17.6
77.99656411812569,17.6
78.404253221751,17.6
78.8140733218772,17.6
79.226035557252,17.6
79.64015112484554,17.6
80.05643128015467,17.5
80.47488733750892,17.5
80.89553067037787,17.5
81.31837271168051,17.5
81.74342495409579,17.5
82.170698950375,17.5
82.60020631365589,17.5
83.03195871777821,17.5
83.46596789760103,17.5
83.90224564932171,17.5
84.34080383079642,17.5
84.78165436186265,17.5
85.22480922466286,17.5
85.67028046397054,17.4
86.11808018751721,17.4
86.56822056632171,17.4
87.020713835021,17.4
87.47557229220259,17.4
87.93280830073893,17.4
88.39243428812335,17.3
88.85446274680783,17.3
89.31890623454267,17.3
89.78577737471758,17.3
90.25508885670492,17.3
90.72685343620469,17.3
91.20108393559097,17.3
91.67779324426061,17.3
92.15699431898352,17.3
92.63870018425483,17.3
93.12292393264887,17.3
93.60967872517497,17.3
94.09897779163542,17.3
94.5908344309847,17.3
95.0852620116911,17.3
95.58227397210023,17.3
96.08188382079996,17.3
96.5841051369878,17.3
97.08895157083991,17.3
97.59643684388209,17.3
98.10657474936274,17.3
98.61937915262773,17.3
99.13486399149741,17.3
99.65304327664518,17.3
100.17393109197839,17.3
100.69754159502135,17.3
101.22388901729977,17.3
101.75298766472777,17.3
102.28485191799675,17.2
102.81949623296607,17.2
103.35693514105618,17.2
103.89718324964329,17.2
104.44025524245698,17.2
104.98616587997819,17.2
105.53492999984189,17.2
106.08656251723878,17.2
106.64107842532215,17.2
107.19849279561431,17.2
107.75882077841675,17.2
108.32207760322176,17.2
108.88827857912626,17.2
109.45743909524856,17.2
110.02957462114523,17.2
110.60470070723336,17.2
111.18283298521138,17.2
111.76398716848561,17.2
112.3481790525961,17.2
112.93542451564652,17.2
113.5257395187356,17.2
114.11914010639099,17.2
114.71564240700522,17.2
115.3152626332741,17.2
115.91801708263789,17.2
116.52392213772293,17.2
117.13299426678874,17.2
117.74525002417371,17.2
118.36070605074681,17.2
118.97937907435858,17.2
119.60128591029638,17.2
120.22644346174131,17.2
120.85486872022751,17.2
121.4865787661046,17.2
122.12159076900052,17.2
122.75992198829012,17.2
123.40158977356222,17.2
124.04661156509306,17.2
124.69500489431896,17.2
125.34678738431336,17.2
126.00197675026583,17.2
126.6605907999634,17.2
127.3226474342747,17.2
127.98816464763628,17.2
128.6571605285424,17.2
129.32965326003517,17.2
130.00566112020084,17.2
130.68520248266435,17.2
131.36829581709074,17.2
132.05495968968575,17.2
132.74521276370103,17.2
133.43907379994133,17.2
134.1365616572744,17.2
134.83769529314347,17.2
135.54249376408254,17.2
136.25097622623485,17.2
136.96316193587217,17.2
137.67907024992007,17.2
138.39872062648203,17.2
139.1221326253702,17.2
139.84932590863562,17.2
140.58032024110324,17.2
141.31513549090906,17.2
142.05379163003997,17.2
142.7963087348772,17.2
143.5427069867405,17.2
144.29300667243896,17.2
145.04722818481977,17.1
145.80539202332486,17.0
146.56751879454652,16.9
147.333629212788,16.9
148.1037441006266,16.9
148.87788438947953,16.9
149.65607112017267,16.9
150.43832544351253,16.9
151.2246686208618,16.9
152.01512202471548,17.0
152.80970713928414,17.1
153.6084455610754,17.2
154.41135899948313,17.2
155.218469277376,17.2
156.02979833169113,17.2
156.8453682140304,17.2
157.66520109125955,17.2
158.48931924611142,17.2
159.3177450777899,17.2
160.15050110258113,17.2
160.9876099544629,17.2
161.82909438572216,17.2
162.67497726757185,17.2
163.52528159077312,17.2
164.38003046626017,17.2
165.23924712576837,17.2
166.1029549224657,17.2
166.97117733158728,17.2
167.8439379510743,17.2
168.72126050221348,17.2
169.60316883028446,17.2
170.48968690520502,17.2
171.38083882218535,17.2
172.27664880238083,17.2
173.17714119355136,17.2
174.08234047072295,17.2
174.99227123685273,17.2
175.9069582234984,17.2
176.82642629148881,17.2
177.75070043160196,17.2
178.67980576524164,17.2
179.61376754512278,17.2
180.55261115595593,17.2
181.49636211513797,17.2
182.44504607344558,17.2
183.39868881573247,17.2
184.35731626163007,17.2
185.3209544662519,17.2
186.28962962090262,17.2
187.26336805378796,17.2
188.24219623073301,17.2
189.2261407558986,17.2
190.21522837250714,17.2
191.20948596356752,17.2
192.20894055260666,17.2
193.21361930440384,17.2
194.22354952572874,17.2
195.2387586660848,17.2
196.25927431845295,17.2
197.28512422004457,17.2
198.31633625305224,17.2
199.35293844541056,17.2
200.39495897155572,17.2
201.4424261531923,17.2
202.4953684600627,17.2
203.55381451072122,17.2
204.6177930733116,17.2
205.6873330663489,17.2
206.76246355950653,17.2
207.84321377440395,17.2
208.92961308540407,17.2
210.02169102040844,17.2
211.11947726166272,17.2
212.22300164656127,17.2
213.33229416845913,17.2
214.447384977487,17.2
215.5683043813707,17.2
216.69508284625502,17.2
217.8277509975314,17.2
218.9663396206716,17.2
220.1108796620618,17.2
221.26140222984722,17.2
222.41793859477394,17.2
223.5805201910423,17.2
224.74917861715863,17.2
225.9239456367954,17.2
227.10485317965416,17.2
228.29193334233327,17.2
229.48521838920135,17.2
230.68474075327168,17.2
231.89053303708724,17.2
233.102628013603,17.2
234.32105862708036,17.2
235.5458579939798,17.2
236.77705940386227,17.2
238.0146963202937,17.2
239.25880238175446,17.2
240.50941140255387,17.2
241.76655737374873,17.2
243.03027446406858,17.2
244.30059702084168,17.2
245.57755957093218,17.2
246.86119682167464,17.2
248.1515436618211,17.2
249.44863516248657,17.2
250.75250657810346,17.2
252.0631933473797,17.2
253.3807310942614,17.2
254.7051556289027,17.2
256.03650294863604,17.2
257.3748092389545,17.2
258.72011087449107,17.2
260.0724444200114,17.2
261.4318466314045,17.2
262.79835445668317,17.2
264.17200503698814,17.2
265.5528357075972,17.2
266.94088399894025,17.3
268.336187637619,17.3
269.7387845474336,17.3
271.1487128504106,17.3
272.56601086784315,17.3
273.9907171213279,17.3
275.4228703338166,17.3
276.86250943066517,17.3
278.30967354069315,17.3
279.764401997247,17.3
281.2267343392687,17.3
282.6967103123723,17.3
284.1743698699204,17.3
285.65975317411466,17.3
287.152900597083,17.3
288.6538527219809,17.3
290.16265034409145,17.3
291.67933447193553,17.3
293.203946328386,17.3
294.7365273517884,17.3
296.27711919708696,17.3
297.8257637369567,17.3
299.38250306294265,17.3
300.947379486601,17.3
302.52043554065347,17.3
304.1017139801383,17.3
305.69125778357716,17.3
307.2891101541398,17.3
308.8953145208197,17.3
310.5099145396145,17.3
312.1329540947119,17.3
313.76447729968413,17.3
315.40452849868336,17.4
317.0531522676519,17.4
318.71039341552853,17.4
320.3762969854716,17.4
322.05090825607795,17.4
323.7342727426186,17.4
325.4264361982722,17.4
327.1274446153702,17.4
328.83734422664674,17.5
330.55618150649445,17.5
332.28400317222986,17.5
334.02085618535915,17.5
335.76678775285944,17.5
337.52184532845695,17.5
339.28607661392135,17.5
341.0595295603587,17.5
342.84225236951676,17.6
344.63429349509414,17.6
346.4357016440579,17.6
348.24652577796684,17.6
350.06681511430224,17.6
351.8966191278073,17.6
353.7359875518278,17.6
355.5849703796693,17.6
357.44361786595016,17.7
359.3119805279728,17.7
361.1901091470929,17.7
363.0780547701014,17.7
364.9758687106112,17.7
366.8836025504522,17.7
368.80130814107446,17.7
370.72903760495365,17.7
372.66684333701346,17.8
374.6147780060434,17.8
376.57289455613636,17.8
378.54124620812286,17.8
380.5198864610201,17.8
382.50886909348526,17.8
384.5082481652772,17.8
386.51807801872604,17.8
388.53841328020957,17.9
390.56930886163985,17.9
392.6108199619517,17.9
394.6630020686084,17.9
396.7259109591041,17.9
398.7996027024853,17.9
400.8841336608706,17.9
402.9795604909844,17.9
405.0859401456969,17.9
407.20332987557106,17.9
409.331787230421,17.9
411.4713700608718,17.9
413.6221365199375,17.9
415.78414506459575,18.0
417.95745445738237,18.0
420.1421237679842,18.0
422.33821237484636,18.0
424.5457799667861,18.0
426.76488654461485,18.1
428.9955924227691,18.1
431.23795823094935,18.1
433.49204491576995,18.1
435.7579137424112,18.1
438.0356262962907,18.1
440.3252444847303,18.1
442.62683053864555,18.1
444.9404470142319,18.1
447.2661567946673,18.1
449.60402309182115,18.1
451.9541094479714,18.2
454.3164797375345,18.2
456.6911981687959,18.3
459.0783292856624,18.3
461.4779379694089,18.3
463.89008944044906,18.3
466.31484926010245,18.3
468.7522833323791,18.3
471.20245790577025,18.3
473.6654395750488,18.5
476.14129528307956,18.6
478.630092322638,18.6
481.1318983382419,18.6
483.6467813279844,18.6
486.1748096453894,18.6
488.7160520012619,18.6
491.27057746556244,18.6
493.8384554692794,18.6
496.4197558063182,18.6
499.01454863539806,18.6
501.6229044819588,18.6
504.24489424007766,18.7
506.88058917439554,18.8
509.53006092205686,18.8
512.1933814946506,18.8
514.8706232801756,18.8
517.5618590449992,18.8
520.2671619358439,18.8
522.9866054817683,18.8
525.7202635961694,18.8
528.4682105787901,18.8
531.230521117739,18.8
534.0072702915224,18.8
536.7985335710792,18.8
539.6043868218401,18.8
542.4249063057814,18.8
545.2601686835053,18.9
548.1102510163182,19.0
550.9752307683272,19.0
553.8551858085453,19.0
556.7501944130083,19.0
559.6603352669016,19.0
562.5856874666987,19.0
565.5263305223134,19.0
568.4823443592555,19.0
571.4538093208106,19.0
574.4408061702153,19.0
577.4434160928608,19.0
580.4617206984933,19.0
583.4958020234345,19.0
586.5457425328113,19.1
589.6116251227962,19.1
592.6935331228639,19.1
595.7915502980484,19.1
598.9057608512304,19.1
602.0362494254149,19.1
605.1831011060411,19.1
608.3464014232891,19.1
611.5262363544065,19.1
614.7226923260454,19.2
617.9358562166111,19.3
621.1658153586235,19.3
624.4126575410903,19.3
627.6764710118958,19.3
630.957344480193,19.3
634.2553671188238,19.3
637.5706285667327,19.3
640.9032189314127,19.3
644.2532287913472,19.4
647.6207491984753,19.5
651.0058716806659,19.5
654.4086882442045,19.5
657.8292913762976,19.5
661.2677740475787,19.5
664.7242297146454,19.5
668.1987523225889,19.5
671.6914363075575,19.5
675.2023765993158,19.5
678.7316686238282,19.5
682.2794083058518,19.5
685.8456920715438,19.5
689.4306168510824,19.5
693.0342800813003,19.5
696.6567797083366,19.5
700.2982141902914,19.5
703.9586824999124,19.5
707.6382841272731,19.5
711.3371190824884,19.5
715.0552878984242,19.5
718.7928916334344,19.5
722.5500318741055,19.5
726.3268107380181,19.5
730.123330876526,19.5
733.9396954775374,19.5
737.7760082683312,19.5
741.6323735183645,19.5
745.508896042117,19.5
749.4056812019327,19.5
753.3228349108862,19.5
757.2604636356614,19.5
761.2186743994453,19.5
765.1975747848361,19.5
769.1972729367671,19.5
773.2178775654501,19.5
777.2594979493206,19.5
781.3222439380205,19.5
785.406225955371,19.5
789.5115550023859,19.5
793.6383426602791,19.5
797.7867010935024,19.5
801.9567430527921,19.5
806.1485818782347,19.5
810.3623315023465,19.5
814.59810645317,19.5
818.8560218573906,19.5
823.1361934434566,19.5
827.4387375447371,19.5
831.7637711026708,19.5
836.1114116699566,19.5
840.4817774137397,19.5
844.8749871188272,19.4
849.2911601909162,19.4
853.7304166598383,19.3
858.1928771828257,19.3
862.6786630477819,19.2
867.1878961765907,19.2
871.7206991284164,19.3
876.2771951030477,19.4
880.8575079442367,19.5
885.4617621430697,19.6
890.0900828413493,19.7
894.742595834996,19.7
899.4194275774676,19.8
904.1207051831946,19.8
908.8465564310401,19.9
913.5971097677627,20.0
918.3724943115215,20.0
923.1728398553701,20.1
927.998276870799,20.2
932.8489365112713,20.2
937.7249506157918,20.3
942.6264517124897,20.3
947.5535730222193,20.4
952.5064484621864,20.5
957.4852126495767,20.5
962.4900009052299,20.6
967.5209492573013,20.8
972.5781944449744,20.9
977.6618739221665,21.0
982.772125861269,21.0
987.9090891569025,21.1
993.0729034296917,21.1
998.26370903006,21.1
1003.4816470420445,21.0
1008.7268592871307,21.0
1013.9994883281055,21.0
1019.2996774729368,20.9
1024.627570778662,20.9
1029.9833130553077,20.9
1035.3670498698243,20.8
1040.778927550043,20.8
1046.219093188652,20.8
1051.687694647196,20.8
1057.1848805600926,20.8
1062.7108003386745,20.8
1068.2656041752484,20.7
1073.849443047181,20.7
1079.4624687209969,20.8
1085.104833756507,20.8
1090.7766915109553,20.8
1096.4781961431852,20.8
1102.2095026178308,20.8
1107.9707667095288,20.8
1113.7621450071517,20.9
1119.5837949180645,20.9
1125.4358746724013,21.0
1131.3185433273702,21.0
1137.231960771571,21.0
1143.1762877293438,21.0
1149.1516857651375,21.0
1155.1583172879002,21.0
1161.1963455554942,21.0
1167.2659346791324,21.0
1173.3672496278396,21.0
1179.5004562329357,21.0
1185.6657211925422,20.9
1191.8632120761172,20.9
1198.0930973290035,20.9
1204.355546277011,20.9
1210.650729131018,20.9
1216.9788169915967,20.8
1223.3399818536654,20.7
1229.7343966111616,20.5
1236.162235061742,20.4
1242.6236719115057,20.3
1249.1188827797416,20.2
1255.6480442037073,20.0
1262.2113336434193,19.9
1268.8089294864806,19.8
1275.4410110529293,19.8
1282.1077586001115,19.7
1288.8093533275808,19.7
1295.5459773820237,19.6
1302.3178138622095,19.4
1309.1250468239675,19.4
1315.967861285188,19.3
1322.8464432308563,19.3
1329.7609796180998,19.4
1336.7116583812742,19.4
1343.6986684370715,19.4
1350.7221996896535,19.3
1357.782443035813,19.2
1364.879590370164,19.2
1372.0138345903551,19.1
1379.1853696023147,19.1
1386.3943903255179,19.0
1393.6410926982915,19.0
1400.9256736831292,18.9
1408.248331272053,18.9
1415.6092644919916,18.9
1423.0086734101894,18.9
1430.4467591396458,18.9
1437.9237238445805,19.0
1445.439770745928,18.9
1452.9951041268616,18.9
1460.589929338344,18.8
1468.224452804715,18.7
1475.898882029292,18.7
1483.6134256000173,18.6
1491.3682931951248,18.5
1499.1636955888393,18.4
1506.999844657106,18.2
1514.8769533833477,18.0
1522.7952358642551,18.0
1530.754907315605,18.1
1538.7561840781082,18.1
1546.799283623296,18.1
1554.8844245594228,18.1
1563.0118266374113,18.0
1571.181710756826,17.9
1579.3942989718767,17.8
1587.649814497453,17.9
1595.9484817151922,18.0
1604.2905261795772,18.2
1612.6761746240677,18.3
1621.1056549672617,18.4
1629.5791963190893,18.3
1638.097028987047,18.4
1646.6593844824454,18.6
1655.266495526711,18.7
1663.9185960577072,18.8
1672.6159212360947,18.8
1681.3587074517213,18.8
1690.1471923300487,18.8
1698.9816147386093,18.7
1707.8622147934998,18.6
1716.789233865905,18.1
1725.7629145886658,17.6
1734.7835008628629,17.6
1743.8512378644525,17.5
1752.9663720509295,17.4
1762.1291511680254,17.3
1771.3398242564415,17.2
1780.598641658619,17.0
1789.9058550255418,16.8
1799.2617173235774,16.6
1808.6664828413498,16.4
1818.1204071966588,16.3
1827.6237473434162,16.2
1837.1767615786375,16.0
1846.7797095494598,16.0
1856.4328522602,16.1
1866.1364520794475,16.2
1875.8907727471963,16.3
1885.6960793820124,16.2
1895.552638488241,16.0
1905.4607179632462,15.9
1915.4205871047022,15.9
1925.4325166178992,15.8
1935.4967786231095,15.7
1945.6136466629825,15.6
1955.783395709978,15.6
1966.006302173841,15.5
1976.282643909114,15.5
1986.6127002226892,15.5
1996.996751881399,15.4
2007.4350811196462,15.1
2017.927971647083,14.8
2028.4757086563097,14.8
2039.078578830634,14.8
2049.736870351861,14.7
2060.4508729081267,14.6
2071.22087770177,14.5
2082.0471774572497,14.3
2092.9300664290977,14.1
2103.8698404099196,13.9
2114.8667967384304,13.7
2125.9212343075446,13.6
2137.0334535724887,13.8
2148.2037565589744,13.9
2159.4324468714053,14.0
2170.71982970113,14.0
2182.0662118347364,14.1
2193.4719016623894,14.1
2204.937209186215,14.1
2216.4624460287228,14.0
2228.0479254412767,13.7
2239.6939623126154,13.4
2251.4008731773993,13.2
2263.168976224821,13.1
2274.9985913072546,13.0
2286.890039948944,12.9
2298.843645354747,12.6
2310.8597324189163,12.4
2322.9386277339318,12.4
2335.0806595993763,12.4
2347.2861580308577,12.4
2359.5554547689862,12.4
2371.8888832883777,12.3
2384.2867788067265,12.2
2396.7494782939148,12.2
2409.2773204811715,12.2
2421.8706458702773,12.2
2434.5297967428205,12.2
2447.2551171695004,12.2
2460.0469530194778,12.2
2472.905651969775,12.2
2485.8315635147337,12.2
2498.825038975499,12.2
2511.88643150958,12.3
2525.0160961204438,12.5
2538.2143896671673,12.6
2551.481670874133,12.5
2564.8183003407817,12.4
2578.224640551411,12.2
2591.7010558850307,12.0
2605.247912625263,11.9
2618.8655789702975,12.1
2632.5544250429093,12.2
2646.314822900502,12.2
2660.14714654523,12.3
2674.051771934164,12.3
2688.029076989506,12.3
2702.079441608862,12.4
2716.20324767557,12.4
2730.400879069075,12.4
2744.6727216753675,12.4
2759.0191633974646,12.5
2773.440594165967,12.5
2787.9374059496395,12.5
2802.509992766076,12.4
2817.1587506924047,12.4
2831.8840778760564,12.4
2846.686374545581,12.4
2861.5660430215316,12.3
2876.5234877273942,12.1
2891.5591152005823,12.2
2906.6733341034837,12.3
2921.8665552345788,12.4
2937.139191539587,12.6
2952.4916581227058,12.7
2967.9243722578863,12.9
2983.4377534001765,13.0
2999.0322231971227,13.1
3014.7082055002275,13.3
3030.466126376471,13.4
3046.306414119893,13.5
3062.229499263226,13.6
3078.2358145896155,13.7
3094.325795144359,13.8
3110.4998782467446,13.9
3126.7585035019356,14.0
3143.1021128129173,14.1
3159.5311503925072,14.2
3176.0460627754296,14.2
3192.6472988304513,14.3
3209.335309772584,14.2
3226.1105491753406,14.0
3242.973472983081,13.8
3259.924539523382,13.7
3276.9642095195077,13.5
3294.0929461029286,13.4
3311.311214825911,13.3
3328.6194836741684,13.3
3346.018223079582,13.3
3363.507905932988,13.2
3381.089007597027,13.2
3398.762005919066,13.1
3416.527381244194,13.1
3434.385616428264,13.0
3452.337196851022,13.0
3470.382610429304,12.9
3488.5223476302926,12.8
3506.7569014848486,12.8
3525.0867676009134,12.7
3543.512444176976,12.7
3562.034432015617,12.6
3580.6532345371147,12.6
3599.369357793143,12.5
3618.1833104805046,12.5
3637.095603954969,12.6
3656.1067522451726,12.6
3675.2172720665826,12.6
3694.4276828355482,12.6
3713.738506683413,12.6
3733.1502684707093,12.6
3752.6634958014215,12.7
3772.2787190373247,12.8
3791.9964713124127,12.8
3811.817288547367,12.9
3831.7417094641373,13.0
3851.7702756005806,13.1
3871.9035313251793,13.2
3892.1420238518376,13.4
3912.4863032547537,13.5
3932.936922483372,13.6
3953.4944373774106,13.7
3974.1594066819653,13.8
3994.9323920627126,13.9
4015.8139581211503,14.0
4036.8046724099613,14.1
4057.9051054484326,14.1
4079.115830737964,14.1
4100.437424777656,14.1
4121.870467079975,14.0
4143.41554018651,14.0
4165.0732296838005,14.0
4186.844124219257,14.0
4208.728815517151,13.9
4230.72789839472,13.9
4252.841970778305,13.8
4275.071633719623,13.8
4297.417491412092,13.7
4319.880151207261,13.6
4342.460223631314,13.6
4365.158322401661,13.7
4387.975064443623,13.8
4410.911069907196,13.9
4433.9669621839075,14.0
4457.1433679237725,14.0
4480.4409170523,14.0
4503.860242787635,14.0
4527.40198165776,14.0
4551.0667735177985,14.2
4574.855261567406,14.3
4598.768092368251,14.3
4622.80591586159,14.3
4646.969385385929,14.3
4671.25915769478,14.3
4695.675892974527,14.2
4720.220254862348,14.1
4744.892910464259,14.1
4769.694530373255,14.1
4794.625788687525,14.1
4819.68736302878,14.1
4844.87993456067,14.0
4870.204188007296,14.0
4895.660811671819,14.0
4921.250497455168,14.0
4946.973940874864,14.0
4972.8318410838865,13.9
4998.824900889706,13.8
5024.953826773381,13.7
5051.219328908747,13.6
5077.622121181736,13.4
5104.162921209768,13.3
5130.842450361258,13.1
5157.661433775227,12.5
5184.620600380999,11.9
5211.720682918039,11.6
5238.962417955835,11.4
5266.346545913939,11.2
5293.873811082085,11.0
5321.544961640422,10.5
5349.360749679845,9.9
5377.321931222439,9.5
5405.429266242027,9.2
5433.683518684824,8.0
5462.085456490198,6.8
5490.635851611563,6.4
5519.335480037329,5.5
5548.185121812011,4.3
5577.185561057427,3.5
5606.337585994012,3.1
5635.641988962242,2.7
5665.0995664441625,2.4
5694.7111190850455,1.9
5724.477451715144,1.5
5754.399373371566,1.5
5784.477697320285,1.3
5814.713241078208,0.9
5845.10682643542,0.9
5875.659279477514,1.4
5906.371430608045,1.8
5937.244114571097,1.8
5968.278170473975,2.0
5999.4744418100045,2.4
6030.833776481469,2.6
6062.357026822636,3.0
6094.045049622959,3.4
6125.898706150321,3.9
6157.918862174471,4.3
6190.106387990547,4.8
6222.462158442733,5.3
6254.987052948034,5.7
6287.681955520183,6.2
6320.547754793659,6.6
6353.585344047851,7.0
6386.795621231329,7.2
6420.179488986247,7.4
6453.7378546729,7.8
6487.471630394349,8.5
6521.381733021235,9.2
6555.469084216698,9.9
6589.734610461422,10.4
6624.179243078815,10.7
6658.80391826033,11.0
6693.609577090902,11.2
6728.597165574533,11.4
6763.767634659991,12.1
6799.1219402666875,13.1
6834.661043310619,13.5
6870.385909730507,13.7
6906.297510514049,13.8
6942.39682172431,14.0
6978.684824526248,14.2
7015.162505213385,14.3
7051.830855234612,14.4
7088.690871221135,14.5
7125.7435550135615,14.5
7162.989913689153,14.5
7200.430959589155,14.5
7238.067710346342,14.5
7275.901188912673,14.5
7313.932423587085,14.5
7352.162448043451,14.4
7390.59230135867,14.1
7429.22302804091,13.8
7468.055678057999,13.7
7507.091306865953,13.6
7546.330975437692,13.3
7585.775750291836,13.0
7625.426703521717,12.8
7665.284912824515,12.6
7705.351461530549,12.4
7745.627438632719,12.1
7786.113938816104,11.9
7826.81206248772,11.8
7867.722915806424,11.9
7908.847610712972,11.9
7950.187264960275,11.9
7991.743002143727,12.2
8033.515951731782,12.7
8075.507249096639,12.9
8117.718035545101,13.0
8160.149458349601,13.2
8202.80267077938,13.4
8245.67883213183,13.8
8288.77910776401,14.1
8332.104669124305,14.2
8375.656693784302,14.3
8419.436365470749,14.3
8463.444874097753,14.3
8507.683415799123,14.3
8552.153192960874,14.3
8596.855414253905,14.3
8641.791294666864,14.2
8686.962055539152,13.9
8732.36892459413,13.5
8778.01313597248,13.3
8823.895930265779,13.1
8870.018554550163,12.9
8916.382262420266,12.7
8962.988314023276,12.5
9009.83797609319,12.3
9056.932521985234,12.3
9104.273231710486,12.2
9151.861391970657,12.2
9199.698296193066,12.1
9247.785244565785,12.3
9296.12354407301,12.1
9344.714508530542,11.8
9393.559458621517,11.6
9442.659721932305,11.2
9492.016632988581,10.6
9541.631533291613,10.3
9591.505771354708,8.2
9641.64070273987,6.0
9692.037690094652,5.6
9742.698103189163,4.5
9793.623318953358,3.3
9844.814721514387,2.8
9896.27370223427,2.5
9948.001659747684,2.2
10000.0,2.1
10052.270136285486,2.2
10104.813489285681,2.6
10157.6314871081,3.1
10210.725565324987,3.5
10264.09716701231,4.0
10317.747742788988,4.4
10371.678750856474,4.9
10425.891657038128,5.3
10480.387934819217,5.7
10535.16906538697,6.1
10590.236537670813,6.5
10645.591848382772,6.9
10701.236502058211,7.3
10757.172011096769,7.7
10813.399895803414,8.0
10869.921684429703,8.1
10926.73891321545,8.2
10983.85312643042,8.3
11041.265876416248,8.2
11098.978723628681,8.2
11156.993236680037,8.1
11215.310992381786,8.0
11273.933575787378,7.8
11332.862580235347,7.3
11392.099607392682,6.8
11451.646267298307,6.4
11511.504178406769,6.1
11571.674967632372,6.0
11632.16027039332,5.8
11692.961730656129,5.6
11754.08100098034,5.4
11815.519742563505,5.3
11877.27962528627,5.1
11939.362327757724,5.0
12001.76953736107,5.0
12064.50295029953,5.0
12127.56427164241,5.0
12190.95521537136,5.1
12254.677504427105,5.2
12318.732870756214,5.4
12383.123055358106,5.8
12447.849808332432,6.0
12512.914888926687,6.2
12578.320065583976,6.4
12644.067115991029,6.7
12710.157827126544,7.2
12776.593995309939,7.9
12843.377426249857,8.4
12910.50993509343,8.5
12977.99334647565,8.6
13045.829494568892,8.8
13114.020223132724,9.0
13182.567385564074,8.9
13251.472844947652,8.8
13320.738474106534,8.6
13390.366155652993,8.5
13460.35778203982,8.6
13530.715255611682,8.6
13601.440488656775,8.6
13672.535403458849,8.5
13744.001932349513,8.4
13815.842017760702,8.3
13888.057612277411,8.6
13960.650678690825,8.8
14033.62319005172,9.1
14106.977129724035,9.4
14180.714491438697,9.6
14254.837279347976,9.7
14329.347508079869,9.8
14404.247202792812,9.9
14479.538399230763,10.0
14555.223143778607,10.0
14631.303493517702,10.0
14707.78151628175,9.9
14784.65929071304,9.7
14861.938906319014,9.4
14939.622463529,9.1
15017.712073751207,8.7
15096.209859430292,8.2
15175.117954104964,7.7
15254.438502465904,7.2
15334.173660414117,6.7
15414.325595119602,6.2
15494.896485080177,5.7
15575.88852018064,5.4
15657.303901752315,5.3
15739.1448426331,5.1
15821.413567227246,5.0
15904.112311566014,4.2
15987.243323368504,3.2
16070.808862102673,2.7
16154.811199046684,1.8
16239.252617350698,1.1
16324.135412099,1.1
16409.461890372313,0.6
16495.23437131044,0.0
16581.455186175313,0.0
16668.12667841462,0.2
16755.251203725067,0.3
