10.0,20.7
10.052270136285475,20.6
10.104813489285682,20.4
10.157631487108103,20.1
10.210725565324982,20.0
10.264097167012295,19.9
10.317747742789004,19.9
10.371678750856479,20.0
10.425891657038118,20.0
10.480387934819216,20.0
10.535169065386981,20.1
10.590236537670812,20.1
10.64559184838276,20.1
10.701236502058206,20.2
10.757172011096776,20.3
10.813399895803409,20.3
10.869921684429707,20.7
10.926738913215466,21.2
10.98385312643042,21.4
11.041265876416237,21.6
11.098978723628681,21.7
11.156993236680048,21.7
11.215310992381788,21.6
11.27393357578736,21.5
11.332862580235341,21.4
11.392099607392687,21.0
11.451646267298301,20.7
11.511504178406776,20.7
11.571674967632385,20.9
11.632160270393321,21.0
11.692961730656117,21.0
11.75408100098034,21.0
11.815519742563518,21.0
11.87727962528627,21.1
11.939362327757706,21.2
12.001769537361062,21.3
12.064502950299536,21.3
12.127564271642404,21.4
12.190955215371359,21.4
12.254677504427118,21.4
12.318732870756214,21.5
12.383123055358094,21.8
12.447849808332432,22.1
12.5129148889267,22.2
12.578320065583968,22.1
12.644067115991009,22.0
12.710157827126565,21.9
12.776593995309947,21.9
12.843377426249843,21.9
12.910509935093431,21.9
12.977993346475664,21.9
13.045829494568892,21.9
13.11402022313271,21.9
13.182567385564074,21.9
13.251472844947658,21.9
13.320738474106527,21.9
13.390366155653,22.1
13.460357782039841,22.2
13.530715255611682,22.2
13.601440488656761,22.3
13.672535403458848,22.3
13.744001932349526,22.4
13.815842017760701,22.4
13.888057612277397,22.5
13.960650678690818,22.6
14.033623190051728,22.6
14.10697712972403,22.6
14.180714491438705,22.6
14.25483727934799,22.6
14.32934750807987,22.7
14.404247202792797,22.8
14.479538399230764,22.9
14.55522314377862,22.9
14.631303493517702,22.9
14.707781516281727,22.9
14.784659290713032,23.0
14.861938906319022,23.1
14.939622463528993,23.1
15.017712073751214,23.1
15.096209859430308,23.1
15.175117954104964,23.1
15.254438502465888,23.1
15.334173660414118,23.2
15.414325595119617,23.3
15.494896485080169,23.4
15.575888520180618,23.5
15.65730390175234,23.5
15.73914484263311,23.6
15.821413567227237,23.7
15.904112311566013,23.7
15.98724332336852,23.8
16.070808862102673,23.8
16.154811199046666,23.8
16.239252617350697,23.8
16.324135412099007,24.0
16.409461890372306,24.1
16.495234371310413,24.2
16.58145518617534,24.2
16.668126678414627,24.3
16.755251203725052,24.3
16.84283113011666,24.2
16.930868837977105,24.2
17.01936672013636,24.2
17.108327181931763,24.2
17.197752641273365,24.3
17.28764552870969,24.3
17.378008287493753,24.3
17.4688433736495,24.4
17.560153256038525,24.5
17.651940416427212,24.6
17.744207349554188,24.6
17.836956563198083,24.7
17.93019057824573,24.7
18.023911928760675,24.8
18.118123162052047,24.8
18.21282683874379,24.8
18.30802553284428,24.9
18.403721831816252,24.9
18.499918336647156,25.0
18.59661766191982,25.0
18.69382243588356,25.0
18.791535300525574,25.0
18.889758911642755,25.0
18.98849593891389,25.0
19.08774906597221,25.1
19.187520990478333,25.1
19.287814424193606,25.1
19.388632093053765,25.2
19.48997673724305,25.3
19.591851111268685,25.3
19.69425798403576,25.3
19.79720013892245,25.3
19.90068037385568,25.3
20.004701501387192,25.5
20.109266348769967,25.6
20.214377758035074,25.7
20.320038586068932,25.7
20.426251704690927,25.7
20.533020000731486,25.7
20.64034637611054,25.7
20.748233747916412,25.8
20.856685048485062,25.9
20.965703225479817,26.0
21.075291241971485,26.1
21.185452076518878,26.1
21.296188723249774,26.2
21.407504191942323,26.2
21.519401508106792,26.2
21.631883713067854,26.2
21.744953864047204,26.3
21.858615034246718,26.3
21.972870312931903,26.4
22.087722805515906,26.4
22.203175633643916,26.5
22.319231935278008,26.5
22.435894864782412,26.5
22.553167593009288,26.5
22.671053307384867,26.5
22.789555211996095,26.6
22.908676527677724,26.7
23.028420492099883,26.8
23.148790359856015,26.8
23.26978940255137,26.9
23.391420908891938,26.9
23.51368818477381,26.9
23.63659455337303,26.9
23.760143355235964,27.0
23.884337948370025,27.0
24.009181708334992,27.1
24.134678028334722,27.2
24.260830319309434,27.3
24.387642010028344,27.4
24.515116547182902,27.4
24.64325739548046,27.4
24.772068037738443,27.5
24.901551974979007,27.5
25.031712726524198,27.6
25.162553830091625,27.6
25.294078841890578,27.6
25.426291336718684,27.6
25.559194908059133,27.6
25.692793168178262,27.6
25.827089748223784,27.7
25.96208829832347,27.7
26.097792487684362,27.8
26.234206004692496,27.9
26.371332557013133,27.9
26.5091758716916,28.0
26.647739695254497,28.0
26.787027793811582,28.1
26.9270439531581,28.1
27.06779197887776,28.1
27.209275696446046,28.3
27.351498951334275,28.4
27.494465609114105,28.4
27.638179555562576,28.4
27.782644696767733,28.4
27.92786495923483,28.4
28.07384428999299,28.4
28.220586656702505,28.5
28.368096047762684,28.5
28.516376472420284,28.6
28.66543196087842,28.7
28.815266564406134,28.7
28.965884355448516,28.8
29.11728942773738,28.8
29.26948589640251,28.8
29.42247789808359,28.8
29.57626959104251,28.9
29.730865155276486,28.9
29.88626879263161,29.0
30.04248472691713,29.0
30.19951720402016,29.1
30.357370492021133,29.1
30.516048881309793,29.1
30.675556684701824,29.1
30.835898237556027,29.2
30.99707789789224,29.2
31.15910004650967,29.3
31.321969087106055,29.4
31.485689446397288,29.5
31.650265574237824,29.6
31.815701943741516,29.6
31.98200305140326,29.6
32.14917341722119,29.7
32.31721758481955,29.7
32.486140121572134,29.8
32.655945618726484,29.8
32.82663869152868,29.8
32.99822397934869,29.8
33.170706145806605,29.8
33.34408987889928,29.9
33.51837989112781,29.9
33.69358091962557,30.0
33.86969772628702,30.0
34.04673509789711,30.1
34.224697846261364,30.1
34.40359080833668,30.1
34.58341884636283,30.2
34.764186847994516,30.2
34.94589972643436,30.3
35.12856242056629,30.3
35.312179895089876,30.3
35.496757140655234,30.3
35.68229917399868,30.3
35.86881103807908,30.4
36.05629780221492,30.4
36.24476456222205,30.5
36.434216440552284,30.6
36.6246585864325,30.7
36.81609617600466,30.7
37.00853441246656,30.7
37.2019785262131,30.7
37.39643377497855,30.7
37.591905443979435,30.8
37.788398846058186,30.9
37.985919321827524,31.0
38.184472239815605,31.1
38.384062996612016,31.1
38.584697017014335,31.2
38.786379754175634,31.2
38.98911668975273,31.2
39.1929133340551,31.3
39.39777522619469,31.4
39.60370793423646,31.4
39.810717055349734,31.4
40.0188082159603,31.4
40.227987071903335,31.4
40.43825930857721,31.5
40.64963064109788,31.5
40.8621068144543,31.5
41.075693603664625,31.5
41.29039681393302,31.5
41.506222280807584,31.5
41.72317587033889,31.6
41.94126347923944,31.6
42.16049103504393,31.7
42.38086449627034,31.8
42.60238985258197,31.8
42.825073124950116,31.9
43.04892036581776,31.9
43.27393765926414,31.9
43.500131121170035,31.9
43.727506899384,31.9
43.956071173889484,31.9
44.18583015697281,32.0
44.416790093392,32.1
44.648957260546474,32.2
44.88233796864779,32.3
45.116938560890986,32.3
45.35276541362708,32.4
45.58982493653644,32.4
45.82812357280281,32.4
46.067667799288614,32.4
46.308464126710895,32.5
46.55051909981832,32.6
46.793839297569036,32.6
47.03843133330949,32.6
47.28430185495417,32.6
47.531457545166376,32.6
47.77990512153967,32.7
48.02965133678067,32.7
48.28070297889241,32.7
48.53306687135893,32.7
48.78674987333074,32.7
49.041758879811184,32.7
49.298100821843896,32.7
49.55578266670119,32.7
49.81481141807335,32.8
50.07519411625915,32.9
50.336937838356974,32.9
50.60004969845742,32.9
50.86453684783644,32.9
51.13040647514984,32.9
51.39766580662862,32.9
51.66632210627541,33.0
51.93638267606184,33.0
52.20785485612707,33.1
52.48074602497726,33.2
52.75506359968615,33.3
53.030815036096584,33.4
53.308007829023246,33.4
53.58664951245627,33.4
53.866747659766084,33.4
54.148309883909214,33.4
54.431343837635225,33.4
54.7158572136947,33.5
55.00185774504835,33.6
55.28935320507712,33.6
55.57835140779364,33.6
55.86886020805435,33.6
56.160887501773274,33.6
56.45444122613637,33.6
56.74952935981742,33.6
57.04615992319485,33.6
57.34434097856969,33.6
57.64408063038476,33.7
57.94538702544487,33.8
58.24826835313831,33.8
58.552732845659456,33.8
58.85878877823242,33.8
59.166444469336014,33.8
59.475708280929936,33.8
59.786588618681876,33.8
60.0990939321961,33.9
60.41323271524305,33.9
60.72901350599024,33.9
61.046444887234294,33.9
61.365535486634215,33.9
61.686293976945976,33.9
62.008729076258064,33.9
62.332849548228545,33.9
62.658664202323344,33.9
62.98618189405547,34.0
63.315411525225876,34.1
63.64636204416533,34.1
63.979042445977655,34.1
64.31346177278421,34.1
64.64962911396958,34.1
64.98755360642885,34.1
65.32724443481563,34.1
65.66871083179183,34.1
66.01196207827876,34.1
66.35700750370908,34.1
66.7038564862806,34.1
67.05251845321108,34.1
67.40300288099445,34.1
67.75531929565844,34.1
68.1094772730234,34.1
68.46548643896274,34.2
68.82335646966433,34.3
69.18309709189363,34.3
69.54471808325809,34.3
69.90822927247277,34.3
70.27364053962762,34.3
70.6409618164559,34.3
71.01020308660422,34.3
71.38137438590384,34.3
71.75448580264342,34.3
72.12954747784322,34.3
72.50656960553087,34.3
72.88556243301818,34.3
73.26653626117992,34.3
73.64950144473359,34.3
74.03446839252094,34.3
74.42144756779092,34.3
74.810449488484,34.3
75.20148472751808,34.3
75.59456391307583,34.3
75.98969772889355,34.3
76.38689691455168,34.3
76.78617226576647,34.3
77.18753463468363,34.3
77.59099493017311,34.3
77.99656411812569,34.3
78.404253221751,34.3
78.8140733218772,34.3
79.226035557252,34.3
79.64015112484554,34.3
80.05643128015467,34.3
80.47488733750892,34.3
80.89553067037787,34.3
81.31837271168051,34.3
81.74342495409579,34.3
82.170698950375,34.3
82.60020631365589,34.3
83.03195871777821,34.3
83.46596789760103,34.3
83.90224564932171,34.3
84.34080383079642,34.2
84.78165436186265,34.1
85.22480922466286,34.1
85.67028046397054,34.1
86.11808018751721,34.1
86.56822056632171,34.1
87.020713835021,34.1
87.47557229220259,34.1
87.93280830073893,34.1
88.39243428812335,34.0
88.85446274680783,34.0
89.31890623454267,33.9
89.78577737471758,33.9
90.25508885670492,33.9
90.72685343620469,33.9
91.20108393559097,33.9
91.67779324426061,33.9
92.15699431898352,33.9
92.63870018425483,33.9
93.12292393264887,33.9
93.60967872517497,33.9
94.09897779163542,33.9
94.5908344309847,33.9
95.0852620116911,33.9
95.58227397210023,33.9
96.08188382079996,33.9
96.5841051369878,33.9
97.08895157083991,33.9
97.59643684388209,33.9
98.10657474936274,33.9
98.61937915262773,33.9
99.13486399149741,33.9
99.65304327664518,33.9
100.17393109197839,33.9
100.69754159502135,33.9
101.22388901729977,33.9
101.75298766472777,33.9
102.28485191799675,33.9
102.81949623296607,33.9
103.35693514105618,33.9
103.89718324964329,33.9
104.44025524245698,33.9
104.98616587997819,33.9
105.53492999984189,33.9
106.08656251723878,33.8
106.64107842532215,33.8
107.19849279561431,33.8
107.75882077841675,33.8
108.32207760322176,33.8
108.88827857912626,33.8
109.45743909524856,33.8
110.02957462114523,33.8
110.60470070723336,33.8
111.18283298521138,33.8
111.76398716848561,33.8
112.3481790525961,33.8
112.93542451564652,33.7
113.5257395187356,33.6
114.11914010639099,33.6
114.71564240700522,33.6
115.3152626332741,33.6
115.91801708263789,33.6
116.52392213772293,33.6
117.13299426678874,33.6
117.74525002417371,33.5
118.36070605074681,33.4
118.97937907435858,33.4
119.60128591029638,33.4
120.22644346174131,33.4
120.85486872022751,33.4
121.4865787661046,33.4
122.12159076900052,33.4
122.75992198829012,33.4
123.40158977356222,33.4
124.04661156509306,33.3
124.69500489431896,33.2
125.34678738431336,33.1
126.00197675026583,33.1
126.6605907999634,33.1
127.3226474342747,33.1
127.98816464763628,33.1
128.6571605285424,33.0
129.32965326003517,33.0
130.00566112020084,32.9
130.68520248266435,32.9
131.36829581709074,32.9
132.05495968968575,32.9
132.74521276370103,32.9
133.43907379994133,32.9
134.1365616572744,32.9
134.83769529314347,32.9
135.54249376408254,32.9
136.25097622623485,32.8
136.96316193587217,32.7
137.67907024992007,32.7
138.39872062648203,32.7
139.1221326253702,32.7
139.84932590863562,32.7
140.58032024110324,32.7
141.31513549090906,32.7
142.05379163003997,32.7
142.7963087348772,32.7
143.5427069867405,32.6
144.29300667243896,32.6
145.04722818481977,32.6
145.80539202332486,32.6
146.56751879454652,32.6
147.333629212788,32.6
148.1037441006266,32.5
148.87788438947953,32.4
149.65607112017267,32.4
150.43832544351253,32.4
151.2246686208618,32.4
152.01512202471548,32.4
152.80970713928414,32.4
153.6084455610754,32.4
154.41135899948313,32.4
155.218469277376,32.4
156.02979833169113,32.3
156.8453682140304,32.2
157.66520109125955,32.2
158.48931924611142,32.2
159.3177450777899,32.2
160.15050110258113,32.2
160.9876099544629,32.1
161.82909438572216,32.0
162.67497726757185,31.9
163.52528159077312,31.9
164.38003046626017,31.9
165.23924712576837,31.9
166.1029549224657,31.8
166.97117733158728,31.7
167.8439379510743,31.7
168.72126050221348,31.7
169.60316883028446,31.7
170.48968690520502,31.7
171.38083882218535,31.7
172.27664880238083,31.6
173.17714119355136,31.6
174.08234047072295,31.5
174.99227123685273,31.5
175.9069582234984,31.5
176.82642629148881,31.5
177.75070043160196,31.5
178.67980576524164,31.4
179.61376754512278,31.4
180.55261115595593,31.4
181.49636211513797,31.4
182.44504607344558,31.4
183.39868881573247,31.4
184.35731626163007,31.3
185.3209544662519,31.2
186.28962962090262,31.2
187.26336805378796,31.2
188.24219623073301,31.2
189.2261407558986,31.2
190.21522837250714,31.2
191.20948596356752,31.2
192.20894055260666,31.1
193.21361930440384,31.0
194.22354952572874,31.0
195.2387586660848,31.0
196.25927431845295,31.0
197.28512422004457,31.0
198.31633625305224,31.0
199.35293844541056,30.9
200.39495897155572,30.8
201.4424261531923,30.7
202.4953684600627,30.7
203.55381451072122,30.6
204.6177930733116,30.5
205.6873330663489,30.5
206.76246355950653,30.5
207.84321377440395,30.5
208.92961308540407,30.5
210.02169102040844,30.5
211.11947726166272,30.5
212.22300164656127,30.5
213.33229416845913,30.4
214.447384977487,30.3
215.5683043813707,30.3
216.69508284625502,30.3
217.8277509975314,30.3
218.9663396206716,30.3
220.1108796620618,30.2
221.26140222984722,30.1
222.41793859477394,30.1
223.5805201910423,30.1
224.74917861715863,30.1
225.9239456367954,30.1
227.10485317965416,30.1
228.29193334233327,30.1
229.48521838920135,30.1
230.68474075327168,30.1
231.89053303708724,30.0
233.102628013603,30.0
234.32105862708036,30.0
235.5458579939798,29.9
236.77705940386227,29.9
238.0146963202937,29.8
239.25880238175446,29.8
240.50941140255387,29.8
241.76655737374873,29.8
243.03027446406858,29.8
244.30059702084168,29.8
245.57755957093218,29.8
246.86119682167464,29.8
248.1515436618211,29.8
249.44863516248657,29.7
250.75250657810346,29.6
252.0631933473797,29.6
253.3807310942614,29.6
254.7051556289027,29.6
256.03650294863604,29.6
257.3748092389545,29.6
258.72011087449107,29.5
260.0724444200114,29.4
261.4318466314045,29.3
262.79835445668317,29.3
264.17200503698814,29.3
265.5528357075972,29.3
266.94088399894025,29.3
268.336187637619,29.3
269.7387845474336,29.3
271.1487128504106,29.3
272.56601086784315,29.2
273.9907171213279,29.2
275.4228703338166,29.1
276.86250943066517,29.1
278.30967354069315,29.1
279.764401997247,29.0
281.2267343392687,29.0
282.6967103123723,28.9
284.1743698699204,28.9
285.65975317411466,28.8
287.152900597083,28.8
288.6538527219809,28.7
290.16265034409145,28.6
291.67933447193553,28.5
293.203946328386,28.5
294.7365273517884,28.4
296.27711919708696,28.4
297.8257637369567,28.3
299.38250306294265,28.2
300.947379486601,28.0
302.52043554065347,27.9
304.1017139801383,27.9
305.69125778357716,27.9
307.2891101541398,27.9
308.8953145208197,27.9
310.5099145396145,27.9
312.1329540947119,27.9
313.76447729968413,27.8
315.40452849868336,27.7
317.0531522676519,27.7
318.71039341552853,27.7
320.3762969854716,27.7
322.05090825607795,27.7
323.7342727426186,27.7
325.4264361982722,27.7
327.1274446153702,27.7
328.83734422664674,27.7
330.55618150649445,27.7
332.28400317222986,27.7
334.02085618535915,27.6
335.76678775285944,27.6
337.52184532845695,27.6
339.28607661392135,27.6
341.0595295603587,27.5
342.84225236951676,27.4
344.63429349509414,27.4
346.4357016440579,27.4
348.24652577796684,27.4
350.06681511430224,27.4
351.8966191278073,27.4
353.7359875518278,27.4
355.5849703796693,27.4
357.44361786595016,27.4
359.3119805279728,27.3
361.1901091470929,27.2
363.0780547701014,27.2
364.9758687106112,27.2
366.8836025504522,27.2
368.80130814107446,27.2
370.72903760495365,27.2
372.66684333701346,27.2
374.6147780060434,27.1
376.57289455613636,27.0
378.54124620812286,26.9
380.5198864610201,26.9
382.50886909348526,26.9
384.5082481652772,26.9
386.51807801872604,26.8
388.53841328020957,26.7
390.56930886163985,26.7
392.6108199619517,26.7
394.6630020686084,26.7
396.7259109591041,26.7
398.7996027024853,26.7
400.8841336608706,26.7
402.9795604909844,26.7
405.0859401456969,26.7
407.20332987557106,26.6
409.331787230421,26.5
411.4713700608718,26.5
413.6221365199375,26.5
415.78414506459575,26.4
417.95745445738237,26.4
420.1421237679842,26.4
422.33821237484636,26.4
424.5457799667861,26.4
426.76488654461485,26.4
428.9955924227691,26.3
431.23795823094935,26.2
433.49204491576995,26.2
435.7579137424112,26.2
438.0356262962907,26.2
440.3252444847303,26.2
442.62683053864555,26.2
444.9404470142319,26.2
447.2661567946673,26.2
449.60402309182115,26.2
451.9541094479714,26.2
454.3164797375345,26.2
456.6911981687959,26.2
459.0783292856624,26.2
461.4779379694089,26.2
463.89008944044906,26.2
466.31484926010245,26.2
468.7522833323791,26.2
471.20245790577025,26.2
473.6654395750488,26.3
476.14129528307956,26.3
478.630092322638,26.4
481.1318983382419,26.4
483.6467813279844,26.4
486.1748096453894,26.4
488.7160520012619,26.4
491.27057746556244,26.5
493.8384554692794,26.5
496.4197558063182,26.6
499.01454863539806,26.6
501.6229044819588,26.7
504.24489424007766,26.8
506.88058917439554,26.8
509.53006092205686,26.9
512.1933814946506,27.0
514.8706232801756,27.1
517.5618590449992,27.2
520.2671619358439,27.3
522.9866054817683,27.3
525.7202635961694,27.4
528.4682105787901,27.5
531.230521117739,27.5
534.0072702915224,27.6
536.7985335710792,27.6
539.6043868218401,27.7
542.4249063057814,27.7
545.2601686835053,27.8
548.1102510163182,27.8
550.9752307683272,27.9
553.8551858085453,27.9
556.7501944130083,28.0
559.6603352669016,28.1
562.5856874666987,28.2
565.5263305223134,28.3
568.4823443592555,28.4
571.4538093208106,28.5
574.4408061702153,28.6
577.4434160928608,28.7
580.4617206984933,28.8
583.4958020234345,28.8
586.5457425328113,28.8
589.6116251227962,28.9
592.6935331228639,28.9
595.7915502980484,29.0
598.9057608512304,29.2
602.0362494254149,29.3
605.1831011060411,29.4
608.3464014232891,29.5
611.5262363544065,29.6
614.7226923260454,29.7
617.9358562166111,29.7
621.1658153586235,29.8
624.4126575410903,29.9
627.6764710118958,29.9
630.957344480193,30.0
634.2553671188238,30.1
637.5706285667327,30.2
640.9032189314127,30.3
644.2532287913472,30.4
647.6207491984753,30.4
651.0058716806659,30.5
654.4086882442045,30.6
657.8292913762976,30.6
661.2677740475787,30.7
664.7242297146454,30.8
668.1987523225889,30.9
671.6914363075575,31.0
675.2023765993158,31.1
678.7316686238282,31.2
682.2794083058518,31.3
685.8456920715438,31.4
689.4306168510824,31.5
693.0342800813003,31.5
696.6567797083366,31.6
700.2982141902914,31.7
703.9586824999124,31.8
707.6382841272731,31.9
711.3371190824884,32.0
715.0552878984242,32.0
718.7928916334344,32.1
722.5500318741055,32.2
726.3268107380181,32.2
730.123330876526,32.2
733.9396954775374,32.3
737.7760082683312,32.3
741.6323735183645,32.4
745.508896042117,32.4
749.4056812019327,32.5
753.3228349108862,32.6
757.2604636356614,32.6
761.2186743994453,32.6
765.1975747848361,32.6
769.1972729367671,32.7
773.2178775654501,32.7
777.2594979493206,32.7
781.3222439380205,32.7
785.406225955371,32.7
789.5115550023859,32.8
793.6383426602791,32.9
797.7867010935024,32.9
801.9567430527921,32.9
806.1485818782347,32.9
810.3623315023465,32.9
814.59810645317,32.9
818.8560218573906,32.9
823.1361934434566,33.0
827.4387375447371,33.0
831.7637711026708,33.1
836.1114116699566,33.1
840.4817774137397,33.3
844.8749871188272,33.4
849.2911601909162,33.4
853.7304166598383,33.4
858.1928771828257,33.4
862.6786630477819,33.4
867.1878961765907,33.5
871.7206991284164,33.6
876.2771951030477,33.6
880.8575079442367,33.6
885.4617621430697,33.6
890.0900828413493,33.6
894.742595834996,33.6
899.4194275774676,33.6
904.1207051831946,33.6
908.8465564310401,33.7
913.5971097677627,33.8
918.3724943115215,33.8
923.1728398553701,33.8
927.998276870799,33.8
932.8489365112713,33.8
937.7249506157918,33.8
942.6264517124897,33.8
947.5535730222193,33.8
952.5064484621864,33.8
957.4852126495767,33.8
962.4900009052299,33.8
967.5209492573013,33.8
972.5781944449744,33.8
977.6618739221665,33.9
982.772125861269,33.9
987.9090891569025,33.9
993.0729034296917,33.9
998.26370903006,33.9
1003.4816470420445,33.9
1008.7268592871307,33.9
1013.9994883281055,33.9
1019.2996774729368,33.9
1024.627570778662,33.9
1029.9833130553077,33.9
1035.3670498698243,33.9
1040.778927550043,33.9
1046.219093188652,33.9
1051.687694647196,33.8
1057.1848805600926,33.8
1062.7108003386745,33.7
1068.2656041752484,33.7
1073.849443047181,33.6
1079.4624687209969,33.6
1085.104833756507,33.6
1090.7766915109553,33.6
1096.4781961431852,33.5
1102.2095026178308,33.5
1107.9707667095288,33.4
1113.7621450071517,33.4
1119.5837949180645,33.3
1125.4358746724013,33.1
1131.3185433273702,32.9
1137.231960771571,32.8
1143.1762877293438,32.7
1149.1516857651375,32.7
1155.1583172879002,32.6
1161.1963455554942,32.5
1167.2659346791324,32.3
1173.3672496278396,32.2
1179.5004562329357,32.1
1185.6657211925422,32.0
1191.8632120761172,31.9
1198.0930973290035,31.7
1204.355546277011,31.7
1210.650729131018,31.7
1216.9788169915967,31.8
1223.3399818536654,31.9
1229.7343966111616,31.9
1236.162235061742,31.9
1242.6236719115057,31.9
1249.1188827797416,32.1
1255.6480442037073,32.2
1262.2113336434193,32.2
1268.8089294864806,32.2
1275.4410110529293,32.2
1282.1077586001115,32.2
1288.8093533275808,32.2
1295.5459773820237,32.2
1302.3178138622095,32.2
1309.1250468239675,32.2
1315.967861285188,32.1
1322.8464432308563,32.0
1329.7609796180998,31.9
1336.7116583812742,31.8
1343.6986684370715,31.8
1350.7221996896535,31.7
1357.782443035813,31.7
1364.879590370164,31.7
1372.0138345903551,31.7
1379.1853696023147,31.6
1386.3943903255179,31.6
1393.6410926982915,31.5
1400.9256736831292,31.5
1408.248331272053,31.4
1415.6092644919916,31.3
1423.0086734101894,31.2
1430.4467591396458,31.0
1437.9237238445805,30.8
1445.439770745928,30.7
1452.9951041268616,30.6
1460.589929338344,30.5
1468.224452804715,30.3
1475.898882029292,30.2
1483.6134256000173,30.2
1491.3682931951248,30.1
1499.1636955888393,30.1
1506.999844657106,30.0
1514.8769533833477,30.0
1522.7952358642551,29.9
1530.754907315605,29.9
1538.7561840781082,29.8
1546.799283623296,29.8
1554.8844245594228,29.7
1563.0118266374113,29.7
1571.181710756826,29.6
1579.3942989718767,29.5
1587.649814497453,29.4
1595.9484817151922,29.3
1604.2905261795772,29.2
1612.6761746240677,29.1
1621.1056549672617,29.0
1629.5791963190893,28.9
1638.097028987047,28.8
1646.6593844824454,28.8
1655.266495526711,28.7
1663.9185960577072,28.7
1672.6159212360947,28.6
1681.3587074517213,28.5
1690.1471923300487,28.3
1698.9816147386093,28.1
1707.8622147934998,28.0
1716.789233865905,27.9
1725.7629145886658,27.9
1734.7835008628629,27.8
1743.8512378644525,27.7
1752.9663720509295,27.6
1762.1291511680254,27.5
1771.3398242564415,27.5
1780.598641658619,27.4
1789.9058550255418,27.3
1799.2617173235774,27.1
1808.6664828413498,26.9
1818.1204071966588,26.7
1827.6237473434162,26.6
1837.1767615786375,26.5
1846.7797095494598,26.4
1856.4328522602,26.3
1866.1364520794475,26.1
1875.8907727471963,25.9
1885.6960793820124,25.8
1895.552638488241,25.7
1905.4607179632462,25.5
1915.4205871047022,25.3
1925.4325166178992,25.2
1935.4967786231095,25.1
1945.6136466629825,25.0
1955.783395709978,24.9
1966.006302173841,24.6
1976.282643909114,24.4
1986.6127002226892,24.2
1996.996751881399,24.0
2007.4350811196462,23.9
2017.927971647083,23.8
2028.4757086563097,23.8
2039.078578830634,23.8
2049.736870351861,23.8
2060.4508729081267,23.8
2071.22087770177,23.8
2082.0471774572497,23.7
2092.9300664290977,23.7
2103.8698404099196,23.6
2114.8667967384304,23.6
2125.9212343075446,23.6
2137.0334535724887,23.5
2148.2037565589744,23.5
2159.4324468714053,23.4
2170.71982970113,23.4
2182.0662118347364,23.3
2193.4719016623894,23.2
2204.937209186215,23.0
2216.4624460287228,22.9
2228.0479254412767,22.8
2239.6939623126154,22.7
2251.4008731773993,22.6
2263.168976224821,22.5
2274.9985913072546,22.3
2286.890039948944,22.1
2298.843645354747,22.0
2310.8597324189163,21.9
2322.9386277339318,21.8
2335.0806595993763,21.7
2347.2861580308577,21.6
2359.5554547689862,21.5
2371.8888832883777,21.5
2384.2867788067265,21.4
2396.7494782939148,21.3
2409.2773204811715,21.2
2421.8706458702773,20.7
2434.5297967428205,20.3
2447.2551171695004,20.2
2460.0469530194778,20.1
2472.905651969775,19.9
2485.8315635147337,19.7
2498.825038975499,19.5
2511.88643150958,19.3
2525.0160961204438,19.1
2538.2143896671673,19.0
2551.481670874133,18.9
2564.8183003407817,18.9
2578.224640551411,18.8
2591.7010558850307,18.8
2605.247912625263,18.8
2618.8655789702975,18.8
2632.5544250429093,18.8
2646.314822900502,18.8
2660.14714654523,18.8
2674.051771934164,18.8
2688.029076989506,18.8
2702.079441608862,18.8
2716.20324767557,18.8
2730.400879069075,18.8
2744.6727216753675,18.7
2759.0191633974646,18.6
2773.440594165967,18.5
2787.9374059496395,18.5
2802.509992766076,18.4
2817.1587506924047,18.4
2831.8840778760564,18.4
2846.686374545581,18.3
2861.5660430215316,18.2
2876.5234877273942,18.1
2891.5591152005823,18.0
2906.6733341034837,17.9
2921.8665552345788,17.9
2937.139191539587,18.0
2952.4916581227058,18.1
2967.9243722578863,18.1
2983.4377534001765,18.1
2999.0322231971227,18.1
3014.7082055002275,18.1
3030.466126376471,18.2
3046.306414119893,18.3
3062.229499263226,18.4
3078.2358145896155,18.5
3094.325795144359,18.5
3110.4998782467446,18.6
3126.7585035019356,18.7
3143.1021128129173,18.7
3159.5311503925072,18.8
3176.0460627754296,18.9
3192.6472988304513,19.0
3209.335309772584,19.1
3226.1105491753406,19.1
3242.973472983081,19.1
3259.924539523382,19.2
3276.9642095195077,19.3
3294.0929461029286,19.3
3311.311214825911,19.3
3328.6194836741684,19.4
3346.018223079582,19.6
3363.507905932988,19.7
3381.089007597027,19.8
3398.762005919066,19.8
3416.527381244194,19.9
3434.385616428264,19.9
3452.337196851022,20.0
3470.382610429304,20.0
3488.5223476302926,20.1
3506.7569014848486,20.1
3525.0867676009134,20.1
3543.512444176976,20.1
3562.034432015617,20.1
3580.6532345371147,20.0
3599.369357793143,19.9
3618.1833104805046,19.7
3637.095603954969,19.6
3656.1067522451726,19.5
3675.2172720665826,19.4
3694.4276828355482,19.3
3713.738506683413,19.1
3733.1502684707093,19.0
3752.6634958014215,19.0
3772.2787190373247,18.9
3791.9964713124127,18.9
3811.817288547367,18.8
3831.7417094641373,18.8
3851.7702756005806,18.8
3871.9035313251793,18.8
3892.1420238518376,18.9
3912.4863032547537,19.0
3932.936922483372,19.2
3953.4944373774106,19.5
3974.1594066819653,19.6
3994.9323920627126,19.6
4015.8139581211503,19.6
4036.8046724099613,19.5
4057.9051054484326,19.3
4079.115830737964,19.0
4100.437424777656,18.8
4121.870467079975,18.7
4143.41554018651,18.2
4165.0732296838005,17.5
4186.844124219257,17.3
4208.728815517151,17.1
4230.72789839472,16.9
4252.841970778305,16.7
4275.071633719623,16.5
4297.417491412092,16.3
4319.880151207261,16.3
4342.460223631314,16.2
4365.158322401661,16.2
4387.975064443623,16.1
4410.911069907196,16.0
4433.9669621839075,16.0
4457.1433679237725,16.0
4480.4409170523,16.2
4503.860242787635,16.2
4527.40198165776,16.2
4551.0667735177985,16.1
4574.855261567406,16.0
4598.768092368251,15.9
4622.80591586159,15.8
4646.969385385929,15.7
4671.25915769478,15.3
4695.675892974527,15.0
4720.220254862348,14.8
4744.892910464259,14.6
4769.694530373255,14.4
4794.625788687525,14.2
4819.68736302878,14.0
4844.87993456067,13.8
4870.204188007296,13.4
4895.660811671819,13.1
4921.250497455168,12.9
4946.973940874864,12.8
4972.8318410838865,12.7
4998.824900889706,12.7
5024.953826773381,12.7
5051.219328908747,12.8
5077.622121181736,12.9
5104.162921209768,13.0
5130.842450361258,13.1
5157.661433775227,13.2
5184.620600380999,13.3
5211.720682918039,13.4
5238.962417955835,13.5
5266.346545913939,13.5
5293.873811082085,13.6
5321.544961640422,13.7
5349.360749679845,13.8
5377.321931222439,13.8
5405.429266242027,13.8
5433.683518684824,13.9
5462.085456490198,13.9
5490.635851611563,13.9
5519.335480037329,13.9
5548.185121812011,13.8
5577.185561057427,13.8
5606.337585994012,13.7
5635.641988962242,13.6
5665.0995664441625,13.5
5694.7111190850455,13.4
5724.477451715144,13.3
5754.399373371566,13.4
5784.477697320285,13.5
5814.713241078208,13.5
5845.10682643542,13.6
5875.659279477514,13.6
5906.371430608045,13.7
5937.244114571097,13.7
5968.278170473975,13.8
5999.4744418100045,13.8
6030.833776481469,13.8
6062.357026822636,13.8
6094.045049622959,13.8
6125.898706150321,13.9
6157.918862174471,14.0
6190.106387990547,14.1
6222.462158442733,14.3
6254.987052948034,14.4
6287.681955520183,14.6
6320.547754793659,14.8
6353.585344047851,14.9
6386.795621231329,15.3
6420.179488986247,15.7
6453.7378546729,16.0
6487.471630394349,16.2
6521.381733021235,16.4
6555.469084216698,16.6
6589.734610461422,16.8
6624.179243078815,17.0
6658.80391826033,17.3
6693.609577090902,17.8
6728.597165574533,18.3
6763.767634659991,18.5
6799.1219402666875,18.6
6834.661043310619,18.7
6870.385909730507,18.8
6906.297510514049,18.9
6942.39682172431,19.1
6978.684824526248,19.2
7015.162505213385,19.4
7051.830855234612,19.5
7088.690871221135,19.6
7125.7435550135615,19.8
7162.989913689153,20.1
7200.430959589155,20.3
7238.067710346342,20.4
7275.901188912673,20.6
7313.932423587085,21.0
7352.162448043451,21.3
7390.59230135867,21.4
7429.22302804091,21.5
7468.055678057999,21.5
7507.091306865953,21.5
7546.330975437692,21.5
7585.775750291836,21.5
7625.426703521717,21.4
7665.284912824515,21.3
7705.351461530549,21.2
7745.627438632719,21.0
7786.113938816104,21.0
7826.81206248772,21.1
7867.722915806424,21.2
7908.847610712972,21.5
7950.187264960275,21.8
7991.743002143727,21.9
8033.515951731782,21.9
8075.507249096639,22.0
8117.718035545101,22.0
8160.149458349601,22.1
8202.80267077938,22.3
8245.67883213183,22.5
8288.77910776401,22.6
8332.104669124305,22.7
8375.656693784302,22.8
8419.436365470749,23.1
8463.444874097753,23.5
8507.683415799123,23.7
8552.153192960874,23.8
8596.855414253905,23.9
8641.791294666864,24.0
8686.962055539152,24.3
8732.36892459413,24.7
8778.01313597248,24.9
8823.895930265779,25.0
8870.018554550163,25.1
8916.382262420266,25.2
8962.988314023276,25.4
9009.83797609319,25.5
9056.932521985234,25.5
9104.273231710486,25.5
9151.861391970657,25.4
9199.698296193066,25.4
9247.785244565785,25.3
9296.12354407301,25.2
9344.714508530542,25.1
9393.559458621517,24.6
9442.659721932305,24.2
9492.016632988581,24.0
9541.631533291613,23.9
9591.505771354708,23.9
9641.64070273987,23.9
9692.037690094652,23.9
9742.698103189163,23.8
9793.623318953358,23.8
9844.814721514387,23.8
9896.27370223427,23.8
9948.001659747684,24.0
10000.0,24.5
10052.270136285486,24.7
10104.813489285681,24.8
10157.6314871081,24.8
10210.725565324987,24.8
10264.09716701231,24.8
10317.747742788988,24.8
10371.678750856474,24.8
10425.891657038128,24.7
10480.387934819217,24.6
10535.16906538697,24.4
10590.236537670813,24.3
10645.591848382772,24.2
10701.236502058211,24.1
10757.172011096769,24.0
10813.399895803414,23.8
10869.921684429703,23.6
10926.73891321545,23.5
10983.85312643042,23.3
11041.265876416248,23.1
11098.978723628681,22.9
11156.993236680037,22.4
11215.310992381786,21.8
11273.933575787378,21.4
11332.862580235347,21.0
11392.099607392682,20.7
11451.646267298307,20.4
11511.504178406769,19.9
11571.674967632372,18.6
11632.16027039332,17.6
11692.961730656129,17.5
11754.08100098034,17.3
11815.519742563505,16.9
11877.27962528627,16.3
11939.362327757724,15.8
12001.76953736107,15.3
12064.50295029953,14.9
12127.56427164241,14.4
12190.95521537136,14.0
12254.677504427105,13.7
12318.732870756214,13.3
12383.123055358106,12.7
12447.849808332432,12.1
12512.914888926687,11.8
12578.320065583976,11.6
12644.067115991029,11.7
12710.157827126544,11.9
12776.593995309939,12.2
12843.377426249857,12.4
12910.50993509343,12.9
12977.99334647565,13.4
13045.829494568892,13.6
13114.020223132724,13.7
13182.567385564074,13.9
13251.472844947652,14.2
13320.738474106534,14.6
13390.366155652993,15.3
13460.35778203982,16.0
13530.715255611682,16.1
13601.440488656775,16.4
13672.535403458849,16.8
13744.001932349513,17.2
13815.842017760702,17.5
13888.057612277411,18.2
13960.650678690825,18.8
14033.62319005172,18.9
14106.977129724035,19.1
14180.714491438697,19.4
14254.837279347976,19.6
14329.347508079869,19.8
14404.247202792812,19.9
14479.538399230763,20.0
14555.223143778607,19.9
14631.303493517702,19.8
14707.78151628175,19.7
14784.65929071304,19.6
14861.938906319014,19.5
14939.622463529,19.4
15017.712073751207,19.1
15096.209859430292,18.3
15175.117954104964,17.7
15254.438502465904,16.4
15334.173660414117,14.7
15414.325595119602,13.8
15494.896485080177,13.1
15575.88852018064,11.1
15657.303901752315,9.2
15739.1448426331,7.8
15821.413567227246,6.4
15904.112311566014,6.0
15987.243323368504,5.8
16070.808862102673,5.1
16154.811199046684,4.4
16239.252617350698,4.0
16324.135412099,3.6
16409.461890372313,3.2
16495.23437131044,2.7
16581.455186175313,2.2
16668.12667841462,1.7
16755.251203725067,0.4
