10.0,29.5
10.052270136285475,29.5
10.104813489285682,29.5
10.157631487108103,29.5
10.210725565324982,29.5
10.264097167012295,29.5
10.317747742789004,29.6
10.371678750856479,29.7
10.425891657038118,29.7
10.480387934819216,29.8
10.535169065386981,29.8
10.590236537670812,29.9
10.64559184838276,29.9
10.701236502058206,30.0
10.757172011096776,30.1
10.813399895803409,30.1
10.869921684429707,30.1
10.926738913215466,30.1
10.98385312643042,30.2
11.041265876416237,30.3
11.098978723628681,30.4
11.156993236680048,30.5
11.215310992381788,30.5
11.27393357578736,30.6
11.332862580235341,30.7
11.392099607392687,30.7
11.451646267298301,30.8
11.511504178406776,30.8
11.571674967632385,30.9
11.632160270393321,30.9
11.692961730656117,30.9
11.75408100098034,30.9
11.815519742563518,30.9
11.87727962528627,31.0
11.939362327757706,31.1
12.001769537361062,31.2
12.064502950299536,31.2
12.127564271642404,31.3
12.190955215371359,31.4
12.254677504427118,31.5
12.318732870756214,31.6
12.383123055358094,31.6
12.447849808332432,31.6
12.5129148889267,31.6
12.578320065583968,31.7
12.644067115991009,31.8
12.710157827126565,31.9
12.776593995309947,31.9
12.843377426249843,32.0
12.910509935093431,32.0
12.977993346475664,32.0
13.045829494568892,32.0
13.11402022313271,32.0
13.182567385564074,32.0
13.251472844947658,32.1
13.320738474106527,32.1
13.390366155653,32.2
13.460357782039841,32.3
13.530715255611682,32.3
13.601440488656761,32.4
13.672535403458848,32.4
13.744001932349526,32.5
13.815842017760701,32.5
13.888057612277397,32.5
13.960650678690818,32.5
14.033623190051728,32.6
14.10697712972403,32.7
14.180714491438705,32.7
14.25483727934799,32.8
14.32934750807987,32.9
14.404247202792797,33.0
14.479538399230764,33.0
14.55522314377862,33.0
14.631303493517702,33.1
14.707781516281727,33.1
14.784659290713032,33.2
14.861938906319022,33.2
14.939622463528993,33.3
15.017712073751214,33.3
15.096209859430308,33.3
15.175117954104964,33.3
15.254438502465888,33.3
15.334173660414118,33.3
15.414325595119617,33.4
15.494896485080169,33.5
15.575888520180618,33.6
15.65730390175234,33.6
15.73914484263311,33.7
15.821413567227237,33.7
15.904112311566013,33.7
15.98724332336852,33.7
16.070808862102673,33.8
16.154811199046666,33.9
16.239252617350697,34.0
16.324135412099007,34.1
16.409461890372306,34.2
16.495234371310413,34.2
16.58145518617534,34.2
16.668126678414627,34.2
16.755251203725052,34.3
16.84283113011666,34.3
16.930868837977105,34.4
17.01936672013636,34.4
17.108327181931763,34.5
17.197752641273365,34.5
17.28764552870969,34.5
17.378008287493753,34.5
17.4688433736495,34.5
17.560153256038525,34.6
17.651940416427212,34.7
17.744207349554188,34.7
17.836956563198083,34.8
17.93019057824573,34.8
18.023911928760675,34.9
18.118123162052047,34.9
18.21282683874379,34.9
18.30802553284428,34.9
18.403721831816252,35.0
18.499918336647156,35.0
18.59661766191982,35.1
18.69382243588356,35.3
18.791535300525574,35.4
18.889758911642755,35.4
18.98849593891389,35.4
19.08774906597221,35.4
19.187520990478333,35.4
19.287814424193606,35.4
19.388632093053765,35.5
19.48997673724305,35.6
19.591851111268685,35.7
19.69425798403576,35.7
19.79720013892245,35.8
19.90068037385568,35.8
20.004701501387192,35.8
20.109266348769967,35.9
20.214377758035074,35.9
20.320038586068932,35.9
20.426251704690927,35.9
20.533020000731486,35.9
20.64034637611054,35.9
20.748233747916412,36.0
20.856685048485062,36.0
20.965703225479817,36.1
21.075291241971485,36.2
21.185452076518878,36.2
21.296188723249774,36.3
21.407504191942323,36.3
21.519401508106792,36.3
21.631883713067854,36.5
21.744953864047204,36.6
21.858615034246718,36.6
21.972870312931903,36.6
22.087722805515906,36.6
22.203175633643916,36.6
22.319231935278008,36.6
22.435894864782412,36.7
22.553167593009288,36.8
22.671053307384867,36.8
22.789555211996095,36.9
22.908676527677724,37.0
23.028420492099883,37.0
23.148790359856015,37.0
23.26978940255137,37.0
23.391420908891938,37.1
23.51368818477381,37.1
23.63659455337303,37.2
23.760143355235964,37.2
23.884337948370025,37.2
24.009181708334992,37.2
24.134678028334722,37.3
24.260830319309434,37.3
24.387642010028344,37.3
24.515116547182902,37.4
24.64325739548046,37.5
24.772068037738443,37.5
24.901551974979007,37.5
25.031712726524198,37.5
25.162553830091625,37.7
25.294078841890578,37.8
25.426291336718684,37.8
25.559194908059133,37.8
25.692793168178262,37.8
25.827089748223784,37.9
25.96208829832347,37.9
26.097792487684362,38.0
26.234206004692496,38.0
26.371332557013133,38.0
26.5091758716916,38.0
26.647739695254497,38.0
26.787027793811582,38.1
26.9270439531581,38.2
27.06779197887776,38.2
27.209275696446046,38.2
27.351498951334275,38.3
27.494465609114105,38.3
27.638179555562576,38.4
27.782644696767733,38.4
27.92786495923483,38.4
28.07384428999299,38.5
28.220586656702505,38.5
28.368096047762684,38.6
28.516376472420284,38.6
28.66543196087842,38.7
28.815266564406134,38.7
28.965884355448516,38.7
29.11728942773738,38.8
29.26948589640251,38.8
29.42247789808359,38.9
29.57626959104251,38.9
29.730865155276486,39.0
29.88626879263161,39.0
30.04248472691713,39.0
30.19951720402016,39.1
30.357370492021133,39.1
30.516048881309793,39.2
30.675556684701824,39.2
30.835898237556027,39.2
30.99707789789224,39.2
31.15910004650967,39.3
31.321969087106055,39.3
31.485689446397288,39.4
31.650265574237824,39.4
31.815701943741516,39.4
31.98200305140326,39.4
32.14917341722119,39.4
32.31721758481955,39.5
32.486140121572134,39.5
32.655945618726484,39.5
32.82663869152868,39.5
32.99822397934869,39.6
33.170706145806605,39.6
33.34408987889928,39.6
33.51837989112781,39.6
33.69358091962557,39.6
33.86969772628702,39.7
34.04673509789711,39.7
34.224697846261364,39.7
34.40359080833668,39.7
34.58341884636283,39.7
34.764186847994516,39.8
34.94589972643436,39.8
35.12856242056629,39.8
35.312179895089876,39.8
35.496757140655234,39.9
35.68229917399868,39.9
35.86881103807908,39.9
36.05629780221492,39.9
36.24476456222205,39.9
36.434216440552284,40.0
36.6246585864325,40.0
36.81609617600466,40.0
37.00853441246656,40.0
37.2019785262131,40.1
37.39643377497855,40.1
37.591905443979435,40.1
37.788398846058186,40.1
37.985919321827524,40.1
38.184472239815605,40.2
38.384062996612016,40.2
38.584697017014335,40.2
38.786379754175634,40.2
38.98911668975273,40.2
39.1929133340551,40.3
39.39777522619469,40.3
39.60370793423646,40.3
39.810717055349734,40.3
40.0188082159603,40.4
40.227987071903335,40.4
40.43825930857721,40.4
40.64963064109788,40.4
40.8621068144543,40.4
41.075693603664625,40.5
41.29039681393302,40.5
41.506222280807584,40.5
41.72317587033889,40.5
41.94126347923944,40.5
42.16049103504393,40.6
42.38086449627034,40.6
42.60238985258197,40.6
42.825073124950116,40.6
43.04892036581776,40.7
43.27393765926414,40.7
43.500131121170035,40.7
43.727506899384,40.7
43.956071173889484,40.8
44.18583015697281,40.8
44.416790093392,40.8
44.648957260546474,40.9
44.88233796864779,40.9
45.116938560890986,40.9
45.35276541362708,41.0
45.58982493653644,41.0
45.82812357280281,41.0
46.067667799288614,41.0
46.308464126710895,41.1
46.55051909981832,41.1
46.793839297569036,41.1
47.03843133330949,41.2
47.28430185495417,41.2
47.531457545166376,41.2
47.77990512153967,41.2
48.02965133678067,41.2
48.28070297889241,41.3
48.53306687135893,41.3
48.78674987333074,41.3
49.041758879811184,41.3
49.298100821843896,41.4
49.55578266670119,41.4
49.81481141807335,41.4
50.07519411625915,41.5
50.336937838356974,41.5
50.60004969845742,41.5
50.86453684783644,41.5
51.13040647514984,41.6
51.39766580662862,41.6
51.66632210627541,41.6
51.93638267606184,41.6
52.20785485612707,41.6
52.48074602497726,41.6
52.75506359968615,41.6
53.030815036096584,41.6
53.308007829023246,41.6
53.58664951245627,41.6
53.866747659766084,41.7
54.148309883909214,41.7
54.431343837635225,41.7
54.7158572136947,41.7
55.00185774504835,41.7
55.28935320507712,41.7
55.57835140779364,41.8
55.86886020805435,41.8
56.160887501773274,41.8
56.45444122613637,41.8
56.74952935981742,41.8
57.04615992319485,41.8
57.34434097856969,41.9
57.64408063038476,41.9
57.94538702544487,41.9
58.24826835313831,41.9
58.552732845659456,41.9
58.85878877823242,41.9
59.166444469336014,41.9
59.475708280929936,41.9
59.786588618681876,41.9
60.0990939321961,41.9
60.41323271524305,41.9
60.72901350599024,41.9
61.046444887234294,42.0
61.365535486634215,42.1
61.686293976945976,42.1
62.008729076258064,42.1
62.332849548228545,42.1
62.658664202323344,42.1
62.98618189405547,42.1
63.315411525225876,42.1
63.64636204416533,42.1
63.979042445977655,42.1
64.31346177278421,42.1
64.64962911396958,42.1
64.98755360642885,42.1
65.32724443481563,42.1
65.66871083179183,42.1
66.01196207827876,42.1
66.35700750370908,42.1
66.7038564862806,42.1
67.05251845321108,42.1
67.40300288099445,42.1
67.75531929565844,42.1
68.1094772730234,42.1
68.46548643896274,42.1
68.82335646966433,42.1
69.18309709189363,42.1
69.54471808325809,42.1
69.90822927247277,42.1
70.27364053962762,42.1
70.6409618164559,42.1
71.01020308660422,42.1
71.38137438590384,42.1
71.75448580264342,42.1
72.12954747784322,42.1
72.50656960553087,42.1
72.88556243301818,42.1
73.26653626117992,42.1
73.64950144473359,42.1
74.03446839252094,42.1
74.42144756779092,42.1
74.810449488484,42.1
75.20148472751808,42.1
75.59456391307583,42.1
75.98969772889355,42.1
76.38689691455168,42.1
76.78617226576647,42.1
77.18753463468363,42.1
77.59099493017311,42.0
77.99656411812569,41.9
78.404253221751,41.9
78.8140733218772,41.9
79.226035557252,41.9
79.64015112484554,41.9
80.05643128015467,41.9
80.47488733750892,41.9
80.89553067037787,41.9
81.31837271168051,42.0
81.74342495409579,42.1
82.170698950375,42.1
82.60020631365589,42.1
83.03195871777821,42.1
83.46596789760103,42.1
83.90224564932171,42.1
84.34080383079642,42.1
84.78165436186265,42.1
85.22480922466286,42.1
85.67028046397054,42.2
86.11808018751721,42.2
86.56822056632171,42.3
87.020713835021,42.3
87.47557229220259,42.4
87.93280830073893,42.4
88.39243428812335,42.4
88.85446274680783,42.5
89.31890623454267,42.5
89.78577737471758,42.5
90.25508885670492,42.5
90.72685343620469,42.6
91.20108393559097,42.6
91.67779324426061,42.6
92.15699431898352,42.6
92.63870018425483,42.6
93.12292393264887,42.7
93.60967872517497,42.7
94.09897779163542,42.8
94.5908344309847,42.8
95.0852620116911,42.8
95.58227397210023,42.8
96.08188382079996,42.8
96.5841051369878,42.8
97.08895157083991,42.8
97.59643684388209,42.9
98.10657474936274,42.9
98.61937915262773,42.9
99.13486399149741,42.9
99.65304327664518,42.9
100.17393109197839,43.0
100.69754159502135,43.0
101.22388901729977,43.0
101.75298766472777,43.1
102.28485191799675,43.1
102.81949623296607,43.1
103.35693514105618,43.1
103.89718324964329,43.1
104.44025524245698,43.1
104.98616587997819,43.1
105.53492999984189,43.1
106.08656251723878,43.2
106.64107842532215,43.3
107.19849279561431,43.3
107.75882077841675,43.3
108.32207760322176,43.3
108.88827857912626,43.3
109.45743909524856,43.3
110.02957462114523,43.3
110.60470070723336,43.3
111.18283298521138,43.3
111.76398716848561,43.3
112.3481790525961,43.3
112.93542451564652,43.3
113.5257395187356,43.4
114.11914010639099,43.5
114.71564240700522,43.5
115.3152626332741,43.5
115.91801708263789,43.5
116.52392213772293,43.5
117.13299426678874,43.5
117.74525002417371,43.5
118.36070605074681,43.5
118.97937907435858,43.5
119.60128591029638,43.6
120.22644346174131,43.6
120.85486872022751,43.6
121.4865787661046,43.6
122.12159076900052,43.6
122.75992198829012,43.6
123.40158977356222,43.7
124.04661156509306,43.7
124.69500489431896,43.7
125.34678738431336,43.7
126.00197675026583,43.7
126.6605907999634,43.7
127.3226474342747,43.7
127.98816464763628,43.7
128.6571605285424,43.7
129.32965326003517,43.7
130.00566112020084,43.7
130.68520248266435,43.7
131.36829581709074,43.7
132.05495968968575,43.7
132.74521276370103,43.6
133.43907379994133,43.6
134.1365616572744,43.5
134.83769529314347,43.5
135.54249376408254,43.5
136.25097622623485,43.5
136.96316193587217,43.5
137.67907024992007,43.5
138.39872062648203,43.5
139.1221326253702,43.5
139.84932590863562,43.5
140.58032024110324,43.5
141.31513549090906,43.5
142.05379163003997,43.5
142.7963087348772,43.5
143.5427069867405,43.5
144.29300667243896,43.5
145.04722818481977,43.5
145.80539202332486,43.5
146.56751879454652,43.6
147.333629212788,43.6
148.1037441006266,43.6
148.87788438947953,43.7
149.65607112017267,43.7
150.43832544351253,43.7
151.2246686208618,43.7
152.01512202471548,43.7
152.80970713928414,43.7
153.6084455610754,43.7
154.41135899948313,43.7
155.218469277376,43.7
156.02979833169113,43.7
156.8453682140304,43.7
157.66520109125955,43.7
158.48931924611142,43.6
159.3177450777899,43.6
160.15050110258113,43.5
160.9876099544629,43.4
161.82909438572216,43.2
162.67497726757185,43.1
163.52528159077312,43.0
164.38003046626017,43.0
165.23924712576837,42.9
166.1029549224657,42.9
166.97117733158728,42.9
167.8439379510743,42.9
168.72126050221348,42.9
169.60316883028446,42.9
170.48968690520502,43.1
171.38083882218535,43.3
172.27664880238083,43.3
173.17714119355136,43.4
174.08234047072295,43.5
174.99227123685273,43.5
175.9069582234984,43.5
176.82642629148881,43.5
177.75070043160196,43.5
178.67980576524164,43.6
179.61376754512278,43.7
180.55261115595593,43.7
181.49636211513797,43.7
182.44504607344558,43.7
183.39868881573247,43.7
184.35731626163007,43.7
185.3209544662519,43.7
186.28962962090262,43.7
187.26336805378796,43.8
188.24219623073301,43.9
189.2261407558986,44.0
190.21522837250714,44.0
191.20948596356752,44.0
192.20894055260666,44.0
193.21361930440384,44.0
194.22354952572874,44.0
195.2387586660848,44.0
196.25927431845295,44.0
197.28512422004457,44.0
198.31633625305224,44.0
199.35293844541056,44.0
200.39495897155572,44.0
201.4424261531923,44.0
202.4953684600627,44.0
203.55381451072122,44.1
204.6177930733116,44.1
205.6873330663489,44.1
206.76246355950653,44.2
207.84321377440395,44.2
208.92961308540407,44.2
210.02169102040844,44.2
211.11947726166272,44.2
212.22300164656127,44.2
213.33229416845913,44.2
214.447384977487,44.2
215.5683043813707,44.2
216.69508284625502,44.2
217.8277509975314,44.2
218.9663396206716,44.2
220.1108796620618,44.2
221.26140222984722,44.2
222.41793859477394,44.2
223.5805201910423,44.2
224.74917861715863,44.2
225.9239456367954,44.2
227.10485317965416,44.2
228.29193334233327,44.3
229.48521838920135,44.4
230.68474075327168,44.4
231.89053303708724,44.4
233.102628013603,44.4
234.32105862708036,44.4
235.5458579939798,44.4
236.77705940386227,44.4
238.0146963202937,44.4
239.25880238175446,44.4
240.50941140255387,44.4
241.76655737374873,44.4
243.03027446406858,44.4
244.30059702084168,44.4
245.57755957093218,44.4
246.86119682167464,44.4
248.1515436618211,44.4
249.44863516248657,44.4
250.75250657810346,44.4
252.0631933473797,44.4
253.3807310942614,44.4
254.7051556289027,44.4
256.03650294863604,44.4
257.3748092389545,44.4
258.72011087449107,44.4
260.0724444200114,44.4
261.4318466314045,44.4
262.79835445668317,44.4
264.17200503698814,44.4
265.5528357075972,44.4
266.94088399894025,44.4
268.336187637619,44.4
269.7387845474336,44.4
271.1487128504106,44.4
272.56601086784315,44.3
273.9907171213279,44.3
275.4228703338166,44.2
276.86250943066517,44.2
278.30967354069315,44.2
279.764401997247,44.2
281.2267343392687,44.2
282.6967103123723,44.2
284.1743698699204,44.2
285.65975317411466,44.1
287.152900597083,44.0
288.6538527219809,43.9
290.16265034409145,43.8
291.67933447193553,43.7
293.203946328386,43.7
294.7365273517884,43.7
296.27711919708696,43.7
297.8257637369567,43.6
299.38250306294265,43.5
300.947379486601,43.4
302.52043554065347,43.3
304.1017139801383,43.3
305.69125778357716,43.2
307.2891101541398,43.2
308.8953145208197,43.1
310.5099145396145,43.1
312.1329540947119,43.0
313.76447729968413,43.0
315.40452849868336,42.9
317.0531522676519,42.9
318.71039341552853,42.8
320.3762969854716,42.7
322.05090825607795,42.6
323.7342727426186,42.5
325.4264361982722,42.3
327.1274446153702,42.2
328.83734422664674,42.1
330.55618150649445,42.1
332.28400317222986,42.0
334.02085618535915,42.0
335.76678775285944,41.9
337.52184532845695,41.9
339.28607661392135,41.8
341.0595295603587,41.7
342.84225236951676,41.5
344.63429349509414,41.3
346.4357016440579,41.2
348.24652577796684,41.1
350.06681511430224,41.1
351.8966191278073,41.0
353.7359875518278,40.9
355.5849703796693,40.7
357.44361786595016,40.7
359.3119805279728,40.6
361.1901091470929,40.6
363.0780547701014,40.5
364.9758687106112,40.3
366.8836025504522,40.1
368.80130814107446,39.9
370.72903760495365,39.8
372.66684333701346,39.7
374.6147780060434,39.6
376.57289455613636,39.5
378.54124620812286,39.4
380.5198864610201,39.3
382.50886909348526,39.3
384.5082481652772,39.2
386.51807801872604,39.1
388.53841328020957,38.9
390.56930886163985,38.6
392.6108199619517,38.4
394.6630020686084,38.3
396.7259109591041,38.2
398.7996027024853,38.2
400.8841336608706,38.1
402.9795604909844,38.0
405.0859401456969,37.9
407.20332987557106,37.8
409.331787230421,37.7
411.4713700608718,37.6
413.6221365199375,37.5
415.78414506459575,37.3
417.95745445738237,37.1
420.1421237679842,37.0
422.33821237484636,36.8
424.5457799667861,36.7
426.76488654461485,36.6
428.9955924227691,36.5
431.23795823094935,36.4
433.49204491576995,36.2
435.7579137424112,36.0
438.0356262962907,35.9
440.3252444847303,35.9
442.62683053864555,35.8
444.9404470142319,35.7
447.2661567946673,35.5
449.60402309182115,35.3
451.9541094479714,35.2
454.3164797375345,35.1
456.6911981687959,35.0
459.0783292856624,34.9
461.4779379694089,34.8
463.89008944044906,34.8
466.31484926010245,34.7
468.7522833323791,34.7
471.20245790577025,34.6
473.6654395750488,34.5
476.14129528307956,34.5
478.630092322638,34.5
481.1318983382419,34.4
483.6467813279844,34.3
486.1748096453894,34.2
488.7160520012619,34.1
491.27057746556244,34.0
493.8384554692794,34.0
496.4197558063182,33.9
499.01454863539806,33.9
501.6229044819588,33.8
504.24489424007766,33.8
506.88058917439554,33.7
509.53006092205686,33.7
512.1933814946506,33.6
514.8706232801756,33.6
517.5618590449992,33.5
520.2671619358439,33.4
522.9866054817683,33.3
525.7202635961694,33.2
528.4682105787901,33.1
531.230521117739,33.1
534.0072702915224,33.0
536.7985335710792,33.0
539.6043868218401,32.9
542.4249063057814,32.8
545.2601686835053,32.7
548.1102510163182,32.6
550.9752307683272,32.5
553.8551858085453,32.4
556.7501944130083,32.3
559.6603352669016,32.1
562.5856874666987,32.0
565.5263305223134,32.0
568.4823443592555,31.9
571.4538093208106,31.8
574.4408061702153,31.7
577.4434160928608,31.5
580.4617206984933,31.2
583.4958020234345,31.0
586.5457425328113,31.0
589.6116251227962,30.9
592.6935331228639,30.8
595.7915502980484,30.7
598.9057608512304,30.6
602.0362494254149,30.4
605.1831011060411,30.3
608.3464014232891,30.2
611.5262363544065,30.1
614.7226923260454,30.0
617.9358562166111,29.9
621.1658153586235,29.8
624.4126575410903,29.7
627.6764710118958,29.6
630.957344480193,29.5
634.2553671188238,29.4
637.5706285667327,29.3
640.9032189314127,29.2
644.2532287913472,29.1
647.6207491984753,29.1
651.0058716806659,29.0
654.4086882442045,28.9
657.8292913762976,28.8
661.2677740475787,28.7
664.7242297146454,28.6
668.1987523225889,28.6
671.6914363075575,28.5
675.2023765993158,28.5
678.7316686238282,28.4
682.2794083058518,28.4
685.8456920715438,28.3
689.4306168510824,28.3
693.0342800813003,28.2
696.6567797083366,28.2
700.2982141902914,28.1
703.9586824999124,28.1
707.6382841272731,28.0
711.3371190824884,28.0
715.0552878984242,28.1
718.7928916334344,28.1
722.5500318741055,28.1
726.3268107380181,28.1
730.123330876526,28.1
733.9396954775374,28.1
737.7760082683312,28.2
741.6323735183645,28.2
745.508896042117,28.3
749.4056812019327,28.3
753.3228349108862,28.4
757.2604636356614,28.5
761.2186743994453,28.6
765.1975747848361,28.7
769.1972729367671,28.8
773.2178775654501,28.8
777.2594979493206,28.9
781.3222439380205,29.0
785.406225955371,29.0
789.5115550023859,29.1
793.6383426602791,29.1
797.7867010935024,29.1
801.9567430527921,29.2
806.1485818782347,29.3
810.3623315023465,29.4
814.59810645317,29.6
818.8560218573906,29.6
823.1361934434566,29.7
827.4387375447371,29.8
831.7637711026708,29.9
836.1114116699566,30.1
840.4817774137397,30.3
844.8749871188272,30.4
849.2911601909162,30.5
853.7304166598383,30.5
858.1928771828257,30.6
862.6786630477819,30.7
867.1878961765907,30.8
871.7206991284164,31.0
876.2771951030477,31.0
880.8575079442367,31.3
885.4617621430697,31.5
890.0900828413493,31.6
894.742595834996,31.6
899.4194275774676,31.7
904.1207051831946,31.7
908.8465564310401,31.8
913.5971097677627,32.0
918.3724943115215,32.1
923.1728398553701,32.1
927.998276870799,32.2
932.8489365112713,32.2
937.7249506157918,32.5
942.6264517124897,32.7
947.5535730222193,32.8
952.5064484621864,32.9
957.4852126495767,32.9
962.4900009052299,33.0
967.5209492573013,33.1
972.5781944449744,33.2
977.6618739221665,33.3
982.772125861269,33.4
987.9090891569025,33.4
993.0729034296917,33.5
998.26370903006,33.6
1003.4816470420445,33.6
1008.7268592871307,33.7
1013.9994883281055,33.8
1019.2996774729368,33.9
1024.627570778662,34.0
1029.9833130553077,34.0
1035.3670498698243,34.0
1040.778927550043,34.0
1046.219093188652,34.0
1051.687694647196,34.0
1057.1848805600926,34.0
1062.7108003386745,33.9
1068.2656041752484,33.8
1073.849443047181,33.7
1079.4624687209969,33.6
1085.104833756507,33.5
1090.7766915109553,33.3
1096.4781961431852,33.2
1102.2095026178308,33.1
1107.9707667095288,33.0
1113.7621450071517,32.9
1119.5837949180645,32.8
1125.4358746724013,32.5
1131.3185433273702,32.2
1137.231960771571,32.0
1143.1762877293438,31.9
1149.1516857651375,31.8
1155.1583172879002,31.7
1161.1963455554942,31.5
1167.2659346791324,31.1
1173.3672496278396,30.8
1179.5004562329357,30.7
1185.6657211925422,30.7
1191.8632120761172,30.6
1198.0930973290035,30.6
1204.355546277011,30.6
1210.650729131018,30.6
1216.9788169915967,30.7
1223.3399818536654,30.7
1229.7343966111616,30.8
1236.162235061742,30.8
1242.6236719115057,30.9
1249.1188827797416,31.0
1255.6480442037073,31.1
1262.2113336434193,31.2
1268.8089294864806,31.3
1275.4410110529293,31.4
1282.1077586001115,31.5
1288.8093533275808,31.6
1295.5459773820237,31.7
1302.3178138622095,31.7
1309.1250468239675,31.8
1315.967861285188,31.9
1322.8464432308563,31.9
1329.7609796180998,32.0
1336.7116583812742,32.0
1343.6986684370715,32.0
1350.7221996896535,32.0
1357.782443035813,32.0
1364.879590370164,31.9
1372.0138345903551,31.8
1379.1853696023147,31.7
1386.3943903255179,31.7
1393.6410926982915,31.6
1400.9256736831292,31.6
1408.248331272053,31.6
1415.6092644919916,31.6
1423.0086734101894,31.7
1430.4467591396458,31.8
1437.9237238445805,32.1
1445.439770745928,32.3
1452.9951041268616,32.5
1460.589929338344,32.7
1468.224452804715,32.9
1475.898882029292,33.0
1483.6134256000173,33.1
1491.3682931951248,33.4
1499.1636955888393,33.7
1506.999844657106,33.9
1514.8769533833477,34.0
1522.7952358642551,34.1
1530.754907315605,34.2
1538.7561840781082,34.3
1546.799283623296,34.4
1554.8844245594228,34.5
1563.0118266374113,34.6
1571.181710756826,34.8
1579.3942989718767,34.9
1587.649814497453,35.1
1595.9484817151922,35.2
1604.2905261795772,35.4
1612.6761746240677,35.5
1621.1056549672617,35.6
1629.5791963190893,35.7
1638.097028987047,35.7
1646.6593844824454,35.8
1655.266495526711,35.8
1663.9185960577072,35.8
1672.6159212360947,35.8
1681.3587074517213,35.8
1690.1471923300487,35.8
1698.9816147386093,35.7
1707.8622147934998,35.7
1716.789233865905,35.6
1725.7629145886658,35.5
1734.7835008628629,35.5
1743.8512378644525,35.3
1752.9663720509295,35.1
1762.1291511680254,34.9
1771.3398242564415,34.7
1780.598641658619,34.5
1789.9058550255418,34.4
1799.2617173235774,34.3
1808.6664828413498,34.2
1818.1204071966588,34.1
1827.6237473434162,34.0
1837.1767615786375,33.8
1846.7797095494598,33.6
1856.4328522602,33.4
1866.1364520794475,33.2
1875.8907727471963,33.1
1885.6960793820124,33.0
1895.552638488241,32.9
1905.4607179632462,32.8
1915.4205871047022,32.6
1925.4325166178992,32.4
1935.4967786231095,32.2
1945.6136466629825,32.1
1955.783395709978,32.0
1966.006302173841,31.9
1976.282643909114,31.8
1986.6127002226892,31.7
1996.996751881399,31.6
2007.4350811196462,31.5
2017.927971647083,31.5
2028.4757086563097,31.4
2039.078578830634,31.3
2049.736870351861,31.2
2060.4508729081267,31.1
2071.22087770177,31.1
2082.0471774572497,31.1
2092.9300664290977,31.1
2103.8698404099196,31.1
2114.8667967384304,31.0
2125.9212343075446,30.9
2137.0334535724887,30.9
2148.2037565589744,30.9
2159.4324468714053,30.9
2170.71982970113,30.9
2182.0662118347364,30.8
2193.4719016623894,30.8
2204.937209186215,30.7
2216.4624460287228,30.7
2228.0479254412767,30.6
2239.6939623126154,30.6
2251.4008731773993,30.5
2263.168976224821,30.4
2274.9985913072546,30.3
2286.890039948944,30.2
2298.843645354747,30.2
2310.8597324189163,30.1
2322.9386277339318,30.0
2335.0806595993763,29.9
2347.2861580308577,29.8
2359.5554547689862,29.8
2371.8888832883777,29.7
2384.2867788067265,29.7
2396.7494782939148,29.6
2409.2773204811715,29.6
2421.8706458702773,29.5
2434.5297967428205,29.4
2447.2551171695004,29.4
2460.0469530194778,29.4
2472.905651969775,29.4
2485.8315635147337,29.3
2498.825038975499,29.3
2511.88643150958,29.2
2525.0160961204438,29.2
2538.2143896671673,29.2
2551.481670874133,29.2
2564.8183003407817,29.2
2578.224640551411,29.2
2591.7010558850307,29.2
2605.247912625263,29.1
2618.8655789702975,29.1
2632.5544250429093,29.0
2646.314822900502,29.0
2660.14714654523,28.9
2674.051771934164,28.8
2688.029076989506,28.7
2702.079441608862,28.7
2716.20324767557,28.7
2730.400879069075,28.7
2744.6727216753675,28.6
2759.0191633974646,28.5
2773.440594165967,28.4
2787.9374059496395,28.3
2802.509992766076,28.3
2817.1587506924047,28.2
2831.8840778760564,28.1
2846.686374545581,28.0
2861.5660430215316,27.9
2876.5234877273942,27.8
2891.5591152005823,27.7
2906.6733341034837,27.6
2921.8665552345788,27.5
2937.139191539587,27.4
2952.4916581227058,27.3
2967.9243722578863,27.2
2983.4377534001765,27.2
2999.0322231971227,27.1
3014.7082055002275,27.1
3030.466126376471,27.1
3046.306414119893,27.0
3062.229499263226,27.0
3078.2358145896155,26.9
3094.325795144359,26.8
3110.4998782467446,26.7
3126.7585035019356,26.6
3143.1021128129173,26.4
3159.5311503925072,26.3
3176.0460627754296,26.2
3192.6472988304513,26.1
3209.335309772584,26.0
3226.1105491753406,25.9
3242.973472983081,25.7
3259.924539523382,25.6
3276.9642095195077,25.5
3294.0929461029286,25.5
3311.311214825911,25.4
3328.6194836741684,25.4
3346.018223079582,25.4
3363.507905932988,25.4
3381.089007597027,25.4
3398.762005919066,25.4
3416.527381244194,25.5
3434.385616428264,25.5
3452.337196851022,25.6
3470.382610429304,25.7
3488.5223476302926,25.8
3506.7569014848486,25.8
3525.0867676009134,25.8
3543.512444176976,25.9
3562.034432015617,25.9
3580.6532345371147,25.9
3599.369357793143,25.9
3618.1833104805046,25.9
3637.095603954969,25.8
3656.1067522451726,25.7
3675.2172720665826,25.8
3694.4276828355482,25.8
3713.738506683413,25.8
3733.1502684707093,25.9
3752.6634958014215,25.9
3772.2787190373247,25.9
3791.9964713124127,25.9
3811.817288547367,25.9
3831.7417094641373,25.9
3851.7702756005806,25.9
3871.9035313251793,25.9
3892.1420238518376,25.9
3912.4863032547537,25.9
3932.936922483372,25.9
3953.4944373774106,25.9
3974.1594066819653,25.9
3994.9323920627126,25.8
4015.8139581211503,25.8
4036.8046724099613,25.7
4057.9051054484326,25.6
4079.115830737964,25.5
4100.437424777656,25.4
4121.870467079975,25.3
4143.41554018651,25.2
4165.0732296838005,25.0
4186.844124219257,24.8
4208.728815517151,24.6
4230.72789839472,24.4
4252.841970778305,24.3
4275.071633719623,24.2
4297.417491412092,24.2
4319.880151207261,24.1
4342.460223631314,24.1
4365.158322401661,24.1
4387.975064443623,24.1
4410.911069907196,23.9
4433.9669621839075,23.7
4457.1433679237725,23.5
4480.4409170523,23.4
4503.860242787635,23.3
4527.40198165776,23.2
4551.0667735177985,23.1
4574.855261567406,22.9
4598.768092368251,22.7
4622.80591586159,22.6
4646.969385385929,22.5
4671.25915769478,22.3
4695.675892974527,22.1
4720.220254862348,22.0
4744.892910464259,21.9
4769.694530373255,21.8
4794.625788687525,21.7
4819.68736302878,21.6
4844.87993456067,21.5
4870.204188007296,21.4
4895.660811671819,21.3
4921.250497455168,21.2
4946.973940874864,21.2
4972.8318410838865,21.1
4998.824900889706,21.1
5024.953826773381,21.1
5051.219328908747,21.1
5077.622121181736,21.1
5104.162921209768,21.1
5130.842450361258,21.1
5157.661433775227,21.1
5184.620600380999,21.2
5211.720682918039,21.3
5238.962417955835,21.3
5266.346545913939,21.5
5293.873811082085,21.8
5321.544961640422,22.0
5349.360749679845,22.1
5377.321931222439,22.2
5405.429266242027,22.3
5433.683518684824,22.4
5462.085456490198,22.7
5490.635851611563,22.9
5519.335480037329,23.0
5548.185121812011,23.1
5577.185561057427,23.2
5606.337585994012,23.4
5635.641988962242,24.1
5665.0995664441625,24.9
5694.7111190850455,25.3
5724.477451715144,25.6
5754.399373371566,25.9
5784.477697320285,26.1
5814.713241078208,26.4
5845.10682643542,26.7
5875.659279477514,27.0
5906.371430608045,27.3
5937.244114571097,27.6
5968.278170473975,28.0
5999.4744418100045,28.3
6030.833776481469,28.6
6062.357026822636,29.0
6094.045049622959,29.3
6125.898706150321,29.7
6157.918862174471,30.0
6190.106387990547,30.4
6222.462158442733,30.6
6254.987052948034,30.9
6287.681955520183,31.1
6320.547754793659,31.3
6353.585344047851,31.4
6386.795621231329,31.6
6420.179488986247,31.7
6453.7378546729,31.8
6487.471630394349,31.9
6521.381733021235,32.0
6555.469084216698,32.1
6589.734610461422,32.2
6624.179243078815,32.2
6658.80391826033,32.3
6693.609577090902,32.3
6728.597165574533,32.4
6763.767634659991,32.5
6799.1219402666875,32.4
6834.661043310619,32.3
6870.385909730507,32.3
6906.297510514049,32.3
6942.39682172431,32.3
6978.684824526248,32.2
7015.162505213385,32.1
7051.830855234612,32.1
7088.690871221135,32.0
7125.7435550135615,32.0
7162.989913689153,32.0
7200.430959589155,31.9
7238.067710346342,31.8
7275.901188912673,31.7
7313.932423587085,31.7
7352.162448043451,31.6
7390.59230135867,31.6
7429.22302804091,31.5
7468.055678057999,31.4
7507.091306865953,31.3
7546.330975437692,31.3
7585.775750291836,31.3
7625.426703521717,31.3
7665.284912824515,31.4
7705.351461530549,31.5
7745.627438632719,31.6
7786.113938816104,31.7
7826.81206248772,31.7
7867.722915806424,31.8
7908.847610712972,31.8
7950.187264960275,31.8
7991.743002143727,31.9
8033.515951731782,32.0
8075.507249096639,32.1
8117.718035545101,32.1
8160.149458349601,32.2
8202.80267077938,32.3
8245.67883213183,32.4
8288.77910776401,32.5
8332.104669124305,32.6
8375.656693784302,32.6
8419.436365470749,32.7
8463.444874097753,32.8
8507.683415799123,32.8
8552.153192960874,32.8
8596.855414253905,32.8
8641.791294666864,32.8
8686.962055539152,32.8
8732.36892459413,32.8
8778.01313597248,32.7
8823.895930265779,32.6
8870.018554550163,32.4
8916.382262420266,32.1
8962.988314023276,31.9
9009.83797609319,31.7
9056.932521985234,31.6
9104.273231710486,31.5
9151.861391970657,31.2
9199.698296193066,30.8
9247.785244565785,30.6
9296.12354407301,30.4
9344.714508530542,30.0
9393.559458621517,29.2
9442.659721932305,28.5
9492.016632988581,28.1
9541.631533291613,27.8
9591.505771354708,27.0
9641.64070273987,26.2
9692.037690094652,25.9
9742.698103189163,25.4
9793.623318953358,23.0
9844.814721514387,20.8
9896.27370223427,20.5
9948.001659747684,18.0
10000.0,15.1
10052.270136285486,15.3
10104.813489285681,16.0
10157.6314871081,16.4
10210.725565324987,16.9
10264.09716701231,17.6
10317.747742788988,18.2
10371.678750856474,18.9
10425.891657038128,19.3
10480.387934819217,19.4
10535.16906538697,19.5
10590.236537670813,19.6
10645.591848382772,19.7
10701.236502058211,19.8
10757.172011096769,19.9
10813.399895803414,19.9
10869.921684429703,19.9
10926.73891321545,19.9
10983.85312643042,19.9
11041.265876416248,19.9
11098.978723628681,19.9
11156.993236680037,19.8
11215.310992381786,19.7
11273.933575787378,19.6
11332.862580235347,19.5
11392.099607392682,19.5
11451.646267298307,19.4
11511.504178406769,19.4
11571.674967632372,19.3
11632.16027039332,19.2
11692.961730656129,19.2
11754.08100098034,19.3
11815.519742563505,19.4
11877.27962528627,19.5
11939.362327757724,19.7
12001.76953736107,19.8
12064.50295029953,20.0
12127.56427164241,20.3
12190.95521537136,20.6
12254.677504427105,20.7
12318.732870756214,20.9
12383.123055358106,21.1
12447.849808332432,21.4
12512.914888926687,21.8
12578.320065583976,22.3
12644.067115991029,22.7
12710.157827126544,23.0
12776.593995309939,23.3
12843.377426249857,23.5
12910.50993509343,23.7
12977.99334647565,23.9
13045.829494568892,24.0
13114.020223132724,23.9
13182.567385564074,23.5
13251.472844947652,22.8
13320.738474106534,22.4
13390.366155652993,22.2
13460.35778203982,22.0
13530.715255611682,21.8
13601.440488656775,21.5
13672.535403458849,21.0
13744.001932349513,20.7
13815.842017760702,20.7
13888.057612277411,20.8
13960.650678690825,20.8
14033.62319005172,20.8
14106.977129724035,20.7
14180.714491438697,20.6
14254.837279347976,20.5
14329.347508079869,20.4
14404.247202792812,20.2
14479.538399230763,19.9
14555.223143778607,19.6
14631.303493517702,18.6
14707.78151628175,17.2
14784.65929071304,15.8
14861.938906319014,14.6
14939.622463529,14.0
15017.712073751207,13.3
15096.209859430292,11.6
15175.117954104964,11.0
15254.438502465904,12.6
15334.173660414117,13.8
15414.325595119602,15.9
15494.896485080177,17.9
15575.88852018064,18.3
15657.303901752315,18.4
15739.1448426331,19.2
15821.413567227246,21.0
15904.112311566014,21.4
15987.243323368504,21.6
16070.808862102673,21.7
16154.811199046684,21.9
16239.252617350698,22.1
16324.135412099,22.3
16409.461890372313,22.6
16495.23437131044,22.9
16581.455186175313,23.0
16668.12667841462,23.0
16755.251203725067,23.0
