10.0,32.2
10.052270136285475,32.3
10.104813489285682,32.3
10.157631487108103,32.3
10.210725565324982,32.3
10.264097167012295,32.4
10.317747742789004,32.5
10.371678750856479,32.5
10.425891657038118,32.5
10.480387934819216,32.5
10.535169065386981,32.5
10.590236537670812,32.5
10.64559184838276,32.6
10.701236502058206,32.6
10.757172011096776,32.7
10.813399895803409,32.8
10.869921684429707,32.9
10.926738913215466,33.0
10.98385312643042,33.0
11.041265876416237,33.0
11.098978723628681,33.0
11.156993236680048,33.1
11.215310992381788,33.2
11.27393357578736,33.2
11.332862580235341,33.2
11.392099607392687,33.2
11.451646267298301,33.2
11.511504178406776,33.3
11.571674967632385,33.3
11.632160270393321,33.4
11.692961730656117,33.4
11.75408100098034,33.5
11.815519742563518,33.5
11.87727962528627,33.5
11.939362327757706,33.5
12.001769537361062,33.6
12.064502950299536,33.7
12.127564271642404,33.7
12.190955215371359,33.7
12.254677504427118,33.7
12.318732870756214,33.8
12.383123055358094,33.8
12.447849808332432,33.9
12.5129148889267,33.9
12.578320065583968,33.9
12.644067115991009,33.9
12.710157827126565,34.0
12.776593995309947,34.1
12.843377426249843,34.1
12.910509935093431,34.1
12.977993346475664,34.1
13.045829494568892,34.1
13.11402022313271,34.2
13.182567385564074,34.2
13.251472844947658,34.3
13.320738474106527,34.4
13.390366155653,34.4
13.460357782039841,34.5
13.530715255611682,34.6
13.601440488656761,34.6
13.672535403458848,34.7
13.744001932349526,34.8
13.815842017760701,34.8
13.888057612277397,34.8
13.960650678690818,34.8
14.033623190051728,34.8
14.10697712972403,34.8
14.180714491438705,34.8
14.25483727934799,34.8
14.32934750807987,34.9
14.404247202792797,34.9
14.479538399230764,34.9
14.55522314377862,35.0
14.631303493517702,35.1
14.707781516281727,35.1
14.784659290713032,35.1
14.861938906319022,35.1
14.939622463528993,35.1
15.017712073751214,35.1
15.096209859430308,35.2
15.175117954104964,35.3
15.254438502465888,35.3
15.334173660414118,35.3
15.414325595119617,35.3
15.494896485080169,35.4
15.575888520180618,35.5
15.65730390175234,35.6
15.73914484263311,35.6
15.821413567227237,35.6
15.904112311566013,35.6
15.98724332336852,35.7
16.070808862102673,35.7
16.154811199046666,35.8
16.239252617350697,35.8
16.324135412099007,35.8
16.409461890372306,35.8
16.495234371310413,35.9
16.58145518617534,36.0
16.668126678414627,36.0
16.755251203725052,36.0
16.84283113011666,36.0
16.930868837977105,36.1
17.01936672013636,36.1
17.108327181931763,36.1
17.197752641273365,36.1
17.28764552870969,36.1
17.378008287493753,36.1
17.4688433736495,36.2
17.560153256038525,36.3
17.651940416427212,36.3
17.744207349554188,36.3
17.836956563198083,36.3
17.93019057824573,36.3
18.023911928760675,36.4
18.118123162052047,36.5
18.21282683874379,36.5
18.30802553284428,36.5
18.403721831816252,36.5
18.499918336647156,36.5
18.59661766191982,36.5
18.69382243588356,36.5
18.791535300525574,36.5
18.889758911642755,36.7
18.98849593891389,36.8
19.08774906597221,36.8
19.187520990478333,36.8
19.287814424193606,36.8
19.388632093053765,36.8
19.48997673724305,36.8
19.591851111268685,36.9
19.69425798403576,37.0
19.79720013892245,37.0
19.90068037385568,37.0
20.004701501387192,37.0
20.109266348769967,37.0
20.214377758035074,37.0
20.320038586068932,37.1
20.426251704690927,37.2
20.533020000731486,37.2
20.64034637611054,37.2
20.748233747916412,37.2
20.856685048485062,37.2
20.965703225479817,37.2
21.075291241971485,37.2
21.185452076518878,37.2
21.296188723249774,37.3
21.407504191942323,37.3
21.519401508106792,37.3
21.631883713067854,37.3
21.744953864047204,37.3
21.858615034246718,37.3
21.972870312931903,37.3
22.087722805515906,37.3
22.203175633643916,37.3
22.319231935278008,37.4
22.435894864782412,37.4
22.553167593009288,37.5
22.671053307384867,37.5
22.789555211996095,37.5
22.908676527677724,37.5
23.028420492099883,37.5
23.148790359856015,37.5
23.26978940255137,37.5
23.391420908891938,37.6
23.51368818477381,37.7
23.63659455337303,37.7
23.760143355235964,37.7
23.884337948370025,37.7
24.009181708334992,37.7
24.134678028334722,37.9
24.260830319309434,38.0
24.387642010028344,38.0
24.515116547182902,38.0
24.64325739548046,38.0
24.772068037738443,38.0
24.901551974979007,38.0
25.031712726524198,38.0
25.162553830091625,38.1
25.294078841890578,38.2
25.426291336718684,38.2
25.559194908059133,38.2
25.692793168178262,38.2
25.827089748223784,38.2
25.96208829832347,38.2
26.097792487684362,38.2
26.234206004692496,38.2
26.371332557013133,38.2
26.5091758716916,38.2
26.647739695254497,38.3
26.787027793811582,38.4
26.9270439531581,38.4
27.06779197887776,38.4
27.209275696446046,38.4
27.351498951334275,38.4
27.494465609114105,38.4
27.638179555562576,38.4
27.782644696767733,38.4
27.92786495923483,38.4
28.07384428999299,38.4
28.220586656702505,38.4
28.368096047762684,38.4
28.516376472420284,38.4
28.66543196087842,38.4
28.815266564406134,38.4
28.965884355448516,38.4
29.11728942773738,38.5
29.26948589640251,38.5
29.42247789808359,38.5
29.57626959104251,38.5
29.730865155276486,38.5
29.88626879263161,38.5
30.04248472691713,38.5
30.19951720402016,38.5
30.357370492021133,38.5
30.516048881309793,38.5
30.675556684701824,38.5
30.835898237556027,38.5
30.99707789789224,38.5
31.15910004650967,38.5
31.321969087106055,38.5
31.485689446397288,38.5
31.650265574237824,38.6
31.815701943741516,38.7
31.98200305140326,38.7
32.14917341722119,38.7
32.31721758481955,38.7
32.486140121572134,38.7
32.655945618726484,38.7
32.82663869152868,38.7
32.99822397934869,38.7
33.170706145806605,38.7
33.34408987889928,38.7
33.51837989112781,38.7
33.69358091962557,38.7
33.86969772628702,38.7
34.04673509789711,38.7
34.224697846261364,38.7
34.40359080833668,38.7
34.58341884636283,38.7
34.764186847994516,38.7
34.94589972643436,38.7
35.12856242056629,38.7
35.312179895089876,38.7
35.496757140655234,38.8
35.68229917399868,38.9
35.86881103807908,38.9
36.05629780221492,38.9
36.24476456222205,38.9
36.434216440552284,38.9
36.6246585864325,38.9
36.81609617600466,38.9
37.00853441246656,38.9
37.2019785262131,38.9
37.39643377497855,38.9
37.591905443979435,38.9
37.788398846058186,38.9
37.985919321827524,38.9
38.184472239815605,38.9
38.384062996612016,38.9
38.584697017014335,38.9
38.786379754175634,38.9
38.98911668975273,38.9
39.1929133340551,38.9
39.39777522619469,38.9
39.60370793423646,38.9
39.810717055349734,38.9
40.0188082159603,38.9
40.227987071903335,38.9
40.43825930857721,38.9
40.64963064109788,38.9
40.8621068144543,38.9
41.075693603664625,38.9
41.29039681393302,38.9
41.506222280807584,38.9
41.72317587033889,38.9
41.94126347923944,38.9
42.16049103504393,38.9
42.38086449627034,38.9
42.60238985258197,38.9
42.825073124950116,38.9
43.04892036581776,38.9
43.27393765926414,38.9
43.500131121170035,38.9
43.727506899384,38.9
43.956071173889484,38.9
44.18583015697281,38.9
44.416790093392,38.9
44.648957260546474,38.9
44.88233796864779,38.9
45.116938560890986,38.9
45.35276541362708,38.9
45.58982493653644,38.9
45.82812357280281,38.9
46.067667799288614,38.9
46.308464126710895,38.9
46.55051909981832,38.9
46.793839297569036,38.9
47.03843133330949,38.9
47.28430185495417,38.9
47.531457545166376,38.9
47.77990512153967,38.9
48.02965133678067,38.9
48.28070297889241,38.9
48.53306687135893,38.9
48.78674987333074,38.9
49.041758879811184,38.9
49.298100821843896,38.9
49.55578266670119,38.9
49.81481141807335,38.9
50.07519411625915,38.9
50.336937838356974,38.9
50.60004969845742,38.9
50.86453684783644,38.9
51.13040647514984,38.9
51.39766580662862,38.9
51.66632210627541,38.9
51.93638267606184,38.9
52.20785485612707,38.9
52.48074602497726,38.9
52.75506359968615,38.9
53.030815036096584,38.9
53.308007829023246,38.9
53.58664951245627,38.9
53.866747659766084,38.9
54.148309883909214,38.9
54.431343837635225,38.9
54.7158572136947,38.9
55.00185774504835,38.9
55.28935320507712,38.9
55.57835140779364,38.9
55.86886020805435,38.9
56.160887501773274,38.9
56.45444122613637,38.9
56.74952935981742,38.9
57.04615992319485,38.9
57.34434097856969,38.9
57.64408063038476,38.9
57.94538702544487,38.9
58.24826835313831,38.9
58.552732845659456,38.9
58.85878877823242,38.9
59.166444469336014,38.9
59.475708280929936,38.9
59.786588618681876,38.8
60.0990939321961,38.7
60.41323271524305,38.6
60.72901350599024,38.6
61.046444887234294,38.5
61.365535486634215,38.4
61.686293976945976,38.3
62.008729076258064,38.2
62.332849548228545,38.2
62.658664202323344,38.1
62.98618189405547,38.1
63.315411525225876,38.1
63.64636204416533,38.1
63.979042445977655,38.1
64.31346177278421,38.1
64.64962911396958,38.0
64.98755360642885,38.0
65.32724443481563,38.0
65.66871083179183,37.9
66.01196207827876,37.8
66.35700750370908,37.5
66.7038564862806,37.2
67.05251845321108,37.1
67.40300288099445,37.0
67.75531929565844,36.9
68.1094772730234,36.8
68.46548643896274,36.7
68.82335646966433,36.4
69.18309709189363,36.0
69.54471808325809,35.8
69.90822927247277,35.6
70.27364053962762,35.4
70.6409618164559,35.2
71.01020308660422,34.6
71.38137438590384,34.0
71.75448580264342,33.8
72.12954747784322,33.7
72.50656960553087,33.6
72.88556243301818,33.5
73.26653626117992,33.3
73.64950144473359,33.3
74.03446839252094,33.4
74.42144756779092,33.6
74.810449488484,34.0
75.20148472751808,34.4
75.59456391307583,34.7
75.98969772889355,34.9
76.38689691455168,35.1
76.78617226576647,35.4
77.18753463468363,35.6
77.59099493017311,35.7
77.99656411812569,35.8
78.404253221751,35.9
78.8140733218772,36.1
79.226035557252,36.3
79.64015112484554,36.6
80.05643128015467,36.8
80.47488733750892,36.9
80.89553067037787,37.1
81.31837271168051,37.3
81.74342495409579,37.5
82.170698950375,37.7
82.60020631365589,37.9
83.03195871777821,37.9
83.46596789760103,38.0
83.90224564932171,38.1
84.34080383079642,38.2
84.78165436186265,38.3
85.22480922466286,38.3
85.67028046397054,38.4
86.11808018751721,38.5
86.56822056632171,38.6
87.020713835021,38.7
87.47557229220259,38.7
87.93280830073893,38.7
88.39243428812335,38.7
88.85446274680783,38.8
89.31890623454267,38.9
89.78577737471758,39.0
90.25508885670492,39.0
90.72685343620469,39.0
91.20108393559097,39.1
91.67779324426061,39.1
92.15699431898352,39.1
92.63870018425483,39.0
93.12292393264887,39.0
93.60967872517497,39.0
94.09897779163542,39.0
94.5908344309847,38.9
95.0852620116911,38.8
95.58227397210023,38.7
96.08188382079996,38.6
96.5841051369878,38.4
97.08895157083991,38.3
97.59643684388209,38.2
98.10657474936274,38.0
98.61937915262773,37.9
99.13486399149741,37.7
99.65304327664518,37.6
100.17393109197839,37.4
100.69754159502135,37.3
101.22388901729977,37.2
101.75298766472777,37.0
102.28485191799675,36.9
102.81949623296607,36.7
103.35693514105618,36.6
103.89718324964329,36.5
104.44025524245698,36.4
104.98616587997819,36.3
105.53492999984189,36.1
106.08656251723878,36.2
106.64107842532215,36.2
107.19849279561431,36.7
107.75882077841675,37.2
108.32207760322176,37.4
108.88827857912626,37.5
109.45743909524856,37.7
110.02957462114523,37.8
110.60470070723336,38.1
111.18283298521138,38.4
111.76398716848561,38.5
112.3481790525961,38.6
112.93542451564652,38.6
113.5257395187356,38.7
114.11914010639099,38.8
114.71564240700522,38.9
115.3152626332741,39.0
115.91801708263789,39.2
116.52392213772293,39.3
117.13299426678874,39.4
117.74525002417371,39.5
118.36070605074681,39.5
118.97937907435858,39.6
119.60128591029638,39.6
120.22644346174131,39.6
120.85486872022751,39.6
121.4865787661046,39.7
122.12159076900052,39.7
122.75992198829012,39.8
123.40158977356222,39.8
124.04661156509306,39.9
124.69500489431896,39.9
125.34678738431336,39.9
126.00197675026583,39.9
126.6605907999634,39.9
127.3226474342747,39.9
127.98816464763628,39.9
128.6571605285424,39.9
129.32965326003517,39.9
130.00566112020084,39.9
130.68520248266435,39.9
131.36829581709074,39.9
132.05495968968575,39.9
132.74521276370103,39.9
133.43907379994133,39.9
134.1365616572744,39.9
134.83769529314347,39.9
135.54249376408254,39.9
136.25097622623485,39.9
136.96316193587217,39.9
137.67907024992007,39.9
138.39872062648203,39.9
139.1221326253702,39.9
139.84932590863562,39.9
140.58032024110324,39.9
141.31513549090906,39.9
142.05379163003997,39.9
142.7963087348772,39.9
143.5427069867405,39.9
144.29300667243896,39.9
145.04722818481977,39.9
145.80539202332486,39.9
146.56751879454652,39.9
147.333629212788,39.9
148.1037441006266,39.9
148.87788438947953,39.9
149.65607112017267,39.9
150.43832544351253,39.9
151.2246686208618,39.8
152.01512202471548,39.8
152.80970713928414,39.7
153.6084455610754,39.7
154.41135899948313,39.6
155.218469277376,39.6
156.02979833169113,39.5
156.8453682140304,39.4
157.66520109125955,39.3
158.48931924611142,39.1
159.3177450777899,38.9
160.15050110258113,38.7
160.9876099544629,38.5
161.82909438572216,38.3
162.67497726757185,38.0
163.52528159077312,37.8
164.38003046626017,37.6
165.23924712576837,37.4
166.1029549224657,37.4
166.97117733158728,37.5
167.8439379510743,37.5
168.72126050221348,37.6
169.60316883028446,37.7
170.48968690520502,37.8
171.38083882218535,37.9
172.27664880238083,38.0
173.17714119355136,38.0
174.08234047072295,38.1
174.99227123685273,38.2
175.9069582234984,38.2
176.82642629148881,38.2
177.75070043160196,38.2
178.67980576524164,38.2
179.61376754512278,38.1
180.55261115595593,38.1
181.49636211513797,38.0
182.44504607344558,38.0
183.39868881573247,37.9
184.35731626163007,37.8
185.3209544662519,37.7
186.28962962090262,37.5
187.26336805378796,37.4
188.24219623073301,37.3
189.2261407558986,37.3
190.21522837250714,37.2
191.20948596356752,37.2
192.20894055260666,37.1
193.21361930440384,37.0
194.22354952572874,36.9
195.2387586660848,36.8
196.25927431845295,36.7
197.28512422004457,36.6
198.31633625305224,36.4
199.35293844541056,36.2
200.39495897155572,36.1
201.4424261531923,36.0
202.4953684600627,35.8
203.55381451072122,35.6
204.6177930733116,35.5
205.6873330663489,35.4
206.76246355950653,35.3
207.84321377440395,35.2
208.92961308540407,35.1
210.02169102040844,35.0
211.11947726166272,34.9
212.22300164656127,34.8
213.33229416845913,34.7
214.447384977487,34.6
215.5683043813707,34.4
216.69508284625502,34.3
217.8277509975314,34.2
218.9663396206716,34.1
220.1108796620618,34.0
221.26140222984722,33.9
222.41793859477394,33.8
223.5805201910423,33.7
224.74917861715863,33.6
225.9239456367954,33.4
227.10485317965416,33.1
228.29193334233327,32.9
229.48521838920135,32.7
230.68474075327168,32.5
231.89053303708724,32.4
233.102628013603,32.3
234.32105862708036,32.1
235.5458579939798,31.9
236.77705940386227,31.8
238.0146963202937,31.6
239.25880238175446,31.5
240.50941140255387,31.4
241.76655737374873,31.3
243.03027446406858,31.0
244.30059702084168,30.8
245.57755957093218,30.6
246.86119682167464,30.5
248.1515436618211,30.4
249.44863516248657,30.3
250.75250657810346,30.0
252.0631933473797,29.8
253.3807310942614,29.6
254.7051556289027,29.5
256.03650294863604,29.4
257.3748092389545,29.3
258.72011087449107,29.2
260.0724444200114,29.0
261.4318466314045,28.8
262.79835445668317,28.6
264.17200503698814,28.5
265.5528357075972,28.4
266.94088399894025,28.3
268.336187637619,28.0
269.7387845474336,27.8
271.1487128504106,27.6
272.56601086784315,27.4
273.9907171213279,27.3
275.4228703338166,27.3
276.86250943066517,27.2
278.30967354069315,27.2
279.764401997247,27.1
281.2267343392687,27.0
282.6967103123723,26.9
284.1743698699204,26.8
285.65975317411466,26.4
287.152900597083,26.1
288.6538527219809,26.1
290.16265034409145,26.2
291.67933447193553,26.1
293.203946328386,26.1
294.7365273517884,26.1
296.27711919708696,26.1
297.8257637369567,26.1
299.38250306294265,26.1
300.947379486601,26.0
302.52043554065347,26.0
304.1017139801383,26.0
305.69125778357716,26.0
307.2891101541398,26.0
308.8953145208197,25.9
310.5099145396145,25.8
312.1329540947119,25.8
313.76447729968413,25.8
315.40452849868336,25.8
317.0531522676519,25.8
318.71039341552853,25.8
320.3762969854716,25.8
322.05090825607795,25.8
323.7342727426186,25.8
325.4264361982722,25.8
327.1274446153702,25.8
328.83734422664674,25.8
330.55618150649445,25.8
332.28400317222986,25.8
334.02085618535915,25.8
335.76678775285944,25.8
337.52184532845695,25.8
339.28607661392135,25.8
341.0595295603587,25.8
342.84225236951676,25.9
344.63429349509414,26.0
346.4357016440579,26.0
348.24652577796684,26.0
350.06681511430224,26.0
351.8966191278073,26.0
353.7359875518278,26.0
355.5849703796693,26.1
357.44361786595016,26.1
359.3119805279728,26.1
361.1901091470929,26.1
363.0780547701014,26.1
364.9758687106112,26.1
366.8836025504522,26.1
368.80130814107446,26.2
370.72903760495365,26.2
372.66684333701346,26.3
374.6147780060434,26.4
376.57289455613636,26.4
378.54124620812286,26.5
380.5198864610201,26.6
382.50886909348526,26.7
384.5082481652772,26.8
386.51807801872604,26.9
388.53841328020957,26.9
390.56930886163985,27.0
392.6108199619517,27.0
394.6630020686084,27.0
396.7259109591041,27.1
398.7996027024853,27.2
400.8841336608706,27.2
402.9795604909844,27.2
405.0859401456969,27.3
407.20332987557106,27.3
409.331787230421,27.4
411.4713700608718,27.5
413.6221365199375,27.5
415.78414506459575,27.5
417.95745445738237,27.5
420.1421237679842,27.5
422.33821237484636,27.6
424.5457799667861,27.7
426.76488654461485,27.8
428.9955924227691,27.8
431.23795823094935,27.9
433.49204491576995,28.0
435.7579137424112,28.1
438.0356262962907,28.2
440.3252444847303,28.3
442.62683053864555,28.3
444.9404470142319,28.4
447.2661567946673,28.5
449.60402309182115,28.6
451.9541094479714,28.7
454.3164797375345,28.8
456.6911981687959,28.8
459.0783292856624,28.9
461.4779379694089,28.9
463.89008944044906,29.0
466.31484926010245,29.1
468.7522833323791,29.2
471.20245790577025,29.3
473.6654395750488,29.4
476.14129528307956,29.5
478.630092322638,29.5
481.1318983382419,29.6
483.6467813279844,29.6
486.1748096453894,29.7
488.7160520012619,29.8
491.27057746556244,29.8
493.8384554692794,29.8
496.4197558063182,29.9
499.01454863539806,29.9
501.6229044819588,29.9
504.24489424007766,29.9
506.88058917439554,30.0
509.53006092205686,30.0
512.1933814946506,30.1
514.8706232801756,30.2
517.5618590449992,30.3
520.2671619358439,30.4
522.9866054817683,30.4
525.7202635961694,30.5
528.4682105787901,30.6
531.230521117739,30.7
534.0072702915224,30.8
536.7985335710792,30.8
539.6043868218401,30.9
542.4249063057814,30.9
545.2601686835053,31.0
548.1102510163182,31.0
550.9752307683272,31.1
553.8551858085453,31.1
556.7501944130083,31.2
559.6603352669016,31.2
562.5856874666987,31.3
565.5263305223134,31.4
568.4823443592555,31.5
571.4538093208106,31.6
574.4408061702153,31.7
577.4434160928608,31.9
580.4617206984933,32.0
583.4958020234345,32.1
586.5457425328113,32.2
589.6116251227962,32.2
592.6935331228639,32.3
595.7915502980484,32.3
598.9057608512304,32.4
602.0362494254149,32.4
605.1831011060411,32.5
608.3464014232891,32.6
611.5262363544065,32.6
614.7226923260454,32.7
617.9358562166111,32.8
621.1658153586235,32.9
624.4126575410903,32.9
627.6764710118958,33.0
630.957344480193,33.1
634.2553671188238,33.2
637.5706285667327,33.3
640.9032189314127,33.3
644.2532287913472,33.4
647.6207491984753,33.4
651.0058716806659,33.5
654.4086882442045,33.5
657.8292913762976,33.6
661.2677740475787,33.6
664.7242297146454,33.7
668.1987523225889,33.8
671.6914363075575,33.9
675.2023765993158,33.9
678.7316686238282,34.0
682.2794083058518,34.0
685.8456920715438,34.1
689.4306168510824,34.1
693.0342800813003,34.1
696.6567797083366,34.2
700.2982141902914,34.3
703.9586824999124,34.4
707.6382841272731,34.4
711.3371190824884,34.5
715.0552878984242,34.5
718.7928916334344,34.5
722.5500318741055,34.5
726.3268107380181,34.5
730.123330876526,34.6
733.9396954775374,34.6
737.7760082683312,34.7
741.6323735183645,34.7
745.508896042117,34.7
749.4056812019327,34.7
753.3228349108862,34.7
757.2604636356614,34.8
761.2186743994453,34.9
765.1975747848361,34.9
769.1972729367671,34.9
773.2178775654501,34.9
777.2594979493206,34.9
781.3222439380205,35.0
785.406225955371,35.2
789.5115550023859,35.2
793.6383426602791,35.2
797.7867010935024,35.2
801.9567430527921,35.2
806.1485818782347,35.2
810.3623315023465,35.2
814.59810645317,35.2
818.8560218573906,35.2
823.1361934434566,35.2
827.4387375447371,35.3
831.7637711026708,35.3
836.1114116699566,35.4
840.4817774137397,35.4
844.8749871188272,35.4
849.2911601909162,35.5
853.7304166598383,35.5
858.1928771828257,35.6
862.6786630477819,35.6
867.1878961765907,35.6
871.7206991284164,35.7
876.2771951030477,35.7
880.8575079442367,35.8
885.4617621430697,35.8
890.0900828413493,35.8
894.742595834996,35.8
899.4194275774676,35.8
904.1207051831946,35.8
908.8465564310401,35.8
913.5971097677627,35.8
918.3724943115215,35.8
923.1728398553701,35.8
927.998276870799,35.8
932.8489365112713,35.8
937.7249506157918,35.8
942.6264517124897,35.8
947.5535730222193,35.8
952.5064484621864,35.8
957.4852126495767,35.8
962.4900009052299,35.8
967.5209492573013,35.8
972.5781944449744,35.8
977.6618739221665,35.7
982.772125861269,35.7
987.9090891569025,35.6
993.0729034296917,35.6
998.26370903006,35.6
1003.4816470420445,35.6
1008.7268592871307,35.6
1013.9994883281055,35.6
1019.2996774729368,35.6
1024.627570778662,35.5
1029.9833130553077,35.4
1035.3670498698243,35.3
1040.778927550043,35.3
1046.219093188652,35.3
1051.687694647196,35.3
1057.1848805600926,35.3
1062.7108003386745,35.2
1068.2656041752484,35.1
1073.849443047181,35.1
1079.4624687209969,35.1
1085.104833756507,35.0
1090.7766915109553,35.0
1096.4781961431852,34.9
1102.2095026178308,34.9
1107.9707667095288,34.8
1113.7621450071517,34.8
1119.5837949180645,34.8
1125.4358746724013,34.8
1131.3185433273702,34.8
1137.231960771571,34.7
1143.1762877293438,34.6
1149.1516857651375,34.5
1155.1583172879002,34.5
1161.1963455554942,34.4
1167.2659346791324,34.4
1173.3672496278396,34.3
1179.5004562329357,34.2
1185.6657211925422,34.1
1191.8632120761172,34.0
1198.0930973290035,33.9
1204.355546277011,33.8
1210.650729131018,33.8
1216.9788169915967,33.7
1223.3399818536654,33.7
1229.7343966111616,33.6
1236.162235061742,33.5
1242.6236719115057,33.5
1249.1188827797416,33.4
1255.6480442037073,33.4
1262.2113336434193,33.4
1268.8089294864806,33.3
1275.4410110529293,33.2
1282.1077586001115,33.1
1288.8093533275808,33.1
1295.5459773820237,33.0
1302.3178138622095,33.0
1309.1250468239675,32.9
1315.967861285188,32.8
1322.8464432308563,32.6
1329.7609796180998,32.6
1336.7116583812742,32.5
1343.6986684370715,32.5
1350.7221996896535,32.4
1357.782443035813,32.3
1364.879590370164,32.3
1372.0138345903551,32.2
1379.1853696023147,32.2
1386.3943903255179,32.2
1393.6410926982915,32.1
1400.9256736831292,32.0
1408.248331272053,31.9
1415.6092644919916,31.9
1423.0086734101894,31.8
1430.4467591396458,31.8
1437.9237238445805,31.8
1445.439770745928,31.7
1452.9951041268616,31.6
1460.589929338344,31.5
1468.224452804715,31.5
1475.898882029292,31.5
1483.6134256000173,31.5
1491.3682931951248,31.5
1499.1636955888393,31.5
1506.999844657106,31.5
1514.8769533833477,31.5
1522.7952358642551,31.4
1530.754907315605,31.3
1538.7561840781082,31.3
1546.799283623296,31.3
1554.8844245594228,31.3
1563.0118266374113,31.3
1571.181710756826,31.2
1579.3942989718767,31.2
1587.649814497453,31.1
1595.9484817151922,31.1
1604.2905261795772,31.1
1612.6761746240677,31.1
1621.1056549672617,31.1
1629.5791963190893,31.0
1638.097028987047,31.0
1646.6593844824454,31.0
1655.266495526711,31.0
1663.9185960577072,30.9
1672.6159212360947,30.9
1681.3587074517213,30.8
1690.1471923300487,30.8
1698.9816147386093,30.7
1707.8622147934998,30.7
1716.789233865905,30.6
1725.7629145886658,30.6
1734.7835008628629,30.5
1743.8512378644525,30.4
1752.9663720509295,30.3
1762.1291511680254,30.1
1771.3398242564415,30.0
1780.598641658619,29.9
1789.9058550255418,29.7
1799.2617173235774,29.7
1808.6664828413498,29.6
1818.1204071966588,29.6
1827.6237473434162,29.5
1837.1767615786375,29.5
1846.7797095494598,29.4
1856.4328522602,29.4
1866.1364520794475,29.3
1875.8907727471963,29.3
1885.6960793820124,29.2
1895.552638488241,29.0
1905.4607179632462,28.8
1915.4205871047022,28.7
1925.4325166178992,28.6
1935.4967786231095,28.6
1945.6136466629825,28.5
1955.783395709978,28.4
1966.006302173841,28.3
1976.282643909114,28.3
1986.6127002226892,28.2
1996.996751881399,28.2
2007.4350811196462,28.1
2017.927971647083,28.1
2028.4757086563097,28.1
2039.078578830634,28.0
2049.736870351861,28.0
2060.4508729081267,28.0
2071.22087770177,27.9
2082.0471774572497,27.8
2092.9300664290977,27.7
2103.8698404099196,27.5
2114.8667967384304,27.4
2125.9212343075446,27.3
2137.0334535724887,27.3
2148.2037565589744,27.2
2159.4324468714053,27.2
2170.71982970113,27.1
2182.0662118347364,27.1
2193.4719016623894,27.0
2204.937209186215,27.0
2216.4624460287228,26.9
2228.0479254412767,26.8
2239.6939623126154,26.7
2251.4008731773993,26.6
2263.168976224821,26.5
2274.9985913072546,26.4
2286.890039948944,26.3
2298.843645354747,26.1
2310.8597324189163,26.0
2322.9386277339318,25.9
2335.0806595993763,25.9
2347.2861580308577,25.8
2359.5554547689862,25.7
2371.8888832883777,25.6
2384.2867788067265,25.5
2396.7494782939148,25.3
2409.2773204811715,25.1
2421.8706458702773,25.0
2434.5297967428205,24.9
2447.2551171695004,24.8
2460.0469530194778,24.8
2472.905651969775,24.7
2485.8315635147337,24.7
2498.825038975499,24.6
2511.88643150958,24.5
2525.0160961204438,24.5
2538.2143896671673,24.4
2551.481670874133,24.3
2564.8183003407817,24.1
2578.224640551411,23.9
2591.7010558850307,23.8
2605.247912625263,23.7
2618.8655789702975,23.7
2632.5544250429093,23.6
2646.314822900502,23.5
2660.14714654523,23.5
2674.051771934164,23.4
2688.029076989506,23.4
2702.079441608862,23.4
2716.20324767557,23.3
2730.400879069075,23.1
2744.6727216753675,22.9
2759.0191633974646,22.7
2773.440594165967,22.6
2787.9374059496395,22.5
2802.509992766076,22.3
2817.1587506924047,22.2
2831.8840778760564,22.0
2846.686374545581,21.9
2861.5660430215316,21.8
2876.5234877273942,21.7
2891.5591152005823,21.6
2906.6733341034837,21.4
2921.8665552345788,21.2
2937.139191539587,21.1
2952.4916581227058,21.0
2967.9243722578863,20.9
2983.4377534001765,20.8
2999.0322231971227,20.7
3014.7082055002275,20.7
3030.466126376471,20.6
3046.306414119893,20.5
3062.229499263226,20.4
3078.2358145896155,20.3
3094.325795144359,20.2
3110.4998782467446,20.1
3126.7585035019356,19.9
3143.1021128129173,19.9
3159.5311503925072,20.6
3176.0460627754296,21.5
3192.6472988304513,21.8
3209.335309772584,21.8
3226.1105491753406,22.1
3242.973472983081,22.6
3259.924539523382,22.9
3276.9642095195077,23.3
3294.0929461029286,23.5
3311.311214825911,23.7
3328.6194836741684,23.8
3346.018223079582,23.9
3363.507905932988,23.9
3381.089007597027,23.9
3398.762005919066,24.0
3416.527381244194,24.1
3434.385616428264,24.2
3452.337196851022,24.3
3470.382610429304,24.4
3488.5223476302926,24.6
3506.7569014848486,24.7
3525.0867676009134,24.8
3543.512444176976,24.8
3562.034432015617,24.8
3580.6532345371147,24.8
3599.369357793143,24.9
3618.1833104805046,24.9
3637.095603954969,24.9
3656.1067522451726,24.9
3675.2172720665826,24.8
3694.4276828355482,24.8
3713.738506683413,24.7
3733.1502684707093,24.7
3752.6634958014215,24.6
3772.2787190373247,24.6
3791.9964713124127,24.5
3811.817288547367,24.4
3831.7417094641373,24.4
3851.7702756005806,24.4
3871.9035313251793,24.4
3892.1420238518376,24.5
3912.4863032547537,24.5
3932.936922483372,24.5
3953.4944373774106,24.5
3974.1594066819653,24.5
3994.9323920627126,24.4
4015.8139581211503,24.4
4036.8046724099613,24.3
4057.9051054484326,24.2
4079.115830737964,24.0
4100.437424777656,23.8
4121.870467079975,23.6
4143.41554018651,23.4
4165.0732296838005,23.2
4186.844124219257,23.0
4208.728815517151,22.9
4230.72789839472,22.7
4252.841970778305,22.5
4275.071633719623,22.3
4297.417491412092,22.1
4319.880151207261,21.9
4342.460223631314,21.8
4365.158322401661,21.6
4387.975064443623,21.4
4410.911069907196,21.2
4433.9669621839075,21.0
4457.1433679237725,20.8
4480.4409170523,20.6
4503.860242787635,20.5
4527.40198165776,20.4
4551.0667735177985,20.3
4574.855261567406,20.2
4598.768092368251,20.0
4622.80591586159,19.9
4646.969385385929,19.7
4671.25915769478,19.5
4695.675892974527,19.4
4720.220254862348,19.2
4744.892910464259,19.1
4769.694530373255,18.8
4794.625788687525,18.6
4819.68736302878,18.5
4844.87993456067,18.3
4870.204188007296,18.2
4895.660811671819,18.1
4921.250497455168,17.9
4946.973940874864,17.7
4972.8318410838865,17.5
4998.824900889706,17.3
5024.953826773381,17.2
5051.219328908747,17.0
5077.622121181736,16.8
5104.162921209768,16.6
5130.842450361258,16.5
5157.661433775227,16.4
5184.620600380999,16.3
5211.720682918039,16.3
5238.962417955835,16.4
5266.346545913939,16.4
5293.873811082085,16.4
5321.544961640422,16.5
5349.360749679845,16.5
5377.321931222439,16.5
5405.429266242027,16.5
5433.683518684824,16.5
5462.085456490198,16.5
5490.635851611563,16.5
5519.335480037329,16.5
5548.185121812011,16.5
5577.185561057427,16.6
5606.337585994012,16.7
5635.641988962242,16.8
5665.0995664441625,16.9
5694.7111190850455,17.0
5724.477451715144,17.2
5754.399373371566,17.5
5784.477697320285,17.7
5814.713241078208,17.9
5845.10682643542,18.1
5875.659279477514,18.3
5906.371430608045,18.6
5937.244114571097,18.9
5968.278170473975,19.2
5999.4744418100045,19.6
6030.833776481469,19.9
6062.357026822636,20.1
6094.045049622959,20.2
6125.898706150321,20.3
6157.918862174471,20.4
6190.106387990547,20.5
6222.462158442733,20.6
6254.987052948034,20.5
6287.681955520183,20.2
6320.547754793659,19.9
6353.585344047851,19.8
6386.795621231329,19.7
6420.179488986247,19.6
6453.7378546729,19.5
6487.471630394349,19.2
6521.381733021235,18.7
6555.469084216698,18.4
6589.734610461422,18.3
6624.179243078815,18.2
6658.80391826033,18.1
6693.609577090902,17.3
6728.597165574533,16.6
6763.767634659991,16.3
6799.1219402666875,15.9
6834.661043310619,15.7
6870.385909730507,15.6
6906.297510514049,15.1
6942.39682172431,13.9
6978.684824526248,13.0
7015.162505213385,12.8
7051.830855234612,12.2
7088.690871221135,10.4
7125.7435550135615,9.7
7162.989913689153,11.0
7200.430959589155,12.2
7238.067710346342,12.9
7275.901188912673,13.4
7313.932423587085,13.7
7352.162448043451,14.2
7390.59230135867,14.8
7429.22302804091,15.3
7468.055678057999,15.6
7507.091306865953,15.9
7546.330975437692,16.3
7585.775750291836,16.6
7625.426703521717,17.0
7665.284912824515,17.3
7705.351461530549,17.6
7745.627438632719,18.0
7786.113938816104,18.5
7826.81206248772,18.7
7867.722915806424,18.9
7908.847610712972,19.1
7950.187264960275,19.2
7991.743002143727,19.8
8033.515951731782,20.4
8075.507249096639,20.6
8117.718035545101,20.8
8160.149458349601,21.4
8202.80267077938,22.0
8245.67883213183,22.7
8288.77910776401,23.4
8332.104669124305,23.8
8375.656693784302,24.1
8419.436365470749,24.7
8463.444874097753,25.4
8507.683415799123,26.6
8552.153192960874,28.0
8596.855414253905,28.4
8641.791294666864,28.7
8686.962055539152,29.0
8732.36892459413,29.3
8778.01313597248,29.8
8823.895930265779,30.3
8870.018554550163,30.5
8916.382262420266,30.6
8962.988314023276,30.7
9009.83797609319,30.7
9056.932521985234,30.8
9104.273231710486,30.8
9151.861391970657,30.8
9199.698296193066,30.8
9247.785244565785,30.7
9296.12354407301,30.4
9344.714508530542,30.0
9393.559458621517,29.9
9442.659721932305,29.6
9492.016632988581,29.3
9541.631533291613,28.9
9591.505771354708,28.2
9641.64070273987,27.5
9692.037690094652,27.1
9742.698103189163,26.8
9793.623318953358,26.3
9844.814721514387,25.9
9896.27370223427,25.5
9948.001659747684,25.1
10000.0,24.7
10052.270136285486,24.4
10104.813489285681,24.0
10157.6314871081,23.4
10210.725565324987,23.1
10264.09716701231,23.2
10317.747742788988,23.0
10371.678750856474,22.8
10425.891657038128,22.6
10480.387934819217,22.4
10535.16906538697,22.0
10590.236537670813,21.5
10645.591848382772,21.1
10701.236502058211,20.6
10757.172011096769,20.1
10813.399895803414,19.7
10869.921684429703,19.2
10926.73891321545,18.8
10983.85312643042,18.5
11041.265876416248,18.2
11098.978723628681,17.7
11156.993236680037,17.3
11215.310992381786,17.2
11273.933575787378,17.1
11332.862580235347,16.2
11392.099607392682,15.1
11451.646267298307,14.6
11511.504178406769,14.3
11571.674967632372,14.1
11632.16027039332,13.9
11692.961730656129,13.5
11754.08100098034,13.0
11815.519742563505,12.8
11877.27962528627,12.1
11939.362327757724,11.1
12001.76953736107,10.3
12064.50295029953,9.0
12127.56427164241,7.9
12190.95521537136,7.6
12254.677504427105,5.3
12318.732870756214,4.3
12383.123055358106,7.0
12447.849808332432,8.8
12512.914888926687,9.3
12578.320065583976,10.1
12644.067115991029,11.4
12710.157827126544,12.5
12776.593995309939,13.3
12843.377426249857,14.1
12910.50993509343,14.5
12977.99334647565,15.5
13045.829494568892,17.0
13114.020223132724,18.0
13182.567385564074,18.5
13251.472844947652,18.9
13320.738474106534,19.4
13390.366155652993,19.8
13460.35778203982,19.9
13530.715255611682,19.9
13601.440488656775,19.9
13672.535403458849,19.9
13744.001932349513,19.9
13815.842017760702,19.9
13888.057612277411,19.9
13960.650678690825,19.9
14033.62319005172,19.9
14106.977129724035,19.9
14180.714491438697,19.9
14254.837279347976,19.8
14329.347508079869,19.4
14404.247202792812,18.7
14479.538399230763,18.1
14555.223143778607,17.5
14631.303493517702,17.1
14707.78151628175,16.9
14784.65929071304,16.2
14861.938906319014,15.6
14939.622463529,15.4
15017.712073751207,15.3
15096.209859430292,14.9
15175.117954104964,14.3
15254.438502465904,13.7
15334.173660414117,13.2
15414.325595119602,12.6
15494.896485080177,12.0
15575.88852018064,11.9
15657.303901752315,12.1
15739.1448426331,12.2
15821.413567227246,12.2
15904.112311566014,12.2
15987.243323368504,12.1
16070.808862102673,12.1
16154.811199046684,12.0
16239.252617350698,12.0
16324.135412099,11.9
16409.461890372313,11.8
16495.23437131044,11.7
16581.455186175313,11.8
16668.12667841462,11.8
16755.251203725067,11.8
